0.600,30,17,25
B0,mixamorig_Hips,-1,0.11378013342618942,0.13311351835727692,-0.9845480918884277,0,0.021998915821313858,0.9904029369354248,0.13644744455814362,0,0.9932620525360107,-0.03718399628996849,0.10975980013608932,0,0.05503600090742111,1.3741830587387085,-0.256742000579834,1
B1,mixamorig_Spine,0,0.9321200251579285,0.26325303316116333,-0.24869786202907562,0,-0.2649889588356018,0.9638699889183044,0.027101915329694748,0,0.24684715270996094,0.0406399630010128,0.9682019948959351,0,-0.006533999927341938,0.19550000131130219,0,1
B2,mixamorig_Spine1,1,0.9977189898490906,-0.05955671891570091,-0.03177804499864578,0,0.05885928496718407,0.9980139136314392,-0.02244982309639454,0,0.033051975071430206,0.020528186112642288,0.9992430210113525,0,0,0.22821000218391418,0,1
B3,mixamorig_Spine2,2,0.9977650046348572,-0.05878140404820442,-0.03177318722009659,0,0.05815661698579788,0.9981020092964172,-0.020243529230356216,0,0.032902833074331284,0.018350467085838318,0.9992899894714355,0,0,0.2608110010623932,0,1
B4,mixamorig_Neck,3,0.9981319904327393,0.04306885227560997,0.043325841426849365,0,-0.04535714164376259,0.99754798412323,0.05329770967364311,0,-0.040924135595560074,-0.05516328662633896,0.9976379871368408,0,0,0.2934130132198334,0,1
B5,mixamorig_Head,4,0.9345129728317261,-0.3364810049533844,0.11603985726833344,0,0.3382270336151123,0.9410520792007446,0.0048998091369867325,0,-0.11084820330142975,0.03466887027025223,0.993232011795044,0,0.0007609999738633633,0.0033400000538676977,0,1
B6,mixamorig_HeadTop_End,5,1,0,0,0,0,1,0,0,0,0,1,0,0.02295999974012375,0.10072600096464157,0,1
B7,mixamorig_LeftShoulder,3,0.991786003112793,0.04063175618648529,0.12128621339797974,0,-0.12591682374477386,0.14334756135940552,0.9816291332244873,0,0.02249922603368759,-0.9888380169868469,0.1472863107919693,0,0.005446000024676323,0.27066200971603394,0.3038559854030609,1
B8,mixamorig_LeftArm,7,0.5058400630950928,0.11358524113893509,-0.8551168441772461,0,0.7853270769119263,0.3495109975337982,0.5109817981719971,0,0.35691288113594055,-0.9300220012664795,0.08759517222642899,0,0,0.616923987865448,0,1
B9,mixamorig_LeftForeArm,8,0.3027617931365967,0.9529070854187012,0.01739632338285446,0,-0.9529308676719666,0.30236124992370605,0.02235490456223488,0,0.016042189672589302,-0.02334572747349739,0.9995989799499512,0,0,0.85316002368927,0,1
B10,mixamorig_LeftHand,9,1,0,0,0,0,1,0,0,0,0,1,0,0,0.4868069887161255,0,1
B11,mixamorig_RightShoulder,3,-0.9958289861679077,-0.026283979415893555,0.08736684918403625,0,-0.09026914834976196,0.14488524198532104,-0.9853219389915466,0,0.013240021653473377,-0.9890990257263184,-0.14665359258651733,0,-0.0035099999513477087,0.2709619998931885,-0.3038559854030609,1
B12,mixamorig_RightArm,11,0.9530609846115112,-0.10722720623016357,-0.28315499424934387,0,0.30104491114616394,0.43550384044647217,0.8483561277389526,0,0.03234824538230896,-0.8937779664993286,0.447342187166214,0,0,0.6168239712715149,0,1
B13,mixamorig_RightForeArm,12,-0.042450930923223495,-0.9990269541740417,0.011967889964580536,0,0.9990100264549255,-0.0426039844751358,-0.012836311012506485,0,0.013333693146705627,0.011411121115088463,0.9998459815979004,0,0,0.8532459735870361,0,1
B14,mixamorig_RightHand,13,1,0,0,0,0,1,0,0,0,0,1,0,0,0.4861319959163666,0,1
B15,mixamorig_LeftUpLeg,0,-0.822337806224823,0.568381130695343,0.02651902288198471,0,-0.5563298463821411,-0.8129340410232544,0.1721499264240265,0,0.11940499395132065,0.12681208550930023,0.9847139716148376,0,0.0003370000049471855,-0.10865899920463562,0.42841699719429016,1
B16,mixamorig_LeftLeg,15,-0.119841068983078,0.155234232544899,-0.9805819392204285,0,-0.32394787669181824,-0.9397541284561157,-0.10917980968952179,0,-0.9384539723396301,0.30457308888435364,0.1629088670015335,0,0,0.6922940015792847,0,1
B17,mixamorig_LeftFoot,16,0.9821630120277405,0.07751894742250443,-0.17130804061889648,0,0.18798097968101501,-0.4258192181587219,0.8850659132003784,0,-0.00433688098564744,-0.9014811515808105,-0.4327957332134247,0,0,0.6451449990272522,0,1
B18,mixamorig_LeftToeBase,17,0.98626708984375,-0.16515758633613586,1.531197284521113e-7,0,0.15557844936847687,0.9290638566017151,0.3356119990348816,0,-0.05542900413274765,-0.33100301027297974,0.9419999122619629,0,0,0.34629398584365845,0,1
B19,mixamorig_LeftToe_End,18,1,0,0,0,0,1,0,0,0,0,1,0,0,0.18123899400234222,0,1
B20,mixamorig_RightUpLeg,0,-0.9723329544067383,0.21701982617378235,-0.08643993735313416,0,-0.2208651602268219,-0.974578857421875,0.03761608526110649,0,-0.07607907801866531,0.05566691234707832,0.9955470561981201,0,0.0005670000100508332,-0.10865899920463562,-0.42841699719429016,1
B21,mixamorig_RightLeg,20,-0.02753060683608055,0.07394680380821228,0.9968820810317993,0,-0.8556689023971558,0.5138261318206787,-0.06174536049365997,0,-0.516789972782135,-0.8547009825706482,0.04912801459431648,0,0,0.6921889781951904,0,1
B22,mixamorig_RightFoot,21,-0.8994701504707336,-0.2153812050819397,-0.3802156448364258,0,0.3967363238334656,-0.03777385875582695,-0.9171549081802368,0,0.18317578732967377,-0.9757990837097168,0.11942600458860397,0,0,0.6035360097885132,0,1
B23,mixamorig_RightToeBase,22,0.9398230314254761,-0.1606300324201584,0.3015478849411011,0,-0.1701871156692505,0.5452119708061218,0.8208420872688293,0,-0.2962590754032135,-0.8227649927139282,0.4850650429725647,0,0,0.2709279954433441,0,1
B24,mixamorig_RightToe_End,23,1,0,0,0,0,1,0,0,0,0,1,0,0,0.18152299523353577,0,1
@20,0,1,2,3,4,5,7,8,9,11,12,13,15,16,17,18,20,21,22,23
K0,-0.9845479130744934,0.13311350345611572,-0.11378014087677002,0,0.13644739985466003,0.9904029965400696,-0.02199852280318737,0,0.1097598671913147,-0.03718359395861626,-0.9932619333267212,0,-0.2567419707775116,1.3741830587387085,-0.05503600463271141,1,0.9321200251579285,0.26325303316116333,-0.24869786202907562,0,-0.2649889588356018,0.9638699889183044,0.02710193768143654,0,0.24684716761112213,0.04063994064927101,0.9682019948959351,0,-0.006533999927341938,0.19550000131130219,0,1,0.9977189898490906,-0.05955671891570091,-0.031778037548065186,0,0.05885928496718407,0.9980139136314392,-0.02244981937110424,0,0.03305196762084961,0.02052818238735199,0.9992430210113525,0,0,0.22821000218391418,0,1,0.9977650046348572,-0.05878139287233353,-0.03177317604422569,0,0.058156609535217285,0.9981020092964172,-0.020243529230356216,0,0.03290282189846039,0.018350468948483467,0.9992899894714355,0,0,0.2608110010623932,0,1,0.9981319904327393,0.04306885600090027,0.04332585260272026,0,-0.04535714536905289,0.99754798412323,0.05329770967364311,0,-0.04092414304614067,-0.05516328662633896,0.9976379871368408,0,0,0.2934130132198334,0,1,0.9345129728317261,-0.3364810049533844,0.11603982746601105,0,0.3382270336151123,0.9410520792007446,0.004899834748357534,0,-0.11084818094968796,0.03466883674263954,0.993232011795044,0,0.0007609999738633633,0.0033400000538676977,0,1,0.9917859435081482,0.0406319685280323,0.12128639221191406,0,-0.12591703236103058,0.14334768056869507,0.9816290736198425,0,0.02249939925968647,-0.9888379573822021,0.14728645980358124,0,0.005446000024676323,0.27066200971603394,0.3038559854030609,1,0.5058399438858032,0.11358532309532166,-0.8551169633865356,0,0.7853272557258606,0.3495108485221863,0.5109817385673523,0,0.35691285133361816,-0.930022120475769,0.08759494870901108,0,0,0.616923987865448,0,1,0.3027617931365967,0.9529070854187012,0.017396392300724983,0,-0.9529308676719666,0.30236124992370605,0.022355137392878532,0,0.01604239083826542,-0.023345861583948135,0.9995989799499512,0,0,0.85316002368927,0,1,-0.9958289861679077,-0.02628384158015251,0.08736687153577805,0,-0.09026915580034256,0.14488524198532104,-0.9853219389915466,0,0.013239881955087185,-0.9890990257263184,-0.14665359258651733,0,-0.0035099999513477087,0.2709619998931885,-0.3038559854030609,1,0.9530609846115112,-0.10722722113132477,-0.28315481543540955,0,0.301044762134552,0.43550387024879456,0.8483561277389526,0,0.032348159700632095,-0.8937779664993286,0.4473422169685364,0,0,0.6168239712715149,0,1,-0.042450930923223495,-0.9990269541740417,0.011967566795647144,0,0.9990100264549255,-0.042603980749845505,-0.012836198322474957,0,0.01333356648683548,0.011410803534090519,0.9998459815979004,0,0,0.8532459735870361,0,1,-0.822337806224823,0.568381130695343,0.026519015431404114,0,-0.5563298463821411,-0.8129340410232544,0.1721499264240265,0,0.11940498650074005,0.12681208550930023,0.9847139716148376,0,0.0003370000049471855,-0.10865899920463562,0.42841699719429016,1,-0.11984103918075562,0.15523429214954376,-0.9805818796157837,0,-0.3239476978778839,-0.9397541284561157,-0.10917990654706955,0,-0.9384539723396301,0.3045728802680969,0.1629088819026947,0,0,0.6922940015792847,0,1,0.9821630120277405,0.07751883566379547,-0.17130793631076813,0,0.18798083066940308,-0.42581918835639954,0.8850659132003784,0,-0.004336935002356768,-0.9014811515808105,-0.4327957034111023,0,0,0.6451449990272522,0,1,0.98626708984375,-0.16515757143497467,0,0,0.15557846426963806,0.9290638566017151,0.3356119990348816,0,-0.05542892590165138,-0.33100301027297974,0.9419999718666077,0,0,0.34629398584365845,0,1,-0.9723329544067383,0.21701982617378235,-0.08643992990255356,0,-0.2208651602268219,-0.974578857421875,0.03761608526110649,0,-0.07607907056808472,0.05566691234707832,0.9955470561981201,0,0.0005670000100508332,-0.10865899920463562,-0.42841699719429016,1,-0.02753083035349846,0.07394663244485855,0.9968821406364441,0,-0.8556692004203796,0.5138256549835205,-0.06174543499946594,0,-0.5167895555496216,-0.8547012805938721,0.04912778362631798,0,0,0.6921889781951904,0,1,-0.8994702696800232,-0.21538089215755463,-0.38021549582481384,0,0.39673611521720886,-0.037773869931697845,-0.9171549677848816,0,0.18317551910877228,-0.9757991433143616,0.11942583322525024,0,0,0.6035360097885132,0,1,0.9398230314254761,-0.16063010692596436,0.3015478551387787,0,-0.1701870858669281,0.545211911201477,0.8208420872688293,0,-0.2962591052055359,-0.8227649331092834,0.4850649833679199,0,0,0.2709279954433441,0,1
K0.035,-0.9855172634124756,0.14442424476146698,-0.08886246383190155,0,0.14662231504917145,0.989016056060791,-0.018691333010792732,0,0.08518697321414948,-0.03144986927509308,-0.9958688020706177,0,-0.15453875064849854,1.3337196111679077,-0.05013550817966461,1,0.9442782402038574,0.18106073141098022,-0.2748730182647705,0,-0.17891618609428406,0.9833086729049683,0.033076826483011246,0,0.2762737274169922,0.017945488914847374,0.960910975933075,0,-0.006533999927341938,0.19550000131130219,0,1,0.9987888336181641,-0.033924248069524765,-0.03563467413187027,0,0.03325878828763962,0.999264121055603,-0.019104337319731712,0,0.0362565778195858,0.017896044999361038,0.9991827607154846,0,0,0.22821000218391418,0,1,0.9987757205963135,-0.03446529060602188,-0.035494983196258545,0,0.0338808074593544,0.9992820024490356,-0.01693805865943432,0,0.036053262650966644,0.01571471616625786,0.9992259740829468,0,0,0.2608110010623932,0,1,0.9962884783744812,0.06635556370019913,0.05482266843318939,0,-0.06905332952737808,0.996414840221405,0.048873260617256165,0,-0.05138315632939339,-0.052477601915597916,0.9972996711730957,0,0,0.2934130132198334,0,1,0.9372611045837402,-0.3011583089828491,0.17562958598136902,0,0.30488452315330505,0.9523700475692749,0.006022757384926081,0,-0.16907823085784912,0.04790186136960983,0.9844383597373962,0,0.0007609999738633633,0.0033400000538676977,0,1,0.9924715757369995,0.03866975009441376,0.11620844900608063,0,-0.12096080183982849,0.16082094609737396,0.9795436263084412,0,0.01918995939195156,-0.9862257242202759,0.1642877161502838,0,0.005446000024676323,0.27066200971603394,0.3038559854030609,1,0.3978179097175598,0.04346637427806854,-0.9164340496063232,0,0.8421061635017395,0.37915387749671936,0.3835359215736389,0,0.3641403019428253,-0.9243119359016418,0.11423084884881973,0,0,0.616923987865448,0,1,0.14698220789432526,0.9889147877693176,0.02105163224041462,0,-0.9889397025108337,0.14649203419685364,0.023199686780571938,0,0.019858630374073982,-0.02422874979674816,0.9995093941688538,0,0,0.85316002368927,0,1,-0.9967924356460571,-0.02430124580860138,0.07625402510166168,0,-0.07918527722358704,0.16118022799491882,-0.98374342918396,0,0.011615538038313389,-0.9866253137588501,-0.16258743405342102,0,-0.0035099999513477087,0.2709619998931885,-0.3038559854030609,1,0.9637618660926819,-0.11498284339904785,-0.24071085453033447,0,0.26606786251068115,0.47944343090057373,0.8362659811973572,0,0.019251009449362755,-0.8700069189071655,0.4926626682281494,0,0,0.6168239712715149,0,1,-0.3849548101425171,-0.9227895736694336,0.01636853814125061,0,0.9227739572525024,-0.38515862822532654,-0.011856433935463428,0,0.017245490103960037,0.010540276765823364,0.99979567527771,0,0,0.8532459735870361,0,1,-0.1731170266866684,0.975782036781311,-0.13371394574642181,0,-0.9715819954872131,-0.14694277942180634,0.1855696141719818,0,0.1614273190498352,0.16203944385051727,0.973491370677948,0,0.0003370000049471855,-0.10865899920463562,0.42841699719429016,1,0.02757435292005539,0.22804799675941467,-0.9732595682144165,0,-0.7195692658424377,-0.6713045835494995,-0.17768266797065735,0,-0.6938731670379639,0.7052266001701355,0.145585298538208,0,0,0.6922940015792847,0,1,0.9382148385047913,0.25139132142066956,-0.2378132939338684,0,0.15263314545154572,0.3161397874355316,0.9363542199134827,0,0.3105734884738922,-0.9147992134094238,0.258236289024353,0,0,0.6451449990272522,0,1,0.9862673878669739,-0.16515576839447021,0.00002555365972511936,0,0.1555730402469635,0.9290937781333923,0.3355318009853363,0,-0.05543878301978111,-0.3309202790260315,0.9420292377471924,0,0,0.34629398584365845,0,1,-0.9613672494888306,-0.2674557566642761,-0.06512391567230225,0,0.26551657915115356,-0.963397204875946,0.03696366399526596,0,-0.07262632995843887,0.018244173377752304,0.9971923232078552,0,0.0005670000100508332,-0.10865899920463562,-0.42841699719429016,1,-0.0458381250500679,0.0979904755949974,0.9941312074661255,0,-0.6717314124107361,0.7335608005523682,-0.10327905416488647,0,-0.7393753528594971,-0.6725226640701294,0.0321982242166996,0,0,0.6921889781951904,0,1,-0.9242842197418213,0.03208070248365402,-0.38035517930984497,0,0.36969536542892456,0.32323431968688965,-0.8711172938346863,0,0.09499774128198624,-0.9457750916481018,-0.3106202781200409,0,0,0.6035360097885132,0,1,0.9053970575332642,-0.25122857093811035,0.342257559299469,0,-0.17638236284255981,0.5107033252716064,0.8414696455001831,0,-0.38619354367256165,-0.8222329020500183,0.418077290058136,0,0,0.2709279954433441,0,1
K0.071,-0.9812057018280029,0.17118723690509796,-0.08904629945755005,0,0.1732252538204193,0.9847583770751953,-0.015627676621079445,0,0.08501385152339935,-0.030759045854210854,-0.9959046840667725,0,-0.17088358104228973,1.2843694686889648,-0.031117159873247147,1,0.9458718299865723,0.10259752720594406,-0.3078951835632324,0,-0.09925957769155502,0.9947081208229065,0.026527710258960724,0,0.3089876174926758,0.0054697333835065365,0.9510505795478821,0,-0.006533999927341938,0.19550000131130219,0,1,0.9992484450340271,-0.00824099313467741,-0.03787669911980629,0,0.007981217466294765,0.9999440908432007,-0.00700466800481081,0,0.037932295352220535,0.006697099655866623,0.9992581009864807,0,0,0.22821000218391418,0,1,0.9992392659187317,-0.00936710275709629,-0.037859540432691574,0,0.009146866388618946,0.9999406337738037,-0.005986293312162161,0,0.03791334480047226,0.00563543988391757,0.9992650151252747,0,0,0.2608110010623932,0,1,0.996634840965271,0.05382666736841202,0.06181816756725311,0,-0.05669316649436951,0.9973498582839966,0.045591194182634354,0,-0.059200335294008255,-0.048942454159259796,0.9970455169677734,0,0,0.2934130132198334,0,1,0.9377950429916382,-0.27479228377342224,0.21220144629478455,0,0.2795547544956207,0.9600974917411804,0.007833587937057018,0,-0.20588679611682892,0.05197565257549286,0.9771946668624878,0,0.0007609999738633633,0.0033400000538676977,0,1,0.9925592541694641,0.038241539150476456,0.11560032516717911,0,-0.12041477113962173,0.1674736887216568,0.9784950613975525,0,0.0180591382086277,-0.9851344227790833,0.17083242535591125,0,0.005446000024676323,0.27066200971603394,0.3038559854030609,1,0.41466280817985535,-0.0021838208194822073,-0.9099729061126709,0,0.8533217906951904,0.34826499223709106,0.3880118131637573,0,0.31606411933898926,-0.9373931288719177,0.14627592265605927,0,0,0.616923987865448,0,1,0.14210918545722961,0.989624559879303,0.021165376529097557,0,-0.9896493554115295,0.14161621034145355,0.023216551169753075,0,0.019978314638137817,-0.024245593696832657,0.9995065331459045,0,0,0.85316002368927,0,1,-0.9970831871032715,-0.023584498092532158,0.0725887194275856,0,-0.07547995448112488,0.1636475771665573,-0.9836273193359375,0,0.011319383978843689,-0.9862369298934937,-0.16495032608509064,0,-0.0035099999513477087,0.2709619998931885,-0.3038559854030609,1,0.977121889591217,-0.13579843938350677,-0.1636837124824524,0,0.20811185240745544,0.45180729031562805,0.8675017356872559,0,-0.043851885944604874,-0.8817192316055298,0.4697319567203522,0,0,0.6168239712715149,0,1,-0.521915078163147,-0.8528040647506714,0.018128549680113792,0,0.8527899384498596,-0.5221393704414368,-0.010957238264381886,0,0.018810013309121132,0.009741099551320076,0.9997755885124207,0,0,0.8532459735870361,0,1,-0.07472216337919235,0.9781134128570557,-0.19419126212596893,0,-0.9881309270858765,-0.04641513153910637,0.1464330404996872,0,0.13421478867530823,0.2028283178806305,0.969973087310791,0,0.0003370000049471855,-0.10865899920463562,0.42841699719429016,1,0.22129955887794495,0.2221054583787918,-0.9495769143104553,0,-0.947330892086029,-0.182183638215065,-0.2633887231349945,0,-0.23149734735488892,0.9578506350517273,0.17009015381336212,0,0,0.6922940015792847,0,1,0.9545365571975708,0.1738552302122116,-0.24214360117912292,0,0.16733019053936005,0.35975638031959534,0.9179195165634155,0,0.2466978132724762,-0.9167056679725647,0.31430938839912415,0,0,0.6451449990272522,0,1,0.9862569570541382,-0.16521595418453217,-0.000847931019961834,0,0.15575863420963287,0.928065299987793,0.33828210830688477,0,-0.0551026351749897,-0.3337649703025818,0.9410440921783447,0,0,0.34629398584365845,0,1,-0.8603034615516663,-0.5044198036193848,-0.07374333590269089,0,0.5053791403770447,-0.8628734350204468,0.006386784370988607,0,-0.06685281544923782,-0.03177379071712494,0.9972568154335022,0,0.0005670000100508332,-0.10865899920463562,-0.42841699719429016,1,-0.0131752397865057,0.10461798310279846,0.9944251775741577,0,-0.7094646692276001,0.6998332142829895,-0.08302532881498337,0,-0.7046180367469788,-0.7066036462783813,0.06500229984521866,0,0,0.6921889781951904,0,1,-0.9151291847229004,0.22064808011054993,-0.3374200761318207,0,0.40065765380859375,0.40463510155677795,-0.8220362663269043,0,-0.044848743826150894,-0.8874600529670715,-0.45869821310043335,0,0,0.6035360097885132,0,1,0.9666295647621155,0.008641728200018406,0.25603073835372925,0,-0.11621826142072678,0.9054587483406067,0.40821373462677,0,-0.22829759120941162,-0.4243468642234802,0.8762474060058594,0,0,0.2709279954433441,0,1
K0.106,-0.9795593023300171,0.17004665732383728,-0.10745876282453537,0,0.17462997138500214,0.9840215444564819,-0.03471897169947624,0,0.09983795136213303,-0.05277484282851219,-0.9936032891273499,0,-0.2106342911720276,1.273549199104309,-0.009042945690453053,1,0.9373571872711182,0.08614188432693481,-0.33755141496658325,0,-0.0910240188241005,0.9958476424217224,0.0013692219508811831,0,0.33626770973205566,0.0294418316334486,0.9413058161735535,0,-0.006533999927341938,0.19550000131130219,0,1,0.9993048310279846,0.0003506064822431654,-0.037279244512319565,0,-0.00021452229702845216,0.9999934434890747,0.0036543391179293394,0,0.03728027641773224,-0.0036438009701669216,0.9992982149124146,0,0,0.22821000218391418,0,1,0.9993112087249756,0.000643901526927948,-0.037113256752491,0,-0.0005133954691700637,0.999993622303009,0.0035258433781564236,0,0.03711526840925217,-0.0035043591633439064,0.9993045330047607,0,0,0.2608110010623932,0,1,0.9976755976676941,0.025232890620827675,0.06329818814992905,0,-0.028563469648361206,0.9982241988182068,0.052276287227869034,0,-0.06186670809984207,-0.05396279692649841,0.9966248273849487,0,0,0.2934130132198334,0,1,0.9359846711158752,-0.27375656366348267,0.22133557498455048,0,0.27994662523269653,0.9600090384483337,0.003537822514772415,0,-0.2134527862071991,0.05865084007382393,0.9751916527748108,0,0.0007609999738633633,0.0033400000538676977,0,1,0.9905491471290588,0.04293898120522499,0.13026081025600433,0,-0.13502830266952515,0.138676717877388,0.9810896515846252,0,0.024062849581241608,-0.9894066452980042,0.14316411316394806,0,0.005446000024676323,0.27066200971603394,0.3038559854030609,1,0.5402525663375854,-0.032619789242744446,-0.8408706188201904,0,0.810309886932373,0.28970882296562195,0.5093789100646973,0,0.226991668343544,-0.9565585255622864,0.18294799327850342,0,0,0.616923987865448,0,1,0.21824029088020325,0.9757027626037598,0.01937960460782051,0,-0.9757267832756042,0.21779102087020874,0.02289004810154438,0,0.018113184720277786,-0.023904742673039436,0.9995505213737488,0,0,0.85316002368927,0,1,-0.9965588450431824,-0.02462928742170334,0.07914267480373383,0,-0.08210299164056778,0.1623479127883911,-0.9833121299743652,0,0.011369631625711918,-0.9864264130592346,-0.16381140053272247,0,-0.0035099999513477087,0.2709619998931885,-0.3038559854030609,1,0.9818102717399597,-0.17955505847930908,-0.06171581149101257,0,0.12412790209054947,0.36105620861053467,0.9242458343505859,0,-0.1436701864004135,-0.9150949716567993,0.3767765462398529,0,0,0.6168239712715149,0,1,-0.47846171259880066,-0.8779323697090149,0.01756945438683033,0,0.8779172301292419,-0.47867920994758606,-0.011279835365712643,0,0.018313080072402954,0.010027565993368626,0.999782383441925,0,0,0.8532459735870361,0,1,-0.1948644369840622,0.9615323543548584,-0.19360528886318207,0,-0.9764747023582458,-0.17160171270370483,0.13057288527488708,0,0.0923270657658577,0.2144947052001953,0.9723511934280396,0,0.0003370000049471855,-0.10865899920463562,0.42841699719429016,1,0.3138201832771301,0.11718286573886871,-0.9422233700752258,0,-0.8566160202026367,0.4629788100719452,-0.2277275174856186,0,0.4095437228679657,0.8785892128944397,0.24567285180091858,0,0,0.6922940015792847,0,1,0.9678442478179932,-0.0010929688578471541,-0.2515483498573303,0,0.2311716079711914,0.3981502056121826,0.8877138495445251,0,0.09918380528688431,-0.9173198342323303,0.38560014963150024,0,0,0.6451449990272522,0,1,0.9862492084503174,-0.165259450674057,-0.0015129224630072713,0,0.15589983761310577,0.9272761940956116,0.34037190675735474,0,-0.05484680458903313,-0.3359275758266449,0.9402898550033569,0,0,0.34629398584365845,0,1,-0.7750310897827148,-0.626797616481781,-0.08031749725341797,0,0.6293514370918274,-0.7770715951919556,-0.008719353936612606,0,-0.05694718286395073,-0.0573057122528553,0.9967307448387146,0,0.0005670000100508332,-0.10865899920463562,-0.42841699719429016,1,-0.08937674760818481,0.06310994923114777,0.9939968585968018,0,-0.8598407506942749,0.4987943768501282,-0.10898295789957047,0,-0.502677857875824,-0.8644195199012756,0.009683932177722454,0,0,0.6921889781951904,0,1,-0.9132556319236755,0.1497381031513214,-0.3788701295852661,0,0.4073325991630554,0.3204459249973297,-0.8552160263061523,0,-0.006651031319051981,-0.9353573322296143,-0.35364240407943726,0,0,0.6035360097885132,0,1,0.9650203585624695,-0.0017276537837460637,0.2621687352657318,0,-0.1185232549905777,0.889083981513977,0.44213271141052246,0,-0.23385393619537354,-0.45774027705192566,0.8577795624732971,0,0,0.2709279954433441,0,1
K0.141,-0.9864488244056702,0.13573956489562988,-0.09216092526912689,0,0.14060834050178528,0.9888743162155151,-0.0485408715903759,0,0.08454670757055283,-0.060841724276542664,-0.9945605993270874,0,-0.2586980164051056,1.2882177829742432,0.009084292687475681,1,0.9390333890914917,0.14694294333457947,-0.31084340810775757,0,-0.1507783681154251,0.9884970784187317,0.01179612148553133,0,0.3090011477470398,0.03579150512814522,0.9503874778747559,0,-0.006533999927341938,0.19550000131130219,0,1,0.9995473027229309,-0.0076575432904064655,-0.02908729761838913,0,0.007496528793126345,0.9999561309814453,-0.005640669260174036,0,0.029129207134246826,0.005420060828328133,0.9995605945587158,0,0,0.22821000218391418,0,1,0.999557614326477,-0.007236192934215069,-0.02885686419904232,0,0.007080005947500467,0.9999598860740662,-0.0055109369568526745,0,0.02889557182788849,0.005304190330207348,0.9995683431625366,0,0,0.2608110010623932,0,1,0.9982609152793884,0.009317024610936642,0.058209873735904694,0,-0.01357063464820385,0.9972315430641174,0.07311134040355682,0,-0.057367559522390366,-0.07377415895462036,0.9956239461898804,0,0,0.2934130132198334,0,1,0.9334419369697571,-0.2950133681297302,0.2040918469429016,0,0.3022332191467285,0.953223466873169,-0.004426856525242329,0,-0.19323919713497162,0.06581556051969528,0.9789418578147888,0,0.0007609999738633633,0.0033400000538676977,0,1,0.9862196445465088,0.051003847271203995,0.15738381445407867,0,-0.16133348643779755,0.08580414205789566,0.9831628203392029,0,0.03664090484380722,-0.99500572681427,0.09285035729408264,0,0.005446000024676323,0.27066200971603394,0.3038559854030609,1,0.6956437230110168,-0.049830030649900436,-0.7166574001312256,0,0.7047555446624756,0.24075418710708618,0.6673508882522583,0,0.13928404450416565,-0.9693061113357544,0.2025970071554184,0,0,0.616923987865448,0,1,0.21561837196350098,0.9762842655181885,0.019440915435552597,0,-0.9763085246086121,0.21516764163970947,0.02290349267423153,0,0.01817726530134678,-0.023918747901916504,0.9995488524436951,0,0,0.85316002368927,0,1,-0.9959384202957153,-0.02573886327445507,0.08628404885530472,0,-0.08931640535593033,0.16105864942073822,-0.9828950762748718,0,0.011401805095374584,-0.9866092801094055,-0.16270335018634796,0,-0.0035099999513477087,0.2709619998931885,-0.3038559854030609,1,0.9707502722740173,-0.22155332565307617,0.09251386672258377,0,-0.02932361327111721,0.27303367853164673,0.9615576863288879,0,-0.23829559981822968,-0.9361447691917419,0.25855064392089844,0,0,0.6168239712715149,0,1,-0.36041128635406494,-0.9326552152633667,0.016052477061748505,0,0.9326394200325012,-0.3606114089488983,-0.011983130127191544,0,0.016964836046099663,0.01065231766551733,0.9997994899749756,0,0,0.8532459735870361,0,1,-0.43675240874290466,0.8955233693122864,-0.08535368740558624,0,-0.8978984951972961,-0.42816680669784546,0.10223272442817688,0,0.055006202310323715,0.12128937989473343,0.9910922646522522,0,0.0003370000049471855,-0.10865899920463562,0.42841699719429016,1,0.3130437731742859,0.027978284284472466,-0.9493265151977539,0,-0.42593058943748474,0.8975448608398438,-0.11399994045495987,0,0.8488739728927612,0.4400343894958496,0.29288774728775024,0,0,0.6922940015792847,0,1,0.9638794660568237,-0.08284346759319305,-0.2531279921531677,0,0.2588309049606323,0.5154354572296143,0.8169042468070984,0,0.06279594451189041,-0.8529143929481506,0.5182600021362305,0,0,0.6451449990272522,0,1,0.9862247705459595,-0.16537447273731232,-0.003378878580406308,0,0.15630070865154266,0.9250386953353882,0.3462267220020294,0,-0.05413149297237396,-0.34198570251464844,0.9381447434425354,0,0,0.34629398584365845,0,1,-0.7189192771911621,-0.6950392723083496,-0.008705978281795979,0,0.6948793530464172,-0.7189521193504333,0.015828505158424377,0,-0.017260605469346046,0.00532981101423502,0.9998366236686707,0,0.0005670000100508332,-0.10865899920463562,-0.42841699719429016,1,-0.024900024756789207,0.13837218284606934,0.990067720413208,0,-0.9952528476715088,0.08977304399013519,-0.03757714852690697,0,-0.09408103674650192,-0.9863035082817078,0.13547998666763306,0,0,0.6921889781951904,0,1,-0.9237087965011597,0.09853791445493698,-0.3702070116996765,0,0.38279011845588684,0.19876699149608612,-0.9021992087364197,0,-0.01531587541103363,-0.9750807285308838,-0.2213221788406372,0,0,0.6035360097885132,0,1,0.9653759598731995,0.0005568878259509802,0.2608637511730194,0,-0.11800146102905273,0.892771303653717,0.4347809851169586,0,-0.23264947533607483,-0.4505091905593872,0.8619253039360046,0,0,0.2709279954433441,0,1
K0.176,-0.9932500123977661,0.11306358873844147,-0.025891924276947975,0,0.11425109952688217,0.9921818971633911,-0.05021916329860687,0,0.02001154236495495,-0.052838366478681564,-0.9984023571014404,0,-0.28831520676612854,1.308181643486023,0.02745743654668331,1,0.9506378769874573,0.2241853028535843,-0.21454139053821564,0,-0.2205568104982376,0.9745107889175415,0.04102393984794617,0,0.21826989948749542,0.008319655433297157,0.9758526086807251,0,-0.006533999927341938,0.19550000131130219,0,1,0.9994685053825378,-0.029446972534060478,-0.01399299968034029,0,0.02897625043988228,0.9990442395210266,-0.03272915631532669,0,0.014943398535251617,0.03230629488825798,0.9993664026260376,0,0,0.22821000218391418,0,1,0.9994255304336548,-0.03082706779241562,-0.014077873900532722,0,0.03037029691040516,0.9990397691726685,-0.03158259391784668,0,0.015037952922284603,0.031136896461248398,0.9994019269943237,0,0,0.2608110010623932,0,1,0.9987819790840149,0.012651419267058372,0.047697123140096664,0,-0.016982639208436012,0.995657742023468,0.09152479469776154,0,-0.046332087367773056,-0.09222333133220673,0.9946597218513489,0,0,0.2934130132198334,0,1,0.9278237223625183,-0.33337828516960144,0.1673373281955719,0,0.3401695787906647,0.9402763247489929,-0.012846689671278,0,-0.15306054055690765,0.06884253770112991,0.9858160018920898,0,0.0007609999738633633,0.0033400000538676977,0,1,0.981561005115509,0.05767827853560448,0.182240828871727,0,-0.18508242070674896,0.04846459627151489,0.9815271496772766,0,0.04778056964278221,-0.9971582889556885,0.0582461915910244,0,0.005446000024676323,0.27066200971603394,0.3038559854030609,1,0.8362830281257629,-0.027958840131759644,-0.5475849509239197,0,0.5379531979560852,0.23492556810379028,0.8095783591270447,0,0.10600683093070984,-0.9716113805770874,0.211504727602005,0,0,0.616923987865448,0,1,0.08342631161212921,0.9962589144706726,0.022542033344507217,0,-0.9962840676307678,0.08289959281682968,0.023372149094939232,0,0.02141597494482994,-0.02440810762345791,0.9994723200798035,0,0,0.85316002368927,0,1,-0.9948275089263916,-0.027364205569028854,0.09782452136278152,0,-0.10089435428380966,0.1545061320066452,-0.9828264713287354,0,0.011779772117733955,-0.9876126050949097,-0.15646791458129883,0,-0.0035099999513477087,0.2709619998931885,-0.3038559854030609,1,0.9335947036743164,-0.2141289860010147,0.2873154878616333,0,-0.23730716109275818,0.23131558299064636,0.9434926509857178,0,-0.2684895992279053,-0.9490215182304382,0.16514061391353607,0,0,0.6168239712715149,0,1,-0.16267511248588562,-0.9865872263908386,0.01351225282996893,0,0.9865701198577881,-0.1628459095954895,-0.012676157057285309,0,0.014706544578075409,0.011268684640526772,0.9998281598091125,0,0,0.8532459735870361,0,1,-0.5597161650657654,0.8280179500579834,0.03323272243142128,0,-0.8277392387390137,-0.5605428814888,0.025293726474046707,0,0.03957201912999153,-0.013350720517337322,0.9991276264190674,0,0.0003370000049471855,-0.10865899920463562,0.42841699719429016,1,0.300454318523407,0.039804358035326004,-0.9529651999473572,0,-0.37139126658439636,0.925155758857727,-0.07845078408718109,0,0.8785191178321838,0.37749403715133667,0.29275020956993103,0,0,0.6922940015792847,0,1,0.9626665711402893,0.009577266871929169,-0.2705201804637909,0,0.2159067541360855,0.5756191611289978,0.7886993885040283,0,0.16327020525932312,-0.817661702632904,0.5520616173744202,0,0,0.6451449990272522,0,1,0.9861406087875366,-0.16565586626529694,-0.009221558459103107,0,0.1575825959444046,0.9177930355072021,0.3644501268863678,0,-0.05190978944301605,-0.36085203289985657,0.9311769008636475,0,0,0.34629398584365845,0,1,-0.653156042098999,-0.7559830546379089,0.04332210123538971,0,0.757070779800415,-0.6508058309555054,0.05740971490740776,0,-0.015206495299935341,0.07029540091753006,0.9974105358123779,0,0.0005670000100508332,-0.10865899920463562,-0.42841699719429016,1,0.024068782106041908,0.21539771556854248,0.9762300848960876,0,-0.9194065928459167,-0.3786914348602295,0.10622314363718033,0,0.3925704061985016,-0.9001094102859497,0.18892361223697662,0,0,0.6921889781951904,0,1,-0.9405682682991028,-0.03604729473590851,-0.3376855254173279,0,0.3394797146320343,-0.1267114132642746,-0.9320395588874817,0,-0.009191112592816353,-0.9912844300270081,0.1314181238412857,0,0,0.6035360097885132,0,1,0.9653682708740234,0.0005091651109978557,0.2608909010887146,0,-0.11801230907440186,0.892694890499115,0.4349358081817627,0,-0.2326745092868805,-0.4506615400314331,0.8618393540382385,0,0,0.2709279954433441,0,1
K0.212,-0.990545928478241,0.12479060888290405,0.05697456747293472,0,0.12304626405239105,0.9918463826179504,-0.033175017684698105,0,-0.06064992398023605,-0.025850867852568626,-0.9978240132331848,0,-0.3103131949901581,1.3453105688095093,0.035752344876527786,1,0.9584236741065979,0.27491381764411926,-0.07646021991968155,0,-0.2708754241466522,0.9607957005500793,0.059149615466594696,0,0.08972369134426117,-0.035979196429252625,0.995316743850708,0,-0.006533999927341938,0.19550000131130219,0,1,0.9985761046409607,-0.053320951759815216,0.0014196215197443962,0,0.0533125102519989,0.9968589544296265,-0.058559950441122055,0,0.001707310788333416,0.05855229124426842,0.9982829093933105,0,0,0.22821000218391418,0,1,0.9985552430152893,-0.05371386930346489,0.0013900741469115019,0,0.05370326712727547,0.9968461990356445,-0.058420587331056595,0,0.0017523060087114573,0.05841084197163582,0.9982907772064209,0,0,0.2608110010623932,0,1,0.9993088245391846,0.017327960580587387,0.03288227692246437,0,-0.02023516222834587,0.9957137107849121,0.09024583548307419,0,-0.031177571043372154,-0.0908488780260086,0.9953765273094177,0,0,0.2934130132198334,0,1,0.9209153652191162,-0.3726250231266022,0.11430104076862335,0,0.3770847022533417,0.9259750843048096,-0.019436737522482872,0,-0.09859732538461685,0.06100078672170639,0.9932562112808228,0,0.0007609999738633633,0.0033400000538676977,0,1,0.9815177321434021,0.058096934109926224,0.18234024941921234,0,-0.18499940633773804,0.04421807453036308,0.9817429184913635,0,0.04897354915738106,-0.9973313808441162,0.05414874851703644,0,0.005446000024676323,0.27066200971603394,0.3038559854030609,1,0.9578249454498291,0.030618011951446533,-0.28571563959121704,0,0.26744675636291504,0.2686366140842438,0.9253687262535095,0,0.10508663952350616,-0.9627550840377808,0.24911820888519287,0,0,0.616923987865448,0,1,-0.11738337576389313,0.9927127361297607,0.027253126725554466,0,-0.9927374720573425,-0.11802566796541214,0.02328914776444435,0,0.02633599005639553,-0.024321425706148148,0.9993568658828735,0,0,0.85316002368927,0,1,-0.9938875436782837,-0.028669971972703934,0.10661009699106216,0,-0.1096937283873558,0.14756886661052704,-0.9829502701759338,0,0.012448816560208797,-0.9886361956596375,-0.14981181919574738,0,-0.0035099999513477087,0.2709619998931885,-0.3038559854030609,1,0.8785616755485535,-0.13627946376800537,0.4577743113040924,0,-0.4244944453239441,0.21654239296913147,0.8791555762290955,0,-0.21893827617168427,-0.9667145013809204,0.1323958933353424,0,0,0.6168239712715149,0,1,0.06325450539588928,-0.9979407787322998,0.010609488002955914,0,0.997923731803894,0.06311710923910141,-0.012822096236050129,0,0.012126060202717781,0.011398522183299065,0.9998618364334106,0,0,0.8532459735870361,0,1,-0.5991533994674683,0.7997814416885376,0.03694787994027138,0,-0.8003578782081604,-0.5995209813117981,-0.0013912997674196959,0,0.02103828452527523,-0.030405115336179733,0.9993159770965576,0,0.0003370000049471855,-0.10865899920463562,0.42841699719429016,1,0.20510607957839966,0.01797451265156269,-0.978574812412262,0,-0.6859869956970215,0.7157907485961914,-0.13063295185565948,0,0.6981070637702942,0.6980835199356079,0.1591433882713318,0,0,0.6922940015792847,0,1,0.9655805230140686,0.12176760286092758,-0.22984223067760468,0,0.1665157526731491,0.3894524872303009,0.9058694839477539,0,0.19981807470321655,-0.9129617810249329,0.35577133297920227,0,0,0.6451449990272522,0,1,0.9862027764320374,-0.16546650230884552,-0.005041284020990133,0,0.1566609889268875,0.9230136871337891,0.3514292538166046,0,-0.0534965917468071,-0.3473702669143677,0.9362008571624756,0,0,0.34629398584365845,0,1,-0.5465768575668335,-0.8246570825576782,0.14558261632919312,0,0.8357464671134949,-0.5262356400489807,0.15685738623142242,0,-0.052742794156074524,0.20740476250648499,0.976832389831543,0,0.0005670000100508332,-0.10865899920463562,-0.42841699719429016,1,0.027995750308036804,0.23749180138111115,0.970986545085907,0,-0.636172354221344,-0.7450217604637146,0.20056577026844025,0,0.7710387110710144,-0.6233296990394592,0.13022826611995697,0,0,0.6921889781951904,0,1,-0.9623993039131165,-0.08586715906858444,-0.25770941376686096,0,0.24855849146842957,-0.6610655784606934,-0.7079628705978394,0,-0.10957203805446625,-0.7453987002372742,0.6575519442558289,0,0,0.6035360097885132,0,1,0.9654911756515503,0.0013010121183469892,0.26043257117271423,0,-0.1178331971168518,0.893963098526001,0.4323723614215851,0,-0.23225438594818115,-0.44813892245292664,0.8632659912109375,0,0,0.2709279954433441,0,1
