3.133,30,94,25
B0,mixamorig_Hips,-1,0.9996607899665833,0.026025542989373207,0.0006808853358961642,0,-0.02599581703543663,0.9964116215705872,0.0805516391992569,0,0.0014179575955495238,-0.08054199069738388,0.9967499375343323,0,-0.08625732362270355,0.9825574159622192,-0.004463077988475561,1
B1,mixamorig_Spine,0,0.9678228497505188,0.24954622983932495,-0.03232979774475098,0,-0.25065648555755615,0.9673822522163391,-0.03663783520460129,0,0.022132450714707375,0.0435626246035099,0.9988054037094116,0,-0.0049149999395012856,0.18970000743865967,0,1
B2,mixamorig_Spine1,1,0.978100061416626,0.17083370685577393,-0.11889861524105072,0,-0.1697302758693695,0.9852989912033081,0.019420748576521873,0,0.12046841531991959,0.0011852591997012496,0.9927166700363159,0,0,0.2213910073041916,0,1
B3,mixamorig_Spine2,2,0.9914029240608215,-0.025104084983468056,-0.12841300666332245,0,0.022256063297390938,0.999474287033081,-0.023565851151943207,0,0.12893711030483246,0.020505286753177643,0.9914404153823853,0,0,0.2530190050601959,0,1
B4,mixamorig_Neck,3,0.9985803365707397,0.05318316072225571,0.0030533226672559977,0,-0.05293763428926468,0.997104287147522,-0.05459040030837059,0,-0.005947770085185766,0.05435125157237053,0.9985039830207825,0,0,0.28464600443840027,0,1
B5,mixamorig_Head,4,0.9843350648880005,-0.02287806198000908,-0.1748163253068924,0,0.04677290469408035,0.9899015426635742,0.13381578028202057,0,0.16998960077762604,-0.13989631831645966,0.9754654169082642,0,0.03219300135970116,0.03186799958348274,0,1
B6,mixamorig_HeadTop_End,5,1,0,0,0,0,1,0,0,0,0,1,0,0.18112599849700928,0.17929700016975403,0,1
B7,mixamorig_LeftShoulder,3,0.9999202489852905,-0.011251919902861118,-0.005737880244851112,0,0.00941460207104683,0.3611360490322113,0.9324659109115601,0,-0.008419872261583805,-0.9324451088905334,0.3612130284309387,0,-0.0012679999927058816,0.26051101088523865,0.2858090102672577,1
B8,mixamorig_LeftArm,7,-0.8742756247520447,-0.30922359228134155,0.374196320772171,0,0.2801634669303894,0.3080880343914032,0.9091703295707703,0,-0.39642220735549927,0.8997013568878174,-0.18272066116333008,0,0,0.5972440242767334,0,1
B9,mixamorig_LeftForeArm,8,0.6959191560745239,-0.7097201347351074,0.10951956361532211,0,0.7179825305938721,0.6906329393386841,-0.08675816655158997,0,-0.014063806273043156,0.13900978863239288,0.9901912808418274,0,0,0.8257489800453186,0,1
B10,mixamorig_LeftHand,9,1,0,0,0,0,1,0,0,0,0,1,0,0,0.635237991809845,0,1
B11,mixamorig_RightShoulder,3,-0.7519498467445374,0.11757270246744156,0.6486510634422302,0,-0.6213917136192322,0.20211005210876465,-0.7569832801818848,0,-0.22009949386119843,-0.9722797870635986,-0.0789179876446724,0,0.00001700000029813964,0.2604779899120331,-0.2858090102672577,1
B12,mixamorig_RightArm,11,0.9710426926612854,-0.20173874497413635,-0.12797698378562927,0,0.2283412516117096,0.6261642575263977,0.7455052137374878,0,-0.07026266306638718,-0.7531397938728333,0.6540974378585815,0,0,0.5972440242767334,0,1
B13,mixamorig_RightForeArm,12,0.8695537447929382,-0.4648987352848053,-0.16656962037086487,0,0.471833735704422,0.8816846013069153,0.002345806686207652,0,0.14577129483222961,-0.08063296973705292,0.9860270023345947,0,0,0.8286100029945374,0,1
B14,mixamorig_RightHand,13,1,0,0,0,0,1,0,0,0,0,1,0,0,0.6370270252227783,0,1
B15,mixamorig_LeftUpLeg,0,-0.7068752646446228,0.7053433656692505,-0.053088221698999405,0,-0.6916034817695618,-0.6734587550163269,0.2610321342945099,0,0.14836452901363373,0.22123309969902039,0.963869035243988,0,0.0007140000234358013,-0.10566800087690353,0.4295400083065033,1
B16,mixamorig_LeftLeg,15,-0.0038096746429800987,-0.2691088318824768,-0.9631025195121765,0,-0.7451391220092773,-0.6415365934371948,0.18220478296279907,0,-0.6668981313705444,0.718339204788208,-0.1980794221162796,0,0,0.6938760280609131,0,1
B17,mixamorig_LeftFoot,16,0.878364622592926,0.2183711677789688,-0.4251934289932251,0,0.47791972756385803,-0.4165896475315094,0.773334264755249,0,-0.008257257752120495,-0.8824776411056519,-0.4702814221382141,0,0,0.5847569704055786,0,1
B18,mixamorig_LeftToeBase,17,0.9829585552215576,0.033086154609918594,-0.18082578480243683,0,0.080483578145504,0.806922435760498,0.5851486921310425,0,0.16527265310287476,-0.5897302627563477,0.7905081510543823,0,0,0.34629398584365845,0,1
B19,mixamorig_LeftToe_End,18,1,0,0,0,0,1,0,0,0,0,1,0,0,0.18123899400234222,0,1
B20,mixamorig_RightUpLeg,0,-0.5386545658111572,0.7522227168083191,0.3794885575771332,0,-0.833963930606842,-0.5400853157043457,-0.11318927258253098,0,0.11981267482042313,-0.3774496614933014,0.9182460904121399,0,0.0009699999936856329,-0.10566800087690353,-0.4295400083065033,1
B21,mixamorig_RightLeg,20,-0.14773912727832794,0.003447333350777626,0.9890202283859253,0,-0.963242769241333,0.22634543478488922,-0.14467746019363403,0,-0.2243589162826538,-0.9740409255027771,-0.030119439586997032,0,0,0.6937940120697021,0,1
B22,mixamorig_RightFoot,21,-0.6785187721252441,0.3569927513599396,-0.6420032382011414,0,0.5914336442947388,-0.25286415219306946,-0.7656806707382202,0,-0.4356819987297058,-0.8992308974266052,-0.03956449404358864,0,0,0.5381569862365723,0,1
B23,mixamorig_RightToeBase,22,0.9501625895500183,0.013080854900181293,0.31148025393486023,0,-0.17073240876197815,0.8578048348426819,0.48479074239730835,0,-0.26084768772125244,-0.5138096213340759,0.8172870874404907,0,0,0.2709279954433441,0,1
B24,mixamorig_RightToe_End,23,1,0,0,0,0,1,0,0,0,0,1,0,0,0.18152299523353577,0,1
@20,0,1,2,3,4,5,7,8,9,11,12,13,15,16,17,18,20,21,22,23
K0,-0.6361888647079468,0.1316758692264557,-0.7602140307426453,0,0.051673125475645065,0.9903879761695862,0.12830112874507904,0,0.7698010206222534,0.04234113171696663,-0.6368780136108398,0,0.015741998329758644,0.9647470116615295,0.011459999717772007,1,0.9753080010414124,0.2155590057373047,-0.04805314540863037,0,-0.21382802724838257,0.9761040210723877,0.03870388865470886,0,0.05524785816669464,-0.02747311256825924,0.9980949759483337,0,-0.0049149999395012856,0.18970000743865967,0,1,0.9898310303688049,0.10583969205617905,-0.09504306316375732,0,-0.09870830923318863,0.9921450018882751,0.07684700191020966,0,0.10242995619773865,-0.06668400019407272,0.9925030469894409,0,0,0.2213910073041916,0,1,0.9890080094337463,-0.10011377930641174,-0.10881780087947845,0,0.10661521553993225,0.9927419424057007,0.05565406754612923,0,0.1024562194943428,-0.06664393097162247,0.9925030469894409,0,0,0.2530190050601959,0,1,0.9865720272064209,0.014366848394274712,-0.1626952737569809,0,-0.013807150535285473,0.9998939633369446,0.004570364020764828,0,0.1627437323331833,-0.002262635389342904,0.9866660237312317,0,0,0.28464600443840027,0,1,0.9169899225234985,-0.06647861748933792,-0.3933311998844147,0,0.09627837687730789,0.9937499761581421,0.056499894708395004,0,0.38711678981781006,-0.08967911452054977,0.9176590442657471,0,0.03219300135970116,0.03186799958348274,0,1,0.9615229964256287,-0.027624057605862617,0.27333196997642517,0,-0.25575804710388184,0.2732565999031067,0.9273181557655334,0,-0.10030599683523178,-0.9615438580513,0.2556772530078888,0,-0.0012679999927058816,0.26051101088523865,0.2858090102672577,1,-0.9768258929252625,0.09375104308128357,-0.1924094259738922,0,-0.13062503933906555,0.4510059356689453,0.8829100728034973,0,0.1695515662431717,0.8875830769538879,-0.4283081293106079,0,0,0.5972440242767334,0,1,0.8295860290527344,-0.4352090060710907,0.3498280346393585,0,0.491892009973526,0.866096019744873,-0.08899793028831482,0,-0.2642519772052765,0.24590906500816345,0.9325770139694214,0,0,0.8257489800453186,0,1,-0.9120550751686096,0.07736232876777649,0.402704119682312,0,-0.3589533269405365,0.32418811321258545,-0.8752458691596985,0,-0.19826291501522064,-0.942824125289917,-0.2679079473018646,0,0.00001700000029813964,0.2604779899120331,-0.2858090102672577,1,0.8200110197067261,0.5209150910377502,0.23712560534477234,0,-0.3741159439086914,0.17429310083389282,0.9108560085296631,0,0.43314963579177856,-0.8356251120567322,0.3378051519393921,0,0,0.5972440242767334,0,1,0.6641547083854675,-0.7038023471832275,-0.2521127164363861,0,0.740127682685852,0.6665504574775696,0.08900584280490875,0,0.10540328919887543,-0.24570916593074799,0.9635958671569824,0,0,0.8286100029945374,0,1,-0.23077470064163208,0.9566750526428223,0.1775299608707428,0,-0.5894320607185364,-0.28261926770210266,0.7567667961120605,0,0.7741528749465942,0.07000074535608292,0.6291160583496094,0,0.0007140000234358013,-0.10566800087690353,0.4295400083065033,1,-0.20966526865959167,-0.20105856657028198,-0.9568780660629272,0,-0.9752722382545471,0.11295893043279648,0.1899608075618744,0,0.0698947161436081,0.9730449318885803,-0.21977046132087708,0,0,0.6938760280609131,0,1,0.9024341106414795,-0.31543877720832825,-0.29344573616981506,0,0.2993941903114319,-0.030615875497460365,0.9536378979682922,0,-0.3097987174987793,-0.9484520554542542,0.06681177765130997,0,0,0.5847569704055786,0,1,0.9630270004272461,-0.2629750967025757,-0.058509714901447296,0,0.2674969434738159,0.9075760245323181,0.3236531615257263,0,-0.03201071172952652,-0.3273378610610962,0.9443651437759399,0,0,0.34629398584365845,0,1,-0.8410559296607971,0.5200179219245911,0.14901532232761383,0,-0.4856700599193573,-0.6045849323272705,-0.6313489675521851,0,-0.23822033405303955,-0.6033719778060913,0.7610468864440918,0,0.0009699999936856329,-0.10566800087690353,-0.4295400083065033,1,-0.05683021992444992,-0.012378515675663948,0.9983069896697998,0,-0.9942039251327515,0.09210789948701859,-0.05545453727245331,0,-0.09126550704240799,-0.9956719279289246,-0.017541291192173958,0,0,0.6937940120697021,0,1,-0.7341799139976501,0.28466930985450745,-0.6163957715034485,0,0.3694392740726471,-0.5941988229751587,-0.7144519090652466,0,-0.5696440935134888,-0.7522569298744202,0.3310808837413788,0,0,0.5381569862365723,0,1,0.9573721885681152,0.05830993130803108,0.2829105257987976,0,-0.17944806814193726,0.8875519633293152,0.4243232011795044,0,-0.22635547816753387,-0.4570028483867645,0.8601809144020081,0,0,0.2709279954433441,0,1
K0.033,-0.5964062809944153,0.11237479746341705,-0.7947774529457092,0,0.03857742249965668,0.9930199980735779,0.11145585030317307,0,0.8017551898956299,0.03581252321600914,-0.59657883644104,0,0.02016405016183853,0.9616029262542725,0.006892986595630646,1,0.975039005279541,0.2166849970817566,-0.04844926297664642,0,-0.21504202485084534,0.9759059548377991,0.03694234415888786,0,0.05528673529624939,-0.025601578876376152,0.9981420040130615,0,-0.0049149999395012856,0.18970000743865967,0,1,0.989387035369873,0.10830085724592209,-0.09686995297670364,0,-0.10104729980230331,0.9919049739837646,0.07689975947141647,0,0.10441415756940842,-0.06629521399736404,0.9923219680786133,0,0,0.2213910073041916,0,1,0.9887150526046753,-0.09750788658857346,-0.11373063176870346,0,0.10409998148679733,0.9931250214576721,0.05352730304002762,0,0.1077294796705246,-0.0647626519203186,0.9920690059661865,0,0,0.2530190050601959,0,1,0.9867649674415588,0.02000233344733715,-0.160918191075325,0,-0.01966576650738716,0.9998000860214233,0.003684142604470253,0,0.16095973551273346,-0.00047080317744985223,0.9869611263275146,0,0,0.28464600443840027,0,1,0.9185452461242676,-0.05902856960892677,-0.3908834755420685,0,0.0896562784910202,0.99413001537323,0.06055838614702225,0,0.3850143849849701,-0.09067078679800034,0.9184458255767822,0,0.03219300135970116,0.03186799958348274,0,1,0.966717004776001,-0.026225220412015915,0.2545017600059509,0,-0.23761698603630066,0.2767549753189087,0.931098997592926,0,-0.09485288709402084,-0.960582971572876,0.2613121271133423,0,-0.0012679999927058816,0.26051101088523865,0.2858090102672577,1,-0.9804990291595459,0.08377352356910706,-0.17777255177497864,0,-0.1210053488612175,0.45542117953300476,0.8820139765739441,0,0.15485088527202606,0.8863258361816406,-0.43640318512916565,0,0,0.5972440242767334,0,1,0.8247870206832886,-0.4472810924053192,0.34592777490615845,0,0.5041331052780151,0.8587498664855957,-0.09163722395896912,0,-0.2560778558254242,0.24997487664222717,0.933775007724762,0,0,0.8257489800453186,0,1,-0.9074979424476624,0.08213002979755402,0.41194987297058105,0,-0.36890414357185364,0.3131920397281647,-0.875111997127533,0,-0.20089228451251984,-0.9461319446563721,-0.25392284989356995,0,0.00001700000029813964,0.2604779899120331,-0.2858090102672577,1,0.8529852032661438,0.48239171504974365,0.19928385317325592,0,-0.33565542101860046,0.21460440754890442,0.9172130823135376,0,0.3996888995170593,-0.849260151386261,0.34497183561325073,0,0,0.5972440242767334,0,1,0.66013503074646,-0.7053889036178589,-0.25816503167152405,0,0.7445129752159119,0.6600250601768494,0.10034196823835373,0,0.0996151864528656,-0.25844621658325195,0.9608759880065918,0,0,0.8286100029945374,0,1,-0.3009625971317291,0.9403698444366455,0.1585138589143753,0,-0.5566219687461853,-0.3081909716129303,0.7714850306510925,0,0.774334192276001,0.14395588636398315,0.6161847114562988,0,0.0007140000234358013,-0.10566800087690353,0.4295400083065033,1,-0.19977155327796936,-0.21233393251895905,-0.9565591812133789,0,-0.9792510867118835,0.07717854529619217,0.18737874925136566,0,0.034039027988910675,0.9741451144218445,-0.22334647178649902,0,0,0.6938760280609131,0,1,0.9032258987426758,-0.31788545846939087,-0.28832682967185974,0,0.27105727791786194,-0.0983218252658844,0.9575280547142029,0,-0.3327333331108093,-0.943017840385437,-0.0026416503824293613,0,0,0.5847569704055786,0,1,0.966109037399292,-0.2560877799987793,-0.03244011104106903,0,0.252300500869751,0.9102222919464111,0.3283894658088684,0,-0.0545688234269619,-0.32544469833374023,0.943985104560852,0,0,0.34629398584365845,0,1,-0.8226239681243896,0.5394378900527954,0.17971031367778778,0,-0.521758496761322,-0.5905727744102478,-0.6156228184700012,0,-0.2259584218263626,-0.6001919507980347,0.7672762274742126,0,0.0009699999936856329,-0.10566800087690353,-0.4295400083065033,1,-0.07112082093954086,-0.02567887119948864,0.9971370100975037,0,-0.9935620427131653,0.09020308405160904,-0.06854288280010223,0,-0.08818469196557999,-0.9955920577049255,-0.03192884474992752,0,0,0.6937940120697021,0,1,-0.7340790033340454,0.2807530164718628,-0.6183098554611206,0,0.3905229866504669,-0.5703576803207397,-0.7226220965385437,0,-0.5555360913276672,-0.7719258069992065,0.309047132730484,0,0,0.5381569862365723,0,1,0.9570249915122986,0.05737876519560814,0.2842719852924347,0,-0.1797821968793869,0.8865319490432739,0.42630985379219055,0,-0.2275550365447998,-0.45909619331359863,0.8587489128112793,0,0,0.2709279954433441,0,1
K0.067,-0.557530403137207,0.09250737726688385,-0.8249855041503906,0,0.025258885696530342,0.9952020049095154,0.09452398121356964,0,0.8297717571258545,0.0318617969751358,-0.5571922659873962,0,0.025235947221517563,0.9553780555725098,0.005495014134794474,1,0.9743220210075378,0.21972578763961792,-0.04916469752788544,0,-0.2182570993900299,0.9753149151802063,0.033542972058057785,0,0.05532129108905792,-0.02195109985768795,0.9982270002365112,0,-0.0049149999395012856,0.18970000743865967,0,1,0.988196074962616,0.11478584259748459,-0.10145096480846405,0,-0.10724204033613205,0.9912520051002502,0.07693900913000107,0,0.10939496755599976,-0.06515101343393326,0.9918610453605652,0,0,0.2213910073041916,0,1,0.9887940287590027,-0.09070081263780594,-0.11857321113348007,0,0.0973363146185875,0.9939229488372803,0.051410820335149765,0,0.11318967491388321,-0.06237621605396271,0.9916139841079712,0,0,0.2530190050601959,0,1,0.9874219298362732,0.02477903664112091,-0.15615031123161316,0,-0.024876868352293968,0.9996899962425232,0.0013281437568366528,0,0.15613476932048798,0.0025730913039296865,0.9877320528030396,0,0,0.28464600443840027,0,1,0.921899139881134,-0.04949971288442612,-0.38425585627555847,0,0.08307944238185883,0.9939910173416138,0.07127697765827179,0,0.37841829657554626,-0.09763385355472565,0.9204709529876709,0,0.03219300135970116,0.03186799958348274,0,1,0.973031759262085,-0.024157846346497536,0.2294018417596817,0,-0.21359708905220032,0.2811242341995239,0.9355989694595337,0,-0.08709248900413513,-0.9593670964241028,0.2683827877044678,0,-0.0012679999927058816,0.26051101088523865,0.2858090102672577,1,-0.9866610169410706,0.07405072450637817,-0.1449694186449051,0,-0.09423089772462845,0.466368705034256,0.8795571327209473,0,0.13274112343788147,0.8814858198165894,-0.45317021012306213,0,0,0.5972440242767334,0,1,0.8211641907691956,-0.4616917073726654,0.33545488119125366,0,0.5179119110107422,0.8497740626335144,-0.09824594110250473,0,-0.23970133066177368,0.254411906003952,0.9369188547134399,0,0,0.8257489800453186,0,1,-0.9015931487083435,0.08305690437555313,0.42453593015670776,0,-0.3815477788448334,0.30976301431655884,-0.8709010481834412,0,-0.20383988320827484,-0.9471790790557861,-0.2475900650024414,0,0.00001700000029813964,0.2604779899120331,-0.2858090102672577,1,0.8832638263702393,0.4405990540981293,0.1603676676750183,0,-0.2898726761341095,0.2442944347858429,0.9253620505332947,0,0.3685365915298462,-0.863824725151062,0.3434939682483673,0,0,0.5972440242767334,0,1,0.6677558422088623,-0.6941441893577576,-0.2688251733779907,0,0.7367250919342041,0.6679469347000122,0.10527671128511429,0,0.10648366808891296,-0.26834914088249207,0.9574180245399475,0,0,0.8286100029945374,0,1,-0.3763098418712616,0.9192761182785034,0.11542433500289917,0,-0.5451624989509583,-0.32043296098709106,0.7746747732162476,0,0.7491254210472107,0.22859257459640503,0.6217365860939026,0,0.0007140000234358013,-0.10566800087690353,0.4295400083065033,1,-0.16623905301094055,-0.20417219400405884,-0.964716911315918,0,-0.9847469329833984,-0.016578637063503265,0.1731993556022644,0,-0.051356229931116104,0.9787948131561279,-0.19830194115638733,0,0,0.6938760280609131,0,1,0.9021809697151184,-0.32908517122268677,-0.2788780629634857,0,0.22669225931167603,-0.18832391500473022,0.9555862545967102,0,-0.3669886887073517,-0.9253312945365906,-0.09530119597911835,0,0,0.5847569704055786,0,1,0.9754669070243835,-0.21728646755218506,-0.03535836562514305,0,0.2182312309741974,0.9333047866821289,0.2851616144180298,0,-0.02896164171397686,-0.2858821153640747,0.9578269124031067,0,0,0.34629398584365845,0,1,-0.8112532496452332,0.538680911064148,0.22735753655433655,0,-0.5548987984657288,-0.5867728590965271,-0.5897323489189148,0,-0.18427038192749023,-0.6045828461647034,0.7749350070953369,0,0.0009699999936856329,-0.10566800087690353,-0.4295400083065033,1,-0.07957784831523895,-0.02414245530962944,0.9965360164642334,0,-0.993537962436676,0.08308917284011841,-0.0773254930973053,0,-0.080934539437294,-0.9962498545646667,-0.030598510056734085,0,0,0.6937940120697021,0,1,-0.7282481789588928,0.2895839512348175,-0.6211248636245728,0,0.39534395933151245,-0.5628000497817993,-0.7259190082550049,0,-0.5597841739654541,-0.7742079496383667,0.2953730821609497,0,0,0.5381569862365723,0,1,0.9560700058937073,0.05480699986219406,0.28797009587287903,0,-0.18069401383399963,0.8837239742279053,0.4317179322242737,0,-0.23082485795021057,-0.46478691697120667,0.854805052280426,0,0,0.2709279954433441,0,1
K0.100,-0.5170279741287231,0.07244203984737396,-0.8528968691825867,0,0.013286363333463669,0.9969709515571594,0.07662494480609894,0,0.8558650016784668,0.028285371139645576,-0.516424834728241,0,0.031554996967315674,0.9466429948806763,0.003951001446694136,1,0.9732909798622131,0.22403305768966675,-0.05014287680387497,0,-0.22283296287059784,0.9744420647621155,0.02843700908124447,0,0.05523211881518364,-0.016503987833857536,0.9983369708061218,0,-0.0049149999395012856,0.18970000743865967,0,1,0.9864559769630432,0.12394280731678009,-0.10743723064661026,0,-0.11605917662382126,0.9902699589729309,0.07678503543138504,0,0.11590876430273056,-0.06327594816684723,0.991241991519928,0,0,0.2213910073041916,0,1,0.9890610575675964,-0.08101902902126312,-0.12326361238956451,0,0.08762796223163605,0.9949390292167664,0.049166239798069,0,0.11865637451410294,-0.059429749846458435,0.9911549687385559,0,0,0.2530190050601959,0,1,0.9883759617805481,0.02906600944697857,-0.14922216534614563,0,-0.029702994972467422,0.9995570182800293,-0.002041189931333065,0,0.14909681677818298,0.006449812091886997,0.9888020753860474,0,0,0.28464600443840027,0,1,0.9264159202575684,-0.038742389529943466,-0.37450215220451355,0,0.0764906033873558,0.9933149814605713,0.08645803481340408,0,0.3686489164829254,-0.10874196887016296,0.9231860041618347,0,0.03219300135970116,0.03186799958348274,0,1,0.982197105884552,-0.020666249096393585,0.1867157220840454,0,-0.17300723493099213,0.28778475522994995,0.9419381022453308,0,-0.0732002779841423,-0.957472026348114,0.2790859639644623,0,-0.0012679999927058816,0.26051101088523865,0.2858090102672577,1,-0.9933378100395203,0.05261404067277908,-0.10252898931503296,0,-0.06516503542661667,0.47734299302101135,0.8762969970703125,0,0.09504696726799011,0.8771398663520813,-0.47073397040367126,0,0,0.5972440242767334,0,1,0.8175879716873169,-0.4785420596599579,0.32022979855537415,0,0.533087968826294,0.8392881155014038,-0.10683464258909225,0,-0.21764019131660461,0.2580573856830597,0.9412969350814819,0,0,0.8257489800453186,0,1,-0.8916419744491577,0.08380372077226639,0.4449170231819153,0,-0.4019457697868347,0.30573803186416626,-0.8631130456924438,0,-0.20836006104946136,-0.9484199285507202,-0.23892423510551453,0,0.00001700000029813964,0.2604779899120331,-0.2858090102672577,1,0.9132031202316284,0.3852238059043884,0.13290192186832428,0,-0.2529211938381195,0.28007984161376953,0.9260590672492981,0,0.3195169270038605,-0.8792939782142639,0.35320115089416504,0,0,0.5972440242767334,0,1,0.6740481853485107,-0.6841148734092712,-0.2786497175693512,0,0.7295721173286438,0.6756258010864258,0.10608702898025513,0,0.11568727344274521,-0.27480295300483704,0.9545159935951233,0,0,0.8286100029945374,0,1,-0.43543723225593567,0.8976089954376221,0.06850776076316833,0,-0.5255208611488342,-0.31524595618247986,0.7902201414108276,0,0.7309052348136902,0.30808886885643005,0.6089817881584167,0,0.0007140000234358013,-0.10566800087690353,0.4295400083065033,1,-0.11677009612321854,-0.16735997796058655,-0.9789559245109558,0,-0.9812159538269043,-0.13296407461166382,0.13977093994617462,0,-0.15355800092220306,0.9768879413604736,-0.14868995547294617,0,0,0.6938760280609131,0,1,0.8676108121871948,-0.35297125577926636,-0.3502310812473297,0,0.2454356849193573,-0.3085708022117615,0.9189911484718323,0,-0.4324491322040558,-0.8832869529724121,-0.18108783662319183,0,0,0.5847569704055786,0,1,0.9776530861854553,-0.17467094957828522,-0.11697889119386673,0,0.19287005066871643,0.9666408896446228,0.16854235529899597,0,0.08363711088895798,-0.18733765184879303,0.9787280559539795,0,0,0.34629398584365845,0,1,-0.7998806238174438,0.5271772742271423,0.2868362367153168,0,-0.5870827436447144,-0.5880801677703857,-0.5563229918479919,0,-0.1245981901884079,-0.6133888959884644,0.7798910737037659,0,0.0009699999936856329,-0.10566800087690353,-0.4295400083065033,1,-0.08479884266853333,-0.01347359735518694,0.9963070750236511,0,-0.9936529994010925,0.0753103643655777,-0.08355450630187988,0,-0.07390645891427994,-0.9970690011978149,-0.019774291664361954,0,0,0.6937940120697021,0,1,-0.7167861461639404,0.30865588784217834,-0.6252588629722595,0,0.3924528658390045,-0.5626121759414673,-0.7276318669319153,0,-0.576366126537323,-0.7669410705566406,0.28213974833488464,0,0,0.5381569862365723,0,1,0.9546299576759338,0.0509110651910305,0.29340916872024536,0,-0.1820509433746338,0.8794950246810913,0.4397110641002655,0,-0.23566584289073944,-0.4731769561767578,0.848861038684845,0,0,0.2709279954433441,0,1
K0.133,-0.4720652103424072,0.052355729043483734,-0.8800073266029358,0,0.003540025558322668,0.9983389973640442,0.05749683454632759,0,0.8815561532974243,0.024027016013860703,-0.4714665412902832,0,0.03707604482769966,0.938266932964325,0.006066055037081242,1,0.9720838665962219,0.22900646924972534,-0.05107294023036957,0,-0.22812263667583466,0.9733701348304749,0.022589685395359993,0,0.05488605797290802,-0.010308175347745419,0.9984390139579773,0,-0.0049149999395012856,0.18970000743865967,0,1,0.9844040274620056,0.13442769646644592,-0.11347907781600952,0,-0.12627249956130981,0.9890599250793457,0.0762597993016243,0,0.12248902022838593,-0.060741156339645386,0.9906089305877686,0,0,0.2213910073041916,0,1,0.9893520474433899,-0.06978590786457062,-0.12772288918495178,0,0.07627785950899124,0.995993971824646,0.04665815085172653,0,0.12395516037940979,-0.05590377375483513,0.9907119274139404,0,0,0.2530190050601959,0,1,0.9894550442695618,0.03322579339146614,-0.14097967743873596,0,-0.03441030532121658,0.9993899464607239,-0.005971957463771105,0,0.14069515466690063,0.010760129429399967,0.9899939298629761,0,0,0.28464600443840027,0,1,0.9314960241317749,-0.027568913996219635,-0.36270594596862793,0,0.06982792168855667,0.9921309947967529,0.10392015427350998,0,0.35698679089546204,-0.1221281886100769,0.9260910749435425,0,0.03219300135970116,0.03186799958348274,0,1,0.9889691472053528,-0.017718393355607986,0.14705733954906464,0,-0.13538199663162231,0.2946828603744507,0.9459570050239563,0,-0.06009608507156372,-0.9554308652877808,0.2890333831310272,0,-0.0012679999927058816,0.26051101088523865,0.2858090102672577,1,-0.9981561303138733,0.03666616603732109,-0.04836713522672653,0,-0.024312889203429222,0.4886188507080078,0.8721591234207153,0,0.05561182647943497,0.8717268705368042,-0.48682650923728943,0,0,0.5972440242767334,0,1,0.8129749298095703,-0.49780645966529846,0.30209237337112427,0,0.5495550036430359,0.8274469971656799,-0.1154150515794754,0,-0.19251114130020142,0.2598460018634796,0.9462659358978271,0,0,0.8257489800453186,0,1,-0.8779168128967285,0.08518687635660172,0.47117528319358826,0,-0.4282991290092468,0.3002212345600128,-0.8523069024085999,0,-0.21406204998493195,-0.9500580430030823,-0.22708362340927124,0,0.00001700000029813964,0.2604779899120331,-0.2858090102672577,1,0.9387043118476868,0.3250593841075897,0.11476442962884903,0,-0.2182103842496872,0.3025767207145691,0.9278102517127991,0,0.26686835289001465,-0.8959821462631226,0.3549613356590271,0,0,0.5972440242767334,0,1,0.6692844033241272,-0.6893946528434753,-0.2771158814430237,0,0.7294710874557495,0.6805449724197388,0.06877833604812622,0,0.14117448031902313,-0.24818041920661926,0.9583720564842224,0,0,0.8286100029945374,0,1,-0.4844034016132355,0.8741136789321899,0.0357687883079052,0,-0.511900782585144,-0.3163592219352722,0.7986699342727661,0,0.7094444632530212,0.3685685694217682,0.6007053256034851,0,0.0007140000234358013,-0.10566800087690353,0.4295400083065033,1,-0.08616786450147629,-0.1578933745622635,-0.98368901014328,0,-0.9616478681564331,-0.2448897361755371,0.12354476749897003,0,-0.2604021430015564,0.9566075801849365,-0.1307360976934433,0,0,0.6938760280609131,0,1,0.8427422046661377,-0.3519470691680908,-0.4073306620121002,0,0.24129238724708557,-0.4294361174106598,0.8702660799026489,0,-0.481210321187973,-0.8316961526870728,-0.276981920003891,0,0,0.5847569704055786,0,1,0.9776040315628052,-0.17954906821250916,-0.10978694260120392,0,0.1956009566783905,0.967681884765625,0.15916191041469574,0,0.07766140252351761,-0.17707161605358124,0.9811289310455322,0,0,0.34629398584365845,0,1,-0.7835677862167358,0.5141569972038269,0.34880363941192627,0,-0.618560254573822,-0.5928449034690857,-0.5156728029251099,0,-0.05835036188364029,-0.6198207139968872,0.7825712561607361,0,0.0009699999936856329,-0.10566800087690353,-0.4295400083065033,1,-0.09158354252576828,-0.005843869410455227,0.9957799911499023,0,-0.9934879541397095,0.06860100477933884,-0.09097013622522354,0,-0.06777992844581604,-0.9976270794868469,-0.012088559567928314,0,0,0.6937940120697021,0,1,-0.6959496736526489,0.33866751194000244,-0.6332120895385742,0,0.391549289226532,-0.5602110624313354,-0.7299668788909912,0,-0.6019492149353027,-0.755954921245575,0.25727391242980957,0,0,0.5381569862365723,0,1,0.952829897403717,0.04601689428091049,0.29999545216560364,0,-0.18372805416584015,0.8742069005966187,0.44945114850997925,0,-0.24157574772834778,-0.48336806893348694,0.8414250016212463,0,0,0.2709279954433441,0,1
K0.167,-0.41947707533836365,0.032243285328149796,-0.9071928262710571,0,-0.002227838383987546,0.9993289709091187,0.03654810041189194,0,0.9077625274658203,0.01735217124223709,-0.4191237986087799,0,0.04163295030593872,0.9299380779266357,0.011200952343642712,1,0.9708490371704102,0.2340109795331955,-0.05187993124127388,0,-0.23347994685173035,0.9722269773483276,0.016152961179614067,0,0.054219070822000504,-0.0035691645462065935,0.9985230565071106,0,-0.0049149999395012856,0.18970000743865967,0,1,0.9823550581932068,0.14491389691829681,-0.11823377013206482,0,-0.13666191697120667,0.9877600073814392,0.07518689334392548,0,0.1276821792125702,-0.05770215019583702,0.9901349544525146,0,0,0.2213910073041916,0,1,0.9895490407943726,-0.058332957327365875,-0.13186891376972198,0,0.06459926813840866,0.9969519972801208,0.04374782741069794,0,0.12891502678394318,-0.051809247583150864,0.9903010129928589,0,0,0.2530190050601959,0,1,0.9905009865760803,0.037591248750686646,-0.13226723670959473,0,-0.03925566002726555,0.9991790056228638,-0.009997820481657982,0,0.1317829042673111,0.015095098875463009,0.9911640286445618,0,0,0.28464600443840027,0,1,0.9365991353988647,-0.016702156513929367,-0.3500036299228668,0,0.06305701285600662,0.99058997631073,0.12146777659654617,0,0.34468165040016174,-0.13583692908287048,0.9288398027420044,0,0.03219300135970116,0.03186799958348274,0,1,0.994144856929779,-0.015092982910573483,0.10699499398469925,0,-0.09746233373880386,0.30230510234832764,0.9482159614562988,0,-0.0466565378010273,-0.9530920386314392,0.299064040184021,0,-0.0012679999927058816,0.26051101088523865,0.2858090102672577,1,-0.9997469186782837,0.020291093736886978,0.009689649567008018,0,0.01848265528678894,0.49611958861351013,0.8680571913719177,0,0.012806608341634274,0.8680168986320496,-0.4963691830635071,0,0,0.5972440242767334,0,1,0.8064190745353699,-0.5192697048187256,0.28292614221572876,0,0.5672510266304016,0.8144580125808716,-0.12200602144002914,0,-0.16707728803157806,0.2588779032230377,0.9513499140739441,0,0,0.8257489800453186,0,1,-0.8632519841194153,0.08900908380746841,0.49686387181282043,0,-0.4545888304710388,0.29079025983810425,-0.8418959975242615,0,-0.21941974759101868,-0.9526380300521851,-0.21056289970874786,0,0.00001700000029813964,0.2604779899120331,-0.2858090102672577,1,0.962469756603241,0.2603597044944763,0.07658679783344269,0,-0.1605784296989441,0.31883367896080017,0.9341090321540833,0,0.21878589689731598,-0.9113498330116272,0.3486759066581726,0,0,0.5972440242767334,0,1,0.6848208904266357,-0.6776490211486816,-0.2679792046546936,0,0.7045723795890808,0.7096056342124939,0.006128543987870216,0,0.18600645661354065,-0.19300760328769684,0.9634050130844116,0,0,0.8286100029945374,0,1,-0.5452706813812256,0.8382171988487244,0.008457987569272518,0,-0.5062170624732971,-0.3373093008995056,0.7937042117118835,0,0.6681495904922485,0.4285021126270294,0.6082448959350586,0,0.0007140000234358013,-0.10566800087690353,0.4295400083065033,1,-0.048113033175468445,-0.1854090541601181,-0.9814829230308533,0,-0.929272472858429,-0.35199180245399475,0.11204741895198822,0,-0.36624863743782043,0.9174560308456421,-0.15536008775234222,0,0,0.6938760280609131,0,1,0.866902768611908,-0.29065439105033875,-0.4049692153930664,0,0.22530123591423035,-0.49623024463653564,0.8384483456611633,0,-0.44465652108192444,-0.818092942237854,-0.36469846963882446,0,0,0.5847569704055786,0,1,0.9817259907722473,-0.18645372986793518,-0.03807564452290535,0,0.19012723863124847,0.9524272084236145,0.23819009959697723,0,-0.008147155866026878,-0.2410765439271927,0.9704721570014954,0,0,0.34629398584365845,0,1,-0.7591350674629211,0.5089381337165833,0.4058278203010559,0,-0.6509225368499756,-0.5971001982688904,-0.46879738569259644,0,0.003731019329279661,-0.6200429797172546,0.7845589518547058,0,0.0009699999936856329,-0.10566800087690353,-0.4295400083065033,1,-0.09865245223045349,0.00040756684029474854,0.9951220154762268,0,-0.9931780099868774,0.0624389611184597,-0.09848528355360031,0,-0.06217452883720398,-0.9980489611625671,-0.005754985846579075,0,0,0.6937940120697021,0,1,-0.6765379905700684,0.36233222484588623,-0.6411017775535583,0,0.3960934281349182,-0.554877758026123,-0.7315878868103027,0,-0.6208108067512512,-0.7488829493522644,0.23187841475009918,0,0,0.5381569862365723,0,1,0.9508019685745239,0.040461018681526184,0.3071451783180237,0,-0.1855820119380951,0.8682489991188049,0.4601130187511444,0,-0.24806171655654907,-0.4944767355918884,0.8330413103103638,0,0,0.2709279954433441,0,1
K0.200,-0.35571128129959106,0.011867037974298,-0.9345209002494812,0,-0.0026157645042985678,0.9999030828475952,0.0136929452419281,0,0.934592068195343,0.007315217051655054,-0.3556455075740814,0,0.044673994183540344,0.9249470233917236,0.02307000942528248,1,0.9697371125221252,0.2384508103132248,-0.05246063694357872,0,-0.2382582426071167,0.9711509943008423,0.009986184537410736,0,0.05332835763692856,0.0028152011800557375,0.9985730051994324,0,-0.0049149999395012856,0.18970000743865967,0,1,0.9806970357894897,0.154104083776474,-0.1203567311167717,0,-0.1460179090499878,0.9865559935569763,0.0733899474143982,0,0.13004827499389648,-0.0543990395963192,0.9900140166282654,0,0,0.2213910073041916,0,1,0.9895980358123779,-0.04798879101872444,-0.13562270998954773,0,0.05390620604157448,0.997732937335968,0.04029914364218712,0,0.13338127732276917,-0.0471908375620842,0.9899410009384155,0,0,0.2530190050601959,0,1,0.9913799166679382,0.042483992874622345,-0.12393726408481598,0,-0.04451701045036316,0.9989149570465088,-0.013679297640919685,0,0.12322171032428741,0.019078711047768593,0.9921961426734924,0,0,0.28464600443840027,0,1,0.9412659406661987,-0.006688655819743872,-0.3375991880893707,0,0.056146327406167984,0.9889859557151794,0.13694830238819122,0,0.33296477794647217,-0.14785969257354736,0.9312741160392761,0,0.03219300135970116,0.03186799958348274,0,1,0.9974799752235413,-0.013037140481173992,0.06974060833454132,0,-0.062265124171972275,0.3103589713573456,0.9485779404640198,0,-0.0340113639831543,-0.950529932975769,0.30876511335372925,0,-0.0012679999927058816,0.26051101088523865,0.2858090102672577,1,-0.997871994972229,0.0030360673554241657,0.06513501703739166,0,0.05798492208123207,0.49822187423706055,0.8651090860366821,0,-0.029825128614902496,0.8670439124107361,-0.4973371624946594,0,0,0.5972440242767334,0,1,0.7972559332847595,-0.5425379276275635,0.26464229822158813,0,0.5861541628837585,0.8005569577217102,-0.12462997436523438,0,-0.14424464106559753,0.25448301434516907,0.9562590718269348,0,0,0.8257489800453186,0,1,-0.8459598422050476,0.09406786412000656,0.5248833298683167,0,-0.48443594574928284,0.27583110332489014,-0.8302040100097656,0,-0.22287476062774658,-0.9565920233726501,-0.18777228891849518,0,0.00001700000029813964,0.2604779899120331,-0.2858090102672577,1,0.9816340208053589,0.18955089151859283,0.021583134308457375,0,-0.08802095800638199,0.3496309518814087,0.9327430129051208,0,0.16925612092018127,-0.9175118803977966,0.3598940372467041,0,0,0.5972440242767334,0,1,0.7221412658691406,-0.6441097259521484,-0.2522601783275604,0,0.6564801335334778,0.7530828714370728,-0.04359211027622223,0,0.21805080771446228,-0.13412408530712128,0.9666770100593567,0,0,0.8286100029945374,0,1,-0.6181271076202393,0.7832580208778381,-0.06651987135410309,0,-0.5666500926017761,-0.38533297181129456,0.7283039689064026,0,0.5448177456855774,0.4878780245780945,0.6820181012153625,0,0.0007140000234358013,-0.10566800087690353,0.4295400083065033,1,0.03390461206436157,-0.28807029128074646,-0.9570090174674988,0,-0.8661367893218994,-0.486235648393631,0.11567703634500504,0,-0.49865514039993286,0.8249790072441101,-0.2659940719604492,0,0,0.6938760280609131,0,1,0.9369168281555176,-0.09926750510931015,-0.3351616859436035,0,0.25982633233070374,-0.44363412261009216,0.857717752456665,0,-0.23383262753486633,-0.8906939029693604,-0.38985589146614075,0,0,0.5847569704055786,0,1,0.9864529371261597,-0.16397635638713837,0.004713279660791159,0,0.14731161296367645,0.8981110453605652,0.4143631160259247,0,-0.07217874377965927,-0.40805500745773315,0.9100990295410156,0,0,0.34629398584365845,0,1,-0.7281348705291748,0.5195401310920715,0.447098046541214,0,-0.6834719181060791,-0.5996369123458862,-0.4162941873073578,0,0.0518149770796299,-0.6086977124214172,0.79170823097229,0,0.0009699999936856329,-0.10566800087690353,-0.4295400083065033,1,-0.10790291428565979,0.000741293712053448,0.994161069393158,0,-0.992313027381897,0.06087927147746086,-0.10774772614240646,0,-0.06060366332530975,-0.9981449842453003,-0.005833460949361324,0,0,0.6937940120697021,0,1,-0.6616548895835876,0.37431901693344116,-0.6496901512145996,0,0.41417598724365234,-0.5398340821266174,-0.7328288555145264,0,-0.6250368356704712,-0.7539660930633545,0.20214994251728058,0,0,0.5381569862365723,0,1,0.9486880302429199,0.03464310243725777,0.3143109977245331,0,-0.18748889863491058,0.8620409369468689,0.4708861708641052,0,-0.2546359598636627,-0.5056537985801697,0.8243030309677124,0,0,0.2709279954433441,0,1
