4.567,30,136,25
B0,mixamorig_Hips,-1,-0.011088017374277115,-0.004403871018439531,-0.9999290108680725,0,0.020554058253765106,0.9997779726982117,-0.00463112723082304,0,0.9997269511222839,-0.02060394175350666,-0.010995033197104931,0,0.006490999832749367,0.5439280271530151,0.03671099990606308,1
B1,mixamorig_Spine,0,0.9491799473762512,0.31469014286994934,-0.005227845162153244,0,-0.31472381949424744,0.9491510391235352,-0.007854958064854145,0,0.002490134909749031,0.009101090021431446,0.9999549984931946,0,-0.0032279998995363712,0.10526800155639648,0,1
B2,mixamorig_Spine1,1,0.938943088054657,0.3439646065235138,-0.008678817190229893,0,-0.34406235814094543,0.938819944858551,-0.015459977090358734,0,0.0028301584534347057,0.017502078786492348,0.9998429417610168,0,0,0.12286999821662903,0,1
B3,mixamorig_Spine2,2,0.975925087928772,0.2180018573999405,-0.006830777041614056,0,-0.2180851399898529,0.9757999181747437,-0.015890968963503838,0,0.0032012087758630514,0.01699807494878769,0.9998499751091003,0,0,0.1404229998588562,0,1
B4,mixamorig_Neck,3,0.9996470212936401,0.02124490961432457,0.01597673073410988,0,-0.02121209166944027,0.9997730255126953,-0.0022208404261618853,0,-0.01602027378976345,0.0018811550689861178,0.9998700022697449,0,0,0.15797600150108337,0,1
B5,mixamorig_Head,4,0.9276589751243591,-0.36963891983032227,-0.053059931844472885,0,0.37129008769989014,0.9281719326972961,0.02529408410191536,0,0.039899084717035294,-0.0431649349629879,0.9982709288597107,0,-0.019982000812888145,0.01912599988281727,0,1
B6,mixamorig_HeadTop_End,5,1,0,0,0,0,1,0,0,0,0,1,0,-0.018912000581622124,0.018101999536156654,0,1
B7,mixamorig_LeftShoulder,3,0.894227921962738,0.3350103199481964,0.29685893654823303,0,-0.3769499957561493,0.2059740275144577,0.9030410051345825,0,0.24138274788856506,-0.9194251894950867,0.31046977639198303,0,-0.0011320000048726797,0.14037099480628967,0.15092399716377258,1
B8,mixamorig_LeftArm,7,-0.7787501215934753,-0.20328189432621002,-0.5934846997261047,0,-0.542722225189209,0.6928057670593262,0.47483983635902405,0,0.3146432042121887,0.6918787956237793,-0.6498479247093201,0,0,0.2995539903640747,0,1
B9,mixamorig_LeftForeArm,8,0.6124391555786133,-0.7900629639625549,0.026802968233823776,0,0.7559090852737427,0.57536780834198,-0.3123350739479065,0,0.23134294152259827,0.21154694259166718,0.9495940208435059,0,0,0.44111698865890503,0,1
B10,mixamorig_LeftHand,9,1,0,0,0,0,1,0,0,0,0,1,0,0,0.3173919916152954,0,1
B11,mixamorig_RightShoulder,3,-0.9265740513801575,-0.30462774634361267,0.22059497237205505,0,-0.29610615968704224,0.22918927669525146,-0.927250862121582,0,0.23190829157829285,-0.9244859218597412,-0.3025629222393036,0,0.000050999999075429514,0.14033499360084534,-0.15092399716377258,1
B12,mixamorig_RightArm,11,-0.8419392108917236,0.09776225686073303,0.5306417346000671,0,0.4724830985069275,0.6085101366043091,0.6375539302825928,0,-0.26057228446006775,0.7875012159347534,-0.5585198402404785,0,0,0.2995539903640747,0,1
B13,mixamorig_RightForeArm,12,0.38738808035850525,0.8650749325752258,-0.3187100291252136,0,-0.9208009243011475,0.3800651729106903,-0.08761076629161835,0,0.04534074664115906,0.3274080455303192,0.9437950849533081,0,0,0.44116899371147156,0,1
B14,mixamorig_RightHand,13,1,0,0,0,0,1,0,0,0,0,1,0,0,0.3176180124282837,0,1
B15,mixamorig_LeftUpLeg,0,-0.7006639242172241,0.7016570568084717,-0.12941284477710724,0,-0.6395331025123596,-0.5372011065483093,0.5499208569526672,0,0.31633496284484863,0.4680732488632202,0.8251298666000366,0,0.0007159999804571271,-0.05846799910068512,0.21312899887561798,1
B16,mixamorig_LeftLeg,15,0.10906186699867249,-0.10495221614837646,-0.9884790778160095,0,-0.9935710430145264,0.01885893940925598,-0.11162610352039337,0,0.030357128009200096,0.9942981004714966,-0.10222071409225464,0,0,0.3580940067768097,0,1
B17,mixamorig_LeftFoot,16,0.8661670088768005,-0.09637415409088135,-0.4903729259967804,0,0.4347411096096039,-0.3386458158493042,0.8344570398330688,0,-0.2464829683303833,-0.9359650015830994,-0.25142619013786316,0,0,0.2920129895210266,0,1
B18,mixamorig_LeftToeBase,17,0.92091304063797,-0.3819197118282318,-0.07782497256994247,0,0.3836332857608795,0.8528779149055481,0.35415390133857727,0,-0.06888310611248016,-0.35600101947784424,0.9319429397583008,0,0,0.17314699292182922,0,1
B19,mixamorig_LeftToe_End,18,1,0,0,0,0,1,0,0,0,0,1,0,0,0.0906200036406517,0,1
B20,mixamorig_RightUpLeg,0,-0.7218270301818848,0.6883710026741028,-0.07149172574281693,0,-0.5502309203147888,-0.6334732174873352,-0.5440208911895752,0,-0.4197762608528137,-0.3533519506454468,0.8360209465026855,0,0.001221999991685152,-0.05846799910068512,-0.21312899887561798,1
B21,mixamorig_RightLeg,20,-0.03351224958896637,-0.07811681181192398,0.9963809847831726,0,-0.9901829957962036,0.1379588544368744,-0.022487767040729523,0,-0.13570286333560944,-0.9873530268669128,-0.08197321742773056,0,0,0.35807499289512634,0,1
B22,mixamorig_RightFoot,21,-0.8705020546913147,0.16767503321170807,-0.46272292733192444,0,0.4211651384830475,-0.23267075419425964,-0.8766330480575562,0,-0.25465112924575806,-0.9579919576644897,0.13192124664783478,0,0,0.2686710059642792,0,1
B23,mixamorig_RightToeBase,22,0.9493690133094788,0.19211101531982422,0.24858000874519348,0,-0.30033594369888306,0.7871471643447876,0.5386996865272522,0,-0.09217888861894608,-0.5860822200775146,0.804990828037262,0,0,0.13546399772167206,0,1
B24,mixamorig_RightToe_End,23,1,0,0,0,0,1,0,0,0,0,1,0,0,0.09076199680566788,0,1
@20,0,1,2,3,4,5,7,8,9,11,12,13,15,16,17,18,20,21,22,23
K0,-0.9999290108680725,-0.0044038137421011925,0.011087983846664429,0,-0.004631068557500839,0.9997779726982117,-0.020554184913635254,0,-0.010994999669492245,-0.020604068413376808,-0.9997269511222839,0,0.03671099618077278,0.5439280271530151,-0.0064909979701042175,1,0.9491799473762512,0.31469014286994934,-0.005227851215749979,0,-0.31472381949424744,0.9491510391235352,-0.007854931056499481,0,0.002490149112418294,0.00910106673836708,0.9999549984931946,0,-0.0032279998995363712,0.10526800155639648,0,1,0.938943088054657,0.3439646065235138,-0.008678823709487915,0,-0.34406235814094543,0.938819944858551,-0.015459947288036346,0,0.002830175217241049,0.01750205270946026,0.9998429417610168,0,0,0.12286999821662903,0,1,0.975925087928772,0.21800187230110168,-0.006830782163888216,0,-0.2180851548910141,0.9757999181747437,-0.015890946611762047,0,0.003201218554750085,0.016998054459691048,0.9998499751091003,0,0,0.1404229998588562,0,1,0.9996470212936401,0.02124490775167942,0.01597672887146473,0,-0.02121208980679512,0.9997730255126953,-0.002220842754468322,0,-0.0160202719271183,0.0018811573972925544,0.9998700022697449,0,0,0.15797600150108337,0,1,0.9276589751243591,-0.36963891983032227,-0.05305991694331169,0,0.37129008769989014,0.9281719326972961,0.025294074788689613,0,0.0398990772664547,-0.043164923787117004,0.9982709288597107,0,-0.019982000812888145,0.01912599988281727,0,1,0.8942279815673828,0.33501026034355164,0.29685869812965393,0,-0.37694981694221497,0.2059742659330368,0.9030410051345825,0,0.2413826882839203,-0.9194251298904419,0.31046992540359497,0,-0.0011320000048726797,0.14037099480628967,0.15092399716377258,1,-0.7787501811981201,-0.20328174531459808,-0.5934847593307495,0,-0.542722225189209,0.6928057074546814,0.4748400151729584,0,0.3146432340145111,0.6918789148330688,-0.6498479247093201,0,0,0.2995539903640747,0,1,0.6124391555786133,-0.7900629639625549,0.026802942156791687,0,0.7559090852737427,0.57536780834198,-0.3123350441455841,0,0.23134294152259827,0.2115468978881836,0.9495940208435059,0,0,0.44111698865890503,0,1,-0.9265740513801575,-0.3046276867389679,0.22059521079063416,0,-0.29610633850097656,0.22918911278247833,-0.927250862121582,0,0.23190820217132568,-0.924485981464386,-0.30256277322769165,0,0.000050999999075429514,0.14033499360084534,-0.15092399716377258,1,-0.8419392108917236,0.0977620854973793,0.5306416153907776,0,0.47248291969299316,0.6085101962089539,0.6375539302825928,0,-0.2605723440647125,0.7875011563301086,-0.558519721031189,0,0,0.2995539903640747,0,1,0.3873879313468933,0.8650749921798706,-0.31871020793914795,0,-0.9208009839057922,0.38006502389907837,-0.08761075139045715,0,0.045340776443481445,0.32740822434425354,0.9437950253486633,0,0,0.44116899371147156,0,1,-0.7006639242172241,0.7016569375991821,-0.12941284477710724,0,-0.6395330429077148,-0.5372011065483093,0.5499207973480225,0,0.3163348436355591,0.4680732190608978,0.8251299262046814,0,0.0007159999804571271,-0.05846799910068512,0.21312899887561798,1,0.10906172543764114,-0.10495204478502274,-0.9884790182113647,0,-0.9935709238052368,0.018858807161450386,-0.11162581294775009,0,0.030356837436556816,0.994297981262207,-0.10222046077251434,0,0,0.3580940067768097,0,1,0.8661671280860901,-0.09637399762868881,-0.49037277698516846,0,0.4347410202026367,-0.33864572644233704,0.8344570398330688,0,-0.2464827597141266,-0.9359649419784546,-0.25142619013786316,0,0,0.2920129895210266,0,1,0.92091304063797,-0.3819197118282318,-0.07782504707574844,0,0.3836333155632019,0.8528779149055481,0.35415390133857727,0,-0.06888305395841599,-0.3560010492801666,0.9319429397583008,0,0,0.17314699292182922,0,1,-0.7218269109725952,0.6883710026741028,-0.07149166613817215,0,-0.550230860710144,-0.6334729790687561,-0.54402095079422,0,-0.4197762906551361,-0.35335204005241394,0.8360208868980408,0,0.001221999991685152,-0.05846799910068512,-0.21312899887561798,1,-0.03351198136806488,-0.0781165286898613,0.9963810443878174,0,-0.9901829361915588,0.13795940577983856,-0.022487465292215347,0,-0.13570347428321838,-0.9873530268669128,-0.08197293430566788,0,0,0.35807499289512634,0,1,-0.8705020546913147,0.16767506301403046,-0.4627228379249573,0,0.4211650788784027,-0.23267073929309845,-0.8766330480575562,0,-0.25465115904808044,-0.9579919576644897,0.13192126154899597,0,0,0.2686710059642792,0,1,0.9493690133094788,0.1921110302209854,0.24858006834983826,0,-0.30033597350120544,0.7871471643447876,0.5386996865272522,0,-0.09217892587184906,-0.5860822200775146,0.804990828037262,0,0,0.13546399772167206,0,1
K0.034,-0.9999278783798218,-0.004222112707793713,0.011263868771493435,0,-0.004456759430468082,0.9997720122337341,-0.020888669416308403,0,-0.011173095554113388,-0.020937349647283554,-0.9997177720069885,0,0.03679065778851509,0.5438657402992249,-0.0065834843553602695,1,0.9492266774177551,0.3145532011985779,-0.005076524335891008,0,-0.31458550691604614,0.9491965174674988,-0.00790542270988226,0,0.002331941621378064,0.00910103414207697,0.9999560117721558,0,-0.0032279998995363712,0.10526800155639648,0,1,0.9390281438827515,0.3437371253967285,-0.00843737181276083,0,-0.3438311219215393,0.9389030337333679,-0.015557480044662952,0,0.002574187470600009,0.017509927973151207,0.9998430013656616,0,0,0.12286999821662903,0,1,0.9759787321090698,0.21775974333286285,-0.006760012824088335,0,-0.2178422212600708,0.9758545756340027,-0.015909533947706223,0,0.0031323344446718693,0.0169999897480011,0.9998509287834167,0,0,0.1404229998588562,0,1,0.9996439218521118,0.02156471088528633,0.01574445515871048,0,-0.02153765968978405,0.9997659921646118,-0.0018846504390239716,0,-0.015781406313180923,0.0015448800986632705,0.9998740553855896,0,0,0.15797600150108337,0,1,0.9274851083755493,-0.36983874440193176,-0.05469151586294174,0,0.37156105041503906,0.9280637502670288,0.025294583290815353,0,0.04140230268239975,-0.043781597167253494,0.9981831908226013,0,-0.019982000812888145,0.01912599988281727,0,1,0.8941414952278137,0.3349302411079407,0.2972073256969452,0,-0.3770175874233246,0.20499393343925476,0.9032360911369324,0,0.24159546196460724,-0.919673502445221,0.30956825613975525,0,-0.0011320000048726797,0.14037099480628967,0.15092399716377258,1,-0.7785868644714355,-0.20399659872055054,-0.5934546589851379,0,-0.5426867008209229,0.6937423944473267,0.4735114872455597,0,0.3151097297668457,0.6907292604446411,-0.6508445143699646,0,0,0.2995539903640747,0,1,0.6123232245445251,-0.7901685833930969,0.02632831409573555,0,0.7559090852737427,0.5753676295280457,-0.3123353123664856,0,0.231649249792099,0.21115213632583618,0.949607253074646,0,0,0.44111698865890503,0,1,-0.926577091217041,-0.30472707748413086,0.22044338285923004,0,-0.29609280824661255,0.22961029410362244,-0.9271510243415833,0,0.23191198706626892,-0.9243487119674683,-0.3029792606830597,0,0.000050999999075429514,0.14033499360084534,-0.15092399716377258,1,-0.842463493347168,0.0974506214261055,0.5298657417297363,0,0.4717888832092285,0.6083269119262695,0.6382429599761963,0,-0.2601345479488373,0.7876814007759094,-0.5584694743156433,0,0,0.2995539903640747,0,1,0.3868462145328522,0.8653011322021484,-0.31875449419021606,0,-0.9210289716720581,0.37955841422080994,-0.08741595596075058,0,0.04534478485584259,0.32739827036857605,0.9437971711158752,0,0,0.44116899371147156,0,1,-0.7006528973579407,0.7014309167861938,-0.1306883990764618,0,-0.6400478482246399,-0.5369433164596558,0.5495725274085999,0,0.31531521677970886,0.4687068462371826,0.8251609802246094,0,0.0007159999804571271,-0.05846799910068512,0.21312899887561798,1,0.10933972895145416,-0.10461241006851196,-0.9884845018386841,0,-0.9935594797134399,0.018237803131341934,-0.11183128505945206,0,0.029726777225732803,0.9943454265594482,-0.10194455087184906,0,0,0.3580940067768097,0,1,0.8661845922470093,-0.09673334658145905,-0.49027228355407715,0,0.43436360359191895,-0.33935660123825073,0.8343653082847595,0,-0.2470879703760147,-0.9356704354286194,-0.2519279420375824,0,0,0.2920129895210266,0,1,0.92091304063797,-0.3819197118282318,-0.07782504707574844,0,0.3836333155632019,0.8528779149055481,0.35415390133857727,0,-0.06888305395841599,-0.3560010492801666,0.9319429397583008,0,0,0.17314699292182922,0,1,-0.7221167087554932,0.6880488991737366,-0.07167058438062668,0,-0.5498685240745544,-0.6337650418281555,-0.5440458059310913,0,-0.4197523593902588,-0.35345515608787537,0.8359887599945068,0,0.001221999991685152,-0.05846799910068512,-0.21312899887561798,1,-0.03263125568628311,-0.07797568291425705,0.996421217918396,0,-0.990243136882782,0.13765880465507507,-0.021656367927789688,0,-0.1354774832725525,-0.9874061942100525,-0.08170686662197113,0,0,0.35807499289512634,0,1,-0.8705410957336426,0.16739271581172943,-0.4627503454685211,0,0.4211257994174957,-0.23307010531425476,-0.8765450716018677,0,-0.25458067655563354,-0.9579452276229858,0.13240370154380798,0,0,0.2686710059642792,0,1,0.9493690729141235,0.19211077690124512,0.24858109652996063,0,-0.3003362715244293,0.7871471643447876,0.5386995673179626,0,-0.09217990189790726,-0.586082398891449,0.8049907088279724,0,0,0.13546399772167206,0,1
K0.067,-0.9999209046363831,-0.003814274910837412,0.011947902850806713,0,-0.0040678041987121105,0.999765932559967,-0.02126738242805004,0,-0.011863990686833858,-0.021314313635230064,-0.9997026920318604,0,0.03688129037618637,0.5438329577445984,-0.006648601498454809,1,0.9493002891540527,0.31433501839637756,-0.004839631728827953,0,-0.31436505913734436,0.9492682814598083,-0.007975753396749496,0,0.002087048953399062,0.009092790074646473,0.9999560117721558,0,-0.0032279998995363712,0.10526800155639648,0,1,0.9391754269599915,0.34335213899612427,-0.007685466203838587,0,-0.3434337079524994,0.9390435218811035,-0.015861831605434418,0,0.0017707922961562872,0.017536485567688942,0.999845027923584,0,0,0.12286999821662903,0,1,0.9760720133781433,0.21735066175460815,-0.006509333848953247,0,-0.21742889285087585,0.9759448170661926,-0.015976909548044205,0,0.0028801588341593742,0.017009936273097992,0.9998509287834167,0,0,0.1404229998588562,0,1,0.9996387958526611,0.02193051390349865,0.015534551814198494,0,-0.021908564493060112,0.9997588396072388,-0.0015818247338756919,0,-0.015565493144094944,0.0012409132905304432,0.9998780488967896,0,0,0.15797600150108337,0,1,0.9272262454032898,-0.37018683552742004,-0.056675221771001816,0,0.37199968099594116,0.927886962890625,0.025343580171465874,0,0.0432063490152359,-0.04458240792155266,0.9980707168579102,0,-0.019982000812888145,0.01912599988281727,0,1,0.8940689563751221,0.3348623216152191,0.2975020110607147,0,-0.3770747184753418,0.2041664570569992,0.9033993482589722,0,0.24177466332912445,-0.919882595539093,0.30880722403526306,0,-0.0011320000048726797,0.14037099480628967,0.15092399716377258,1,-0.7785352468490601,-0.20504671335220337,-0.5931607484817505,0,-0.5426440238952637,0.6947625875473022,0.4720621109008789,0,0.3153110444545746,0.6893919706344604,-0.6521643996238708,0,0,0.2995539903640747,0,1,0.6119102239608765,-0.7905418276786804,0.024688759818673134,0,0.7559080123901367,0.5753466486930847,-0.312377393245697,0,0.23274283111095428,0.20980937778949738,0.9496374726295471,0,0,0.44111698865890503,0,1,-0.926581859588623,-0.30486640334129333,0.2202339470386505,0,-0.2960745394229889,0.23019182682037354,-0.9270122051239014,0,0.23191876709461212,-0.9241580963134766,-0.3035546839237213,0,0.000050999999075429514,0.14033499360084534,-0.15092399716377258,1,-0.842941403388977,0.0971483588218689,0.5291606783866882,0,0.47103723883628845,0.608492374420166,0.6386392712593079,0,-0.25994762778282166,0.7875904440879822,-0.558684229850769,0,0,0.2995539903640747,0,1,0.3868342638015747,0.8653246760368347,-0.3187042772769928,0,-0.9210238456726074,0.3796258270740509,-0.08717796951532364,0,0.04555109888315201,0.32725751399993896,0.943836510181427,0,0,0.44116899371147156,0,1,-0.7004938125610352,0.701175332069397,-0.13289453089237213,0,-0.6410995721817017,-0.5364575386047363,0.5488225221633911,0,0.31352826952934265,0.46964502334594727,0.8253077268600464,0,0.0007159999804571271,-0.05846799910068512,0.21312899887561798,1,0.11022579669952393,-0.10426662117242813,-0.9884223341941833,0,-0.9934760332107544,0.017721649259328842,-0.11265876889228821,0,0.029262999072670937,0.9943914413452148,-0.10163296014070511,0,0,0.3580940067768097,0,1,0.8662667274475098,-0.09719911962747574,-0.4900345504283905,0,0.4338885247707367,-0.3398299515247345,0.8344194293022156,0,-0.24763338267803192,-0.9354506134986877,-0.2522099018096924,0,0,0.2920129895210266,0,1,0.92091304063797,-0.3819197118282318,-0.07782504707574844,0,0.3836333155632019,0.8528779149055481,0.35415390133857727,0,-0.06888305395841599,-0.3560010492801666,0.9319429397583008,0,0,0.17314699292182922,0,1,-0.7225130796432495,0.6876117587089539,-0.07187411934137344,0,-0.5494089722633362,-0.6341630816459656,-0.54404616355896,0,-0.4196722209453583,-0.35359200835227966,0.8359707593917847,0,0.001221999991685152,-0.05846799910068512,-0.21312899887561798,1,-0.03178753703832626,-0.07789313793182373,0.9964544177055359,0,-0.9902692437171936,0.13759444653987885,-0.020834442228078842,0,-0.1354837864637375,-0.9874208569526672,-0.08150898665189743,0,0,0.35807499289512634,0,1,-0.870547890663147,0.16718746721744537,-0.46281111240386963,0,0.42106160521507263,-0.23364916443824768,-0.8764212727546692,0,-0.2546623945236206,-0.957839846611023,0.13300678133964539,0,0,0.2686710059642792,0,1,0.9493691921234131,0.19211089611053467,0.24858060479164124,0,-0.300336092710495,0.7871471643447876,0.5386996865272522,0,-0.09217940270900726,-0.5860823392868042,0.8049907088279724,0,0,0.13546399772167206,0,1
K0.101,-0.99991774559021,-0.0033666323870420456,0.012364869005978107,0,-0.0036343159154057503,0.9997578859329224,-0.02169051207602024,0,-0.01228886004537344,-0.021733682602643967,-0.9996885657310486,0,0.03696991503238678,0.5438309907913208,-0.006623034831136465,1,0.9493221640586853,0.31427058577537537,-0.004659118130803108,0,-0.3142993748188019,0.9492901563644409,-0.008024117909371853,0,0.00190111028496176,0.009081830270588398,0.9999570846557617,0,-0.0032279998995363712,0.10526800155639648,0,1,0.9392781853675842,0.34307801723480225,-0.007284616120159626,0,-0.3431532084941864,0.9391409754753113,-0.01615847647190094,0,0.0012976628495380282,0.01767704263329506,0.9998428821563721,0,0,0.12286999821662903,0,1,0.9761374592781067,0.2170647531747818,-0.006172842346131802,0,-0.2171381264925003,0.9760051965713501,-0.016254181042313576,0,0.002496517961844802,0.017206687480211258,0.9998489618301392,0,0,0.1404229998588562,0,1,0.9996307492256165,0.02237754687666893,0.015436053276062012,0,-0.02235795184969902,0.9997487664222717,-0.0014401007210835814,0,-0.015464402735233307,0.0010944505920633674,0.9998800754547119,0,0,0.15797600150108337,0,1,0.9270340800285339,-0.37045595049858093,-0.05805949494242668,0,0.37234553694725037,0.9277390241622925,0.02567291632294655,0,0.04435336962342262,-0.04541785642504692,0.9979832172393799,0,-0.019982000812888145,0.01912599988281727,0,1,0.8939998149871826,0.33481043577194214,0.2977692782878876,0,-0.37712836265563965,0.2034100741147995,0.9035480618476868,0,0.24194787442684174,-0.9200683832168579,0.3081148564815521,0,-0.0011320000048726797,0.14037099480628967,0.15092399716377258,1,-0.7784675359725952,-0.2066994607448578,-0.5926754474639893,0,-0.5428383350372314,0.6957685947418213,0.47035354375839233,0,0.3151431083679199,0.6878817081451416,-0.6538375616073608,0,0,0.2995539903640747,0,1,0.6113671660423279,-0.7910171747207642,0.022823523730039597,0,0.7559007406234741,0.5752049684524536,-0.31265532970428467,0,0.2341877520084381,0.2083997279405594,0.9495927691459656,0,0,0.44111698865890503,0,1,-0.9265809655189514,-0.3048620820045471,0.22024092078208923,0,-0.29607588052749634,0.2301739752292633,-0.92701655626297,0,0.23191843926906586,-0.924163818359375,-0.3035370409488678,0,0.000050999999075429514,0.14033499360084534,-0.15092399716377258,1,-0.843656599521637,0.0958632379770279,0.5282561182975769,0,0.46919912099838257,0.6098875999450684,0.6386619806289673,0,-0.2609526813030243,0.7866687774658203,-0.5595147013664246,0,0,0.2995539903640747,0,1,0.3860688805580139,0.8658361434936523,-0.31824350357055664,0,-0.9213618040084839,0.37883925437927246,-0.08702895790338516,0,0.045210324227809906,0.3268165588378906,0.9440063238143921,0,0,0.44116899371147156,0,1,-0.7004029154777527,0.7008628249168396,-0.13501067459583282,0,-0.6420829892158508,-0.5360925793647766,0.5480263829231262,0,0.31171315908432007,0.47052741050720215,0.8254930973052979,0,0.0007159999804571271,-0.05846799910068512,0.21312899887561798,1,0.11085383594036102,-0.10405705869197845,-0.9883738160133362,0,-0.9934177398681641,0.01727556250989437,-0.11323827505111694,0,0.028857924044132233,0.9944217205047607,-0.10145708918571472,0,0,0.3580940067768097,0,1,0.8664398193359375,-0.09777554124593735,-0.48961350321769714,0,0.4331553280353546,-0.34050050377845764,0.8345268368721008,0,-0.24831007421016693,-0.9351462721824646,-0.2526712417602539,0,0,0.2920129895210266,0,1,0.92091304063797,-0.3819197118282318,-0.07782504707574844,0,0.3836333155632019,0.8528779149055481,0.35415390133857727,0,-0.06888305395841599,-0.3560010492801666,0.9319429397583008,0,0,0.17314699292182922,0,1,-0.7230052947998047,0.6871105432510376,-0.07171657681465149,0,-0.5490524172782898,-0.634514331817627,-0.5439977645874023,0,-0.4192913770675659,-0.3539367914199829,0.8360161781311035,0,0.001221999991685152,-0.05846799910068512,-0.21312899887561798,1,-0.030926888808608055,-0.07793033868074417,0.9964789152145386,0,-0.9902203679084778,0.13808271288871765,-0.019933851435780525,0,-0.13604293763637543,-0.9873497486114502,-0.0814385861158371,0,0,0.35807499289512634,0,1,-0.8704876899719238,0.16735334694385529,-0.4628649652004242,0,0.4210336208343506,-0.23387110233306885,-0.8763759136199951,0,-0.25491517782211304,-0.9577561020851135,0.1331205666065216,0,0,0.2686710059642792,0,1,0.9493690133094788,0.1921110302209854,0.24858008325099945,0,-0.30033597350120544,0.7871471643447876,0.5386996865272522,0,-0.09217893332242966,-0.5860822200775146,0.804990828037262,0,0,0.13546399772167206,0,1
K0.134,-0.9999096989631653,-0.002991299144923687,0.013121531344950199,0,-0.003279430791735649,0.9997527003288269,-0.021992435678839684,0,-0.01305248960852623,-0.022033467888832092,-0.9996713995933533,0,0.037056852132081985,0.5438776612281799,-0.006668468471616507,1,0.9493299126625061,0.3142493665218353,-0.004441207740455866,0,-0.31427624821662903,0.9492968916893005,-0.008081072010099888,0,0.0016765533946454525,0.009067369624972343,0.9999570846557617,0,-0.0032279998995363712,0.10526800155639648,0,1,0.9393758177757263,0.34281978011131287,-0.006892368663102388,0,-0.34288814663887024,0.9392305612564087,-0.01654139906167984,0,0.0008028040756471455,0.017901893705129623,0.9998389482498169,0,0,0.12286999821662903,0,1,0.9761995077133179,0.21679601073265076,-0.005855717696249485,0,-0.21686485409736633,0.9760603904724121,-0.016627945005893707,0,0.002110661705955863,0.017502088099718094,0.9998449683189392,0,0,0.1404229998588562,0,1,0.9996206164360046,0.022824876010417938,0.015401250682771206,0,-0.02280619367957115,0.9997386336326599,-0.001387458061799407,0,-0.015428896062076092,0.0010356878628954291,0.9998800158500671,0,0,0.15797600150108337,0,1,0.9266346096992493,-0.3713899850845337,-0.05846833810210228,0,0.3733215928077698,0.9273324012756348,0.026180416345596313,0,0.04449642449617386,-0.04608715698122978,0.9979458451271057,0,-0.019982000812888145,0.01912599988281727,0,1,0.8939858675003052,0.33469241857528687,0.29794496297836304,0,-0.3771476447582245,0.20296066999435425,0.9036409854888916,0,0.2419704794883728,-0.9202108979225159,0.3076722025871277,0,-0.0011320000048726797,0.14037099480628967,0.15092399716377258,1,-0.7784613966941833,-0.20868106186389923,-0.5919889211654663,0,-0.5432648062705994,0.6964185237884521,0.46889615058898926,0,0.31442227959632874,0.68662428855896,-0.655504047870636,0,0,0.2995539903640747,0,1,0.610742449760437,-0.7915657162666321,0.02045319974422455,0,0.7559068202972412,0.575148344039917,-0.31274622678756714,0,0.23579531908035278,0.2064678966999054,0.9496164917945862,0,0,0.44111698865890503,0,1,-0.9265851378440857,-0.30496543645858765,0.2200835645198822,0,-0.29606202244758606,0.23061174154281616,-0.9269120693206787,0,0.2319219559431076,-0.9240201115608215,-0.3039696216583252,0,0.000050999999075429514,0.14033499360084534,-0.15092399716377258,1,-0.8443571925163269,0.09407908469438553,0.5274558067321777,0,0.46726226806640625,0.6110005378723145,0.6390182375907898,0,-0.262157678604126,0.7860201597213745,-0.5598625540733337,0,0,0.2995539903640747,0,1,0.38593006134033203,0.8661403059959412,-0.3175813555717468,0,-0.9214316010475159,0.37868741154670715,-0.08694381266832352,0,0.04495854675769806,0.3261840045452118,0.944236695766449,0,0,0.44116899371147156,0,1,-0.7003600001335144,0.7004831433296204,-0.13718600571155548,0,-0.6430781483650208,-0.535811722278595,0.5471342206001282,0,0.3097524642944336,0.4714123010635376,0.8257265090942383,0,0.0007159999804571271,-0.05846799910068512,0.21312899887561798,1,0.11124194413423538,-0.10414902120828629,-0.9883211851119995,0,-0.9933657646179199,0.017534207552671432,-0.11365751177072525,0,0.029166754335165024,0.9944074749946594,-0.1015075072646141,0,0,0.3580940067768097,0,1,0.8667114973068237,-0.09896382689476013,-0.4888944625854492,0,0.43209341168403625,-0.34072667360305786,0.8349857926368713,0,-0.2492126077413559,-0.9349392056465149,-0.252549946308136,0,0,0.2920129895210266,0,1,0.92091304063797,-0.3819197118282318,-0.07782504707574844,0,0.3836333155632019,0.8528779149055481,0.35415390133857727,0,-0.06888305395841599,-0.3560010492801666,0.9319429397583008,0,0,0.17314699292182922,0,1,-0.7237926721572876,0.6863189339637756,-0.071356862783432,0,-0.5484375357627869,-0.6349536180496216,-0.5441046953201294,0,-0.4187372922897339,-0.35468387603759766,0.8359770178794861,0,0.001221999991685152,-0.05846799910068512,-0.21312899887561798,1,-0.029548030346632004,-0.07788500934839249,0.9965246915817261,0,-0.9901854395866394,0.13852405548095703,-0.01853354275226593,0,-0.1365990787744522,-0.9872915744781494,-0.08121365308761597,0,0,0.35807499289512634,0,1,-0.8704406023025513,0.16740228235721588,-0.4629361629486084,0,0.42100951075553894,-0.2342047393321991,-0.8762983083724976,0,-0.25511619448661804,-0.9576661586761475,0.1333833783864975,0,0,0.2686710059642792,0,1,0.9493691921234131,0.19211089611053467,0.24858060479164124,0,-0.300336092710495,0.7871471643447876,0.5386996865272522,0,-0.09217940270900726,-0.5860823392868042,0.8049907088279724,0,0,0.13546399772167206,0,1
K0.168,-0.999903678894043,-0.0028302371501922607,0.013556420803070068,0,-0.00313417986035347,0.9997427463531494,-0.022452091798186302,0,-0.013489403761923313,-0.02249244600534439,-0.9996564388275146,0,0.037118107080459595,0.543972909450531,-0.0066509246826171875,1,0.9493272304534912,0.314261257648468,-0.004287383984774351,0,-0.3142866790294647,0.9492933750152588,-0.008113309741020203,0,0.0015202859649434686,0.009049652144312859,0.9999580383300781,0,-0.0032279998995363712,0.10526800155639648,0,1,0.9393971562385559,0.3427654504776001,-0.006700132042169571,0,-0.3428303301334381,0.9392481446266174,-0.01671859249472618,0,0.0005625314661301672,0.01800241693854332,0.9998379945755005,0,0,0.12286999821662903,0,1,0.9762126207351685,0.2167399674654007,-0.005706187803298235,0,-0.21680648624897003,0.9760695695877075,-0.016814246773719788,0,0.0019253165228292346,0.01765141822397709,0.9998419880867004,0,0,0.1404229998588562,0,1,0.9996085166931152,0.023359591141343117,0.01536739245057106,0,-0.023341763764619827,0.9997264742851257,-0.0013389487285166979,0,-0.015394478105008602,0.000979723292402923,0.9998811483383179,0,0,0.15797600150108337,0,1,0.9264745116233826,-0.371817409992218,-0.05827741697430611,0,0.37376919388771057,0.9271338582038879,0.026822267100214958,0,0.04405798390507698,-0.04663245379924774,0.9979398250579834,0,-0.019982000812888145,0.01912599988281727,0,1,0.8939766883850098,0.33465471863746643,0.2980130910873413,0,-0.37715595960617065,0.202778160572052,0.9036782383918762,0,0.24198968708515167,-0.9202648997306824,0.30749601125717163,0,-0.0011320000048726797,0.14037099480628967,0.15092399716377258,1,-0.778676450252533,-0.21058940887451172,-0.5910282731056213,0,-0.5435598492622375,0.6969128847122192,0.46782001852989197,0,0.3133772313594818,0.685539722442627,-0.6571375727653503,0,0,0.2995539903640747,0,1,0.6099926233291626,-0.7921743988990784,0.019192855805158615,0,0.7561845183372498,0.5746985673904419,-0.31290140748023987,0,0.2368423193693161,0.2053808569908142,0.9495916366577148,0,0,0.44111698865890503,0,1,-0.9265863299369812,-0.30505555868148804,0.21995486319065094,0,-0.296056866645813,0.23098641633987427,-0.9268199801445007,0,0.2319248616695404,-0.9238973259925842,-0.30434250831604004,0,0.000050999999075429514,0.14033499360084534,-0.15092399716377258,1,-0.8449083566665649,0.09237964451313019,0.5268744826316833,0,0.4655751883983612,0.6119893789291382,0.6393040418624878,0,-0.2633827030658722,0.7854523062705994,-0.5600841641426086,0,0,0.2995539903640747,0,1,0.38622352480888367,0.8658121824264526,-0.3181211054325104,0,-0.9212931990623474,0.37901803851127625,-0.08696901053190231,0,0.045274775475263596,0.32667213678359985,0.9440522193908691,0,0,0.44116899371147156,0,1,-0.7006000876426697,0.6998317837715149,-0.13926589488983154,0,-0.6438323259353638,-0.5358425974845886,0.5462163686752319,0,0.3076351284980774,0.4723433554172516,0.8259859681129456,0,0.0007159999804571271,-0.05846799910068512,0.21312899887561798,1,0.11166779696941376,-0.10399696975946426,-0.988288938999176,0,-0.9933176040649414,0.01749373786151409,-0.11407674849033356,0,0.029152419418096542,0.9944233298301697,-0.10134844481945038,0,0,0.3580940067768097,0,1,0.8670294880867004,-0.09992070496082306,-0.4881344735622406,0,0.43094444274902344,-0.3413544297218323,0.8353228569030762,0,-0.2500929832458496,-0.9346085786819458,-0.25290414690971375,0,0,0.2920129895210266,0,1,0.92091304063797,-0.3819197118282318,-0.07782504707574844,0,0.3836333155632019,0.8528779149055481,0.35415390133857727,0,-0.06888305395841599,-0.3560010492801666,0.9319429397583008,0,0,0.17314699292182922,0,1,-0.7242501378059387,0.6857700347900391,-0.07197652012109756,0,-0.547826886177063,-0.6356531977653503,-0.5439032912254333,0,-0.4187447428703308,-0.3544914126396179,0.8360553979873657,0,0.001221999991685152,-0.05846799910068512,-0.21312899887561798,1,-0.029095500707626343,-0.0777052715420723,0.9965518116950989,0,-0.9900968670845032,0.13922198116779327,-0.018051354214549065,0,-0.13733917474746704,-0.98720782995224,-0.08098644018173218,0,0,0.35807499289512634,0,1,-0.870424211025238,0.16737884283065796,-0.46297404170036316,0,0.4210519790649414,-0.23420192301273346,-0.876278817653656,0,-0.2551001012325287,-0.9576709270477295,0.13338002562522888,0,0,0.2686710059642792,0,1,0.9493691921234131,0.19211088120937347,0.24858064949512482,0,-0.30033615231513977,0.7871469259262085,0.5386999845504761,0,-0.09217938780784607,-0.5860829949378967,0.8049909472465515,0,0,0.13546399772167206,0,1
K0.201,-0.9998970031738281,-0.0028569456189870834,0.014058252796530724,0,-0.0031760488636791706,0.9997366070747375,-0.02272895909845829,0,-0.013989615254104137,-0.02277127094566822,-0.9996427893638611,0,0.03712015971541405,0.5441374182701111,-0.00664930697530508,1,0.9493065476417542,0.31432443857192993,-0.004215302877128124,0,-0.3143492341041565,0.9492725729942322,-0.008124456740915775,0,0.0014477557269856334,0.009037675336003304,0.9999579787254333,0,-0.0032279998995363712,0.10526800155639648,0,1,0.939289391040802,0.34306246042251587,-0.0065908050164580345,0,-0.34312552213668823,0.9391394257545471,-0.01679205894470215,0,0.0004289597272872925,0.0180340725928545,0.9998369812965393,0,0,0.12286999821662903,0,1,0.9761455655097961,0.21704748272895813,-0.005489405244588852,0,-0.2171103060245514,0.9760003685951233,-0.01691386103630066,0,0.0016865511424839497,0.017702199518680573,0.9998417496681213,0,0,0.1404229998588562,0,1,0.9995952844619751,0.02398577332496643,0.015273132361471653,0,-0.023970402777194977,0.9997122287750244,-0.0011896006762981415,0,-0.015297277830541134,0.0008230165694840252,0.9998829960823059,0,0,0.15797600150108337,0,1,0.9261381030082703,-0.3726922571659088,-0.05804789811372757,0,0.3746636211872101,0.9267528057098389,0.02750653214752674,0,0.04354454576969147,-0.04722324758768082,0.9979345202445984,0,-0.019982000812888145,0.01912599988281727,0,1,0.8939692378044128,0.3346710801124573,0.2980172336101532,0,-0.3771624267101288,0.20276564359664917,0.9036786556243896,0,0.24200725555419922,-0.9202611446380615,0.30749139189720154,0,-0.0011320000048726797,0.14037099480628967,0.15092399716377258,1,-0.7789417505264282,-0.21209731698036194,-0.590139627456665,0,-0.5437189340591431,0.6972987651824951,0.46705928444862366,0,0.31244146823883057,0.6846818327903748,-0.6584761738777161,0,0,0.2995539903640747,0,1,0.6089673042297363,-0.7929814457893372,0.01842573471367359,0,0.7567066550254822,0.573832094669342,-0.31322672963142395,0,0.2378096878528595,0.20468769967556,0.9494991898536682,0,0,0.44111698865890503,0,1,-0.9265380501747131,-0.3049599528312683,0.22028718888759613,0,-0.29624512791633606,0.23053662478923798,-0.926871657371521,0,0.23187470436096191,-0.924041748046875,-0.3039439916610718,0,0.000050999999075429514,0.14033499360084534,-0.15092399716377258,1,-0.8455285429954529,0.0908413901925087,0.526144802570343,0,0.4635448157787323,0.6139137148857117,0.6389335989952087,0,-0.26496589183807373,0.7841281890869141,-0.561190664768219,0,0,0.2995539903640747,0,1,0.38598835468292236,0.865668535232544,-0.3187958598136902,0,-0.9213820099830627,0.37880223989486694,-0.0869695320725441,0,0.04547381028532982,0.3273020386695862,0.9438247084617615,0,0,0.44116899371147156,0,1,-0.7010586261749268,0.6989811658859253,-0.14121751487255096,0,-0.6444018483161926,-0.536162257194519,0.5452307462692261,0,0.30539047718048096,0.4732394814491272,0.8263058066368103,0,0.0007159999804571271,-0.05846799910068512,0.21312899887561798,1,0.11236896365880966,-0.10380488634109497,-0.9882294535636902,0,-0.9932252168655396,0.017913298681378365,-0.11481866985559464,0,0.029621204361319542,0.994436502456665,-0.1010887399315834,0,0,0.3580940067768097,0,1,0.8673311471939087,-0.10087525844573975,-0.48740237951278687,0,0.4299330711364746,-0.3415661156177521,0.8357568979263306,0,-0.25078728795051575,-0.934428334236145,-0.2528812885284424,0,0,0.2920129895210266,0,1,0.92091304063797,-0.3819197118282318,-0.07782504707574844,0,0.3836333155632019,0.8528779149055481,0.35415390133857727,0,-0.06888305395841599,-0.3560010492801666,0.9319429397583008,0,0,0.17314699292182922,0,1,-0.7247469425201416,0.685169517993927,-0.0726984441280365,0,-0.5471089482307434,-0.636404812335968,-0.54374760389328,0,-0.4188248813152313,-0.3543053865432739,0.8360945582389832,0,0.001221999991685152,-0.05846799910068512,-0.21312899887561798,1,-0.029165219515562057,-0.07738953083753586,0.9965746402740479,0,-0.9899539351463318,0.1402294635772705,-0.01808185502886772,0,-0.13834966719150543,-0.9870895147323608,-0.08070182800292969,0,0,0.35807499289512634,0,1,-0.8703345656394958,0.16767042875289917,-0.4630383849143982,0,0.42110660672187805,-0.23408618569374084,-0.8762836456298828,0,-0.2553176283836365,-0.9576479196548462,0.1331261545419693,0,0,0.2686710059642792,0,1,0.9493690729141235,0.19211067259311676,0.24858109652996063,0,-0.30033624172210693,0.7871469259262085,0.5386998653411865,0,-0.09217987209558487,-0.5860830545425415,0.8049909472465515,0,0,0.13546399772167206,0,1
