0.667,30,19,25
B0,mixamorig_Hips,-1,-0.005150308832526207,0.19729694724082947,-0.9803299307823181,0,0.06666325032711029,0.9782299399375916,0.19652406871318817,0,0.9977620244026184,-0.06433982402086258,-0.018190646544098854,0,0.031624000519514084,0.5723159909248352,-0.1141429990530014,1
B1,mixamorig_Spine,0,0.9796221256256104,0.2008427530527115,-0.00185616803355515,0,-0.19985823333263397,0.9738188982009888,-0.10832221060991287,0,-0.019948147237300873,0.10648573189973831,0.9941139817237854,0,-0.0025859999004751444,0.09469100087881088,0,1
B2,mixamorig_Spine1,1,0.9993729591369629,0.035406261682510376,0.0005782389780506492,0,-0.03539973497390747,0.9993340373039246,-0.008894030936062336,0,-0.000892757554538548,0.008867977187037468,0.9999600052833557,0,0,0.11051400005817413,0,1
B3,mixamorig_Spine2,2,0.9962139129638672,0.08693306893110275,0.0008270274265669286,0,-0.08692991733551025,0.9962090253829956,-0.0032796564046293497,0,-0.0011090022744610906,0.003195344703271985,0.9999939799308777,0,0,0.12630200386047363,0,1
B4,mixamorig_Neck,3,0.9955350756645203,-0.09419961273670197,0.005963340867310762,0,0.09417140483856201,0.9955440163612366,0.00485013285651803,0,-0.006393649615347385,-0.00426690187305212,0.999970018863678,0,0,0.14208999276161194,0,1
B5,mixamorig_Head,4,0.9605099558830261,-0.27788615226745605,-0.014123953878879547,0,0.2782398462295532,0.958949089050293,0.05476389825344086,0,-0.0016739754937589169,-0.056531112641096115,0.998399019241333,0,-0.04831999912858009,0.019728999584913254,0,1
B6,mixamorig_HeadTop_End,5,1,0,0,0,0,1,0,0,0,0,1,0,-0.12917999923229218,0.05274499952793121,0,1
B7,mixamorig_LeftShoulder,3,0.9998790621757507,-0.0018039249116554856,-0.015454740263521671,0,0.01555926725268364,0.12306594848632812,0.9922769665718079,0,0.00011195892147952691,-0.9923969507217407,0.12307906895875931,0,0.014174999669194221,0.12899699807167053,0.15484100580215454,1
B8,mixamorig_LeftArm,7,0.9755781292915344,0.1580749899148941,-0.15251271426677704,0,0.10513228923082352,0.27360180020332336,0.9560800194740295,0,0.19286011159420013,-0.9487649202346802,0.25030118227005005,0,0,0.33012598752975464,0,1
B9,mixamorig_LeftForeArm,8,0.007361986208707094,0.9965469837188721,0.08270297199487686,0,-0.9960600137710571,-0.000001126782308347174,0.08868003636598587,0,0.08837395906448364,-0.08303003013134003,0.9926210641860962,0,0,0.4148640036582947,0,1
B10,mixamorig_LeftHand,9,1,0,0,0,0,1,0,0,0,0,1,0,0,0.5294280052185059,0,1
B11,mixamorig_RightShoulder,3,-0.996362030506134,-0.015157926827669144,0.08385913074016571,0,-0.08509788662195206,0.1247219368815422,-0.9885360598564148,0,0.004525082651525736,-0.9920759797096252,-0.12555815279483795,0,-0.0019280000124126673,0.12943699955940247,-0.15484100580215454,1
B12,mixamorig_RightArm,11,0.8567330241203308,-0.3261871337890625,-0.3995140492916107,0,0.5103468298912048,0.42420080304145813,0.7480641603469849,0,-0.07453472912311554,-0.8447818160057068,0.5298952460289001,0,0,0.32886001467704773,0,1
B13,mixamorig_RightForeArm,12,-0.004672156181186438,-0.9999571442604065,0.008047432638704777,0,0.9999390840530396,-0.004751947242766619,-0.009925095364451408,0,0.009962906129658222,0.0080005694180727,0.9999179840087891,0,0,0.41274601221084595,0,1
B14,mixamorig_RightHand,13,1,0,0,0,0,1,0,0,0,0,1,0,0,0.5294439792633057,0,1
B15,mixamorig_LeftUpLeg,0,-0.9574199318885803,-0.2864549160003662,-0.03592190518975258,0,0.285160094499588,-0.9189150333404541,-0.27254271507263184,0,0.04506201669573784,-0.27118125557899475,0.9614728689193726,0,-0.0035500000230968,-0.05269800126552582,0.2121559977531433,1
B16,mixamorig_LeftLeg,15,-0.2218499779701233,0.15602801740169525,-0.9625159502029419,0,-0.279319167137146,-0.9559157490730286,-0.09057791531085968,0,-0.9342180490493774,0.24875475466251373,0.25565192103385925,0,0,0.3468180000782013,0,1
B17,mixamorig_LeftFoot,16,0.8898299932479858,-0.22628174722194672,-0.39623209834098816,0,-0.188005268573761,-0.9730550050735474,0.13348707556724548,0,-0.41576099395751953,-0.0442870557308197,-0.9083950519561768,0,0,0.3039799928665161,0,1
B18,mixamorig_LeftToeBase,17,0.9847269654273987,-0.174103245139122,-0.0011817169142886996,0,0.16425485908985138,0.9267309904098511,0.33791905641555786,0,-0.05773765221238136,-0.33295199275016785,0.9411739706993103,0,0,0.17184899747371674,0,1
B19,mixamorig_LeftToe_End,18,1,0,0,0,0,1,0,0,0,0,1,0,0,0.0906200036406517,0,1
B20,mixamorig_RightUpLeg,0,-0.62161785364151,0.7581831812858582,-0.19685111939907074,0,-0.7732599973678589,-0.6340889930725098,-0.00042361451778560877,0,-0.1251422017812729,0.15195366740226746,0.9804330468177795,0,-0.0017140000127255917,-0.05269800126552582,-0.2121559977531433,1
B21,mixamorig_RightLeg,20,0.1058899313211441,0.1363571435213089,0.9849839806556702,0,-0.9863570332527161,0.13996680080890656,0.08666113018989563,0,-0.12604816257953644,-0.9807220697402954,0.14931781589984894,0,0,0.3464739918708801,0,1
B22,mixamorig_RightFoot,21,-0.9362722039222717,-0.208262637257576,-0.2828808128833771,0,0.3299102187156677,-0.24476365745067596,-0.9117289781570435,0,0.12064015865325928,-0.9469518661499023,0.2978734076023102,0,0,0.27732300758361816,0,1
B23,mixamorig_RightToeBase,22,0.9596750140190125,0.007157112006098032,0.281019002199173,0,-0.12785086035728455,0.9014140963554382,0.41365090012550354,0,-0.25035402178764343,-0.4328990876674652,0.8659799098968506,0,0,0.13539999723434448,0,1
B24,mixamorig_RightToe_End,23,1,0,0,0,0,1,0,0,0,0,1,0,0,0.09076199680566788,0,1
@20,0,1,2,3,4,5,7,8,9,11,12,13,15,16,17,18,20,21,22,23
K0,-0.9803299307823181,0.197297140955925,0.005150294862687588,0,0.1965242624282837,0.9782298803329468,-0.06666312366724014,0,-0.018190622329711914,-0.06433972716331482,-0.9977620244026184,0,-0.1141429916024208,0.5723159909248352,-0.03162400424480438,1,0.9796221256256104,0.20084276795387268,-0.0018561609322205186,0,-0.19985824823379517,0.9738188982009888,-0.10832223296165466,0,-0.019948162138462067,0.1064857542514801,0.9941139817237854,0,-0.0025859999004751444,0.09469100087881088,0,1,0.9993729591369629,0.035406261682510376,0.0005782407242804766,0,-0.03539973497390747,0.9993340373039246,-0.008894027210772038,0,-0.0008927591843530536,0.00886797346174717,0.9999600052833557,0,0,0.11051400005817413,0,1,0.9962139129638672,0.08693307638168335,0.0008270125836133957,0,-0.08692992478609085,0.9962090253829956,-0.003279655473306775,0,-0.0011089874897152185,0.0031953449361026287,0.9999939799308777,0,0,0.12630200386047363,0,1,0.9955350756645203,-0.09419960528612137,0.00596334645524621,0,0.09417139738798141,0.9955440163612366,0.004850116092711687,0,-0.006393653806298971,-0.00426688464358449,0.999970018863678,0,0,0.14208999276161194,0,1,0.9605099558830261,-0.27788615226745605,-0.014123964123427868,0,0.2782398462295532,0.958949089050293,0.05476389452815056,0,-0.001673963968642056,-0.05653110891580582,0.998399019241333,0,-0.04831999912858009,0.019728999584913254,0,1,0.9998790621757507,-0.0018036954570561647,-0.015454806387424469,0,0.01555930357426405,0.12306594848632812,0.9922769665718079,0,0.00011219476436963305,-0.9923969507217407,0.12307906895875931,0,0.014174999669194221,0.12899699807167053,0.15484100580215454,1,0.9755780696868896,0.158075213432312,-0.15251265466213226,0,0.10513218492269516,0.27360180020332336,0.9560800194740295,0,0.19286030530929565,-0.9487648010253906,0.25030115246772766,0,0,0.33012598752975464,0,1,0.007361986208707094,0.9965469837188721,0.08270293474197388,0,-0.9960600137710571,-0.0000011213545576538309,0.08868001401424408,0,0.08837393671274185,-0.08302999287843704,0.9926210641860962,0,0,0.4148640036582947,0,1,-0.996362030506134,-0.015158044174313545,0.08385919034481049,0,-0.08509796112775803,0.12472192943096161,-0.9885360598564148,0,0.004525191616266966,-0.9920759797096252,-0.12555815279483795,0,-0.0019280000124126673,0.12943699955940247,-0.15484100580215454,1,0.8567330241203308,-0.32618725299835205,-0.3995138704776764,0,0.5103467702865601,0.4242008328437805,0.7480641603469849,0,-0.07453488558530807,-0.8447816967964172,0.5298953652381897,0,0,0.32886001467704773,0,1,-0.004672157112509012,-0.9999571442604065,0.00804733857512474,0,0.9999390840530396,-0.004751950036734343,-0.00992552936077118,0,0.009963339194655418,0.00800047256052494,0.9999179840087891,0,0,0.41274601221084595,0,1,-0.9574199318885803,-0.2864548861980438,-0.03592195361852646,0,0.285160094499588,-0.9189150333404541,-0.27254271507263184,0,0.04506195709109306,-0.27118128538131714,0.9614728689193726,0,-0.0035500000230968,-0.05269800126552582,0.2121559977531433,1,-0.2218501716852188,0.15602783858776093,-0.9625160098075867,0,-0.2793191075325012,-0.9559159278869629,-0.09057772904634476,0,-0.9342181086540222,0.24875472486019135,0.25565192103385925,0,0,0.3468180000782013,0,1,0.8898299932479858,-0.22628171741962433,-0.39623206853866577,0,-0.188005268573761,-0.9730550050735474,0.13348700106143951,0,-0.41576096415519714,-0.04428699612617493,-0.9083950519561768,0,0,0.3039799928665161,0,1,0.9847269654273987,-0.17410320043563843,-0.0011816719779744744,0,0.1642548143863678,0.9267309904098511,0.3379190266132355,0,-0.057737674564123154,-0.33295196294784546,0.9411739706993103,0,0,0.17184899747371674,0,1,-0.62161785364151,0.7581830620765686,-0.19685092568397522,0,-0.7732598781585693,-0.634088933467865,-0.0004235549131408334,0,-0.12514205276966095,0.1519535481929779,0.9804330468177795,0,-0.0017140000127255917,-0.05269800126552582,-0.2121559977531433,1,0.10589021444320679,0.13635732233524323,0.9849839210510254,0,-0.9863569140434265,0.13996700942516327,0.08666130900382996,0,-0.126048281788826,-0.9807219505310059,0.14931808412075043,0,0,0.3464739918708801,0,1,-0.9362720251083374,-0.20826256275177002,-0.2828810214996338,0,0.32991039752960205,-0.24476349353790283,-0.9117288589477539,0,0.12064005434513092,-0.9469518661499023,0.2978733777999878,0,0,0.27732300758361816,0,1,0.9596750140190125,0.007157119456678629,0.281019002199173,0,-0.12785087525844574,0.9014140963554382,0.41365090012550354,0,-0.25035402178764343,-0.4328990876674652,0.8659799098968506,0,0,0.13539999723434448,0,1
K0.035,-0.9858049154281616,0.16543632745742798,-0.02861154079437256,0,0.16558508574962616,0.986190915107727,-0.0028942544013261795,0,0.027737649157643318,-0.007590814959257841,-0.9995864629745483,0,-0.0805412232875824,0.5811817049980164,-0.038801345974206924,1,0.9709548950195312,0.2107105255126953,-0.11334731429815292,0,-0.21405261754989624,0.9766556620597839,-0.01803143508732319,0,0.1069018617272377,0.04176998883485794,0.9933915734291077,0,-0.0025859999004751444,0.09469100087881088,0,1,0.9979405999183655,0.04211662709712982,-0.04837680980563164,0,-0.04224414378404617,0.9991063475608826,-0.0016154827317222953,0,0.04826554283499718,0.003655792912468314,0.9988279938697815,0,0,0.11051400005817413,0,1,0.9944419860839844,0.09334545582532883,-0.048710186034440994,0,-0.09324009716510773,0.9956333637237549,0.004434003494679928,0,0.04891139641404152,0.00013238338578958064,0.9988034963607788,0,0,0.12630200386047363,0,1,0.9956737160682678,-0.08664559572935104,0.0335683636367321,0,0.08660285174846649,0.9962389469146729,0.0027265804819762707,0,-0.033678337931632996,0.0001923314994201064,0.9994321465492249,0,0,0.14208999276161194,0,1,0.9574124217033386,-0.2574544847011566,0.13068357110023499,0,0.24986903369426727,0.9656180739402771,0.07173816114664078,0,-0.14465981721878052,-0.03602924942970276,0.9888251423835754,0,-0.04831999912858009,0.019728999584913254,0,1,0.9998037219047546,-0.003760258900001645,-0.01943143643438816,0,0.01977286860346794,0.1466786116361618,0.9889870285987854,0,-0.0008686724468134344,-0.989177405834198,0.14672420918941498,0,0.014174999669194221,0.12899699807167053,0.15484100580215454,1,0.9557633996009827,0.15303276479244232,-0.25119176506996155,0,0.19181177020072937,0.3231556713581085,0.9267025589942932,0,0.22298993170261383,-0.9338899850845337,0.2795069217681885,0,0,0.33012598752975464,0,1,0.21387669444084167,0.974740743637085,0.0643170028924942,0,-0.9742642641067505,0.20804867148399353,0.08674059808254242,0,0.07116860896348953,-0.08121364563703537,0.9941529631614685,0,0,0.4148640036582947,0,1,-0.9982725381851196,-0.01563919521868229,0.05662930756807327,0,-0.0583362951874733,0.14979980885982513,-0.9869937896728516,0,0.006952736061066389,-0.9885928630828857,-0.15045331418514252,0,-0.0019280000124126673,0.12943699955940247,-0.15484100580215454,1,0.7068173289299011,-0.41094720363616943,-0.5757880806922913,0,0.7073776125907898,0.4165421426296234,0.5710607171058655,0,0.0051642367616295815,-0.8109351396560669,0.5851140022277832,0,0,0.32886001467704773,0,1,0.23939017951488495,-0.9709076881408691,0.005625113379210234,0,0.9708906412124634,0.23933014273643494,-0.009637116454541683,0,0.00801048893481493,0.007768398150801659,0.9999380707740784,0,0,0.41274601221084595,0,1,-0.6821060180664062,0.7004380226135254,0.2100396603345871,0,-0.7233209609985352,-0.6884679198265076,-0.05309686437249184,0,0.10741453617811203,-0.18814381957054138,0.9762499928474426,0,-0.0035500000230968,-0.05269800126552582,0.2121559977531433,1,-0.33528152108192444,0.12574048340320587,-0.9336888790130615,0,-0.29871150851249695,-0.9541069269180298,-0.0212248545140028,0,-0.8935083150863647,0.27178746461868286,0.357454776763916,0,0,0.3468180000782013,0,1,0.9667119383811951,-0.01733846217393875,-0.2552799582481384,0,0.16959470510482788,-0.7036364674568176,0.6900236010551453,0,-0.19158822298049927,-0.7103481888771057,-0.6772732138633728,0,0,0.3039799928665161,0,1,0.9850313663482666,-0.17194151878356934,0.012215510942041874,0,0.16065047681331635,0.9414133429527283,0.2965325117111206,0,-0.06248611584305763,-0.29013144969940186,0.9549444317817688,0,0,0.17184899747371674,0,1,-0.8824068307876587,0.44327157735824585,-0.15769870579242706,0,-0.44466620683670044,-0.8952495455741882,-0.028295591473579407,0,-0.15372231602668762,0.04515505209565163,0.9870821833610535,0,-0.0017140000127255917,-0.05269800126552582,-0.2121559977531433,1,0.044764891266822815,0.1044578030705452,0.9935209155082703,0,-0.9777842164039612,0.20844244956970215,0.02214040607213974,0,-0.20477920770645142,-0.9724403023719788,0.1114681139588356,0,0,0.3464739918708801,0,1,-0.9426336288452148,-0.20435510575771332,-0.2639734745025635,0,0.33328932523727417,-0.5310821533203125,-0.7790189981460571,0,0.019004888832569122,-0.8223080635070801,0.5687245726585388,0,0,0.27732300758361816,0,1,0.959423303604126,0.005966636352241039,0.2819061875343323,0,-0.1281445026397705,0.8997930288314819,0.4170752167701721,0,-0.2511686682701111,-0.436276376247406,0.8640469312667847,0,0,0.13539999723434448,0,1
K0.070,-0.9838250279426575,0.17637450993061066,-0.03132427856326103,0,0.1736000031232834,0.9818693995475769,0.07612836360931396,0,0.044183436781167984,0.06945908069610596,-0.9966060519218445,0,-0.0521387979388237,0.5803349018096924,-0.03488537296652794,1,0.9655364155769348,0.19649414718151093,-0.17067427933216095,0,-0.18404674530029297,0.9791405200958252,0.08607941120862961,0,0.18402831256389618,-0.051700789481401443,0.9815605282783508,0,-0.0025859999004751444,0.09469100087881088,0,1,0.9967395663261414,0.03043769672513008,-0.07472215592861176,0,-0.030150331556797028,0.9995333552360535,0.0049712941981852055,0,0.07483859360218048,-0.0027021875139325857,0.9971920251846313,0,0,0.11051400005817413,0,1,0.9939010143280029,0.0804407000541687,-0.07542724907398224,0,-0.07981619983911514,0.9967455863952637,0.011262740939855576,0,0.0760878250002861,-0.005173737183213234,0.9970877170562744,0,0,0.12630200386047363,0,1,0.9962543845176697,-0.07450512051582336,0.04388001188635826,0,0.0736127644777298,0.9970527291297913,0.02161557972431183,0,-0.045361146330833435,-0.018304483965039253,0.9988025426864624,0,0,0.14208999276161194,0,1,0.9524366855621338,-0.1840602159500122,0.2428697794675827,0,0.1852453351020813,0.982524573802948,0.018154768273234367,0,-0.2419670820236206,0.027699224650859833,0.9698886275291443,0,-0.04831999912858009,0.019728999584913254,0,1,0.9976398944854736,-0.007913383655250072,-0.06820913404226303,0,0.06849509477615356,0.1848524957895279,0.9803764224052429,0,0.004850531462579966,-0.9827346205711365,0.18495824933052063,0,0.014174999669194221,0.12899699807167053,0.15484100580215454,1,0.8989728689193726,0.20281337201595306,-0.3882189393043518,0,0.29015904664993286,0.3881995975971222,0.8747053742408752,0,0.32810845971107483,-0.8989818692207336,0.2901328206062317,0,0,0.33012598752975464,0,1,0.2832714915275574,0.9572758078575134,0.05813835561275482,0,-0.9568080902099609,0.2779594361782074,0.08518622815608978,0,0.06538665294647217,-0.07975811511278152,0.9946677684783936,0,0,0.4148640036582947,0,1,-0.9965494275093079,-0.015703292563557625,0.08150125294923782,0,-0.08292283862829208,0.23078428208827972,-0.9694652557373047,0,-0.003585411701351404,-0.9728782176971436,-0.23129010200500488,0,-0.0019280000124126673,0.12943699955940247,-0.15484100580215454,1,0.6851248741149902,-0.3641882836818695,-0.6308491230010986,0,0.724741518497467,0.42779451608657837,0.5401303172111511,0,0.07316472381353378,-0.82725989818573,0.5570354461669922,0,0,0.32886001467704773,0,1,0.2540466785430908,-0.9671768546104431,0.005479312036186457,0,0.9671598076820374,0.2539878189563751,-0.00959967914968729,0,0.007892901077866554,0.007738130632787943,0.9999384880065918,0,0,0.41274601221084595,0,1,-0.00837470218539238,0.9959844350814819,0.08913464844226837,0,-0.9995560050010681,-0.010885422118008137,0.0277190413326025,0,0.028578007593750954,-0.08886294811964035,0.9956335425376892,0,-0.0035500000230968,-0.05269800126552582,0.2121559977531433,1,-0.1551230102777481,0.169133260846138,-0.9733088612556458,0,-0.5837770700454712,-0.8105050921440125,-0.04780200123786926,0,-0.7969568967819214,0.5607804656028748,0.22446413338184357,0,0,0.3468180000782013,0,1,0.9535963535308838,0.03965732455253601,-0.29846450686454773,0,0.30081087350845337,-0.16798067092895508,0.9387732148170471,0,-0.012907050549983978,-0.9849922060966492,-0.17211513221263885,0,0,0.3039799928665161,0,1,0.9850951433181763,-0.17130598425865173,0.015549838542938232,0,0.1597813069820404,0.9447904825210571,0.28607821464538574,0,-0.06369824707508087,-0.27932968735694885,0.9580799341201782,0,0,0.17184899747371674,0,1,-0.9798907041549683,0.07425475865602493,-0.1852014809846878,0,-0.05503188446164131,-0.9927499294281006,-0.10686295479536057,0,-0.1917937695980072,-0.09452199935913086,0.9768725633621216,0,-0.0017140000127255917,-0.05269800126552582,-0.2121559977531433,1,0.049509771168231964,0.1236298605799675,0.9910923838615417,0,-0.9090244770050049,0.4166909456253052,-0.006568367127329111,0,-0.413791298866272,-0.9006021022796631,0.13301286101341248,0,0,0.3464739918708801,0,1,-0.9236552715301514,-0.1887304037809372,-0.333528608083725,0,0.37962210178375244,-0.5696521401405334,-0.7289606928825378,0,-0.05241825431585312,-0.7999235391616821,0.5978085994720459,0,0,0.27732300758361816,0,1,0.9497470855712891,-0.05073895677924156,0.30887913703918457,0,-0.14583173394203186,0.8014180064201355,0.5800533294677734,0,-0.27697277069091797,-0.5959486365318298,0.7537454962730408,0,0,0.13539999723434448,0,1
K0.105,-0.9823378920555115,0.186012864112854,-0.020280664786696434,0,0.1798318326473236,0.9684848785400391,0.1723318248987198,0,0.05169745534658432,0.16564099490642548,-0.9848304390907288,0,-0.024461418390274048,0.5704936981201172,-0.021244557574391365,1,0.9561111330986023,0.19680103659629822,-0.2170729786157608,0,-0.1504579484462738,0.9654823541641235,0.21261706948280334,0,0.2514234483242035,-0.170625239610672,0.9527190327644348,0,-0.0025859999004751444,0.09469100087881088,0,1,0.9960227608680725,0.01938154734671116,-0.08696242421865463,0,-0.018428783863782883,0.9997612833976746,0.011745689436793327,0,0.0871693342924118,-0.01009636465460062,0.9961424469947815,0,0,0.11051400005817413,0,1,0.9938344955444336,0.06787090003490448,-0.08766956627368927,0,-0.06649763137102127,0.9976155161857605,0.01849474012851715,0,0.08871576189994812,-0.012550887651741505,0.9959777593612671,0,0,0.12630200386047363,0,1,0.9957274198532104,-0.0722774937748909,0.05746486410498619,0,0.07234188914299011,0.9973793029785156,0.0009618421900086105,0,-0.05738379806280136,0.003199384780600667,0.9983468055725098,0,0,0.14208999276161194,0,1,0.9394201040267944,-0.12215392291545868,0.3202628791332245,0,0.13242191076278687,0.9911391735076904,-0.010392275638878345,0,-0.31615543365478516,0.052172500640153885,0.9472713470458984,0,-0.04831999912858009,0.019728999584913254,0,1,0.9941949248313904,-0.015102445147931576,-0.10652628540992737,0,0.10709118098020554,0.23428389430046082,0.9662522077560425,0,0.010364626534283161,-0.972051203250885,0.23454123735427856,0,0.014174999669194221,0.12899699807167053,0.15484100580215454,1,0.8338143229484558,0.2468263953924179,-0.4937921166419983,0,0.3501317501068115,0.45509710907936096,0.8187147378921509,0,0.4268037974834442,-0.8555484414100647,0.2930447459220886,0,0,0.33012598752975464,0,1,0.30348366498947144,0.9511691927909851,0.05633917823433876,0,-0.9507046341896057,0.298321932554245,0.08464302122592926,0,0.06370265036821365,-0.07924973219633102,0.994817316532135,0,0,0.4148640036582947,0,1,-0.9986602067947388,-0.013934514485299587,0.04983498156070709,0,-0.05173942819237709,0.2847740650177002,-0.9571976065635681,0,-0.0008536246023140848,-0.958493709564209,-0.28511345386505127,0,-0.0019280000124126673,0.12943699955940247,-0.15484100580215454,1,0.6999096274375916,-0.3610069751739502,-0.616279125213623,0,0.7083916664123535,0.4609862267971039,0.5344832539558411,0,0.09114408493041992,-0.8106574416160583,0.5783833861351013,0,0,0.32886001467704773,0,1,0.1777365505695343,-0.9840583205223083,0.0062367916107177734,0,0.9840413331985474,0.17767158150672913,-0.00976735632866621,0,0.008503549732267857,0.007873278111219406,0.9999330639839172,0,0,0.41274601221084595,0,1,0.15170380473136902,0.9883235096931458,0.01420810166746378,0,-0.9884219765663147,0.15172693133354187,-0.0005579508142545819,0,-0.002707189414650202,-0.01395896915346384,0.99989914894104,0,-0.0035500000230968,-0.05269800126552582,0.2121559977531433,1,0.013116540387272835,0.24948886036872864,-0.9682891964912415,0,-0.8544765710830688,-0.5001463294029236,-0.14044223725795746,0,-0.5193247199058533,0.8292219042778015,0.20662209391593933,0,0,0.3468180000782013,0,1,0.9480183124542236,0.0021732673048973083,-0.3182086944580078,0,0.31808146834373474,-0.0355561226606369,0.9473963379859924,0,-0.009255344979465008,-0.999365508556366,-0.0343991294503212,0,0,0.3039799928665161,0,1,0.9849476218223572,-0.17265968024730682,0.008172686211764812,0,0.16171933710575104,0.9371699690818787,0.3091258108615875,0,-0.061032772064208984,-0.30315113067626953,0.9509860277175903,0,0,0.17184899747371674,0,1,-0.9250946640968323,-0.25234630703926086,-0.2837614119052887,0,0.31169572472572327,-0.9314277768135071,-0.18785390257835388,0,-0.2168990522623062,-0.26222991943359375,0.9403142929077148,0,-0.0017140000127255917,-0.05269800126552582,-0.2121559977531433,1,0.06977536529302597,0.12622398138046265,0.9895449876785278,0,-0.813288688659668,0.581616997718811,-0.01684253290295601,0,-0.5776620507240295,-0.8036103248596191,0.14323900640010834,0,0,0.3464739918708801,0,1,-0.8784367442131042,-0.11099497973918915,-0.4647895097732544,0,0.472463458776474,-0.3474869132041931,-0.8099578619003296,0,-0.07160694152116776,-0.9310923218727112,0.35768601298332214,0,0,0.27732300758361816,0,1,0.916655957698822,-0.20508714020252228,0.34304559230804443,0,-0.20907805860042572,0.48544448614120483,0.8488990068435669,0,-0.34062817692756653,-0.849872350692749,0.40210673213005066,0,0,0.13539999723434448,0,1
K0.140,-0.9802139401435852,0.1968722939491272,-0.020553814247250557,0,0.18986475467681885,0.9644916653633118,0.18359585106372833,0,0.05596890300512314,0.1760607361793518,-0.9827868938446045,0,-0.02676696702837944,0.5654242038726807,-0.0072961170226335526,1,0.9397879838943481,0.17917996644973755,-0.2910207509994507,0,-0.11054763197898865,0.9651399254798889,0.2372421771287918,0,0.32338494062423706,-0.19078579545021057,0.926835298538208,0,-0.0025859999004751444,0.09469100087881088,0,1,0.9950811266899109,0.006374594289809465,-0.09885627031326294,0,-0.004918812308460474,0.9998758435249329,0.014962991699576378,0,0.09893938153982162,-0.014403136447072029,0.9949889779090881,0,0,0.11051400005817413,0,1,0.9935973882675171,0.05417019873857498,-0.09914261847734451,0,-0.05221142992377281,0.9983882904052734,0.02224826253950596,0,0.10018806904554367,-0.016929443925619125,0.9948247075080872,0,0,0.12630200386047363,0,1,0.9959960579872131,-0.060358211398124695,0.06594677269458771,0,0.06009043753147125,0.9981750249862671,0.0060385167598724365,0,-0.06619085371494293,-0.0020515674259513617,0.9978047609329224,0,0,0.14208999276161194,0,1,0.9119168519973755,-0.06984853744506836,0.40438735485076904,0,0.09502868354320526,0.9945668578147888,-0.04250680282711983,0,-0.3992209732532501,0.07719102501869202,0.9135992527008057,0,-0.04831999912858009,0.019728999584913254,0,1,0.9944032430648804,-0.023316970095038414,-0.10304625332355499,0,0.10532615333795547,0.295254647731781,0.9495952129364014,0,0.00828320998698473,-0.9551339149475098,0.2960580289363861,0,0.014174999669194221,0.12899699807167053,0.15484100580215454,1,0.7632961273193359,0.2902359068393707,-0.577185332775116,0,0.4054762125015259,0.4803144335746765,0.7777448296546936,0,0.5029599070549011,-0.8276844620704651,0.24893835186958313,0,0,0.33012598752975464,0,1,0.31854331493377686,0.9463111162185669,0.054997969418764114,0,-0.9458486437797546,0.3134934902191162,0.08420992642641068,0,0.06244732066988945,-0.07884430140256882,0.9949288964271545,0,0,0.4148640036582947,0,1,-0.9998756647109985,-0.008710039779543877,-0.013117960654199123,0,0.009707008488476276,0.3150028586387634,-0.949041485786438,0,0.012398386374115944,-0.949051022529602,-0.31487923860549927,0,-0.0019280000124126673,0.12943699955940247,-0.15484100580215454,1,0.738143801689148,-0.38682544231414795,-0.5527293086051941,0,0.6714446544647217,0.5009137988090515,0.5461199879646301,0,0.0656166672706604,-0.774242639541626,0.6294786334037781,0,0,0.32886001467704773,0,1,0.10081635415554047,-0.9948806762695312,0.0070004151202738285,0,0.9948635101318359,0.10074512660503387,-0.009875115007162094,0,0.009119300171732903,0.007960028946399689,0.9999269843101501,0,0,0.41274601221084595,0,1,0.1690150797367096,0.9855366945266724,-0.012312637642025948,0,-0.9844768643379211,0.16820721328258514,-0.05011693015694618,0,-0.04732101038098335,0.02059202827513218,0.99866783618927,0,-0.0035500000230968,-0.05269800126552582,0.2121559977531433,1,0.13103485107421875,0.2724377512931824,-0.9532091021537781,0,-0.989404559135437,-0.024694591760635376,-0.1430685669183731,0,-0.06251633912324905,0.9618565440177917,0.2663152813911438,0,0,0.3468180000782013,0,1,0.9536043405532837,-0.08557847887277603,-0.2886433005332947,0,0.2941860556602478,0.06113506481051445,0.9537904858589172,0,-0.06397775560617447,-0.9944542646408081,0.08347471803426743,0,0,0.3039799928665161,0,1,0.984656035900116,-0.17446443438529968,-0.003884067526087165,0,0.16500380635261536,0.9235552549362183,0.346149742603302,0,-0.05680365860462189,-0.34147924184799194,0.93817138671875,0,0,0.17184899747371674,0,1,-0.8631510734558105,-0.410096675157547,-0.2946019768714905,0,0.4746142029762268,-0.858071506023407,-0.19610008597373962,0,-0.172369584441185,-0.30908629298210144,0.9352831840515137,0,-0.0017140000127255917,-0.05269800126552582,-0.2121559977531433,1,0.028855960816144943,0.07466944307088852,0.9967911243438721,0,-0.7984659075737,0.6016399264335632,-0.021954068914055824,0,-0.6013481020927429,-0.7952694296836853,0.07698182761669159,0,0,0.3464739918708801,0,1,-0.87002032995224,0.05029664933681488,-0.4904434084892273,0,0.4850221872329712,-0.09108889847993851,-0.8697448372840881,0,-0.08841921389102936,-0.9945717453956604,0.05485423281788826,0,0,0.27732300758361816,0,1,0.8815742135047913,-0.18441185355186462,0.43453267216682434,0,-0.1910359114408493,0.7024025917053223,0.6856646537780762,0,-0.4316616654396057,-0.6874757409095764,0.5839908123016357,0,0,0.13539999723434448,0,1
K0.175,-0.9800150394439697,0.19246891140937805,-0.05026761069893837,0,0.18462450802326202,0.9741235375404358,0.13037574291229248,0,0.0740601196885109,0.11848953366279602,-0.9901898503303528,0,-0.04432009905576706,0.5655294060707092,-0.00045303345541469753,1,0.924667477607727,0.15589748322963715,-0.3474000096321106,0,-0.09404372423887253,0.9775829315185547,0.18838097155094147,0,0.368980348110199,-0.14151892066001892,0.9186000823974609,0,-0.0025859999004751444,0.09469100087881088,0,1,0.9947996735572815,-0.001239307108335197,-0.1018400713801384,0,0.0022654158528894186,0.9999476671218872,0.009960644878447056,0,0.10182241350412369,-0.010139557532966137,0.9947505593299866,0,0,0.11051400005817413,0,1,0.9936752319335938,0.04707780107855797,-0.10194426774978638,0,-0.04553427919745445,0.9988109469413757,0.017416782677173615,0,0.1026429757475853,-0.012664664536714554,0.9946371912956238,0,0,0.12630200386047363,0,1,0.9967949390411377,-0.048093073070049286,0.06392913311719894,0,0.046593815088272095,0.9986077547073364,0.024740494787693024,0,-0.06502997875213623,-0.0216825008392334,0.9976480603218079,0,0,0.14208999276161194,0,1,0.9036861062049866,-0.02582082897424698,0.4274165630340576,0,0.05835212767124176,0.9962944984436035,-0.06318626552820206,0,-0.42420122027397156,0.08204121142625809,0.9018441438674927,0,-0.04831999912858009,0.019728999584913254,0,1,0.9944658875465393,-0.028549902141094208,-0.10110592842102051,0,0.10490702092647552,0.3216882050037384,0.9410158395767212,0,0.00565867405384779,-0.9464150071144104,0.3229030668735504,0,0.014174999669194221,0.12899699807167053,0.15484100580215454,1,0.7206370234489441,0.2903519868850708,-0.6295860409736633,0,0.46019163727760315,0.4788800776004791,0.7475943565368652,0,0.5185616612434387,-0.828474223613739,0.21148112416267395,0,0,0.33012598752975464,0,1,0.2839965522289276,0.9570646286010742,0.058073222637176514,0,-0.9565975069999695,0.2786901295185089,0.08516721427440643,0,0.06532611697912216,-0.07973992824554443,0.9946730732917786,0,0,0.4148640036582947,0,1,-0.9993869662284851,-0.006022505462169647,-0.034496139734983444,0,0.030553633347153664,0.331342488527298,-0.9430160522460938,0,0.017109353095293045,-0.9434916377067566,-0.3309553861618042,0,-0.0019280000124126673,0.12943699955940247,-0.15484100580215454,1,0.7770332098007202,-0.4066098928451538,-0.4805081784725189,0,0.6293089985847473,0.5185230374336243,0.5788816809654236,0,0.013775565661489964,-0.7521982192993164,0.6587927341461182,0,0,0.32886001467704773,0,1,0.0456969253718853,-0.99892657995224,0.007548044435679913,0,0.9989093542098999,0.04562121629714966,-0.009915309958159924,0,0.009560320526361465,0.007992913946509361,0.9999222159385681,0,0,0.41274601221084595,0,1,-0.014112683944404125,0.9986352920532227,-0.05028952285647392,0,-0.9990097880363464,-0.016204237937927246,-0.041428398340940475,0,-0.04218677058815956,0.049655064940452576,0.9978753328323364,0,-0.0035500000230968,-0.05269800126552582,0.2121559977531433,1,0.2879612147808075,0.213779479265213,-0.9334758520126343,0,-0.784687340259552,0.6114364862442017,-0.10203471779823303,0,0.548948347568512,0.7618688344955444,0.34382012486457825,0,0,0.3468180000782013,0,1,0.9225625991821289,-0.1987302005290985,-0.33073294162750244,0,0.3757762312889099,0.2682052254676819,0.8870499134063721,0,-0.08757937699556351,-0.9426413178443909,0.3221144676208496,0,0,0.3039799928665161,0,1,0.9843553900718689,-0.17561715841293335,-0.01423977967351675,0,0.16793960332870483,0.91072678565979,0.3773232400417328,0,-0.05329589545726776,-0.37381163239479065,0.925972044467926,0,0,0.17184899747371674,0,1,-0.7989671230316162,-0.5566385388374329,-0.22760581970214844,0,0.592302680015564,-0.7938687205314636,-0.13766109943389893,0,-0.10406168550252914,-0.24479828774929047,0.9639736413955688,0,-0.0017140000127255917,-0.05269800126552582,-0.2121559977531433,1,0.07425621896982193,0.11492425948381424,0.9905951619148254,0,-0.8251511454582214,0.5648996829986572,-0.0036827547010034323,0,-0.5600098967552185,-0.8171168565750122,0.13677716255187988,0,0,0.3464739918708801,0,1,-0.9014185070991516,0.06744635105133057,-0.42766159772872925,0,0.42205625772476196,-0.08327499032020569,-0.9027369618415833,0,-0.09649987518787384,-0.9942412376403809,0.04659956321120262,0,0,0.27732300758361816,0,1,0.9477068781852722,-0.06326722353696823,0.3128071427345276,0,-0.15021663904190063,0.7763559818267822,0.6121319532394409,0,-0.28157779574394226,-0.62711101770401,0.7262547016143799,0,0,0.13539999723434448,0,1
K0.211,-0.9864561557769775,0.15395402908325195,-0.056592173874378204,0,0.1500059962272644,0.9863143563270569,0.06843197345733643,0,0.06635302305221558,0.05901596322655678,-0.9960494041442871,0,-0.07283532619476318,0.5722290873527527,0.0023979421239346266,1,0.9348006844520569,0.14939111471176147,-0.3222256600856781,0,-0.11653050780296326,0.9860227704048157,0.11907876282930374,0,0.3355112373828888,-0.0737658143043518,0.9391436576843262,0,-0.0025859999004751444,0.09469100087881088,0,1,0.9960817694664001,0.003540552919730544,-0.08836480975151062,0,-0.0026508092414587736,0.9999445080757141,0.010184301994740963,0,0.08839594572782516,-0.00991015788167715,0.9960356950759888,0,0,0.11051400005817413,0,1,0.9946622848510742,0.053171250969171524,-0.08842907845973969,0,-0.05179271847009659,0.9984989762306213,0.01781284809112549,0,0.08924344182014465,-0.01313778292387724,0.995922863483429,0,0,0.12630200386047363,0,1,0.9971187114715576,-0.05022290349006653,0.05684623867273331,0,0.049328237771987915,0.998637318611145,0.01703471876680851,0,-0.05762434005737305,-0.014181517995893955,0.9982378482818604,0,0,0.14208999276161194,0,1,0.926660418510437,-0.013998559676110744,0.375638872385025,0,0.03766895830631256,0.9977341890335083,-0.05574367195367813,0,-0.3740074336528778,0.06580539047718048,0.9250881671905518,0,-0.04831999912858009,0.019728999584913254,0,1,0.9946816563606262,-0.027964303269982338,-0.09913058578968048,0,0.10286126285791397,0.319516122341156,0.941981315612793,0,0.005331964697688818,-0.9471679925918579,0.3206931948661804,0,0.014174999669194221,0.12899699807167053,0.15484100580215454,1,0.7273664474487305,0.24826116859912872,-0.6397687792778015,0,0.507404625415802,0.433117538690567,0.7449493408203125,0,0.46203717589378357,-0.8664730191230774,0.1890663355588913,0,0,0.33012598752975464,0,1,0.17242708802223206,0.9826716184616089,0.06800670176744461,0,-0.9821918606758118,0.16629113256931305,0.08744575828313828,0,0.0746215358376503,-0.08187364041805267,0.9938449263572693,0,0,0.4148640036582947,0,1,-0.999954104423523,-0.009564475156366825,-0.00016776692064013332,0,-0.002821938367560506,0.3116969168186188,-0.9501773118972778,0,0.009140243753790855,-0.9501336812973022,-0.3117096722126007,0,-0.0019280000124126673,0.12943699955940247,-0.15484100580215454,1,0.81142258644104,-0.4155016839504242,-0.4110364317893982,0,0.5821045637130737,0.5114617943763733,0.6321084499359131,0,-0.052412740886211395,-0.7521735429763794,0.656877338886261,0,0,0.32886001467704773,0,1,0.04128557816147804,-0.9991186857223511,0.00759144639596343,0,0.999100923538208,0.04120948910713196,-0.00991713348776102,0,0.009595555253326893,0.007994054816663265,0.9999218583106995,0,0,0.41274601221084595,0,1,-0.3317720592021942,0.9427053928375244,-0.03513743728399277,0,-0.942244291305542,-0.3329602777957916,-0.03623209893703461,0,-0.045855563133955,0.021087251603603363,0.9987255930900574,0,-0.0035500000230968,-0.05269800126552582,0.2121559977531433,1,0.33182576298713684,0.054762840270996094,-0.9417500495910645,0,-0.2998772859573364,0.9526524543762207,-0.05026498809456825,0,0.8944078683853149,0.2990886867046356,0.3325367569923401,0,0,0.3468180000782013,0,1,0.9039177894592285,-0.29464271664619446,-0.31003034114837646,0,0.4164977967739105,0.44151997566223145,0.794725775718689,0,-0.09727559238672256,-0.8474936485290527,0.5218157768249512,0,0,0.3039799928665161,0,1,0.9838966131210327,-0.17657409608364105,-0.027725685387849808,0,0.17191892862319946,0.8924702405929565,0.41706138849258423,0,-0.048897884786129,-0.4151118993759155,0.9084550142288208,0,0,0.17184899747371674,0,1,-0.7968553304672241,-0.5788983702659607,-0.17291352152824402,0,0.5989232063293457,-0.7945294976234436,-0.10006902366876602,0,-0.07945507019758224,-0.1833024024963379,0.9798403382301331,0,-0.0017140000127255917,-0.05269800126552582,-0.2121559977531433,1,0.0760931670665741,0.18258008360862732,0.9802418351173401,0,-0.9625562429428101,0.26997894048690796,0.02443389594554901,0,-0.26018333435058594,-0.9453967809677124,0.1962871253490448,0,0,0.3464739918708801,0,1,-0.921549916267395,0.0599941611289978,-0.3835959732532501,0,0.37282004952430725,-0.1391037255525589,-0.917417585849762,0,-0.10839933156967163,-0.9884585738182068,0.10582390427589417,0,0,0.27732300758361816,0,1,0.9475783109664917,-0.0640597864985466,0.3130362033843994,0,-0.1504991501569748,0.7747361063957214,0.614111602306366,0,-0.28186047077178955,-0.6290310025215149,0.7244827151298523,0,0,0.13539999723434448,0,1
