1.000,30,29,25
B0,mixamorig_Hips,-1,-0.03467579185962677,0.03383801877498627,-0.9988260269165039,0,0.00690891919657588,0.9994109869003296,0.033617980778217316,0,0.9993749260902405,-0.005735074635595083,-0.034889139235019684,0,0.009979999624192715,1.3958150148391724,-0.026957999914884567,1
B1,mixamorig_Spine,0,0.9897840023040771,0.1407749503850937,0.022584768012166023,0,-0.14068002998828888,0.9900379776954651,-0.005742931738495827,0,-0.02316823974251747,0.0025070360861718655,0.9997280240058899,0,-0.006533999927341938,0.19550000131130219,0,1
B2,mixamorig_Spine1,1,0.9981889724731445,0.04357099533081055,0.04147372394800186,0,-0.042647991329431534,0.9988279938697815,-0.022886106744408607,0,-0.04242227226495743,0.021075882017612457,0.9988769888877869,0,0,0.22821000218391418,0,1
B3,mixamorig_Spine2,2,0.9982439875602722,0.04310513287782669,0.04063936695456505,0,-0.04212086647748947,0.9988049864768982,-0.02477213554084301,0,-0.04165862128138542,0.023016875609755516,0.9988669753074646,0,0,0.2608110010623932,0,1
B4,mixamorig_Neck,3,0.9984400272369385,-0.041691362857818604,-0.03715230152010918,0,0.04187362641096115,0.9991139769554138,0.004141880664974451,0,0.036946699023246765,-0.005691120401024818,0.999301016330719,0,0,0.2934130132198334,0,1
B5,mixamorig_Head,4,0.9953269362449646,-0.05552731081843376,-0.07899904996156693,0,0.0582546666264534,0.9977680444717407,0.03264676034450531,0,0.07700992375612259,-0.037096258252859116,0.9963399767875671,0,0.0007609999738633633,0.0033400000538676977,0,1
B6,mixamorig_HeadTop_End,5,1,0,0,0,0,1,0,0,0,0,1,0,0.02295999974012375,0.10072600096464157,0,1
B7,mixamorig_LeftShoulder,3,0.9900720119476318,0.005055281333625317,0.14047002792358398,0,-0.14025399088859558,-0.03047439455986023,0.9896460175514221,0,0.009283679537475109,-0.9995230436325073,-0.029462845996022224,0,0.005446000024676323,0.27066200971603394,0.3038559854030609,1
B8,mixamorig_LeftArm,7,0.9013450145721436,0.4328420162200928,-0.015015117824077606,0,-0.12272806465625763,0.28850802779197693,0.9495799541473389,0,0.41534996032714844,-0.8540560603141785,0.313167005777359,0,0,0.616923987865448,0,1
B9,mixamorig_LeftForeArm,8,0.9814320206642151,0.19180208444595337,0.001475216238759458,0,-0.1918068826198578,0.9814220070838928,0.004499772563576698,0,-0.0005847446154803038,-0.004699182230979204,0.9999890327453613,0,0,0.85316002368927,0,1
B10,mixamorig_LeftHand,9,1,0,0,0,0,1,0,0,0,0,1,0,0,0.4868069887161255,0,1
B11,mixamorig_RightShoulder,3,-0.9965068697929382,-0.009841270744800568,0.08292219787836075,0,-0.08225180953741074,-0.055655889213085175,-0.9950559735298157,0,0.014407730661332607,-0.9984009265899658,0.054652098566293716,0,-0.0035099999513477087,0.2709619998931885,-0.3038559854030609,1
B12,mixamorig_RightArm,11,0.8751431107521057,-0.475898802280426,-0.08743398636579514,0,0.3012811243534088,0.3945469260215759,0.8680799603462219,0,-0.3786211609840393,-0.78603595495224,0.48866406083106995,0,0,0.6168239712715149,0,1
B13,mixamorig_RightForeArm,12,0.9191551208496094,-0.3938959836959839,-0.0003879409923683852,0,0.39388903975486755,0.9191439151763916,-0.005060967057943344,0,0.0023500677198171616,0.004499007016420364,0.999987006187439,0,0,0.8532459735870361,0,1
B14,mixamorig_RightHand,13,1,0,0,0,0,1,0,0,0,0,1,0,0,0.4861319959163666,0,1
B15,mixamorig_LeftUpLeg,0,-0.790810763835907,0.5889063477516174,0.16675391793251038,0,-0.5776317715644836,-0.8081822395324707,0.11481685936450958,0,0.2023840993642807,-0.0055239638313651085,0.9792910218238831,0,0.0003370000049471855,-0.10865899920463562,0.42841699719429016,1
B16,mixamorig_LeftLeg,15,0.008588017895817757,0.046236760914325714,-0.9988940358161926,0,-0.9999570846557617,0.0040235999040305614,-0.008410969749093056,0,0.0036303075030446053,0.9989220499992371,0.046269211918115616,0,0,0.6922940015792847,0,1
B17,mixamorig_LeftFoot,16,0.96406090259552,0.02088106796145439,-0.26485735177993774,0,0.2656516432762146,-0.06136512756347656,0.962114155292511,0,0.0038369863759726286,-0.9978971481323242,-0.06470685452222824,0,0,0.6451449990272522,0,1
B18,mixamorig_LeftToeBase,17,0.9858149290084839,-0.15864229202270508,-0.054786909371614456,0,0.16578076779842377,0.8694700002670288,0.46533820033073425,0,-0.0261867456138134,-0.46781983971595764,0.8834361433982849,0,0,0.34629398584365845,0,1
B19,mixamorig_LeftToe_End,18,1,0,0,0,0,1,0,0,0,0,1,0,0,0.18123899400234222,0,1
B20,mixamorig_RightUpLeg,0,-0.8880598545074463,0.4406149387359619,-0.13117504119873047,0,-0.4415959417819977,-0.8969159126281738,-0.023105958476662636,0,-0.12783396244049072,0.037406936287879944,0.9910899996757507,0,0.0005670000100508332,-0.10865899920463562,-0.42841699719429016,1
B21,mixamorig_RightLeg,20,0.06192198395729065,0.10748115926980972,0.9922770261764526,0,-0.796363890171051,0.6046121120452881,-0.01579396426677704,0,-0.6016398668289185,-0.7892351150512695,0.1230328232049942,0,0,0.6921889781951904,0,1
B22,mixamorig_RightFoot,21,-0.9456568360328674,-0.05547819659113884,-0.3203979432582855,0,0.32262998819351196,-0.03727258741855621,-0.9457909464836121,0,0.04052869603037834,-0.9977638721466064,0.05314616858959198,0,0,0.6035360097885132,0,1
B23,mixamorig_RightToeBase,22,0.9615899324417114,-0.02372155897319317,0.2734632194042206,0,-0.12392744421958923,0.8514232039451599,0.5096278190612793,0,-0.2449219673871994,-0.523942232131958,0.8157798051834106,0,0,0.2709279954433441,0,1
B24,mixamorig_RightToe_End,23,1,0,0,0,0,1,0,0,0,0,1,0,0,0.18152299523353577,0,1
@20,0,1,2,3,4,5,7,8,9,11,12,13,15,16,17,18,20,21,22,23
K0,-0.9988259673118591,0.03383794054389,0.034675754606723785,0,0.03361790254712105,0.9994109869003296,-0.006908938754349947,0,-0.0348891019821167,-0.005735098384320736,-0.9993748664855957,0,-0.026957998052239418,1.3958150148391724,-0.009979999624192715,1,0.9897840023040771,0.1407749503850937,0.022584762424230576,0,-0.14068002998828888,0.9900379776954651,-0.005742947570979595,0,-0.023168237879872322,0.002507052617147565,0.9997280240058899,0,-0.006533999927341938,0.19550000131130219,0,1,0.9981889724731445,0.043571002781391144,0.04147372767329216,0,-0.04264799878001213,0.9988279938697815,-0.022886112332344055,0,-0.042422275990247726,0.021075887605547905,0.9988769888877869,0,0,0.22821000218391418,0,1,0.9982439875602722,0.04310513287782669,0.040639374405145645,0,-0.04212086647748947,0.9988049864768982,-0.024772129952907562,0,-0.04165862873196602,0.02301687002182007,0.9988669753074646,0,0,0.2608110010623932,0,1,0.9984400272369385,-0.0416913703083992,-0.037152305245399475,0,0.04187363386154175,0.9991139769554138,0.004141880199313164,0,0.036946702748537064,-0.005691119935363531,0.999301016330719,0,0,0.2934130132198334,0,1,0.9953269362449646,-0.05552732199430466,-0.07899905741214752,0,0.058254677802324295,0.9977680444717407,0.032646749168634415,0,0.07700993120670319,-0.03709625080227852,0.9963399767875671,0,0.0007609999738633633,0.0033400000538676977,0,1,0.9900720715522766,0.005055344197899103,0.1404697149991989,0,-0.1402536779642105,-0.030474206432700157,0.9896459579467773,0,0.009283720515668392,-0.9995229244232178,-0.029462650418281555,0,0.005446000024676323,0.27066200971603394,0.3038559854030609,1,0.9013450741767883,0.4328419268131256,-0.015015104785561562,0,-0.12272805720567703,0.28850802779197693,0.9495798945426941,0,0.41534990072250366,-0.8540561199188232,0.313167005777359,0,0,0.616923987865448,0,1,0.9814320206642151,0.19180208444595337,0.0014752380084246397,0,-0.1918068826198578,0.9814220070838928,0.00449979305267334,0,-0.0005847620195709169,-0.004699206445366144,0.9999890327453613,0,0,0.85316002368927,0,1,-0.9965068697929382,-0.0098410714417696,0.08292244374752045,0,-0.08225207030773163,-0.05565589293837547,-0.9950559735298157,0,0.014407545328140259,-0.9984009265899658,0.05465209484100342,0,-0.0035099999513477087,0.2709619998931885,-0.3038559854030609,1,0.8751431107521057,-0.47589877247810364,-0.08743411302566528,0,0.3012811839580536,0.39454686641693115,0.8680799603462219,0,-0.37862110137939453,-0.78603595495224,0.48866400122642517,0,0,0.6168239712715149,0,1,0.9191550612449646,-0.3938960134983063,-0.00038793389103375375,0,0.39388906955718994,0.9191439151763916,-0.005060979165136814,0,0.002350066090002656,0.004499020986258984,0.999987006187439,0,0,0.8532459735870361,0,1,-0.790810763835907,0.5889062881469727,0.16675390303134918,0,-0.5776317119598389,-0.8081822395324707,0.11481690406799316,0,0.2023841142654419,-0.005523905158042908,0.9792910218238831,0,0.0003370000049471855,-0.10865899920463562,0.42841699719429016,1,0.008588124066591263,0.04623705893754959,-0.9988939166069031,0,-0.9999570250511169,0.004023357294499874,-0.008411034941673279,0,0.0036300066858530045,0.9989219903945923,0.04626956209540367,0,0,0.6922940015792847,0,1,0.96406090259552,0.02088066190481186,-0.2648574411869049,0,0.2656517028808594,-0.06136518344283104,0.962114155292511,0,0.003836577758193016,-0.9978971481323242,-0.06470680236816406,0,0,0.6451449990272522,0,1,0.9858149290084839,-0.15864229202270508,-0.054786812514066696,0,0.16578072309494019,0.8694700002670288,0.46533817052841187,0,-0.02618682011961937,-0.46781980991363525,0.8834361433982849,0,0,0.34629398584365845,0,1,-0.8880598545074463,0.4406149983406067,-0.13117504119873047,0,-0.44159600138664246,-0.8969159126281738,-0.02310594730079174,0,-0.12783394753932953,0.03740694746375084,0.9910899996757507,0,0.0005670000100508332,-0.10865899920463562,-0.42841699719429016,1,0.06192188337445259,0.10748115926980972,0.9922770261764526,0,-0.7963638305664062,0.6046122312545776,-0.015794048085808754,0,-0.601639986038208,-0.7892350554466248,0.12303274869918823,0,0,0.6921889781951904,0,1,-0.9456570148468018,-0.05547821521759033,-0.3203977048397064,0,0.32262974977493286,-0.03727271780371666,-0.9457910656929016,0,0.04052869975566864,-0.9977639317512512,0.05314620956778526,0,0,0.6035360097885132,0,1,0.9615899324417114,-0.02372145839035511,0.2734631299972534,0,-0.12392745912075043,0.8514232635498047,0.5096277594566345,0,-0.24492184817790985,-0.5239421725273132,0.8157798647880554,0,0,0.2709279954433441,0,1
K0.034,-0.9987209439277649,0.04464099928736687,0.02372642792761326,0,0.04457427188754082,0.9990009665489197,-0.0033354836050421,0,-0.023851612582802773,-0.0022736312821507454,-0.9997125267982483,0,-0.0007843262865208089,1.4221312999725342,-0.010746047832071781,1,0.9910255074501038,0.13359563052654266,0.004625855013728142,0,-0.13359442353248596,0.991035521030426,-0.000545741873793304,0,-0.0046572936698794365,-0.0000771443301346153,0.999988853931427,0,-0.006533999927341938,0.19550000131130219,0,1,0.9987530708312988,0.03884471207857132,0.0313665010035038,0,-0.03847108408808708,0.9991820454597473,-0.01242820080369711,0,-0.03182360902428627,0.011205999180674553,0.9994304180145264,0,0,0.22821000218391418,0,1,0.9987894892692566,0.0385480597615242,0.030562326312065125,0,-0.03813380375504494,0.9991738200187683,-0.014022850431501865,0,-0.031077643856406212,0.012840422801673412,0.9994347095489502,0,0,0.2608110010623932,0,1,0.998624324798584,-0.04098835214972496,-0.03271256387233734,0,0.04121532291173935,0.9991302490234375,0.006294894032180309,0,0.03242609277367592,-0.0076344916597008705,0.9994449615478516,0,0,0.2934130132198334,0,1,0.9971383213996887,-0.0493733249604702,-0.05724821612238884,0,0.05129928141832352,0.9981491565704346,0.03267408907413483,0,0.05552901327610016,-0.035517368465662,0.9978252649307251,0,0.0007609999738633633,0.0033400000538676977,0,1,0.9923930168151855,0.0057888999581336975,0.12297473102807999,0,-0.12277086079120636,-0.027651097625494003,0.992049515247345,0,0.00914325937628746,-0.999601423740387,-0.026730066165328026,0,0.005446000024676323,0.27066200971603394,0.3038559854030609,1,0.9205719828605652,0.3838968575000763,-0.07189920544624329,0,-0.03968340903520584,0.2750691771507263,0.9606052041053772,0,0.388550728559494,-0.8814533352851868,0.2684554159641266,0,0,0.616923987865448,0,1,0.9815101623535156,0.19140569865703583,0.001473898533731699,0,-0.19141051173210144,0.9815001487731934,0.00449043745175004,0,-0.0005871360190212727,-0.0046895272098481655,0.9999889731407166,0,0,0.85316002368927,0,1,-0.9960364103317261,-0.00964913610368967,0.08842427283525467,0,-0.08782881498336792,-0.05059586837887764,-0.994850218296051,0,0.014073333702981472,-0.9986722469329834,0.049547772854566574,0,-0.0035099999513477087,0.2709619998931885,-0.3038559854030609,1,0.8566250205039978,-0.5066590905189514,-0.09741727262735367,0,0.339171826839447,0.4107223153114319,0.8463269472122192,0,-0.38878774642944336,-0.7580258846282959,0.5236793756484985,0,0,0.6168239712715149,0,1,0.897674024105072,-0.4406599700450897,-0.00011186266056029126,0,0.44065243005752563,0.8976600766181946,-0.005662150681018829,0,0.0025954977609217167,0.005033472552895546,0.9999838471412659,0,0,0.8532459735870361,0,1,-0.722815215587616,0.6719160676002502,0.1614522635936737,0,-0.6636505722999573,-0.7400801181793213,0.10885559022426605,0,0.19262945652008057,-0.02846541814506054,0.9808587431907654,0,0.0003370000049471855,-0.10865899920463562,0.42841699719429016,1,0.07969480007886887,0.05750080570578575,-0.9951591491699219,0,-0.9654991626739502,0.25273916125297546,-0.06271612644195557,0,0.24790969491004944,0.9658244848251343,0.07565907388925552,0,0,0.6922940015792847,0,1,0.9604944586753845,-0.01212622132152319,-0.27803489565849304,0,0.2781183421611786,0.005826529581099749,0.9605284929275513,0,-0.010027626529335976,-0.9999099373817444,0.00896888505667448,0,0,0.6451449990272522,0,1,0.9856735467910767,-0.16563008725643158,-0.03184906765818596,0,0.16294096410274506,0.8863207101821899,0.43345755338668823,0,-0.04356512054800987,-0.43243715167045593,0.9006107449531555,0,0,0.34629398584365845,0,1,-0.9444213509559631,0.29477664828300476,-0.1455155462026596,0,-0.2966149151325226,-0.9549506306648254,-0.009398814290761948,0,-0.14173075556755066,0.03428565710783005,0.9893110990524292,0,0.0005670000100508332,-0.10865899920463562,-0.42841699719429016,1,0.042624905705451965,0.10362710058689117,0.9937027096748352,0,-0.7206230163574219,0.6920980215072632,-0.04126345366239548,0,-0.692015528678894,-0.7143259644508362,0.10417664796113968,0,0,0.6921889781951904,0,1,-0.9458877444267273,-0.05533140152692795,-0.31973996758461,0,0.3239547312259674,-0.10431748628616333,-0.9403040409088135,0,0.01867387257516384,-0.9930033087730408,0.1165974959731102,0,0,0.6035360097885132,0,1,0.9618229866027832,-0.02222931943833828,0.27276697754859924,0,-0.1235402524471283,0.8540974259376526,0.5052292346954346,0,-0.24420040845870972,-0.5196385979652405,0.8187440633773804,0,0,0.2709279954433441,0,1
K0.069,-0.998360276222229,0.05606648325920105,0.011572573333978653,0,0.05604827031493187,0.998426616191864,-0.001892313128337264,0,-0.011660455726087093,-0.0012405868619680405,-0.9999313950538635,0,0.016574140638113022,1.4309450387954712,-0.01273583434522152,1,0.9919871091842651,0.1255694329738617,-0.013903158716857433,0,-0.12564541399478912,0.992064356803894,-0.0047227502800524235,0,0.013199797831475735,0.006431777495890856,0.99989253282547,0,-0.006533999927341938,0.19550000131130219,0,1,0.9991642236709595,0.03505498915910721,0.021045738831162453,0,-0.0350857749581337,0.9993834495544434,0.0010963333770632744,0,-0.02099432609975338,-0.0018338225781917572,0.9997777938842773,0,0,0.22821000218391418,0,1,0.9991871118545532,0.03474189341068268,0.02047177404165268,0,-0.034744326025247574,0.9993958473205566,-0.00023569114273414016,0,-0.020467592403292656,-0.00047577833174727857,0.9997904300689697,0,0,0.2608110010623932,0,1,0.9987358450889587,-0.04267003387212753,-0.026564879342913628,0,0.042781222611665726,0.9990782141685486,0.0036304094828665257,0,0.026385467499494553,-0.004762295167893171,0.999640166759491,0,0,0.2934130132198334,0,1,0.9979915618896484,-0.04979371652007103,-0.03916868567466736,0,0.05109868571162224,0.9981462955474854,0.03305288404226303,0,0.037450261414051056,-0.03498797118663788,0.9986861348152161,0,0.0007609999738633633,0.0033400000538676977,0,1,0.9942127466201782,0.006393216550350189,0.10724003612995148,0,-0.10704043507575989,-0.02602790668606758,0.9939138889312744,0,0.009145550429821014,-0.9996411800384521,-0.025192951783537865,0,0.005446000024676323,0.27066200971603394,0.3038559854030609,1,0.9343733787536621,0.3333512544631958,-0.1257900446653366,0,0.03808535635471344,0.257581502199173,0.9655060768127441,0,0.35425373911857605,-0.9069337248802185,0.22798143327236176,0,0,0.616923987865448,0,1,0.9819597601890564,0.1890850067138672,0.0014635806437581778,0,-0.18908965587615967,0.9819496870040894,0.0044354223646223545,0,-0.0005984907038509846,-0.004632153548300266,0.9999890327453613,0,0,0.85316002368927,0,1,-0.9955098628997803,-0.009654469788074493,0.09416976571083069,0,-0.09375661611557007,-0.03680020570755005,-0.9949150085449219,0,0.013070831075310707,-0.9992762207984924,0.03572964668273926,0,-0.0035099999513477087,0.2709619998931885,-0.3038559854030609,1,0.8411253094673157,-0.5307144522666931,-0.10416306555271149,0,0.37452080845832825,0.4326126277446747,0.8201099038124084,0,-0.390182226896286,-0.7288270592689514,0.5626455545425415,0,0,0.6168239712715149,0,1,0.8615182638168335,-0.5077260732650757,0.0003527879889588803,0,0.5077173113822937,0.8614987730979919,-0.006523581221699715,0,0.0030082676094025373,0.005799303762614727,0.99997878074646,0,0,0.8532459735870361,0,1,-0.6735380291938782,0.7244069576263428,0.14690366387367249,0,-0.7178869247436523,-0.6884410977363586,0.10338300466537476,0,0.17602579295635223,-0.035827815532684326,0.983733057975769,0,0.0003370000049471855,-0.10865899920463562,0.42841699719429016,1,0.15755464136600494,0.048869162797927856,-0.9863006472587585,0,-0.838410496711731,0.5343418717384338,-0.10745462030172348,0,0.5217702388763428,0.8438544869422913,0.12516044080257416,0,0,0.6922940015792847,0,1,0.9584090113639832,-0.039052076637744904,-0.28271275758743286,0,0.28525522351264954,0.09980908036231995,0.9532411694526672,0,-0.00900872889906168,-0.9942401051521301,0.1067977249622345,0,0,0.6451449990272522,0,1,0.9857901334762573,-0.16578292846679688,-0.027093447744846344,0,0.16176311671733856,0.8933846354484558,0.41916242241859436,0,-0.04528509080410004,-0.4175886809825897,0.9075067639350891,0,0,0.34629398584365845,0,1,-0.9731191396713257,0.1547192931175232,-0.17058983445167542,0,-0.15488602221012115,-0.9878537654876709,-0.012412717565894127,0,-0.17043837904930115,0.014342933893203735,0.9852637648582458,0,0.0005670000100508332,-0.10865899920463562,-0.42841699719429016,1,0.028366034850478172,0.07616890966892242,0.9966910481452942,0,-0.6351726055145264,0.7712885141372681,-0.04086613282561302,0,-0.7718490958213806,-0.6319116950035095,0.07025881856679916,0,0,0.6921889781951904,0,1,-0.9450910091400146,-0.07688502222299576,-0.31763336062431335,0,0.3255413770675659,-0.136055588722229,-0.9356874823570251,0,0.02872457355260849,-0.9877130389213562,0.15361423790454865,0,0,0.6035360097885132,0,1,0.9619560837745667,-0.02138236165046692,0.2723669707775116,0,-0.12332108616828918,0.8556076884269714,0.5027202367782593,0,-0.24378852546215057,-0.5171831250190735,0.8204197883605957,0,0,0.2709279954433441,0,1
K0.103,-0.9979233145713806,0.06361499428749084,-0.010085553862154484,0,0.06379535794258118,0.9977877736091614,-0.01870202273130417,0,0.008873515762388706,-0.019306601956486702,-0.9997743964195251,0,0.0234976876527071,1.4038127660751343,-0.0193457193672657,1,0.9923795461654663,0.11564623564481735,-0.042533230036497116,0,-0.11713981628417969,0.9925172924995422,-0.03447330370545387,0,0.038228247314691544,0.03919292241334915,0.9985002279281616,0,-0.006533999927341938,0.19550000131130219,0,1,0.9993594884872437,0.034126490354537964,0.010794347152113914,0,-0.034328069537878036,0.9992290139198303,0.019075125455856323,0,-0.010135048069059849,-0.019433435052633286,0.9997594952583313,0,0,0.22821000218391418,0,1,0.9993849992752075,0.033401064574718475,0.010675016790628433,0,-0.03358985856175423,0.9992729425430298,0.0180254727602005,0,-0.010065186768770218,-0.01837296225130558,0.999780535697937,0,0,0.2608110010623932,0,1,0.9988467693328857,-0.044296994805336,-0.018512561917304993,0,0.04417348653078079,0.9989991188049316,-0.007028320804238319,0,0.01880536414682865,0.006202451419085264,0.9998037219047546,0,0,0.2934130132198334,0,1,0.9980313777923584,-0.05720355734229088,-0.025731375440955162,0,0.05817322060465813,0.9975576996803284,0.03866277262568474,0,0.02345687709748745,-0.04008353129029274,0.9989213347434998,0,0.0007609999738633633,0.0033400000538676977,0,1,0.9951484799385071,0.006747622508555651,0.09815270453691483,0,-0.09797497093677521,-0.022948743775486946,0.9949241876602173,0,0.008965855464339256,-0.9997140169143677,-0.022176312282681465,0,0.005446000024676323,0.27066200971603394,0.3038559854030609,1,0.9431669116020203,0.28321734070777893,-0.17385229468345642,0,0.10779858380556107,0.23411843180656433,0.9662136435508728,0,0.3143502473831177,-0.9300410151481628,0.1902821660041809,0,0,0.616923987865448,0,1,0.9836845397949219,0.17989835143089294,0.0014228555373847485,0,-0.1799028366804123,0.9836757183074951,0.004220534116029739,0,-0.0006403608131222427,-0.004407646134495735,0.9999900460243225,0,0,0.85316002368927,0,1,-0.9946691989898682,-0.009652863256633282,0.10266812890768051,0,-0.10242949426174164,-0.022615596652030945,-0.994483470916748,0,0.011921499855816364,-0.9996975660324097,0.021506166085600853,0,-0.0035099999513477087,0.2709619998931885,-0.3038559854030609,1,0.8278065323829651,-0.5495666265487671,-0.11274929344654083,0,0.4128909409046173,0.46075132489204407,0.7856393456459045,0,-0.3798118531703949,-0.6969106793403625,0.6083241105079651,0,0,0.6168239712715149,0,1,0.8354704976081848,-0.5495348572731018,0.0006874806713312864,0,0.5495254397392273,0.8354474306106567,-0.007060703821480274,0,0.0033057478722184896,0.006276796571910381,0.9999748468399048,0,0,0.8532459735870361,0,1,-0.5648099780082703,0.8187932968139648,0.10279890149831772,0,-0.810348629951477,-0.5738541483879089,0.11843433231115341,0,0.15596479177474976,-0.01641005277633667,0.9876265525817871,0,0.0003370000049471855,-0.10865899920463562,0.42841699719429016,1,0.19946104288101196,0.06230498105287552,-0.9779227375984192,0,-0.7453913688659668,0.6574646830558777,-0.1101449579000473,0,0.6360871195793152,0.7509047389030457,0.17758016288280487,0,0,0.6922940015792847,0,1,0.9539700746536255,-0.06815288215875626,-0.29205521941185,0,0.2988876700401306,0.13604004681110382,0.9445419311523438,0,-0.024642067030072212,-0.9883567094802856,0.15014822781085968,0,0,0.6451449990272522,0,1,0.9857126474380493,-0.1656888872385025,-0.030297795310616493,0,0.16255395114421844,0.8886509537696838,0.4288068413734436,0,-0.04412436485290527,-0.42760545015335083,0.9028880596160889,0,0,0.34629398584365845,0,1,-0.979446291923523,0.0512288473546505,-0.19509176909923553,0,-0.048055071383714676,-0.9986242651939392,-0.020969662815332413,0,-0.19589772820472717,-0.011163515970110893,0.9805610179901123,0,0.0005670000100508332,-0.10865899920463562,-0.42841699719429016,1,0.044383130967617035,0.05381368100643158,0.997564435005188,0,-0.605991780757904,0.7953104972839355,-0.015941567718982697,0,-0.7942312955856323,-0.6038082242012024,0.06790900230407715,0,0,0.6921889781951904,0,1,-0.926704466342926,-0.10624811053276062,-0.36045828461647034,0,0.37448784708976746,-0.18128907680511475,-0.9093366265296936,0,0.0312681570649147,-0.9776734709739685,0.20778994262218475,0,0,0.6035360097885132,0,1,0.9618768095970154,-0.021886972710490227,0.27260538935661316,0,-0.1234515979886055,0.8547074198722839,0.5042166709899902,0,-0.24403376877307892,-0.5186482071876526,0.8194217681884766,0,0,0.2709279954433441,0,1
K0.138,-0.9970526099205017,0.0663396492600441,-0.038531381636857986,0,0.06783244758844376,0.9969412088394165,-0.0388203002512455,0,0.03583822026848793,-0.0413195863366127,-0.9985033869743347,0,0.030229713767766953,1.352635383605957,-0.028453489765524864,1,0.9923528432846069,0.10381267964839935,-0.06677112728357315,0,-0.10778962075710297,0.9924219846725464,-0.05899789556860924,0,0.06014038249850273,0.06574393808841705,0.9960222840309143,0,-0.006533999927341938,0.19550000131130219,0,1,0.9993869066238403,0.03497953340411186,-0.0015092665562406182,0,-0.03491533175110817,0.9989014863967896,0.03126014769077301,0,0.0026010742876678705,-0.03118828870356083,0.9995105266571045,0,0,0.22821000218391418,0,1,0.9994320273399353,0.03367917984724045,-0.001251286594197154,0,-0.033625151962041855,0.9989656805992126,0.030602755025029182,0,0.0022806681226938963,-0.03054329939186573,0.9995307922363281,0,0,0.2608110010623932,0,1,0.9989926218986511,-0.04369540885090828,-0.010244362987577915,0,0.04351458698511124,0.9989034533500671,-0.017252853140234947,0,0.01098700426518917,0.016789700835943222,0.9997990131378174,0,0,0.2934130132198334,0,1,0.9973217248916626,-0.07015952467918396,-0.020670762285590172,0,0.07097823172807693,0.9965941309928894,0.04197022691369057,0,0.017655760049819946,-0.043325018137693405,0.9989053606987,0,0.0007609999738633633,0.0033400000538676977,0,1,0.9962487816810608,0.007178128231316805,0.08623694628477097,0,-0.08612341433763504,-0.014850053936243057,0.9961733818054199,0,0.008431285619735718,-0.9998641014099121,-0.01417615171521902,0,0.005446000024676323,0.27066200971603394,0.3038559854030609,1,0.9472692608833313,0.2380964308977127,-0.21445642411708832,0,0.16596052050590515,0.2079690843820572,0.9639534950256348,0,0.2741141617298126,-0.9487147927284241,0.15748810768127441,0,0,0.616923987865448,0,1,0.9865314364433289,0.16356593370437622,0.0013559017097577453,0,-0.1635700762271881,0.9865245223045349,0.0038373181596398354,0,-0.0007099753711372614,-0.00400741770863533,0.9999914169311523,0,0,0.85316002368927,0,1,-0.9926632046699524,-0.00913877785205841,0.12056735157966614,0,-0.1203741803765297,-0.01935204491019249,-0.992539644241333,0,0.011403823271393776,-0.9997705817222595,0.018109994009137154,0,-0.0035099999513477087,0.2709619998931885,-0.3038559854030609,1,0.813816487789154,-0.5700644254684448,-0.11282329261302948,0,0.45076650381088257,0.49672168493270874,0.7416718006134033,0,-0.3667590618133545,-0.6544419527053833,0.6612064838409424,0,0,0.6168239712715149,0,1,0.8243273496627808,-0.5661125779151917,0.0008304903167299926,0,0.5661026835441589,0.8243024349212646,-0.007273557595908642,0,0.003433077596127987,0.006465936545282602,0.9999729990959167,0,0,0.8532459735870361,0,1,-0.43897759914398193,0.8976020216941833,0.04011652246117592,0,-0.888669490814209,-0.44032859802246094,0.1279732882976532,0,0.13253355026245117,0.020527083426713943,0.9909659624099731,0,0.0003370000049471855,-0.10865899920463562,0.42841699719429016,1,0.20052841305732727,0.1018558219075203,-0.9743784666061401,0,-0.6959245204925537,0.714840829372406,-0.06849697977304459,0,0.6895490288734436,0.6918296813964844,0.21422992646694183,0,0,0.6922940015792847,0,1,0.9512829184532166,-0.07982458919286728,-0.29780763387680054,0,0.3055415153503418,0.11468309909105301,0.9452474117279053,0,-0.0413004569709301,-0.9901897311210632,0.13348571956157684,0,0,0.6451449990272522,0,1,0.9854867458343506,-0.16526971757411957,-0.038755547255277634,0,0.1647021621465683,0.8756346106529236,0.4540227949619293,0,-0.04110052064061165,-0.4538165330886841,0.8901464343070984,0,0,0.34629398584365845,0,1,-0.9778101444244385,-0.04242615029215813,-0.2051529735326767,0,0.05041400343179703,-0.9981544017791748,-0.03386485204100609,0,-0.20333756506443024,-0.04345597326755524,0.9781442284584045,0,0.0005670000100508332,-0.10865899920463562,-0.42841699719429016,1,0.08744330704212189,0.053343020379543304,0.9947403073310852,0,-0.6036736965179443,0.7971652150154114,0.01031830906867981,0,-0.7924216389656067,-0.6014004945755005,0.10190848261117935,0,0,0.6921889781951904,0,1,-0.8924346566200256,-0.1358242630958557,-0.43024691939353943,0,0.45100322365760803,-0.2421017289161682,-0.8590593338012695,0,0.012517550028860569,-0.9606965780258179,0.2773171365261078,0,0,0.6035360097885132,0,1,0.9614431858062744,-0.02465922012925148,0.2738957405090332,0,-0.12417218089103699,0.8497345447540283,0.5123785138130188,0,-0.24537360668182373,-0.5266332626342773,0.8139098286628723,0,0,0.2709279954433441,0,1
K0.172,-0.9958061575889587,0.06860733777284622,-0.060523808002471924,0,0.0714874193072319,0.9963443279266357,-0.04677639529109001,0,0.05709335207939148,-0.050906918942928314,-0.9970703721046448,0,0.031286563724279404,1.2991313934326172,-0.03579391911625862,1,0.99248206615448,0.09575261175632477,-0.07623158395290375,0,-0.1003895178437233,0.9931669235229492,-0.05950905382633209,0,0.07001251727342606,0.06671449542045593,0.9953125715255737,0,-0.006533999927341938,0.19550000131130219,0,1,0.9992454648017883,0.03508452698588371,-0.01668231561779976,0,-0.03451560065150261,0.9988508224487305,0.033248044550418854,0,0.017829636111855507,-0.03264715149998665,0.9993079900741577,0,0,0.22821000218391418,0,1,0.9992977976799011,0.0337488017976284,-0.01627734862267971,0,-0.033198196440935135,0.998904287815094,0.03298678994178772,0,0.01737278141081333,-0.03242325410246849,0.9993234872817993,0,0,0.2608110010623932,0,1,0.999026894569397,-0.044005848467350006,-0.003079914255067706,0,0.04393581673502922,0.9988347887992859,-0.01997227780520916,0,0.003955219406634569,0.01981750875711441,0.9997954964637756,0,0,0.2934130132198334,0,1,0.9963642358779907,-0.08319894969463348,-0.01831737346947193,0,0.08390782028436661,0.9955831170082092,0.04210682213306427,0,0.014733240008354187,-0.04349074512720108,0.998945415019989,0,0.0007609999738633633,0.0033400000538676977,0,1,0.997448742389679,0.007613380905240774,0.07097291946411133,0,-0.07090163975954056,-0.00925961323082447,0.9974402785301208,0,0.008251079358160496,-0.9999279379844666,-0.00869619008153677,0,0.005446000024676323,0.27066200971603394,0.3038559854030609,1,0.9499528408050537,0.2068249136209488,-0.23412282764911652,0,0.19580130279064178,0.18977004289627075,0.9621068835258484,0,0.24341705441474915,-0.9597972631454468,0.13977593183517456,0,0,0.616923987865448,0,1,0.9912188053131104,0.13222789764404297,0.0012464484898373485,0,-0.13223113119602203,0.9912136793136597,0.003101696027442813,0,-0.0008253661217167974,-0.0032392796128988266,0.9999945163726807,0,0,0.85316002368927,0,1,-0.9899788498878479,-0.008458879776299,0.14096160233020782,0,-0.14077818393707275,-0.019356051459908485,-0.989852249622345,0,0.011101499199867249,-0.9997766017913818,0.017971299588680267,0,-0.0035099999513477087,0.2709619998931885,-0.3038559854030609,1,0.804940938949585,-0.5834581851959229,-0.1079169511795044,0,0.47804883122444153,0.5299649834632874,0.7004335522651672,0,-0.3514813184738159,-0.6153969168663025,0.7055116295814514,0,0,0.6168239712715149,0,1,0.8244928121566772,-0.5658714771270752,0.0008284394862130284,0,0.5658619403839111,0.8244682550430298,-0.007270653732120991,0,0.003431233810260892,0.006463384721428156,0.9999733567237854,0,0,0.8532459735870361,0,1,-0.3509712517261505,0.9363487362861633,0.008361044339835644,0,-0.92796790599823,-0.34899666905403137,0.13067439198493958,0,0.1252748817205429,0.03810420632362366,0.9913902878761292,0,0.0003370000049471855,-0.10865899920463562,0.42841699719429016,1,0.1848866194486618,0.11846435070037842,-0.9755935072898865,0,-0.6775026917457581,0.7344740629196167,-0.03920916095376015,0,0.7119035720825195,0.6682167649269104,0.21605442464351654,0,0,0.6922940015792847,0,1,0.9538463354110718,-0.06331487745046616,-0.2935445308685303,0,0.29802027344703674,0.07949355989694595,0.9512438774108887,0,-0.036892976611852646,-0.9948224425315857,0.09469374269247055,0,0,0.6451449990272522,0,1,0.9854332804679871,-0.16514478623867035,-0.04060463607311249,0,0.165183424949646,0.8726877570152283,0.45948970317840576,0,-0.04044714942574501,-0.45950353145599365,0.8872544765472412,0,0,0.34629398584365845,0,1,-0.9686681032180786,-0.13504277169704437,-0.20843447744846344,0,0.1486741304397583,-0.9875648021697998,-0.0511067770421505,0,-0.19894100725650787,-0.08049433678388596,0.9767002463340759,0,0.0005670000100508332,-0.10865899920463562,-0.42841699719429016,1,0.11217799037694931,0.05898182839155197,0.9919365048408508,0,-0.5986955165863037,0.8007246255874634,0.02009429782629013,0,-0.7930827736854553,-0.5961220860481262,0.12513582408428192,0,0,0.6921889781951904,0,1,-0.8664289116859436,-0.15151594579219818,-0.47575631737709045,0,0.49857619404792786,-0.31385689973831177,-0.8080323934555054,0,-0.026889581233263016,-0.9373025298118591,0.347476601600647,0,0,0.6035360097885132,0,1,0.9605949521064758,-0.030076393857598305,0.2763208746910095,0,-0.12561003863811493,0.8398520946502686,0.528082013130188,0,-0.24795152246952057,-0.5419816970825195,0.8029799461364746,0,0,0.2709279954433441,0,1
K0.207,-0.9952930808067322,0.06526361405849457,-0.07163523882627487,0,0.06852222234010696,0.9966784119606018,-0.04401277005672455,0,0.06852488964796066,-0.04871423542499542,-0.9964595437049866,0,0.015505179762840271,1.2605313062667847,-0.03947961702942848,1,0.9917451739311218,0.09718670696020126,-0.08364102244377136,0,-0.10106794536113739,0.9939286708831787,-0.04348337650299072,0,0.07890720665454865,0.0515778511762619,0.9955464005470276,0,-0.006533999927341938,0.19550000131130219,0,1,0.9988811612129211,0.03577393293380737,-0.030932888388633728,0,-0.03480175882577896,0.9989003539085388,0.03141550347208977,0,0.032022733241319656,-0.030303841456770897,0.9990278482437134,0,0,0.22821000218391418,0,1,0.998931884765625,0.03476252779364586,-0.030448298901319504,0,-0.033798519521951675,0.9989282488822937,0.03162255883216858,0,0.031514935195446014,-0.030559662729501724,0.9990358948707581,0,0,0.2608110010623932,0,1,0.9989105463027954,-0.046577807515859604,0.0030308899004012346,0,0.04662346467375755,0.998761773109436,-0.017332810908555984,0,-0.0022198117803782225,0.01745522953569889,0.9998448491096497,0,0,0.2934130132198334,0,1,0.9953343868255615,-0.09608336538076401,-0.008785700425505638,0,0.09636160731315613,0.9945290088653564,0.040330201387405396,0,0.004862572066485882,-0.04098864644765854,0.9991477727890015,0,0.0007609999738633633,0.0033400000538676977,0,1,0.9977717995643616,0.007772533688694239,0.06626155227422714,0,-0.0661574974656105,-0.01295944768935442,0.9977250695228577,0,0.008613566868007183,-0.9998859167098999,-0.012416364625096321,0,0.005446000024676323,0.27066200971603394,0.3038559854030609,1,0.9549270272254944,0.18838892877101898,-0.22939741611480713,0,0.19368164241313934,0.19020146131515503,0.9624507427215576,0,0.22494681179523468,-0.963500440120697,0.14514106512069702,0,0,0.616923987865448,0,1,0.9956551194190979,0.0931096225976944,0.0011418950743973255,0,-0.09311195462942123,0.9956533908843994,0.0021840594708919525,0,-0.0009335749200545251,-0.002280894434079528,0.9999971985816956,0,0,0.85316002368927,0,1,-0.9887539148330688,-0.008508598431944847,0.14930902421474457,0,-0.14919660985469818,-0.01259833388030529,-0.9887273907661438,0,0.01029372587800026,-0.9998841285705566,0.01118717435747385,0,-0.0035099999513477087,0.2709619998931885,-0.3038559854030609,1,0.8070907592773438,-0.5793336033821106,-0.1139180138707161,0,0.48714950680732727,0.5443861484527588,0.682883083820343,0,-0.33360180258750916,-0.6066438555717468,0.7215911746025085,0,0,0.6168239712715149,0,1,0.8377290368080139,-0.5460860729217529,0.0006586221279576421,0,0.5460765957832336,0.8377060294151306,-0.007016531657427549,0,0.003279898315668106,0.006237609777599573,0.9999753832817078,0,0,0.8532459735870361,0,1,-0.35199201107025146,0.9355866312980652,0.027925992384552956,0,-0.926326334476471,-0.3524768352508545,0.13296368718147278,0,0.13424229621887207,0.020933570340275764,0.9907273054122925,0,0.0003370000049471855,-0.10865899920463562,0.42841699719429016,1,0.16311874985694885,0.09677601605653763,-0.9818491339683533,0,-0.6658076047897339,0.7451973557472229,-0.03716302663087845,0,0.7280743718147278,0.6597840785980225,0.18598973751068115,0,0,0.6922940015792847,0,1,0.9551528096199036,-0.06782129406929016,-0.2882406413555145,0,0.2955951988697052,0.1608939915895462,0.9416664242744446,0,-0.017488867044448853,-0.9846385717391968,0.1737261265516281,0,0,0.6451449990272522,0,1,0.9853837490081787,-0.1650223731994629,-0.042269203811883926,0,0.16562049090862274,0.8700037002563477,0.46439650654792786,0,-0.03986143320798874,-0.4646092653274536,0.88461834192276,0,0,0.34629398584365845,0,1,-0.9505510926246643,-0.22288355231285095,-0.21627387404441833,0,0.24201178550720215,-0.9680209159851074,-0.06606736034154892,0,-0.19463244080543518,-0.11514130234718323,0.9740946292877197,0,0.0005670000100508332,-0.10865899920463562,-0.42841699719429016,1,0.11795097589492798,0.07019679248332977,0.9905356168746948,0,-0.5855368971824646,0.8105528354644775,0.0122826611623168,0,-0.8020187020301819,-0.5814435482025146,0.13670822978019714,0,0,0.6921889781951904,0,1,-0.8507424592971802,-0.14462736248970032,-0.505292534828186,0,0.5219655632972717,-0.3450906574726105,-0.7800407409667969,0,-0.06155649572610855,-0.9273592233657837,0.36907386779785156,0,0,0.6035360097885132,0,1,0.9590564966201782,-0.03987770527601242,0.2803933918476105,0,-0.12830603122711182,0.8214346766471863,0.555682361125946,0,-0.2524842619895935,-0.5689070224761963,0.7826858758926392,0,0,0.2709279954433441,0,1
