2.700,30,80,25
B0,mixamorig_Hips,-1,0.7602279186248779,0.13167546689510345,-0.6361719965934753,0,-0.12829165160655975,0.9903889894485474,0.05168265476822853,0,0.6368629336357117,0.04232494533061981,0.7698140740394592,0,-0.006763000041246414,0.497529000043869,0.00875299982726574,1
B1,mixamorig_Spine,0,0.974280059337616,0.22019194066524506,-0.04789363592863083,0,-0.21845704317092896,0.9750699996948242,0.03892386332154274,0,0.05527038499712944,-0.027460049837827682,0.9980939626693726,0,-0.0032279998995363712,0.10526800155639648,0,1
B2,mixamorig_Spine1,1,0.9898650646209717,0.10585104674100876,-0.09467694163322449,0,-0.0986979529261589,0.9921109676361084,0.07729791849851608,0,0.10211207717657089,-0.06717006862163544,0.9925030469894409,0,0,0.12286999821662903,0,1
B3,mixamorig_Spine2,2,0.9890390038490295,-0.1000962182879448,-0.10855186730623245,0,0.10663280636072159,0.9927109479904175,0.0561702735722065,0,0.10213815420866013,-0.06712975353002548,0.9925029277801514,0,0,0.1404229998588562,0,1
B4,mixamorig_Neck,3,0.9866290092468262,0.009685087949037552,-0.162695050239563,0,-0.009061872959136963,0.9999480247497559,0.004572219215333462,0,0.16273097693920135,-0.003036763984709978,0.9866660237312317,0,0,0.15797600150108337,0,1
B5,mixamorig_Head,4,0.9169910550117493,-0.06648151576519012,-0.3933298885822296,0,0.09628065675497055,0.9937490224838257,0.05649850144982338,0,0.3871151804924011,-0.08967868983745575,0.9176599979400635,0,-0.019982000812888145,0.01912599988281727,0,1
B6,mixamorig_HeadTop_End,5,1,0,0,0,0,1,0,0,0,0,1,0,-0.018912000581622124,0.018101999536156654,0,1
B7,mixamorig_LeftShoulder,3,0.9599179625511169,-0.029386024922132492,0.2787381410598755,0,-0.27238380908966064,0.13662882149219513,0.95243901014328,0,-0.06607197970151901,-0.9901859164237976,0.12314803898334503,0,-0.0011320000048726797,0.14037099480628967,0.15092399716377258,1
B8,mixamorig_LeftArm,7,-0.97629314661026,0.07018285244703293,-0.2047600895166397,0,-0.1288718432188034,0.5715720057487488,0.8103690147399902,0,0.1739090532064438,0.8175450563430786,-0.5489769577980042,0,0,0.2995539903640747,0,1
B9,mixamorig_LeftForeArm,8,0.8296077847480774,-0.43576231598854065,0.34908828139305115,0,0.49203768372535706,0.8660961985588074,-0.08819028735160828,0,-0.2639138698577881,0.244927778840065,0.9329310655593872,0,0,0.44111698865890503,0,1
B10,mixamorig_LeftHand,9,1,0,0,0,0,1,0,0,0,0,1,0,0,0.3173919916152954,0,1
B11,mixamorig_RightShoulder,3,-0.9110909700393677,0.07940496504306793,0.40448498725891113,0,-0.38443395495414734,0.19039808213710785,-0.9033039808273315,0,-0.14873996376991272,-0.9784899353981018,-0.14294393360614777,0,0.000050999999075429514,0.14033499360084534,-0.15092399716377258,1
B12,mixamorig_RightArm,11,-0.8237651586532593,-0.5424278974533081,-0.16487117111682892,0,-0.3731309175491333,0.29978877305984497,0.8780092000961304,0,-0.42683014273643494,0.784791886806488,-0.4493522346019745,0,0,0.2995539903640747,0,1
B13,mixamorig_RightForeArm,12,0.6615970730781555,0.7042898535728455,-0.2574200928211212,0,-0.7410540580749512,0.6665489077568054,-0.08093996345996857,0,0.11457792669534683,0.24431191384792328,0.9629039764404297,0,0,0.44116899371147156,0,1
B14,mixamorig_RightHand,13,1,0,0,0,0,1,0,0,0,0,1,0,0,0.3176180124282837,0,1
B15,mixamorig_LeftUpLeg,0,-0.2393490970134735,0.9508970379829407,0.19623202085494995,0,-0.5855810642242432,-0.3025868535041809,0.7520211935043335,0,0.7744719386100769,0.06508578360080719,0.6292511224746704,0,0.0007159999804571271,-0.05846799910068512,0.21312899887561798,1
B16,mixamorig_LeftLeg,15,-0.21036683022975922,-0.19885025918483734,-0.9571860432624817,0,-0.9749489426612854,0.1150379329919815,0.19037219882011414,0,0.07225708663463593,0.9732550382614136,-0.21806888282299042,0,0,0.3580940067768097,0,1
B17,mixamorig_LeftFoot,16,0.9061439037322998,-0.30181875824928284,-0.29632633924484253,0,0.29722362756729126,-0.04408513754606247,0.9537901282310486,0,-0.30093520879745483,-0.9523460268974304,0.04976016283035278,0,0,0.2920129895210266,0,1
B18,mixamorig_LeftToeBase,17,0.9631310105323792,-0.2625871002674103,-0.05853768810629845,0,0.2671299874782562,0.9075739979743958,0.32396095991134644,0,-0.031940702348947525,-0.3276541531085968,0.944257915019989,0,0,0.17314699292182922,0,1
B19,mixamorig_LeftToe_End,18,1,0,0,0,0,1,0,0,0,0,1,0,0,0.0906200036406517,0,1
B20,mixamorig_RightUpLeg,0,-0.8453229665756226,0.516572117805481,0.13631600141525269,0,-0.4768889546394348,-0.6145572662353516,-0.6284078359603882,0,-0.2408440113067627,-0.5962151885032654,0.765846848487854,0,0.001221999991685152,-0.05846799910068512,-0.21312899887561798,1
B21,mixamorig_RightLeg,20,-0.05702505260705948,-0.013509014621376991,0.9982810616493225,0,-0.9941970705986023,0.09212382882833481,-0.055545058101415634,0,-0.09121521562337875,-0.9956560730934143,-0.01868405193090439,0,0,0.35807499289512634,0,1
B22,mixamorig_RightFoot,21,-0.7413396239280701,0.27123507857322693,-0.6138782501220703,0,0.3685896396636963,-0.5998480319976807,-0.710157036781311,0,-0.5608536005020142,-0.7527372241020203,0.34471702575683594,0,0,0.2686710059642792,0,1
B23,mixamorig_RightToeBase,22,0.9577010273933411,0.058310091495513916,0.28179726004600525,0,-0.17895491421222687,0.8875518441200256,0.4245324432849884,0,-0.2253548800945282,-0.4570035934448242,0.8604431748390198,0,0,0.13546399772167206,0,1
B24,mixamorig_RightToe_End,23,1,0,0,0,0,1,0,0,0,0,1,0,0,0.09076199680566788,0,1
@20,0,1,2,3,4,5,7,8,9,11,12,13,15,16,17,18,20,21,22,23
K0,-0.6361719369888306,0.13167545199394226,-0.7602278590202332,0,0.05168277770280838,0.9903890490531921,0.1282915323972702,0,0.7698140144348145,0.04232478514313698,-0.6368629336357117,0,0.008752998895943165,0.497529000043869,0.006763000041246414,1,0.974280059337616,0.22019194066524506,-0.04789361730217934,0,-0.21845704317092896,0.9750699400901794,0.03892390802502632,0,0.05527037754654884,-0.027460094541311264,0.9980939626693726,0,-0.0032279998995363712,0.10526800155639648,0,1,0.9898650646209717,0.10585105419158936,-0.09467694163322449,0,-0.0986979603767395,0.9921109676361084,0.07729792594909668,0,0.10211207717657089,-0.06717007607221603,0.9925030469894409,0,0,0.12286999821662903,0,1,0.9890390038490295,-0.1000962033867836,-0.10855185985565186,0,0.1066327914595604,0.9927109479904175,0.0561702586710453,0,0.10213814675807953,-0.06712973117828369,0.9925029277801514,0,0,0.1404229998588562,0,1,0.9866290092468262,0.009685107506811619,-0.162695050239563,0,-0.009061891585588455,0.9999480247497559,0.0045722294598817825,0,0.16273097693920135,-0.0030367709696292877,0.9866660237312317,0,0,0.15797600150108337,0,1,0.9169910550117493,-0.06648144870996475,-0.3933298587799072,0,0.0962805524468422,0.9937490224838257,0.05649842694401741,0,0.38711515069007874,-0.0896785780787468,0.9176599979400635,0,-0.019982000812888145,0.01912599988281727,0,1,0.9599179625511169,-0.029385855421423912,0.2787381112575531,0,-0.27238380908966064,0.13662895560264587,0.95243901014328,0,-0.06607186049222946,-0.9901859164237976,0.12314821779727936,0,-0.0011320000048726797,0.14037099480628967,0.15092399716377258,1,-0.97629314661026,0.07018279284238815,-0.20476001501083374,0,-0.12887179851531982,0.5715720057487488,0.8103690147399902,0,0.17390896379947662,0.8175450563430786,-0.5489769577980042,0,0,0.2995539903640747,0,1,0.8296077251434326,-0.4357623755931854,0.34908822178840637,0,0.49203771352767944,0.8660961985588074,-0.08819025009870529,0,-0.2639138102531433,0.24492773413658142,0.9329310655593872,0,0,0.44111698865890503,0,1,-0.9110909700393677,0.07940497249364853,0.4044850170612335,0,-0.3844339847564697,0.19039808213710785,-0.9033039808273315,0,-0.1487399786710739,-0.9784899950027466,-0.14294393360614777,0,0.000050999999075429514,0.14033499360084534,-0.15092399716377258,1,-0.8237649202346802,-0.5424279570579529,-0.1648712456226349,0,-0.3731309771537781,0.2997886836528778,0.8780091404914856,0,-0.4268302023410797,0.7847918272018433,-0.44935211539268494,0,0,0.2995539903640747,0,1,0.6615970730781555,0.7042898535728455,-0.2574201226234436,0,-0.741054117679596,0.6665488481521606,-0.08094000816345215,0,0.11457789689302444,0.24431197345256805,0.9629039764404297,0,0,0.44116899371147156,0,1,-0.2393493801355362,0.9508969187736511,0.19623185694217682,0,-0.5855809450149536,-0.3025868833065033,0.7520211338996887,0,0.7744718194007874,0.06508615612983704,0.6292511820793152,0,0.0007159999804571271,-0.05846799910068512,0.21312899887561798,1,-0.21036700904369354,-0.1988503336906433,-0.9571859240531921,0,-0.9749488234519958,0.11503820866346359,0.19037234783172607,0,0.07225728780031204,0.9732549786567688,-0.21806900203227997,0,0,0.3580940067768097,0,1,0.9061437249183655,-0.3018190860748291,-0.29632651805877686,0,0.297223836183548,-0.04408515617251396,0.953790009021759,0,-0.3009355366230011,-0.9523458480834961,0.049760326743125916,0,0,0.2920129895210266,0,1,0.9631310105323792,-0.2625870406627655,-0.05853767693042755,0,0.26712992787361145,0.9075740575790405,0.32396090030670166,0,-0.031940676271915436,-0.327654093503952,0.9442579746246338,0,0,0.17314699292182922,0,1,-0.8453229069709778,0.5165720582008362,0.1363159567117691,0,-0.47688889503479004,-0.6145572662353516,-0.6284077763557434,0,-0.2408439815044403,-0.5962151288986206,0.7658469080924988,0,0.001221999991685152,-0.05846799910068512,-0.21312899887561798,1,-0.057024795562028885,-0.013508935458958149,0.998280942440033,0,-0.9941970109939575,0.09212377667427063,-0.055544912815093994,0,-0.09121506661176682,-0.9956560134887695,-0.018683848902583122,0,0,0.35807499289512634,0,1,-0.7413396239280701,0.27123478055000305,-0.6138784885406494,0,0.3685898184776306,-0.5998482704162598,-0.7101567983627319,0,-0.5608535408973694,-0.7527372241020203,0.3447171747684479,0,0,0.2686710059642792,0,1,0.9577010273933411,0.05831011384725571,0.2817972004413605,0,-0.17895489931106567,0.8875518441200256,0.4245324432849884,0,-0.22535482048988342,-0.4570035934448242,0.8604432344436646,0,0,0.13546399772167206,0,1
K0.034,-0.648518443107605,0.13498111069202423,-0.7491350173950195,0,0.04800186678767204,0.9894450306892395,0.13672606647014618,0,0.7596834301948547,0.05270950496196747,-0.6481526494026184,0,0.0048601883463561535,0.4935449957847595,0.009174007922410965,1,0.9745243191719055,0.21886046230793,-0.04901701211929321,0,-0.21705347299575806,0.9753544926643372,0.03963211551308632,0,0.05648287013173103,-0.027983153238892555,0.9980112314224243,0,-0.0032279998995363712,0.10526800155639648,0,1,0.9899636507034302,0.10327854752540588,-0.09646192193031311,0,-0.09587141126394272,0.9922923445701599,0.07851074635982513,0,0.10382694751024246,-0.06847487390041351,0.9922353029251099,0,0,0.12286999821662903,0,1,0.9885433912277222,-0.10271027684211731,-0.11060306429862976,0,0.1094808280467987,0.9923544526100159,0.05697445571422577,0,0.1039055809378624,-0.06843063980340958,0.992230236530304,0,0,0.1404229998588562,0,1,0.9859985113143921,0.006115199998021126,-0.16663981974124908,0,-0.0046950713731348515,0.9999487400054932,0.008914756588637829,0,0.16668586432933807,-0.008007554337382317,0.9859771132469177,0,0,0.15797600150108337,0,1,0.916124165058136,-0.06670615822076797,-0.395306795835495,0,0.097580187022686,0.9935075044631958,0.05849254131317139,0,0.38883838057518005,-0.09216051548719406,0.9166852831840515,0,-0.019982000812888145,0.01912599988281727,0,1,0.9612021446228027,-0.03064803220331669,0.274137943983078,0,-0.26814141869544983,0.12942659854888916,0.9546463489532471,0,-0.06473872065544128,-0.991115152835846,0.11618705093860626,0,-0.0011320000048726797,0.14037099480628967,0.15092399716377258,1,-0.9770291447639465,0.07388091087341309,-0.19988718628883362,0,-0.12337861955165863,0.5686793327331543,0.8132539391517639,0,0.1737557053565979,0.8192348480224609,-0.546501100063324,0,0,0.2995539903640747,0,1,0.8276314735412598,-0.43792399764060974,0.3510673940181732,0,0.4948631823062897,0.8644753098487854,-0.08827318251132965,0,-0.264832466840744,0.24678827822208405,0.9321805238723755,0,0,0.44111698865890503,0,1,-0.9167701601982117,0.07452825456857681,0.39239975810050964,0,-0.3714408278465271,0.20211420953273773,-0.9061909914016724,0,-0.14684642851352692,-0.9765223264694214,-0.15760953724384308,0,0.000050999999075429514,0.14033499360084534,-0.15092399716377258,1,-0.8248624801635742,-0.543647289276123,-0.15507790446281433,0,-0.3603607416152954,0.294263631105423,0.8851833939552307,0,-0.43559369444847107,0.7860383987426758,-0.4386361837387085,0,0,0.2995539903640747,0,1,0.6589937806129456,0.7063295245170593,-0.25850582122802734,0,-0.7433782815933228,0.6639664173126221,-0.0808592140674591,0,0.11452590674161911,0.24545326828956604,0.9626196026802063,0,0,0.44116899371147156,0,1,-0.22515638172626495,0.9539998769760132,0.1979610174894333,0,-0.5932809114456177,-0.29540956020355225,0.7488328218460083,0,0.7728662490844727,0.051158055663108826,0.6325035691261292,0,0.0007159999804571271,-0.05846799910068512,0.21312899887561798,1,-0.20606453716754913,-0.2003830224275589,-0.9578021168708801,0,-0.9751744270324707,0.12314343452453613,0.18403902649879456,0,0.0810687467455864,0.9719476699829102,-0.22078384459018707,0,0,0.3580940067768097,0,1,0.9054258465766907,-0.2983163595199585,-0.3020126521587372,0,0.3096058666706085,-0.0226824302226305,0.950594961643219,0,-0.29042816162109375,-0.954197347164154,0.07182317972183228,0,0,0.2920129895210266,0,1,0.9631309509277344,-0.26258713006973267,-0.05853714793920517,0,0.2671298682689667,0.9075740575790405,0.3239610195159912,0,-0.03194121643900871,-0.32765403389930725,0.9442579746246338,0,0,0.17314699292182922,0,1,-0.8481192588806152,0.5103781819343567,0.14215333759784698,0,-0.47401508688926697,-0.6111374497413635,-0.6338934898376465,0,-0.23665030300617218,-0.605000376701355,0.7602446675300598,0,0.001221999991685152,-0.05846799910068512,-0.21312899887561798,1,-0.055040813982486725,-0.015533247031271458,0.9983632564544678,0,-0.9967264533042908,0.060149043798446655,-0.05401477590203285,0,-0.05921156331896782,-0.998068630695343,-0.0187930166721344,0,0,0.35807499289512634,0,1,-0.7447873950004578,0.26472294330596924,-0.6125475168228149,0,0.3510519564151764,-0.6252198815345764,-0.6970383524894714,0,-0.567499041557312,-0.7341815233230591,0.372724324464798,0,0,0.2686710059642792,0,1,0.9576999545097351,0.05831000208854675,0.2817970812320709,0,-0.17895500361919403,0.8875511288642883,0.42453277111053467,0,-0.2253548800945282,-0.457004189491272,0.8604428768157959,0,0,0.13546399772167206,0,1
K0.067,-0.6502267122268677,0.1406816840171814,-0.7466021180152893,0,0.04455609619617462,0.9880765080451965,0.14737795293331146,0,0.7584324479103088,0.06256332993507385,-0.6487411260604858,0,0.0010742103913798928,0.49040737748146057,0.011354304850101471,1,0.974700391292572,0.217891126871109,-0.049817074090242386,0,-0.216026172041893,0.9755576848983765,0.040238600224256516,0,0.05736710503697395,-0.02845880761742592,0.9979473948478699,0,-0.0032279998995363712,0.10526800155639648,0,1,0.9900980591773987,0.10149113088846207,-0.09697896987199783,0,-0.0939328521490097,0.9923938512802124,0.07956819981336594,0,0.10431680083274841,-0.06967081129550934,0.9921005964279175,0,0,0.12286999821662903,0,1,0.9882463216781616,-0.10466307401657104,-0.11141829937696457,0,0.11158592253923416,0.9920715093612671,0.057810232043266296,0,0.10448438674211502,-0.06956350803375244,0.9920905828475952,0,0,0.1404229998588562,0,1,0.9847477674484253,-0.0031563120428472757,-0.17395691573619843,0,0.006070441100746393,0.9998502135276794,0.01622248813509941,0,0.1738797426223755,-0.01703106053173542,0.9846198558807373,0,0,0.15797600150108337,0,1,0.9148963689804077,-0.06689698994159698,-0.3981066346168518,0,0.09771136194467545,0.9935465455055237,0.05759890004992485,0,0.39168447256088257,-0.09159661829471588,0.9155292510986328,0,-0.019982000812888145,0.01912599988281727,0,1,0.9627190828323364,-0.032014843076467514,0.26860105991363525,0,-0.26299163699150085,0.12158574908971786,0.9571057558059692,0,-0.06329969316720963,-0.9920644760131836,0.10863335430622101,0,-0.0011320000048726797,0.14037099480628967,0.15092399716377258,1,-0.9775753617286682,0.07943294942378998,-0.195032000541687,0,-0.11624415218830109,0.5687076449394226,0.8142845034599304,0,0.17559714615345,0.8186954259872437,-0.5467208027839661,0,0,0.2995539903640747,0,1,0.8258000612258911,-0.44113484025001526,0.3513603210449219,0,0.4985635280609131,0.8622506260871887,-0.08921045809984207,0,-0.26360681653022766,0.2488454431295395,0.9319803714752197,0,0,0.44111698865890503,0,1,-0.922197699546814,0.06864539533853531,0.38057762384414673,0,-0.3585226237773895,0.21712961792945862,-0.9079190492630005,0,-0.14495901763439178,-0.9737256169319153,-0.17562542855739594,0,0.000050999999075429514,0.14033499360084534,-0.15092399716377258,1,-0.8285579085350037,-0.5412991642951965,-0.14313125610351562,0,-0.3427625894546509,0.28823918104171753,0.8941097259521484,0,-0.44272497296333313,0.7898819446563721,-0.4243600368499756,0,0,0.2995539903640747,0,1,0.6577509641647339,0.7071846723556519,-0.25933173298835754,0,-0.7444139719009399,0.6628426909446716,-0.08054064959287643,0,0.11493909358978271,0.2460259646177292,0.9624239802360535,0,0,0.44116899371147156,0,1,-0.2229001373052597,0.9544329047203064,0.1984294056892395,0,-0.592642068862915,-0.29428818821907043,0.7497798204421997,0,0.7740094661712646,0.04952841252088547,0.6312336921691895,0,0.0007159999804571271,-0.05846799910068512,0.21312899887561798,1,-0.19648738205432892,-0.19730094075202942,-0.9604501128196716,0,-0.9761532545089722,0.13156640529632568,0.17267274856567383,0,0.09229452162981033,0.9714745879173279,-0.21844717860221863,0,0,0.3580940067768097,0,1,0.9022476077079773,-0.30141040682792664,-0.30838528275489807,0,0.32015714049339294,-0.010858938097953796,0.947301983833313,0,-0.28887540102005005,-0.953432559967041,0.08670123666524887,0,0,0.2920129895210266,0,1,0.9631310105323792,-0.26258811354637146,-0.05853506550192833,0,0.26712989807128906,0.9075731039047241,0.3239628076553345,0,-0.03194393590092659,-0.3276551365852356,0.9442569613456726,0,0,0.17314699292182922,0,1,-0.8426908254623413,0.5150390267372131,0.1568640023469925,0,-0.48539242148399353,-0.600706934928894,-0.6352522373199463,0,-0.23295055329799652,-0.6114622354507446,0.7562068104743958,0,0.001221999991685152,-0.05846799910068512,-0.21312899887561798,1,-0.054772812873125076,-0.019897541031241417,0.9983006119728088,0,-0.9980791807174683,0.030070025473833084,-0.05416129156947136,0,-0.02894129604101181,-0.9993501305580139,-0.021506384015083313,0,0,0.35807499289512634,0,1,-0.7488881349563599,0.25770100951194763,-0.61053866147995,0,0.3396734297275543,-0.6418023109436035,-0.6875412464141846,0,-0.5690246820449829,-0.7222745418548584,0.3931034207344055,0,0,0.2686710059642792,0,1,0.9577010273933411,0.05831005424261093,0.28179726004600525,0,-0.17895494401454926,0.8875511288642883,0.42453280091285706,0,-0.22535477578639984,-0.457004189491272,0.8604428768157959,0,0,0.13546399772167206,0,1
K0.101,-0.6431748867034912,0.1484309434890747,-0.7511950135231018,0,0.04110069200396538,0.986309826374054,0.15969747304916382,0,0.7646154761314392,0.07183882594108582,-0.6404707431793213,0,-0.0026015755720436573,0.48805898427963257,0.013303348794579506,1,0.9747101068496704,0.21768850088119507,-0.050508052110672,0,-0.2157568633556366,0.975584089756012,0.041043661534786224,0,0.05820963904261589,-0.029108241200447083,0.9978803992271423,0,-0.0032279998995363712,0.10526800155639648,0,1,0.9901348352432251,0.10134400427341461,-0.09675777703523636,0,-0.09364549815654755,0.9923015832901001,0.08104931563138962,0,0.1042267456650734,-0.07118881493806839,0.9920027256011963,0,0,0.12286999821662903,0,1,0.9881817698478699,-0.10506690293550491,-0.1116175502538681,0,0.11214629560709,0.9919301867485046,0.05914745852351189,0,0.10450232774019241,-0.07096589356660843,0.9919897317886353,0,0,0.1404229998588562,0,1,0.9830051064491272,-0.015762096270918846,-0.1828986257314682,0,0.019915344193577766,0.99958336353302,0.02089329995214939,0,0.1824931651353836,-0.02418072149157524,0.9829098582267761,0,0,0.15797600150108337,0,1,0.9127222299575806,-0.06367893517017365,-0.40358778834342957,0,0.09661649912595749,0.9934033751487732,0.061758942902088165,0,0.3969928026199341,-0.09536201506853104,0.9128538966178894,0,-0.019982000812888145,0.01912599988281727,0,1,0.9635151028633118,-0.03289518132805824,0.2656247913837433,0,-0.2602582275867462,0.11653594672679901,0.9584805369377136,0,-0.062484242022037506,-0.9926418662071228,0.10372294485569,0,-0.0011320000048726797,0.14037099480628967,0.15092399716377258,1,-0.9781293869018555,0.08696216344833374,-0.18894730508327484,0,-0.10669920593500137,0.5699948072433472,0.8146907091140747,0,0.17854617536067963,0.8170331716537476,-0.5482495427131653,0,0,0.2995539903640747,0,1,0.8244068026542664,-0.4433509409427643,0.35184234380722046,0,0.5006805658340454,0.8611437082290649,-0.08803827315568924,0,-0.2639549672603607,0.24873998761177063,0.9319099187850952,0,0,0.44111698865890503,0,1,-0.9274794459342957,0.0630391463637352,0.36852017045021057,0,-0.3453476130962372,0.23317372798919678,-0.9090463519096375,0,-0.14323469996452332,-0.9703892469406128,-0.1944933384656906,0,0.000050999999075429514,0.14033499360084534,-0.15092399716377258,1,-0.8341749906539917,-0.5361672639846802,-0.12913694977760315,0,-0.3215981423854828,0.2826896905899048,0.9036930203437805,0,-0.4480251669883728,0.7953688502311707,-0.4082433581352234,0,0,0.2995539903640747,0,1,0.6583833694458008,0.705807626247406,-0.261471688747406,0,-0.7431636452674866,0.6646450161933899,-0.07715949416160583,0,0.1193261668086052,0.2451169192790985,0.96212238073349,0,0,0.44116899371147156,0,1,-0.23047524690628052,0.9527093768119812,0.19805322587490082,0,-0.5851064920425415,-0.2983109652996063,0.7540957927703857,0,0.7775163054466248,0.05791820213198662,0.626190185546875,0,0.0007159999804571271,-0.05846799910068512,0.21312899887561798,1,-0.1827046275138855,-0.19035941362380981,-0.9645630717277527,0,-0.9775174856185913,0.1401989459991455,0.15748974680900574,0,0.10525112599134445,0.9716522097587585,-0.21169479191303253,0,0,0.3580940067768097,0,1,0.8970353603363037,-0.30974966287612915,-0.3152506649494171,0,0.32935652136802673,-0.007129742298275232,0.9441783428192139,0,-0.29470670223236084,-0.9507914781570435,0.0956224873661995,0,0,0.2920129895210266,0,1,0.9631309509277344,-0.26258713006973267,-0.05853719264268875,0,0.2671298682689667,0.9075740575790405,0.32396095991134644,0,-0.03194115683436394,-0.32765400409698486,0.9442579746246338,0,0,0.17314699292182922,0,1,-0.8298065662384033,0.5286041498184204,0.17887985706329346,0,-0.5084286332130432,-0.5839895009994507,-0.6328165531158447,0,-0.23004558682441711,-0.6160632371902466,0.7533561587333679,0,0.001221999991685152,-0.05846799910068512,-0.21312899887561798,1,-0.055759165436029434,-0.02617289312183857,0.9981008172035217,0,-0.9984440803527832,0.0020421696826815605,-0.05572479963302612,0,-0.0005797982448711991,-0.9996550679206848,-0.026246028020977974,0,0,0.35807499289512634,0,1,-0.7535566687583923,0.25026050209999084,-0.6078832149505615,0,0.3338968753814697,-0.6508347988128662,-0.6818553805351257,0,-0.5662727355957031,-0.7167866230010986,0.4068795144557953,0,0,0.2686710059642792,0,1,0.9577001333236694,0.05831001326441765,0.2817975878715515,0,-0.17895500361919403,0.8875508904457092,0.4245321750640869,0,-0.2253553420305252,-0.4570038616657257,0.8604429364204407,0,0,0.13546399772167206,0,1
K0.135,-0.628987193107605,0.15782083570957184,-0.7612277269363403,0,0.037373241037130356,0.9841839671134949,0.1731642484664917,0,0.7765170931816101,0.08046858012676239,-0.6249374747276306,0,-0.006204580422490835,0.48644232749938965,0.015029111877083778,1,0.9745834469795227,0.21802546083927155,-0.05150766670703888,0,-0.21599997580051422,0.9754840731620789,0.04213683307170868,0,0.059431757777929306,-0.029940178617835045,0.9977831840515137,0,-0.0032279998995363712,0.10526800155639648,0,1,0.9900299906730652,0.10238959640264511,-0.09672870486974716,0,-0.09448129683732986,0.9920538663864136,0.08308480679988861,0,0.10446713864803314,-0.07311742007732391,0.9918372631072998,0,0,0.12286999821662903,0,1,0.9881998300552368,-0.10433726757764816,-0.11213945597410202,0,0.11164107173681259,0.9918784499168396,0.0609402097761631,0,0.10487032681703568,-0.07274045050144196,0.9918220639228821,0,0,0.1404229998588562,0,1,0.9802120327949524,-0.03164433687925339,-0.1954054832458496,0,0.03765550255775452,0.9989228248596191,0.02712373435497284,0,0.1943366974592209,-0.03394510596990585,0.9803478717803955,0,0,0.15797600150108337,0,1,0.9099297523498535,-0.057414863258600235,-0.4107704162597656,0,0.09272187203168869,0.9934660792350769,0.06653513759374619,0,0.40426650643348694,-0.09862973541021347,0.9093081951141357,0,-0.019982000812888145,0.01912599988281727,0,1,0.9649070501327515,-0.03378745913505554,0.2604083716869354,0,-0.2553262710571289,0.11093276739120483,0.9604693651199341,0,-0.06133970990777016,-0.9932538866996765,0.09841309487819672,0,-0.0011320000048726797,0.14037099480628967,0.15092399716377258,1,-0.9781318306922913,0.09195948392152786,-0.18655388057231903,0,-0.10086376219987869,0.5746902227401733,0.812131404876709,0,0.18189390003681183,0.8131881952285767,-0.5528474450111389,0,0,0.2995539903640747,0,1,0.8269867300987244,-0.44095081090927124,0.34879055619239807,0,0.4980297088623047,0.8624208569526672,-0.09053781628608704,0,-0.2608815133571625,0.24858160316944122,0.9328171014785767,0,0,0.44111698865890503,0,1,-0.9332778453826904,0.05784871429204941,0.35446569323539734,0,-0.3303876519203186,0.2487448900938034,-0.9104775190353394,0,-0.1408414989709854,-0.9668397903442383,-0.21303561329841614,0,0.000050999999075429514,0.14033499360084534,-0.15092399716377258,1,-0.8400123715400696,-0.5304857492446899,-0.11386328935623169,0,-0.2988603115081787,0.2772431969642639,0.9131367802619934,0,-0.45283806324005127,0.8010750412940979,-0.39142870903015137,0,0,0.2995539903640747,0,1,0.6575020551681519,0.7049212455749512,-0.26604071259498596,0,-0.7425078749656677,0.6661791801452637,-0.06990138441324234,0,0.1279558539390564,0.24349768459796906,0.9614239931106567,0,0,0.44116899371147156,0,1,-0.24412818253040314,0.949169397354126,0.19869013130664825,0,-0.5699345469474792,-0.30620378255844116,0.7625049352645874,0,0.7845861911773682,0.07290861010551453,0.6157175898551941,0,0.0007159999804571271,-0.05846799910068512,0.21312899887561798,1,-0.16450834274291992,-0.18349041044712067,-0.9691581726074219,0,-0.9791110754013062,0.14940382540225983,0.13791126012802124,0,0.11949056386947632,0.9716016054153442,-0.2042357325553894,0,0,0.3580940067768097,0,1,0.8911428451538086,-0.3195584714412689,-0.32209673523902893,0,0.3373822271823883,-0.007964064367115498,0.9413343667984009,0,-0.30337661504745483,-0.947533130645752,0.1007162481546402,0,0,0.2920129895210266,0,1,0.9631310105323792,-0.26258715987205505,-0.05853749439120293,0,0.26712989807128906,0.9075738191604614,0.3239605128765106,0,-0.03194079548120499,-0.32765376567840576,0.9442580938339233,0,0,0.17314699292182922,0,1,-0.8100271821022034,0.5489240884780884,0.20624896883964539,0,-0.5402311682701111,-0.5617912411689758,-0.6265299320220947,0,-0.22804854810237885,-0.6189283728599548,0.7516120672225952,0,0.001221999991685152,-0.05846799910068512,-0.21312899887561798,1,-0.05759226158261299,-0.0337693989276886,0.9977692365646362,0,-0.9980177283287048,-0.023441266268491745,-0.05839996039867401,0,0.02536109648644924,-0.9991546869277954,-0.032352425158023834,0,0,0.35807499289512634,0,1,-0.7586066722869873,0.24266396462917328,-0.6046733856201172,0,0.33308184146881104,-0.653182327747345,-0.6800066232681274,0,-0.5599750876426697,-0.717263400554657,0.4146815538406372,0,0,0.2686710059642792,0,1,0.9576999545097351,0.05831008777022362,0.2817970812320709,0,-0.17895489931106567,0.8875508904457092,0.4245321750640869,0,-0.22535493969917297,-0.45700380206108093,0.8604430556297302,0,0,0.13546399772167206,0,1
K0.169,-0.6092130541801453,0.16838708519935608,-0.7749226689338684,0,0.03317412734031677,0.981751561164856,0.18724985420703888,0,0.79231196641922,0.08836769312620163,-0.6036819815635681,0,-0.009736779145896435,0.4854482114315033,0.016515109688043594,1,0.9745755195617676,0.21784108877182007,-0.05241920426487923,0,-0.21574810147285461,0.9755103588104248,0.04279768094420433,0,0.06045859679579735,-0.030400238931179047,0.9977077841758728,0,-0.0032279998995363712,0.10526800155639648,0,1,0.9900820851325989,0.10234147310256958,-0.09625034034252167,0,-0.09435150772333145,0.9919724464416504,0.08419899642467499,0,0.10409466922283173,-0.07428250461816788,0.9917896389961243,0,0,0.12286999821662903,0,1,0.9881624579429626,-0.10476850718259811,-0.11206915974617004,0,0.11216910928487778,0.9917600750923157,0.06189100816845894,0,0.10466143488883972,-0.0737290233373642,0.9917712807655334,0,0,0.1404229998588562,0,1,0.977032482624054,-0.04090089350938797,-0.20912796258926392,0,0.05028264969587326,0.9979437589645386,0.03974118456244469,0,0.20707257091999054,-0.049343954771757126,0.9770804047584534,0,0,0.15797600150108337,0,1,0.9074622988700867,-0.05398673936724663,-0.4166495203971863,0,0.09104681760072708,0.9934130907058716,0.06957986205816269,0,0.41014885902404785,-0.10107574611902237,0.9064005017280579,0,-0.019982000812888145,0.01912599988281727,0,1,0.9661861062049866,-0.03483884036540985,0.25548022985458374,0,-0.2507252097129822,0.10428646951913834,0.962424635887146,0,-0.06017293408513069,-0.9939373135566711,0.09202522039413452,0,-0.0011320000048726797,0.14037099480628967,0.15092399716377258,1,-0.977818489074707,0.09433484822511673,-0.18700972199440002,0,-0.09842659533023834,0.5811696648597717,0.8078076243400574,0,0.1848887950181961,0.8082960247993469,-0.558993399143219,0,0,0.2995539903640747,0,1,0.8328351378440857,-0.43334126472473145,0.34438443183898926,0,0.4895077347755432,0.8670495748519897,-0.09277673810720444,0,-0.2583944499492645,0.24584662914276123,0.9342334866523743,0,0,0.44111698865890503,0,1,-0.9386330842971802,0.05177218094468117,0.34100908041000366,0,-0.31574931740760803,0.2689293324947357,-0.9099341034889221,0,-0.13881665468215942,-0.961767852306366,-0.23607906699180603,0,0.000050999999075429514,0.14033499360084534,-0.15092399716377258,1,-0.8408111333847046,-0.5305822491645813,-0.10732632875442505,0,-0.28387996554374695,0.26336443424224854,0.9219818711280823,0,-0.4609214663505554,0.8056806325912476,-0.3720616102218628,0,0,0.2995539903640747,0,1,0.6526212096214294,0.7070316672325134,-0.2723816931247711,0,-0.7452387809753418,0.6638800501823425,-0.06231861561536789,0,0.1367674022912979,0.24365964531898499,0.9601687788963318,0,0,0.44116899371147156,0,1,-0.2639380395412445,0.9435297250747681,0.20022058486938477,0,-0.5507840514183044,-0.3178437054157257,0.7717593908309937,0,0.7918168902397156,0.09341837465763092,0.6035722494125366,0,0.0007159999804571271,-0.05846799910068512,0.21312899887561798,1,-0.14492039382457733,-0.1752065122127533,-0.9738075137138367,0,-0.9802313446998596,0.1594119369983673,0.11719521135091782,0,0.13470302522182465,0.9715400338172913,-0.1948447823524475,0,0,0.3580940067768097,0,1,0.884183943271637,-0.3331058919429779,-0.32750532031059265,0,0.3428129553794861,-0.013562921434640884,0.9393057227134705,0,-0.3173302114009857,-0.9427921772003174,0.10220089554786682,0,0,0.2920129895210266,0,1,0.9631310701370239,-0.2625879645347595,-0.058535393327474594,0,0.26712989807128906,0.9075731039047241,0.3239637017250061,0,-0.031943827867507935,-0.327656090259552,0.9442570209503174,0,0,0.17314699292182922,0,1,-0.7840571403503418,0.5737230777740479,0.2368476837873459,0,-0.5777235627174377,-0.5350584983825684,-0.6163998246192932,0,-0.22691524028778076,-0.6201245784759521,0.7509690523147583,0,0.001221999991685152,-0.05846799910068512,-0.21312899887561798,1,-0.05994116887450218,-0.042139098048210144,0.9973124265670776,0,-0.9970323443412781,-0.045820847153663635,-0.061860401183366776,0,0.04830446094274521,-0.9980608224868774,-0.03926748037338257,0,0,0.35807499289512634,0,1,-0.7637778520584106,0.23527801036834717,-0.601071834564209,0,0.3364063799381256,-0.6496422290802002,-0.681759238243103,0,-0.5508845448493958,-0.7229169011116028,0.41703325510025024,0,0,0.2686710059642792,0,1,0.9577001333236694,0.05831001326441765,0.2817975878715515,0,-0.17895500361919403,0.8875508904457092,0.4245321750640869,0,-0.2253553420305252,-0.4570038616657257,0.8604429364204407,0,0,0.13546399772167206,0,1
K0.202,-0.5854772329330444,0.17961786687374115,-0.7905407547950745,0,0.028363052755594254,0.9790875911712646,0.20145156979560852,0,0.8101927042007446,0.09552314877510071,-0.5783278346061707,0,-0.013232899829745293,0.48496273159980774,0.0177646242082119,1,0.974664568901062,0.21738508343696594,-0.05265861377120018,0,-0.21523551642894745,0.9755886197090149,0.04360101744532585,0,0.06085135042667389,-0.031162364408373833,0.9976606369018555,0,-0.0032279998995363712,0.10526800155639648,0,1,0.9903374314308167,0.10173873603343964,-0.0942356139421463,0,-0.0937744751572609,0.9919230341911316,0.08540951460599899,0,0.10216394066810608,-0.07574734836816788,0.9918791055679321,0,0,0.12286999821662903,0,1,0.9882262349128723,-0.10579092055559158,-0.11053336411714554,0,0.11321946233510971,0.9915558099746704,0.06322836130857468,0,0.10291101038455963,-0.07499846071004868,0.9918591380119324,0,0,0.1404229998588562,0,1,0.9737622141838074,-0.04838256537914276,-0.22236627340316772,0,0.061770081520080566,0.9966480135917664,0.053645648062229156,0,0.21902534365653992,-0.0659736692905426,0.973486602306366,0,0,0.15797600150108337,0,1,0.9054330587387085,-0.048308368772268295,-0.4217309355735779,0,0.08819492161273956,0.9932318329811096,0.07557706534862518,0,0.41522568464279175,-0.10562451183795929,0.9035657048225403,0,-0.019982000812888145,0.01912599988281727,0,1,0.9667405486106873,-0.03548947349190712,0.2532848119735718,0,-0.24871888756752014,0.10030481219291687,0.9633676409721375,0,-0.05959513783454895,-0.9943239688873291,0.08814188092947006,0,-0.0011320000048726797,0.14037099480628967,0.15092399716377258,1,-0.9777233004570007,0.09934414178133011,-0.18489761650562286,0,-0.09252605587244034,0.5867006778717041,0.804500162601471,0,0.18840210139751434,0.8036870956420898,-0.5644394755363464,0,0,0.2995539903640747,0,1,0.8354402184486389,-0.4296998977661133,0.34263482689857483,0,0.4855878949165344,0.8691150546073914,-0.09403885155916214,0,-0.25738051533699036,0.2449430674314499,0.9347503185272217,0,0,0.44111698865890503,0,1,-0.9445898532867432,0.045051898807287216,0.32514792680740356,0,-0.29880639910697937,0.2920415997505188,-0.90852952003479,0,-0.13588766753673553,-0.9553439021110535,-0.2623976171016693,0,0.000050999999075429514,0.14033499360084534,-0.15092399716377258,1,-0.8382866978645325,-0.5349342226982117,-0.10545884072780609,0,-0.273670494556427,0.24552950263023376,0.9299566149711609,0,-0.47157248854637146,0.8084313869476318,-0.35221996903419495,0,0,0.2995539903640747,0,1,0.6434980034828186,0.7119179964065552,-0.28121712803840637,0,-0.750977098941803,0.6582818627357483,-0.051951080560684204,0,0.1481352150440216,0.2446179986000061,0.9582370519638062,0,0,0.44116899371147156,0,1,-0.28666937351226807,0.936037540435791,0.20409618318080902,0,-0.5279693603515625,-0.33212345838546753,0.7816282510757446,0,0.7994179129600525,0.11631224304437637,0.589408278465271,0,0.0007159999804571271,-0.05846799910068512,0.21312899887561798,1,-0.1247374415397644,-0.16764377057552338,-0.977924644947052,0,-0.9806727766990662,0.17056776583194733,0.09584784507751465,0,0.15073418617248535,0.9709802865982056,-0.18567994236946106,0,0,0.3580940067768097,0,1,0.8769826889038086,-0.3480845093727112,-0.33126750588417053,0,0.34592553973197937,-0.02116159163415432,0.9380236268043518,0,-0.3335214853286743,-0.9372240900993347,0.10185292363166809,0,0,0.2920129895210266,0,1,0.9631308913230896,-0.26258623600006104,-0.05853922665119171,0,0.26712971925735474,0.9075739979743958,0.3239612281322479,0,-0.031939078122377396,-0.327654629945755,0.9442571401596069,0,0,0.17314699292182922,0,1,-0.7529210448265076,0.600895345211029,0.2683943808078766,0,-0.6178486943244934,-0.5049459338188171,-0.6027384400367737,0,-0.22665774822235107,-0.6196407079696655,0.7514457702636719,0,0.001221999991685152,-0.05846799910068512,-0.21312899887561798,1,-0.06260174512863159,-0.05078952759504318,0.9967458248138428,0,-0.995725154876709,-0.06477434933185577,-0.06583821773529053,0,0.06790746748447418,-0.9966068267822266,-0.04651746153831482,0,0,0.35807499289512634,0,1,-0.7688593864440918,0.22830520570278168,-0.5972701907157898,0,0.3429892659187317,-0.6410717964172363,-0.6865746378898621,0,-0.5396420359611511,-0.7327371835708618,0.41458818316459656,0,0,0.2686710059642792,0,1,0.9576999545097351,0.058310091495513916,0.2817970812320709,0,-0.17895491421222687,0.887550950050354,0.4245322346687317,0,-0.22535490989685059,-0.4570038318634033,0.8604430556297302,0,0,0.13546399772167206,0,1
