1.000,30,29,25
B0,mixamorig_Hips,-1,-0.03494960814714432,0.03392579406499863,-0.9988129734992981,0,0.010682988911867142,0.9993789792060852,0.033571209758520126,0,0.9993318915367126,-0.00949700828641653,-0.035290345549583435,0,0.005768999923020601,0.6633110046386719,-0.01734600029885769,1
B1,mixamorig_Spine,0,0.9906310439109802,0.13472063839435577,0.022382833063602448,0,-0.1345403492450714,0.9908639788627625,-0.00938113871961832,0,-0.023442154750227928,0.006281847134232521,0.9997050166130066,0,-0.0025859999004751444,0.09469100087881088,0,1
B2,mixamorig_Spine1,1,0.998183012008667,0.04356703534722328,0.041612762957811356,0,-0.0426519550383091,0.998833954334259,-0.022631989791989326,0,-0.042550235986709595,0.020815996453166008,0.9988769888877869,0,0,0.11051400005817413,0,1
B3,mixamorig_Spine2,2,0.9982380270957947,0.043101660907268524,0.040790244936943054,0,-0.04212433099746704,0.9988110065460205,-0.024523243308067322,0,-0.04179874807596207,0.02276177890598774,0.9988669753074646,0,0,0.12630200386047363,0,1
B4,mixamorig_Neck,3,0.9986760020256042,-0.03558691218495369,-0.0371522456407547,0,0.03576508164405823,0.999351978302002,0.0041418601758778095,0,0.036980751901865005,-0.005465126596391201,0.999301016330719,0,0,0.14208999276161194,0,1
B5,mixamorig_Head,4,0.9953269362449646,-0.05552731081843376,-0.07899904996156693,0,0.0582546666264534,0.9977680444717407,0.03264676034450531,0,0.07700992375612259,-0.037096258252859116,0.9963399767875671,0,-0.04831999912858009,0.019728999584913254,0,1
B6,mixamorig_HeadTop_End,5,1,0,0,0,0,1,0,0,0,0,1,0,-0.12917999923229218,0.05274499952793121,0,1
B7,mixamorig_LeftShoulder,3,0.9975459575653076,-0.0012386348098516464,0.0700068473815918,0,-0.06968510895967484,0.07978846877813339,0.994373083114624,0,-0.006817404180765152,-0.9968109726905823,0.07950632274150848,0,0.014174999669194221,0.12899699807167053,0.15484100580215454,1
B8,mixamorig_LeftArm,7,0.8977421522140503,0.43861067295074463,0.04097307473421097,0,-0.12892501056194305,0.1726609319448471,0.9765070080757141,0,0.4212323725223541,-0.8819348812103271,0.21155308187007904,0,0,0.33012598752975464,0,1
B9,mixamorig_LeftForeArm,8,0.9815430641174316,0.19119872152805328,-0.004030885174870491,0,-0.19110524654388428,0.981421947479248,0.01701466739177704,0,0.007209181785583496,-0.015930306166410446,0.9998469948768616,0,0,0.4148640036582947,0,1
B10,mixamorig_LeftHand,9,1,0,0,0,0,1,0,0,0,0,1,0,0,0.5294280052185059,0,1
B11,mixamorig_RightShoulder,3,-0.9966980814933777,-0.014422203414142132,0.0799059271812439,0,-0.08060205727815628,0.05681799724698067,-0.9951260089874268,0,0.009811805561184883,-0.9982800483703613,-0.05779285356402397,0,-0.0019280000124126673,0.12943699955940247,-0.15484100580215454,1
B12,mixamorig_RightArm,11,0.8749989867210388,-0.4632800817489624,-0.14052899181842804,0,0.30098092555999756,0.2932068705558777,0.9074361324310303,0,-0.37919291853904724,-0.8363020420074463,0.3959941267967224,0,0,0.32886001467704773,0,1
B13,mixamorig_RightForeArm,12,0.9191490411758423,-0.3939089775085449,-0.0011217700084671378,0,0.3939020335674286,0.9191439747810364,-0.0039099473506212234,0,0.0025712319184094667,0.0031519571784883738,0.9999919533729553,0,0,0.41274601221084595,0,1
B14,mixamorig_RightHand,13,1,0,0,0,0,1,0,0,0,0,1,0,0,0.5294439792633057,0,1
B15,mixamorig_LeftUpLeg,0,-0.7901410460472107,0.5896800756454468,0.16719508171081543,0,-0.5766070485115051,-0.8076359629631042,0.12348408997058868,0,0.2078489065170288,0.0011639731237664819,0.9781600832939148,0,-0.0035500000230968,-0.05269800126552582,0.2121559977531433,1
B16,mixamorig_LeftLeg,15,0.010370072908699512,0.0632290169596672,-0.9979449510574341,0,-0.9970690011978149,-0.0750032588839531,-0.015113113448023796,0,-0.07580474764108658,0.9951770305633545,0.06226592883467674,0,0,0.3468180000782013,0,1
B17,mixamorig_LeftFoot,16,0.9577820301055908,0.025505920872092247,-0.28636306524276733,0,0.2871549427509308,-0.13341942429542542,0.9485469460487366,0,-0.014012821950018406,-0.9907310605049133,-0.1351107805967331,0,0,0.3039799928665161,0,1
B18,mixamorig_LeftToeBase,17,0.9839499592781067,-0.1614411175251007,-0.07601438462734222,0,0.17815469205379486,0.8646250367164612,0.46977004408836365,0,-0.0101162763312459,-0.4757729172706604,0.8795099854469299,0,0,0.17184899747371674,0,1
B19,mixamorig_LeftToe_End,18,1,0,0,0,0,1,0,0,0,0,1,0,0,0.0906200036406517,0,1
B20,mixamorig_RightUpLeg,0,-0.8807989954948425,0.45476412773132324,-0.13183973729610443,0,-0.454586923122406,-0.8900830745697021,-0.0332079716026783,0,-0.13245023787021637,0.030683107674121857,0.990714967250824,0,-0.0017140000127255917,-0.05269800126552582,-0.2121559977531433,1
B21,mixamorig_RightLeg,20,0.08331882208585739,0.12330412119626999,0.9888649582862854,0,-0.8415311574935913,0.5401977896690369,0.0035461976658552885,0,-0.5337451696395874,-0.8324557542800903,0.14877286553382874,0,0,0.3464739918708801,0,1
B22,mixamorig_RightFoot,21,-0.93532794713974,-0.05775229260325432,-0.3490350842475891,0,0.35320189595222473,-0.09602134674787521,-0.930605947971344,0,0.020229822024703026,-0.9937020540237427,0.11020968854427338,0,0,0.27732300758361816,0,1
B23,mixamorig_RightToeBase,22,0.9541189670562744,-0.024046828970313072,0.29846107959747314,0,-0.13698174059391022,0.8512951731681824,0.5064908862113953,0,-0.26625797152519226,-0.5241362452507019,0.8089429140090942,0,0,0.13539999723434448,0,1
B24,mixamorig_RightToe_End,23,1,0,0,0,0,1,0,0,0,0,1,0,0,0.09076199680566788,0,1
@20,0,1,2,3,4,5,7,8,9,11,12,13,15,16,17,18,20,21,22,23
K0,-0.9988129734992981,0.03392577916383743,0.03494957461953163,0,0.03357120230793953,0.9993789792060852,-0.01068277470767498,0,-0.03529030457139015,-0.009496799670159817,-0.9993319511413574,0,-0.01734599843621254,0.6633110046386719,-0.005769000388681889,1,0.9906310439109802,0.13472063839435577,0.022382838651537895,0,-0.1345403492450714,0.9908639788627625,-0.009381146170198917,0,-0.023442162200808525,0.006281854119151831,0.9997050166130066,0,-0.0025859999004751444,0.09469100087881088,0,1,0.998183012008667,0.04356703907251358,0.041612762957811356,0,-0.042651958763599396,0.998833954334259,-0.022631995379924774,0,-0.042550235986709595,0.020816000178456306,0.9988769888877869,0,0,0.11051400005817413,0,1,0.9982380270957947,0.04310166463255882,0.04079024866223335,0,-0.04212433472275734,0.9988110065460205,-0.024523233994841576,0,-0.041798751801252365,0.022761767730116844,0.9988669753074646,0,0,0.12630200386047363,0,1,0.9986760020256042,-0.03558691591024399,-0.0371522456407547,0,0.035765085369348526,0.999351978302002,0.004141866695135832,0,0.036980751901865005,-0.005465133115649223,0.999301016330719,0,0,0.14208999276161194,0,1,0.9953269362449646,-0.05552732199430466,-0.07899905741214752,0,0.058254677802324295,0.9977680444717407,0.032646749168634415,0,0.07700993120670319,-0.03709625080227852,0.9963399767875671,0,-0.04831999912858009,0.019728999584913254,0,1,0.9975460171699524,-0.0012387490132823586,0.07000649720430374,0,-0.06968474388122559,0.07978848367929459,0.994373083114624,0,-0.006817489862442017,-0.9968109726905823,0.07950633019208908,0,0.014174999669194221,0.12899699807167053,0.15484100580215454,1,0.8977420926094055,0.438610702753067,0.04097335413098335,0,-0.12892524898052216,0.17266084253787994,0.9765069484710693,0,0.42123234272003174,-0.8819348216056824,0.21155312657356262,0,0,0.33012598752975464,0,1,0.9815430641174316,0.19119873642921448,-0.004030850250273943,0,-0.19110526144504547,0.981421947479248,0.017014680430293083,0,0.007209150120615959,-0.01593032479286194,0.9998469948768616,0,0,0.4148640036582947,0,1,-0.9966979026794434,-0.014422131702303886,0.07990573346614838,0,-0.08060186356306076,0.056818172335624695,-0.995125949382782,0,0.00981173850595951,-0.9982799291610718,-0.057792842388153076,0,-0.0019280000124126673,0.12943699955940247,-0.15484100580215454,1,0.8749989867210388,-0.4632801115512848,-0.14052891731262207,0,0.3009808659553528,0.2932069003582001,0.9074361324310303,0,-0.379192978143692,-0.8363019824028015,0.3959940969944,0,0,0.32886001467704773,0,1,0.9191490411758423,-0.3939089775085449,-0.001121759181842208,0,0.3939020335674286,0.9191439747810364,-0.003909994848072529,0,0.0025712407659739256,0.003152004908770323,0.9999919533729553,0,0,0.41274601221084595,0,1,-0.7901409864425659,0.589680016040802,0.16719511151313782,0,-0.5766069889068604,-0.8076359629631042,0.1234840527176857,0,0.2078489065170288,0.0011639392469078302,0.9781600832939148,0,-0.0035500000230968,-0.05269800126552582,0.2121559977531433,1,0.010370144620537758,0.0632287859916687,-0.9979450702667236,0,-0.9970690608024597,-0.07500337809324265,-0.015113226138055325,0,-0.07580481469631195,0.9951770901679993,0.062265634536743164,0,0,0.3468180000782013,0,1,0.9577820301055908,0.025505749508738518,-0.2863629162311554,0,0.28715476393699646,-0.1334192454814911,0.9485470056533813,0,-0.014012922532856464,-0.9907310605049133,-0.13511055707931519,0,0,0.3039799928665161,0,1,0.9839498996734619,-0.16144122183322906,-0.07601434737443924,0,0.17815476655960083,0.8646250367164612,0.46977004408836365,0,-0.010116356424987316,-0.4757729172706604,0.8795099854469299,0,0,0.17184899747371674,0,1,-0.8807989954948425,0.45476409792900085,-0.13183973729610443,0,-0.4545868933200836,-0.8900830745697021,-0.03320803865790367,0,-0.13245026767253876,0.030683040618896484,0.990714967250824,0,-0.0017140000127255917,-0.05269800126552582,-0.2121559977531433,1,0.08331930637359619,0.12330424040555954,0.9888649582862854,0,-0.841530978679657,0.5401980876922607,0.003546525025740266,0,-0.5337454080581665,-0.832455575466156,0.1487732231616974,0,0,0.3464739918708801,0,1,-0.93532794713974,-0.057752322405576706,-0.3490348756313324,0,0.353201687335968,-0.09602130949497223,-0.9306060075759888,0,0.020229874178767204,-0.9937019944190979,0.11020972579717636,0,0,0.27732300758361816,0,1,0.9541189670562744,-0.0240467619150877,0.29846104979515076,0,-0.1369817554950714,0.8512951731681824,0.5064908266067505,0,-0.2662579119205475,-0.5241361856460571,0.8089429140090942,0,0,0.13539999723434448,0,1
K0.034,-0.9987210631370544,0.044717151671648026,0.02360416203737259,0,0.04458117112517357,0.998986542224884,-0.006256302818655968,0,-0.02385999821126461,-0.0051960027776658535,-0.9997021555900574,0,-0.002699055941775441,0.6777952313423157,-0.005882175639271736,1,0.9918334484100342,0.12747184932231903,0.0041372645646333694,0,-0.12745821475982666,0.9918376207351685,-0.0033983797766268253,0,-0.004536694381386042,0.0028432998806238174,0.9999855756759644,0,-0.0025859999004751444,0.09469100087881088,0,1,0.9987502098083496,0.03884252905845642,0.031441617757081985,0,-0.03847423568367958,0.9991850256919861,-0.012236266396939754,0,-0.03189127519726753,0.011011278256773949,0.9994304776191711,0,0,0.11051400005817413,0,1,0.9987866878509521,0.03854569047689438,0.030647756531834602,0,-0.03813619911670685,0.9991766810417175,-0.013835560530424118,0,-0.031155835837125778,0.012649988755583763,0.9994347095489502,0,0,0.12630200386047363,0,1,0.9988556504249573,-0.034882888197898865,-0.03271229565143585,0,0.035106778144836426,0.9993636012077332,0.006294684950262308,0,0.0324719101190567,-0.007435907609760761,0.9994449615478516,0,0,0.14208999276161194,0,1,0.9971383213996887,-0.0493733249604702,-0.05724821612238884,0,0.05129928141832352,0.9981491565704346,0.03267408907413483,0,0.05552901327610016,-0.035517368465662,0.9978252649307251,0,-0.04831999912858009,0.019728999584913254,0,1,0.9986246824264526,-0.0007004752405919135,0.052426621317863464,0,-0.0521889254450798,0.08275583386421204,0.9952028393745422,0,-0.005035723559558392,-0.9965694546699524,0.08260539919137955,0,0.014174999669194221,0.12899699807167053,0.15484100580215454,1,0.9178312420845032,0.39623942971229553,-0.024068839848041534,0,-0.04498918727040291,0.16406863927841187,0.9854228496551514,0,0.394412100315094,-0.9033684730529785,0.16841371357440948,0,0,0.33012598752975464,0,1,0.9816200733184814,0.19080297648906708,-0.004036994185298681,0,-0.1907096654176712,0.981499195098877,0.01697961799800396,0,0.007202073931694031,-0.015897652134299278,0.9998480677604675,0,0,0.4148640036582947,0,1,-0.9962438941001892,-0.014211486093699932,0.0854158028960228,0,-0.08613664656877518,0.06184180825948715,-0.9943622350692749,0,0.008849100209772587,-0.9979850053787231,-0.06283365935087204,0,-0.0019280000124126673,0.12943699955940247,-0.15484100580215454,1,0.8564373254776001,-0.49273088574409485,-0.154052272439003,0,0.33895522356033325,0.3116147518157959,0.8876966238021851,0,-0.3893902897834778,-0.8124726414680481,0.43389183282852173,0,0,0.32886001467704773,0,1,0.8976671695709229,-0.4406747817993164,-0.0009086842183023691,0,0.4406667947769165,0.897659957408905,-0.004373926669359207,0,0.0027431666385382414,0.0035259006544947624,0.999989926815033,0,0,0.41274601221084595,0,1,-0.71485435962677,0.6807128190994263,0.1600426435470581,0,-0.6704089641571045,-0.7322335839271545,0.11994340270757675,0,0.19883549213409424,-0.0215519517660141,0.9797957539558411,0,-0.0035500000230968,-0.05269800126552582,0.2121559977531433,1,0.08733010292053223,0.07382012158632278,-0.9934408664703369,0,-0.9823336601257324,0.1720697283744812,-0.07356764376163483,0,0.1655103713274002,0.9823153018951416,0.08754286170005798,0,0,0.3468180000782013,0,1,0.9533541798591614,-0.009036144241690636,-0.3017194867134094,0,0.30070847272872925,-0.05858900398015976,0.9519142508506775,0,-0.026279078796505928,-0.9982417225837708,-0.053138863295316696,0,0,0.3039799928665161,0,1,0.983703076839447,-0.17677639424800873,-0.03283204883337021,0,0.17347124218940735,0.8851041197776794,0.43185529112815857,0,-0.04728202894330025,-0.4305127263069153,0.9013450741767883,0,0,0.17184899747371674,0,1,-0.9408999681472778,0.30585405230522156,-0.1454683542251587,0,-0.30616992712020874,-0.9517500400543213,-0.020769920200109482,0,-0.14480207860469818,0.02499561198055744,0.9891448616981506,0,-0.0017140000127255917,-0.05269800126552582,-0.2121559977531433,1,0.0675574243068695,0.11301147937774658,0.9912940859794617,0,-0.7709077000617981,0.6366314888000488,-0.02004057914018631,0,-0.6333538889884949,-0.7628424167633057,0.1301305890083313,0,0,0.3464739918708801,0,1,-0.935435950756073,-0.059040069580078125,-0.3485317528247833,0,0.3534889817237854,-0.162844717502594,-0.9211554527282715,0,-0.0023714755661785603,-0.9848840236663818,0.1732008159160614,0,0,0.27732300758361816,0,1,0.9543671607971191,-0.022534601390361786,0.29778268933296204,0,-0.13650201261043549,0.8539683222770691,0.5021006464958191,0,-0.2656117081642151,-0.5198364853858948,0.8119236826896667,0,0,0.13539999723434448,0,1
K0.069,-0.9983610510826111,0.05608900636434555,0.011397691443562508,0,0.056057754904031754,0.9984225630760193,-0.0030401248950511217,0,-0.011550226248800755,-0.0023962135892361403,-0.9999300837516785,0,0.006313316058367491,0.6842858195304871,-0.006467937491834164,1,0.9927377700805664,0.11946314573287964,-0.014184851199388504,0,-0.11955651640892029,0.992810070514679,-0.005926318001002073,0,0.013374882750213146,0.0075791687704622746,0.9998822808265686,0,-0.0025859999004751444,0.09469100087881088,0,1,0.9991642832756042,0.03505361080169678,0.021039005368947983,0,-0.03508707880973816,0.9993832111358643,0.0012247518170624971,0,-0.020983094349503517,-0.0019619252998381853,0.9997777938842773,0,0,0.11051400005817413,0,1,0.9991862177848816,0.034741099923849106,0.02047288417816162,0,-0.034746114164590836,0.9993957281112671,-0.00011071167682530358,0,-0.020464377477765083,-0.0006007321062497795,0.9997904300689697,0,0,0.12630200386047363,0,1,0.9989786148071289,-0.036564115434885025,-0.02656487002968788,0,0.0366731733083725,0.9993209838867188,0.003630187129601836,0,0.026414068415760994,-0.004600692540407181,0.999640166759491,0,0,0.14208999276161194,0,1,0.9979915618896484,-0.04979371652007103,-0.039168719202280045,0,0.05109868571162224,0.9981462955474854,0.03305288031697273,0,0.03745029494166374,-0.03498797118663788,0.9986861348152161,0,-0.04831999912858009,0.019728999584913254,0,1,0.9993288516998291,-0.00020829681307077408,0.03662429377436638,0,-0.03647570312023163,0.08450876176357269,0.9957550764083862,0,-0.0033024842850863934,-0.996422529220581,0.08444442600011826,0,0.014174999669194221,0.12899699807167053,0.15484100580215454,1,0.9321821928024292,0.35162732005119324,-0.08599153906106949,0,0.03388095647096634,0.15175847709178925,0.9878370761871338,0,0.36040014028549194,-0.9237568974494934,0.12955297529697418,0,0,0.33012598752975464,0,1,0.9820669293403625,0.1884898692369461,-0.004076778423041105,0,-0.18839773535728455,0.9819496870040894,0.016773667186498642,0,0.0071648540906608105,-0.015704799443483353,0.9998508095741272,0,0,0.4148640036582947,0,1,-0.9957330822944641,-0.014171796850860119,0.09118510037660599,0,-0.09200011193752289,0.07558148354291916,-0.9928861856460571,0,0.00717907352373004,-0.9970386624336243,-0.07656283676624298,0,-0.0019280000124126673,0.12943699955940247,-0.15484100580215454,1,0.8408818244934082,-0.5158960819244385,-0.16361132264137268,0,0.37441256642341614,0.336210697889328,0.8641635179519653,0,-0.39081069827079773,-0.7879175543785095,0.4758714735507965,0,0,0.32886001467704773,0,1,0.8615089654922485,-0.5077423453330994,-0.0005504728760570288,0,0.507733166217804,0.8614988923072815,-0.0050396486185491085,0,0.0030330754816532135,0.004062209744006395,0.9999868273735046,0,0,0.41274601221084595,0,1,-0.6559908390045166,0.7407240271568298,0.14492939412593842,0,-0.7320722937583923,-0.6711591482162476,0.11668448150157928,0,0.18370169401168823,-0.029554840177297592,0.9825378656387329,0,-0.0035500000230968,-0.05269800126552582,0.2121559977531433,1,0.17122390866279602,0.06337793171405792,-0.9831916689872742,0,-0.8805913925170898,0.4573998749256134,-0.12387131154537201,0,0.4418608248233795,0.8869994878768921,0.13412779569625854,0,0,0.3468180000782013,0,1,0.9510182738304138,-0.0379771813750267,-0.30679431557655334,0,0.30827081203460693,0.042313966900110245,0.95035719871521,0,-0.023110194131731987,-0.998382031917572,0.051948580890893936,0,0,0.3039799928665161,0,1,0.9838896989822388,-0.17658287286758423,-0.027913900092244148,0,0.17197565734386444,0.892204225063324,0.4176086187362671,0,-0.04883762076497078,-0.41568121314048767,0.9081982374191284,0,0,0.17184899747371674,0,1,-0.9719197154045105,0.1626138836145401,-0.170085147023201,0,-0.1609521359205246,-0.9866794943809509,-0.023607268929481506,0,-0.1716585010290146,0.004431198351085186,0.9851469397544861,0,-0.0017140000127255917,-0.05269800126552582,-0.2121559977531433,1,0.05720708519220352,0.08339747786521912,0.9948727488517761,0,-0.6842809915542603,0.7288933992385864,-0.021753694862127304,0,-0.7269706130027771,-0.6795283555984497,0.09876521676778793,0,0,0.3464739918708801,0,1,-0.9345124363899231,-0.0790458470582962,-0.34704354405403137,0,0.35585856437683105,-0.18775886297225952,-0.9154837131500244,0,0.007204691879451275,-0.979029655456543,0.20359216630458832,0,0,0.27732300758361816,0,1,0.9545087814331055,-0.021676741540431976,0.2973937690258026,0,-0.13623036444187164,0.8554785847663879,0.4995971620082855,0,-0.2652435898780823,-0.517383873462677,0.8136086463928223,0,0,0.13539999723434448,0,1
K0.103,-0.9979245066642761,0.06358935683965683,-0.01010290440171957,0,0.0637701228260994,0.9977887868881226,-0.018709823489189148,0,0.008890829049050808,-0.01931527629494667,-0.9997740983963013,0,0.009255309589207172,0.6722495555877686,-0.009464860893785954,1,0.9930731654167175,0.10960189253091812,-0.04234007000923157,0,-0.11109720915555954,0.993202269077301,-0.034737877547740936,0,0.03824492171406746,0.039201121777296066,0.9984990358352661,0,-0.0025859999004751444,0.09469100087881088,0,1,0.9993604421615601,0.03412685915827751,0.010677254758775234,0,-0.034326810389757156,0.9992271661758423,0.01914069429039955,0,-0.010015791282057762,-0.01949496753513813,0.9997594952583313,0,0,0.11051400005817413,0,1,0.9993860125541687,0.033402249217033386,0.010564650408923626,0,-0.0335896797478199,0.9992721080780029,0.01809065043926239,0,-0.00995269138365984,-0.01843440718948841,0.999780535697937,0,0,0.12630200386047363,0,1,0.9990991950035095,-0.038190875202417374,-0.018512628972530365,0,0.03806644305586815,0.9992507100105286,-0.007028030697256327,0,0.018767153844237328,0.006316985934972763,0.9998037219047546,0,0,0.14208999276161194,0,1,0.9980313777923584,-0.05720354989171028,-0.025731822475790977,0,0.058173228055238724,0.9975576996803284,0.03866276144981384,0,0.023457324132323265,-0.040083542466163635,0.9989213347434998,0,-0.04831999912858009,0.019728999584913254,0,1,0.9996212720870972,-0.00007114912295946851,0.0275330301374197,0,-0.02742081508040428,0.08765029907226562,0.9957737326622009,0,-0.0024841283448040485,-0.9961515069007874,0.08761513978242874,0,0.014174999669194221,0.12899699807167053,0.15484100580215454,1,0.9412308931350708,0.3065311312675476,-0.14185595512390137,0,0.10507608950138092,0.13341085612773895,0.9854745864868164,0,0.3210039734840393,-0.9424654245376587,0.09336139261722565,0,0,0.33012598752975464,0,1,0.9837796688079834,0.17933239042758942,-0.004229310899972916,0,-0.17924462258815765,0.9836745858192444,0.015958741307258606,0,0.007022188510745764,-0.014941812492907047,0.9998639225959778,0,0,0.4148640036582947,0,1,-0.9949163794517517,-0.0141227962449193,0.0997081845998764,0,-0.10057653486728668,0.0896715447306633,-0.9908797740936279,0,0.005053008906543255,-0.9958711266517639,-0.09063612669706345,0,-0.0019280000124126673,0.12943699955940247,-0.15484100580215454,1,0.8274921774864197,-0.5336959362030029,-0.17442943155765533,0,0.4129229187965393,0.36793777346611023,0.8331366777420044,0,-0.38046231865882874,-0.7614396214485168,0.5248407125473022,0,0,0.32886001467704773,0,1,0.8354595899581909,-0.5495526790618896,-0.00029149811598472297,0,0.5495427846908569,0.835447371006012,-0.0054546683095395565,0,0.0032411578577011824,0.004396962467581034,0.9999849200248718,0,0,0.41274601221084595,0,1,-0.5391454100608826,0.8362604379653931,0.09995368868112564,0,-0.8257728219032288,-0.5482199788093567,0.13249187171459198,0,0.16559426486492157,-0.011106655932962894,0.9861311316490173,0,-0.0035500000230968,-0.05269800126552582,0.2121559977531433,1,0.21539628505706787,0.0758134201169014,-0.9735788702964783,0,-0.799246072769165,0.5865182280540466,-0.13115395605564117,0,0.5610789060592651,0.8063796758651733,0.18692751228809357,0,0,0.3468180000782013,0,1,0.945798933506012,-0.06844547390937805,-0.31745845079421997,0,0.3225458264350891,0.08420000225305557,0.9428017139434814,0,-0.03780050575733185,-0.9940957427024841,0.10171306878328323,0,0,0.3039799928665161,0,1,0.9837647676467896,-0.17672254145145416,-0.031227149069309235,0,0.1729809194803238,0.8874458074569702,0.4272201657295227,0,-0.04778707027435303,-0.42568621039390564,0.9036083817481995,0,0,0.17184899747371674,0,1,-0.979345977306366,0.0560392364859581,-0.19427163898944855,0,-0.05074044689536095,-0.998194694519043,-0.03214888647198677,0,-0.19572249054908752,-0.02162744663655758,0.9804211854934692,0,-0.0017140000127255917,-0.05269800126552582,-0.2121559977531433,1,0.07454264163970947,0.05994508042931557,0.9954144358634949,0,-0.6499857306480408,0.7599409818649292,0.0029102552216500044,0,-0.7562816143035889,-0.6472220420837402,0.09561144560575485,0,0,0.3464739918708801,0,1,-0.9147688150405884,-0.10925609618425369,-0.38892367482185364,0,0.4038812816143036,-0.22624872624874115,-0.8863922953605652,0,0.008850270882248878,-0.9679226875305176,0.25109171867370605,0,0,0.27732300758361816,0,1,0.9544243216514587,-0.022188320755958557,0.2976260781288147,0,-0.1363919973373413,0.8545794486999512,0.5010902285575867,0,-0.2654634416103363,-0.5188464522361755,0.8126050233840942,0,0,0.13539999723434448,0,1
K0.138,-0.9970546960830688,0.06629382073879242,-0.038567833602428436,0,0.06777373701334,0.9969605803489685,-0.03842075914144516,0,0.03590354323387146,-0.04092147946357727,-0.9985169172286987,0,0.012055459432303905,0.6474968194961548,-0.01386184897273779,1,0.992986261844635,0.09781522303819656,-0.06640798598527908,0,-0.10176810622215271,0.9930572509765625,-0.0590020976960659,0,0.060175634920597076,0.06534649431705475,0.996046781539917,0,-0.0025859999004751444,0.09469100087881088,0,1,0.9993864893913269,0.034982431679964066,-0.0017004333203658462,0,-0.03491229936480522,0.998901903629303,0.03125014156103134,0,0.002791772363707423,-0.031171604990959167,0.9995105266571045,0,0,0.11051400005817413,0,1,0.9994316697120667,0.033682387322187424,-0.001438317121937871,0,-0.03362266719341278,0.9989660978317261,0.03059462457895279,0,0.0024673298466950655,-0.030528875067830086,0.9995307922363281,0,0,0.12630200386047363,0,1,0.999240517616272,-0.037588100880384445,-0.010244187898933887,0,0.03740786388516426,0.9991511106491089,-0.017253031954169273,0,0.010884007439017296,0.01685672625899315,0.9997990131378174,0,0,0.14208999276161194,0,1,0.9973217248916626,-0.07015952467918396,-0.02067069336771965,0,0.07097822427749634,0.9965941309928894,0.041970230638980865,0,0.017655691131949425,-0.04332501441240311,0.9989053606987,0,-0.04831999912858009,0.019728999584913254,0,1,0.9998772144317627,-0.00021183000353630632,0.01567699946463108,0,-0.015584605745971203,0.09579811245203018,0.9952788352966309,0,-0.0017126575112342834,-0.9954009056091309,0.0957830473780632,0,0.014174999669194221,0.12899699807167053,0.15484100580215454,1,0.9453297257423401,0.2654905319213867,-0.1893872767686844,0,0.16489505767822266,0.1119002178311348,0.9799426198005676,0,0.2813578248023987,-0.9575973153114319,0.06200448423624039,0,0,0.33012598752975464,0,1,0.9866068959236145,0.1630515605211258,-0.0044810473918914795,0,-0.16297191381454468,0.9865236878395081,0.014509940519928932,0,0.006786534562706947,-0.01358533464372158,0.9998847842216492,0,0,0.4148640036582947,0,1,-0.9929655194282532,-0.01358802430331707,0.11761853843927383,0,-0.11837412416934967,0.09281250089406967,-0.9886221289634705,0,0.0025169579312205315,-0.9955905079841614,-0.0937679260969162,0,-0.0019280000124126673,0.12943699955940247,-0.15484100580215454,1,0.8134036660194397,-0.5541164875030518,-0.17700110375881195,0,0.45097795128822327,0.4085184931755066,0.7935560345649719,0,-0.3674144446849823,-0.7253053784370422,0.5821850299835205,0,0,0.32886001467704773,0,1,0.8243151903152466,-0.5661311149597168,-0.0001810221147025004,0,0.5661212801933289,0.8243026733398438,-0.00561921251937747,0,0.0033304274547845125,0.004529521334916353,0.9999840259552002,0,0,0.41274601221084595,0,1,-0.40635958313941956,0.9130244255065918,0.035479165613651276,0,-0.9022040367126465,-0.4070820212364197,0.1425221562385559,0,0.1445690542459488,0.025905784219503403,0.9891554713249207,0,-0.0035500000230968,-0.05269800126552582,0.2121559977531433,1,0.2174120843410492,0.11295201629400253,-0.9695220589637756,0,-0.7558783888816833,0.6479259133338928,-0.09401799738407135,0,0.6175593137741089,0.7532818913459778,0.22624504566192627,0,0,0.3468180000782013,0,1,0.9424288868904114,-0.081036277115345,-0.32444024085998535,0,0.3298948407173157,0.06644868105649948,0.9416762590408325,0,-0.054751284420490265,-0.9944935441017151,0.08935656398534775,0,0,0.3039799928665161,0,1,0.9834135174751282,-0.17691437900066376,-0.039984747767448425,0,0.17568889260292053,0.8743651509284973,0.4523487985134125,0,-0.04506571963429451,-0.4518705904483795,0.8909440040588379,0,0,0.17184899747371674,0,1,-0.9782238602638245,-0.03937692195177078,-0.20378457009792328,0,0.0497296042740345,-0.9977062344551086,-0.045931294560432434,0,-0.2015083134174347,-0.05506516620516777,0.9779374003410339,0,-0.0017140000127255917,-0.05269800126552582,-0.2121559977531433,1,0.11672370135784149,0.058033134788274765,0.9914675951004028,0,-0.6454513072967529,0.7631588578224182,0.03131820634007454,0,-0.7548302412033081,-0.6435999274253845,0.12653635442256927,0,0,0.3464739918708801,0,1,-0.8784650564193726,-0.14178958535194397,-0.456283301115036,0,0.47766709327697754,-0.2836613953113556,-0.8314869999885559,0,-0.011533775366842747,-0.9483835697174072,0.316914826631546,0,0,0.27732300758361816,0,1,0.9539627432823181,-0.024996351450681686,0.29888132214546204,0,-0.1372840702533722,0.8496066927909851,0.5092353820800781,0,-0.26666077971458435,-0.5268236398696899,0.8070620894432068,0,0,0.13539999723434448,0,1
K0.172,-0.9957971572875977,0.06855302304029465,-0.06072774529457092,0,0.07142239063978195,0.9963656067848206,-0.046409618109464645,0,0.05732553452253342,-0.05055190995335579,-0.9970746040344238,0,0.012537418864667416,0.621236264705658,-0.017522668465971947,1,0.9930572509765625,0.08975140750408173,-0.0760386660695076,0,-0.09437675029039383,0.9937520623207092,-0.05958634242415428,0,0.07021559029817581,0.06634889543056488,0.9953226447105408,0,-0.0025859999004751444,0.09469100087881088,0,1,0.9992418885231018,0.0350864976644516,-0.01688501052558422,0,-0.034512799233198166,0.9988542199134827,0.03314569219946861,0,0.018028633669018745,-0.03253781795501709,0.9993079900741577,0,0,0.11051400005817413,0,1,0.9992942214012146,0.03375077247619629,-0.016478773206472397,0,-0.03319539502263069,0.9989076256752014,0.032886870205402374,0,0.01757073774933815,-0.032316654920578,0.9993234872817993,0,0,0.12630200386047363,0,1,0.999276876449585,-0.03789832815527916,-0.00307996547780931,0,0.03782948479056358,0.9990848302841187,-0.019972600042819977,0,0.003834072733297944,0.0198416318744421,0.9997954964637756,0,0,0.14208999276161194,0,1,0.9963642358779907,-0.08319895714521408,-0.018316959962248802,0,0.08390781283378601,0.9955831170082092,0.04210684075951576,0,0.014732826501131058,-0.04349072650074959,0.998945415019989,0,-0.04831999912858009,0.019728999584913254,0,1,0.999999463558197,-0.00017168288468383253,0.00044238465488888323,0,-0.00042268040124326944,0.10147150605916977,0.9948379993438721,0,-0.0002156862465199083,-0.9948384165763855,0.10147145390510559,0,0.014174999669194221,0.12899699807167053,0.15484100580215454,1,0.9479472637176514,0.23617537319660187,-0.21358412504196167,0,0.19591331481933594,0.09619747847318649,0.975891649723053,0,0.2510276734828949,-0.9669371843338013,0.04492020606994629,0,0,0.33012598752975464,0,1,0.9912624359130859,0.1318122297525406,-0.00489527964964509,0,-0.13174782693386078,0.9912137389183044,0.011729788966476917,0,0.006398399360477924,-0.010982359759509563,0.9999191164970398,0,0,0.4148640036582947,0,1,-0.9903453588485718,-0.012891829945147038,0.13802066445350647,0,-0.1386214792728424,0.09268221259117126,-0.9859994053840637,0,-0.00008072440687101334,-0.9956125020980835,-0.09357449412345886,0,-0.0019280000124126673,0.12943699955940247,-0.15484100580215454,1,0.8044361472129822,-0.5680491924285889,-0.17378981411457062,0,0.4784272015094757,0.44611531496047974,0.7563657164573669,0,-0.3521225154399872,-0.6915934681892395,0.6306412220001221,0,0,0.32886001467704773,0,1,0.8244808912277222,-0.5658901333808899,-0.0001826798979891464,0,0.5658801198005676,0.824468195438385,-0.0056168995797634125,0,0.0033291615545749664,0.004527651239186525,0.9999842047691345,0,0,0.41274601221084595,0,1,-0.3143332004547119,0.9493095278739929,0.002681664889678359,0,-0.9392027258872986,-0.3113953769207001,0.1446753442287445,0,0.13817666471004486,0.042957603931427,0.9894753098487854,0,-0.0035500000230968,-0.05269800126552582,0.2121559977531433,1,0.20227886736392975,0.12895460426807404,-0.9708008766174316,0,-0.740470826625824,0.66889488697052,-0.06543519347906113,0,0.6409257054328918,0.7320860028266907,0.23079045116901398,0,0,0.3468180000782013,0,1,0.9449207186698914,-0.06543155759572983,-0.3206922709941864,0,0.3232249915599823,0.032431669533252716,0.9457663893699646,0,-0.05148237198591232,-0.9973298907279968,0.05179446190595627,0,0,0.3039799928665161,0,1,0.9833323955535889,-0.176922008395195,-0.04190206900238991,0,0.1762913465499878,0.8714032769203186,0.4577959477901459,0,-0.0444805771112442,-0.45755261182785034,0.8880689740180969,0,0,0.17184899747371674,0,1,-0.9692511558532715,-0.13385355472564697,-0.20648331940174103,0,0.14990681409835815,-0.9866205453872681,-0.06409570574760437,0,-0.19514118134975433,-0.09307806938886642,0.976348340511322,0,-0.0017140000127255917,-0.05269800126552582,-0.2121559977531433,1,0.14019805192947388,0.061976298689842224,0.988182008266449,0,-0.639971911907196,0.7672121524810791,0.04267822206020355,0,-0.7555002570152283,-0.6383921504020691,0.14722473919391632,0,0,0.3464739918708801,0,1,-0.8510448336601257,-0.15973035991191864,-0.5002090930938721,0,0.5223699808120728,-0.35443198680877686,-0.7755691409111023,0,-0.05340813845396042,-0.9213385581970215,0.3850758373737335,0,0,0.27732300758361816,0,1,0.9530612230300903,-0.030482953414320946,0.30123913288116455,0,-0.13905195891857147,0.8397246599197388,0.5249062776565552,0,-0.26895880699157715,-0.5421559810638428,0.7960708141326904,0,0,0.13539999723434448,0,1
K0.207,-0.9952712059020996,0.06520944088697433,-0.07199472934007645,0,0.0684671401977539,0.9966936707496643,-0.0437469445168972,0,0.06890399008989334,-0.048469364643096924,-0.9964454174041748,0,0.004770866595208645,0.6023493409156799,-0.019331583753228188,1,0.992310643196106,0.09116778522729874,-0.08370858430862427,0,-0.09505577385425568,0.9945125579833984,-0.04369151592254639,0,0.0792660042643547,0.05131255462765694,0.9955316781997681,0,-0.0025859999004751444,0.09469100087881088,0,1,0.9988749623298645,0.035773783922195435,-0.03112461231648922,0,-0.0348019003868103,0.9989059567451477,0.031226083636283875,0,0.032207660377025604,-0.030107777565717697,0.9990278482437134,0,0,0.11051400005817413,0,1,0.998925507068634,0.034762416034936905,-0.0306411013007164,0,-0.03379843384027481,0.9989339709281921,0.03143605962395668,0,0.03170124068856239,-0.030366674065589905,0.9990358352661133,0,0,0.12630200386047363,0,1,0.9991760849952698,-0.04047071933746338,0.0030306638218462467,0,0.04051731526851654,0.9990285038948059,-0.017332956194877625,0,-0.00232624146156013,0.017441464588046074,0.9998448491096497,0,0,0.14208999276161194,0,1,0.9953343868255615,-0.09608336538076401,-0.008785700425505638,0,0.09636160731315613,0.9945290088653564,0.040330201387405396,0,0.004862572066485882,-0.04098864644765854,0.9991477727890015,0,-0.04831999912858009,0.019728999584913254,0,1,0.9999903440475464,0.00024817028315737844,-0.004331599455326796,0,0.004286538809537888,0.09783917665481567,0.9951931238174438,0,0.0006707772263325751,-0.995201826095581,0.09783713519573212,0,0.014174999669194221,0.12899699807167053,0.15484100580215454,1,0.9530811309814453,0.21740956604480743,-0.21064181625843048,0,0.19377420842647552,0.09643591940402985,0.9762954115867615,0,0.23256920278072357,-0.9713048338890076,0.04978284612298012,0,0,0.33012598752975464,0,1,0.9956689476966858,0.09281743317842484,-0.005288131535053253,0,-0.09277210384607315,0.9956533312797546,0.008260526694357395,0,0.006031865254044533,-0.007734156679362059,0.9999517202377319,0,0,0.4148640036582947,0,1,-0.989143967628479,-0.012913995422422886,0.14638344943523407,0,-0.14694049954414368,0.0993589535355568,-0.984142541885376,0,-0.0018352973274886608,-0.9949679970741272,-0.10017792880535126,0,-0.0019280000124126673,0.12943699955940247,-0.15484100580215454,1,0.8065553903579712,-0.563300371170044,-0.17933404445648193,0,0.4875991642475128,0.4623946249485016,0.7405657172203064,0,-0.334238201379776,-0.6847509741783142,0.6476122140884399,0,0,0.32886001467704773,0,1,0.8377172350883484,-0.5461038947105408,-0.0003139634500257671,0,0.5460944771766663,0.8377059698104858,-0.005420585162937641,0,0.003223211970180273,0.004369464702904224,0.9999852180480957,0,0,0.41274601221084595,0,1,-0.31388744711875916,0.9492002725601196,0.02222869172692299,0,-0.9382086396217346,-0.31367620825767517,0.14619068801403046,0,0.14573684334754944,0.025032266974449158,0.9890068769454956,0,-0.0035500000230968,-0.05269800126552582,0.2121559977531433,1,0.18137776851654053,0.10814936459064484,-0.9774488210678101,0,-0.7308061718940735,0.6799086928367615,-0.06038202345371246,0,0.6580457091331482,0.7252776026725769,0.20235653221607208,0,0,0.3468180000782013,0,1,0.9468463063240051,-0.07023246586322784,-0.3139267861843109,0,0.32028821110725403,0.11491590738296509,0.9403240084648132,0,-0.029966112226247787,-0.9908896088600159,0.1313023567199707,0,0,0.3039799928665161,0,1,0.9832580089569092,-0.17691855132579803,-0.04362862557172775,0,0.17683716118335724,0.8687062859535217,0.4626849591732025,0,-0.04395710676908493,-0.4626540243625641,0.8854484558105469,0,0,0.17184899747371674,0,1,-0.9511358141899109,-0.22268636524677277,-0.21389631927013397,0,0.2442118227481842,-0.9664334654808044,-0.07979125529527664,0,-0.18894821405410767,-0.12812837958335876,0.9735925197601318,0,-0.0017140000127255917,-0.05269800126552582,-0.2121559977531433,1,0.14528247714042664,0.07189731299877167,0.9867741465568542,0,-0.6271397471427917,0.7780908942222595,0.03564115986227989,0,-0.7652379274368286,-0.6240236163139343,0.15813273191452026,0,0,0.3464739918708801,0,1,-0.8343799710273743,-0.1539219319820404,-0.5292614102363586,0,0.543916642665863,-0.3854009211063385,-0.745400071144104,0,-0.08924443274736404,-0.9098209738731384,0.40529152750968933,0,0,0.27732300758361816,0,1,0.9514344930648804,-0.040407322347164154,0.3051864504814148,0,-0.1423240453004837,0.8213087320327759,0.5524455904960632,0,-0.27297523617744446,-0.5690513849258423,0.7756708860397339,0,0,0.13539999723434448,0,1
