2.700,30,80,25
B0,mixamorig_Hips,-1,0.9925219416618347,-0.11763573437929153,-0.032589465379714966,0,0.11636067181825638,0.992456316947937,-0.03859581798315048,0,0.0368838757276535,0.03451506793498993,0.998723030090332,0,0.0852525383234024,0.8619479537010193,0.05477505549788475,1
B1,mixamorig_Spine,0,0.9686298966407776,0.2453785091638565,0.03931974619626999,0,-0.24210217595100403,0.9674662947654724,-0.07344983518123627,0,-0.05606354400515556,0.06162630766630173,0.9965234994888306,0,-0.0049149999395012856,0.18970000743865967,0,1
B2,mixamorig_Spine1,1,0.9865167737007141,0.1626029908657074,-0.018558422103524208,0,-0.1625571846961975,0.9866909384727478,0.0039609274826943874,0,0.018955493345856667,-0.0008907167939469218,0.9998199343681335,0,0,0.2213910073041916,0,1
B3,mixamorig_Spine2,2,0.9991415739059448,-0.028165386989712715,-0.030371788889169693,0,0.027352040633559227,0.9992648959159851,-0.026871075853705406,0,0.031106308102607727,0.026017291471362114,0.999177873134613,0,0,0.2530190050601959,0,1
B4,mixamorig_Neck,3,0.8624646663665771,0.13399147987365723,0.4880579113960266,0,-0.18081490695476532,0.9822527766227722,0.04985673353075981,0,-0.47271597385406494,-0.1312478482723236,0.8713861703872681,0,0,0.28464600443840027,0,1
B5,mixamorig_Head,4,0.928486704826355,0.02363141067326069,0.3706137239933014,0,0.010455543175339699,0.9959140419960022,-0.08969631791114807,0,-0.3712191581726074,0.08715683221817017,0.9244460463523865,0,0.03219300135970116,0.03186799958348274,0,1
B6,mixamorig_HeadTop_End,5,1,0,0,0,0,1,0,0,0,0,1,0,0.18112599849700928,0.17929700016975403,0,1
B7,mixamorig_LeftShoulder,3,0.9072862267494202,0.02277771569788456,0.41989681124687195,0,-0.40436384081840515,0.3213304877281189,0.8562925457954407,0,-0.11542124301195145,-0.9466935992240906,0.3007492125034332,0,-0.0012679999927058816,0.26051101088523865,0.2858090102672577,1
B8,mixamorig_LeftArm,7,-0.8048673868179321,-0.18313294649124146,-0.5644913911819458,0,-0.4331670105457306,0.8314746022224426,0.3478735089302063,0,0.40565329790115356,0.5245112776756287,-0.7485542297363281,0,0,0.5972440242767334,0,1
B9,mixamorig_LeftForeArm,8,-0.15686535835266113,-0.964068591594696,0.2143927663564682,0,0.6311665773391724,-0.26482418179512024,-0.7290382385253906,0,0.7596193552017212,0.020956680178642273,0.6500297784805298,0,0,0.8257489800453186,0,1
B10,mixamorig_LeftHand,9,1,0,0,0,0,1,0,0,0,0,1,0,0,0.635237991809845,0,1
B11,mixamorig_RightShoulder,3,-0.9916256666183472,-0.09901747107505798,0.08291376382112503,0,-0.10434713959693909,0.2359917014837265,-0.9661363959312439,0,0.07609741389751434,-0.9666973948478699,-0.24434752762317657,0,0.00001700000029813964,0.2604779899120331,-0.2858090102672577,1
B12,mixamorig_RightArm,11,0.16500402987003326,-0.2663358747959137,-0.9496517181396484,0,0.9754359722137451,0.18653759360313416,0.11716845631599426,0,0.1459396481513977,-0.9456581473350525,0.2905731499195099,0,0,0.5972440242767334,0,1
B13,mixamorig_RightForeArm,12,0.9928346276283264,-0.02031506784260273,0.11775515228509903,0,-0.000615270750131458,0.984560489654541,0.17504353821277618,0,-0.11949313431978226,-0.1738617867231369,0.9774935841560364,0,0,0.8286100029945374,0,1
B14,mixamorig_RightHand,13,1,0,0,0,0,1,0,0,0,0,1,0,0,0.6370270252227783,0,1
B15,mixamorig_LeftUpLeg,0,-0.8399540185928345,0.4366455078125,0.32220831513404846,0,0.12542960047721863,-0.42146265506744385,0.8981297016143799,0,0.5279631018638611,0.794802188873291,0.29924100637435913,0,0.0007140000234358013,-0.10566800087690353,0.4295400083065033,1
B16,mixamorig_LeftLeg,15,0.1716124415397644,-0.10753610730171204,-0.9792776107788086,0,-0.9839763641357422,-0.06751220673322678,-0.16502225399017334,0,-0.048367373645305634,0.9919064044952393,-0.11739897727966309,0,0,0.6938760280609131,0,1
B17,mixamorig_LeftFoot,16,0.7551196217536926,-0.4451294541358948,-0.4813040494918823,0,0.2988607585430145,-0.4197077453136444,0.8570464253425598,0,-0.5835034847259521,-0.7910152077674866,-0.18389776349067688,0,0,0.5847569704055786,0,1
B18,mixamorig_LeftToeBase,17,0.9630268812179565,-0.2629757821559906,-0.05851026251912117,0,0.2674976587295532,0.9075748324394226,0.32365652918815613,0,-0.032011378556489944,-0.3273411989212036,0.944364070892334,0,0,0.34629398584365845,0,1
B19,mixamorig_LeftToe_End,18,1,0,0,0,0,1,0,0,0,0,1,0,0,0.18123899400234222,0,1
B20,mixamorig_RightUpLeg,0,-0.44697481393814087,0.8272655606269836,0.3403603136539459,0,-0.8821163177490234,-0.34440433979034424,-0.32133567333221436,0,-0.14860835671424866,-0.44386622309684753,0.8836842179298401,0,0.0009699999936856329,-0.10566800087690353,-0.4295400083065033,1
B21,mixamorig_RightLeg,20,-0.2413465827703476,-0.22323131561279297,0.9444149732589722,0,-0.9610354900360107,0.1901283860206604,-0.2006533145904541,0,-0.13476809859275818,-0.9560438990592957,-0.2604202330112457,0,0,0.6937940120697021,0,1
B22,mixamorig_RightFoot,21,-0.6728496551513672,0.35297921299934387,-0.6501374244689941,0,0.6675801873207092,-0.08896529674530029,-0.7392038106918335,0,-0.31876322627067566,-0.931391716003418,-0.17578153312206268,0,0,0.5381569862365723,0,1
B23,mixamorig_RightToeBase,22,0.9566652774810791,0.05456572398543358,0.2860325872898102,0,-0.18112537264823914,0.8806418776512146,0.43779444694519043,0,-0.22800351679325104,-0.47063004970550537,0.8523619771003723,0,0,0.2709279954433441,0,1
B24,mixamorig_RightToe_End,23,1,0,0,0,0,1,0,0,0,0,1,0,0,0.18152299523353577,0,1
@20,0,1,2,3,4,5,7,8,9,11,12,13,15,16,17,18,20,21,22,23
K0,-0.6361888647079468,0.1316758692264557,-0.7602140307426453,0,0.051673125475645065,0.9903879761695862,0.12830112874507904,0,0.7698010206222534,0.04234113171696663,-0.6368780136108398,0,0.015741998329758644,0.9647459983825684,0.011459999717772007,1,0.9753080010414124,0.21555790305137634,-0.04805266112089157,0,-0.21382713317871094,0.9761049747467041,0.03870382159948349,0,0.05524734407663345,-0.02747317962348461,0.998094916343689,0,-0.0049149999395012856,0.18970000743865967,0,1,0.9898309707641602,0.10583970695734024,-0.09504356235265732,0,-0.09870827943086624,0.9921450018882751,0.07684703171253204,0,0.10243044793605804,-0.06668397784233093,0.9925029873847961,0,0,0.2213910073041916,0,1,0.9890079498291016,-0.10011379420757294,-0.10881728678941727,0,0.10661520808935165,0.9927419424057007,0.055654093623161316,0,0.10245572030544281,-0.06664390116930008,0.9925031065940857,0,0,0.2530190050601959,0,1,0.9865720272064209,0.014371968805789948,-0.1626947671175003,0,-0.013812028802931309,0.9998940229415894,0.004572270438075066,0,0.1627432256937027,-0.00226372922770679,0.9866659641265869,0,0,0.28464600443840027,0,1,0.9169910550117493,-0.06648155301809311,-0.3933298587799072,0,0.09628044813871384,0.9937490820884705,0.05649792402982712,0,0.38711515069007874,-0.08967806398868561,0.9176599383354187,0,0.03219300135970116,0.03186799958348274,0,1,0.9615240693092346,-0.027623722329735756,0.2733297646045685,0,-0.2557557225227356,0.27325692772865295,0.9273180961608887,0,-0.10030519217252731,-0.9615439176559448,0.25567805767059326,0,-0.0012679999927058816,0.26051101088523865,0.2858090102672577,1,-0.9768260717391968,0.0937502533197403,-0.19241003692150116,0,-0.13062624633312225,0.45100492238998413,0.8829110264778137,0,0.16955097019672394,0.8875840306282043,-0.42830702662467957,0,0,0.5972440242767334,0,1,0.8295860290527344,-0.4352092146873474,0.3498278260231018,0,0.4918918311595917,0.8660960793495178,-0.08899695426225662,0,-0.2642521858215332,0.24590805172920227,0.9325769543647766,0,0,0.8257489800453186,0,1,-0.9120562672615051,0.07736381888389587,0.4027017056941986,0,-0.35895082354545593,0.3241848051548004,-0.8752471804618835,0,-0.1982623040676117,-0.9428249597549438,-0.2679050862789154,0,0.00001700000029813964,0.2604779899120331,-0.2858090102672577,1,0.8200119137763977,0.5209142565727234,0.23712553083896637,0,-0.3741168975830078,0.17429618537425995,0.9108549356460571,0,0.43314751982688904,-0.835625171661377,0.3378080129623413,0,0,0.5972440242767334,0,1,0.6641542315483093,-0.7038028240203857,-0.2521127760410309,0,0.7401280999183655,0.6665499210357666,0.08900576829910278,0,0.10540319234132767,-0.24570922553539276,0.9635958671569824,0,0,0.8286100029945374,0,1,-0.23077695071697235,0.9566739797592163,0.17753012478351593,0,-0.5894299745559692,-0.2826208174228668,0.756767988204956,0,0.7741541266441345,0.07000305503606796,0.6291148066520691,0,0.0007140000234358013,-0.10566800087690353,0.4295400083065033,1,-0.20966486632823944,-0.20105794072151184,-0.9568780660629272,0,-0.975271999835968,0.11296099424362183,0.18996000289916992,0,0.06989691406488419,0.9730439782142639,-0.21977005898952484,0,0,0.6938760280609131,0,1,0.9024341106414795,-0.3154410421848297,-0.2934456467628479,0,0.29939401149749756,-0.030615992844104767,0.9536378979682922,0,-0.3098006248474121,-0.948451042175293,0.06681222468614578,0,0,0.5847569704055786,0,1,0.9630261063575745,-0.26297667622566223,-0.0585099458694458,0,0.26749831438064575,0.9075729250907898,0.3236597180366516,0,-0.032012939453125,-0.32734429836273193,0.9443629384040833,0,0,0.34629398584365845,0,1,-0.8410557508468628,0.5200181603431702,0.14901721477508545,0,-0.4856707751750946,-0.6045830845832825,-0.6313499808311462,0,-0.23822021484375,-0.6033740043640137,0.7610459327697754,0,0.0009699999936856329,-0.10566800087690353,-0.4295400083065033,1,-0.05682971328496933,-0.012379980646073818,0.998306930065155,0,-0.9942039251327515,0.0921085774898529,-0.055453959852457047,0,-0.09126605093479156,-0.9956719875335693,-0.017542678862810135,0,0,0.6937940120697021,0,1,-0.7341780066490173,0.28467410802841187,-0.6163949966430664,0,0.3694431185722351,-0.5941908359527588,-0.714457094669342,0,-0.5696439743041992,-0.7522619962692261,0.331071138381958,0,0,0.5381569862365723,0,1,0.9573720097541809,0.05831008031964302,0.282910019159317,0,-0.17944790422916412,0.8875521421432495,0.42432281374931335,0,-0.22635498642921448,-0.457002192735672,0.8601808547973633,0,0,0.2709279954433441,0,1
K0.034,-0.6485344767570496,0.13498108088970184,-0.7491219639778137,0,0.04799877107143402,0.9894450306892395,0.13673005998134613,0,0.7596704363822937,0.0527171827852726,-0.6481677293777466,0,0.00812380388379097,0.956838846206665,0.016117790713906288,1,0.9755451679229736,0.21422404050827026,-0.04918309301137924,0,-0.21242178976535797,0.9763835668563843,0.03939952328801155,0,0.05646189674735069,-0.027988458052277565,0.9980122447013855,0,-0.0049149999395012856,0.18970000743865967,0,1,0.9899287223815918,0.10326731950044632,-0.09683389216661453,0,-0.09588265419006348,0.9923273324966431,0.07805115729570389,0,0.10415109992027283,-0.06798042356967926,0.9922353625297546,0,0,0.2213910073041916,0,1,0.988511323928833,-0.10272855311632156,-0.11087234318256378,0,0.10946254432201385,0.992386519908905,0.05644809082150459,0,0.1042293906211853,-0.06793595105409622,0.9922302961349487,0,0,0.2530190050601959,0,1,0.9859591722488403,0.010799051262438297,-0.16664057970046997,0,-0.00944515410810709,0.9999154210090637,0.008915003389120102,0,0.1667226403951645,-0.007215877994894981,0.985977053642273,0,0,0.28464600443840027,0,1,0.916124165058136,-0.06670625507831573,-0.3953068256378174,0,0.09758009016513824,0.9935075640678406,0.05849204957485199,0,0.38883838057518005,-0.09216002374887466,0.9166852235794067,0,0.03219300135970116,0.03186799958348274,0,1,0.9627909660339355,-0.028838738799095154,0.26870232820510864,0,-0.2517024278640747,0.26626795530319214,0.9304559230804443,0,-0.09838000684976578,-0.9634677171707153,0.2491016387939453,0,-0.0012679999927058816,0.26051101088523865,0.2858090102672577,1,-0.9775753617286682,0.09672272205352783,-0.18706035614013672,0,-0.12511052191257477,0.4477691352367401,0.8853528499603271,0,0.1693935990333557,0.8889022469520569,-0.42562708258628845,0,0,0.5972440242767334,0,1,0.8276113867759705,-0.43736666440963745,0.3518088459968567,0,0.4947173595428467,0.8644761443138123,-0.08908431977033615,0,-0.2651679217815399,0.24777324497699738,0.9318235516548157,0,0,0.8257489800453186,0,1,-0.9176863431930542,0.0724831372499466,0.39063844084739685,0,-0.34639301896095276,0.3355795443058014,-0.8760121464729309,0,-0.19458633661270142,-0.9392185807228088,-0.2828490138053894,0,0.00001700000029813964,0.2604779899120331,-0.2858090102672577,1,0.8210357427597046,0.5234924554824829,0.22771960496902466,0,-0.3613719642162323,0.1677858531475067,0.917201042175293,0,0.44193965196609497,-0.8353460431098938,0.3269335925579071,0,0,0.5972440242767334,0,1,0.6615632176399231,-0.7058400511741638,-0.2532273828983307,0,0.7424526214599609,0.6639670729637146,0.08895083516836166,0,0.10534951835870743,-0.24685584008693695,0.9633086323738098,0,0,0.8286100029945374,0,1,-0.2162616103887558,0.9597092866897583,0.17941485345363617,0,-0.5968431234359741,-0.27538037300109863,0.7536211609840393,0,0.7726641297340393,0.05589674040675163,0.6323496103286743,0,0.0007140000234358013,-0.10566800087690353,0.4295400083065033,1,-0.20537936687469482,-0.2025873214006424,-0.9574849605560303,0,-0.9754961729049683,0.12125144898891449,0.18358810245990753,0,0.07890378683805466,0.9717285633087158,-0.2225257307291031,0,0,0.6938760280609131,0,1,0.9018241167068481,-0.31199294328689575,-0.2989538311958313,0,0.311811238527298,-0.00909395795315504,0.9501003623008728,0,-0.29914331436157227,-0.9500407576560974,0.0890817642211914,0,0,0.5847569704055786,0,1,0.9630269408226013,-0.26297610998153687,-0.05851016566157341,0,0.26749786734580994,0.9075741171836853,0.3236587941646576,0,-0.03201218694448471,-0.3273431360721588,0.9443628787994385,0,0,0.34629398584365845,0,1,-0.8439185619354248,0.5135546922683716,0.1551225483417511,0,-0.4828636348247528,-0.6011457443237305,-0.6367633938789368,0,-0.23376141488552094,-0.6122790575027466,0.7552942633628845,0,0.0009699999936856329,-0.10566800087690353,-0.4295400083065033,1,-0.05493660271167755,-0.014376427978277206,0.9983862638473511,0,-0.9967264533042908,0.060183651745319366,-0.05397865176200867,0,-0.05931052938103676,-0.998083770275116,-0.017635656520724297,0,0,0.6937940120697021,0,1,-0.7374587655067444,0.27832522988319397,-0.6153774857521057,0,0.3517000377178192,-0.6196061372756958,-0.7017095685005188,0,-0.5765949487686157,-0.7339099049568176,0.3590468466281891,0,0,0.5381569862365723,0,1,0.9573720097541809,0.05830982327461243,0.2829109728336334,0,-0.1794481724500656,0.8875519633293152,0.42432308197021484,0,-0.22635599970817566,-0.4570028781890869,0.8601809740066528,0,0,0.2709279954433441,0,1
K0.067,-0.6502406597137451,0.14068183302879333,-0.7465892434120178,0,0.04456102475523949,0.9880765080451965,0.14737558364868164,0,0.7584203481674194,0.06256081163883209,-0.6487564444541931,0,0.0007487937691621482,0.9506336450576782,0.020297862589359283,1,0.9757174253463745,0.21325311064720154,-0.0499907024204731,0,-0.21139317750930786,0.9765826463699341,0.03999330475926399,0,0.05734871327877045,-0.028454456478357315,0.997948408126831,0,-0.0049149999395012856,0.18970000743865967,0,1,0.9900620579719543,0.10148005187511444,-0.09735565632581711,0,-0.09394393116235733,0.9924299120903015,0.07910707592964172,0,0.10464645177125931,-0.06917493790388107,0.9921006560325623,0,0,0.2213910073041916,0,1,0.9882143139839172,-0.10468143969774246,-0.11169154942035675,0,0.11156755685806274,0.9921044707298279,0.05728033185005188,0,0.10481346398591995,-0.0690663754940033,0.9920905828475952,0,0,0.2530190050601959,0,1,0.9847522974014282,0.0015217160107567906,-0.1739579141139984,0,0.0013206690782681108,0.9998677968978882,0.016222583130002022,0,0.17395955324172974,-0.016204962506890297,0.9846197962760925,0,0,0.28464600443840027,0,1,0.9148963689804077,-0.06689699739217758,-0.3981066048145294,0,0.09771136194467545,0.9935465455055237,0.05759890004992485,0,0.3916844427585602,-0.09159661829471588,0.9155292510986328,0,0.03219300135970116,0.03186799958348274,0,1,0.9642869234085083,-0.03015408106148243,0.2631363570690155,0,-0.24676142632961273,0.25865429639816284,0.9339199662208557,0,-0.09622284024953842,-0.9654986262321472,0.2419760823249817,0,-0.0012679999927058816,0.26051101088523865,0.2858090102672577,1,-0.9781408309936523,0.10153166949748993,-0.18147091567516327,0,-0.11797364801168442,0.4476966857910156,0.8863692283630371,0,0.17123845219612122,0.8884026408195496,-0.42593222856521606,0,0,0.5972440242767334,0,1,0.8257831335067749,-0.44057273864746094,0.3521043062210083,0,0.49841561913490295,0.8622506856918335,-0.09002743661403656,0,-0.2639387845993042,0.24983766674995422,0.9316213130950928,0,0,0.8257489800453186,0,1,-0.9230595231056213,0.06660415977239609,0.37884724140167236,0,-0.33392438292503357,0.3501266539096832,-0.8751600384712219,0,-0.190933957695961,-0.9343316555023193,-0.30094724893569946,0,0.00001700000029813964,0.2604779899120331,-0.2858090102672577,1,0.8246698975563049,0.5228580236434937,0.21572907269001007,0,-0.3438054323196411,0.16052044928073883,0.925218939781189,0,0.44912952184677124,-0.8371695876121521,0.31213802099227905,0,0,0.5972440242767334,0,1,0.6603283882141113,-0.706694483757019,-0.2540655732154846,0,0.743492066860199,0.6628434062004089,0.08864300698041916,0,0.10576217621564865,-0.2474292516708374,0.9631161689758301,0,0,0.8286100029945374,0,1,-0.21408836543560028,0.9600764513015747,0.180051788687706,0,-0.5959386229515076,-0.2744218707084656,0.7546854019165039,0,0.7739659547805786,0.05426958203315735,0.6308974027633667,0,0.0007140000234358013,-0.10566800087690353,0.4295400083065033,1,-0.1958373636007309,-0.19950295984745026,-0.960128128528595,0,-0.9764721989631653,0.1298077255487442,0.17219853401184082,0,0.09027793258428574,0.9712610840797424,-0.22023026645183563,0,0,0.6938760280609131,0,1,0.8986650705337524,-0.3150635361671448,-0.30518293380737305,0,0.3223811089992523,0.0026171549689024687,0.9466060996055603,0,-0.297442227602005,-0.9490666389465332,0.10392242670059204,0,0,0.5847569704055786,0,1,0.9630270600318909,-0.26297590136528015,-0.0585089810192585,0,0.26749715209007263,0.9075739979743958,0.3236579895019531,0,-0.032013002783060074,-0.32734215259552,0.9443628787994385,0,0,0.34629398584365845,0,1,-0.838255763053894,0.5180323123931885,0.17020291090011597,0,-0.4944210946559906,-0.59046870470047,-0.6378822326660156,0,-0.22994431853294373,-0.6188608407974243,0.7510904669761658,0,0.0009699999936856329,-0.10566800087690353,-0.4295400083065033,1,-0.05475600063800812,-0.01873638853430748,0.9983235597610474,0,-0.9980782866477966,0.030084675177931786,-0.05417788028717041,0,-0.029019171372056007,-0.999371349811554,-0.020347731187939644,0,0,0.6937940120697021,0,1,-0.7414180636405945,0.27157750725746155,-0.6136327981948853,0,0.34017446637153625,-0.6361280679702759,-0.6925469636917114,0,-0.5784295201301575,-0.7222094535827637,0.3792532682418823,0,0,0.5381569862365723,0,1,0.9573720097541809,0.058309826999902725,0.2829109728336334,0,-0.1794481724500656,0.88755202293396,0.42432305216789246,0,-0.22635599970817566,-0.4570028483867645,0.8601809740066528,0,0,0.2709279954433441,0,1
K0.101,-0.6431885361671448,0.14843043684959412,-0.7511842250823975,0,0.041113369166851044,0.9863109588623047,0.15968772768974304,0,0.7646031975746155,0.07182556390762329,-0.6404858827590942,0,-0.0063841138035058975,0.9460148811340332,0.02400323562324047,1,0.9757251739501953,0.21305018663406372,-0.050689369440078735,0,-0.2111242115497589,0.9766080379486084,0.04078377038240433,0,0.058192651718854904,-0.029092008247971535,0.9978814125061035,0,-0.0049149999395012856,0.18970000743865967,0,1,0.9900988936424255,0.10133356600999832,-0.09714119136333466,0,-0.09365595132112503,0.9923376441001892,0.0805884450674057,0,0.1045631542801857,-0.07069266587495804,0.9920026659965515,0,0,0.2213910073041916,0,1,0.9881477952003479,-0.10508488118648529,-0.11189769208431244,0,0.11212830990552902,0.991963267326355,0.05861600115895271,0,0.1048387810587883,-0.07046819478273392,0.9919896721839905,0,0,0.2530190050601959,0,1,0.9830689430236816,-0.011092261411249638,-0.18289856612682343,0,0.015166714787483215,0.9996665120124817,0.02089335396885872,0,0.18260589241981506,-0.02331359125673771,0.9829098582267761,0,0,0.28464600443840027,0,1,0.9127224683761597,-0.06367896497249603,-0.4035872220993042,0,0.0966164618730545,0.9934033751487732,0.061758942902088165,0,0.39699241518974304,-0.09536200761795044,0.9128546714782715,0,0.03219300135970116,0.03186799958348274,0,1,0.9650722742080688,-0.031001856550574303,0.2601422071456909,0,-0.24414190649986267,0.253743052482605,0.9359539747238159,0,-0.09502555429935455,-0.9667743444442749,0.23731142282485962,0,-0.0012679999927058816,0.26051101088523865,0.2858090102672577,1,-0.9787222743034363,0.10812373459339142,-0.17438898980617523,0,-0.10843545198440552,0.44897255301475525,0.8869411945343018,0,0.17419540882110596,0.886979877948761,-0.42769530415534973,0,0,0.5972440242767334,0,1,0.8243900537490845,-0.4427887499332428,0.3525879979133606,0,0.5005346536636353,0.8611446619033813,-0.08885903656482697,0,-0.2642833888530731,0.24973691999912262,0.9315497875213623,0,0,0.8257489800453186,0,1,-0.9282885789871216,0.06100257858633995,0.366822212934494,0,-0.32118239998817444,0.3656168580055237,-0.8735935688018799,0,-0.1874079555273056,-0.9287643432617188,-0.31980520486831665,0,0.00001700000029813964,0.2604779899120331,-0.2858090102672577,1,0.8302433490753174,0.5197659134864807,0.20134346187114716,0,-0.32267192006111145,0.1536257416009903,0.9339602589607239,0,0.4545091390609741,-0.8403820395469666,0.29526054859161377,0,0,0.5972440242767334,0,1,0.660975456237793,-0.7053187489509583,-0.25619807839393616,0,0.7422786355018616,0.6646460294723511,0.08524911105632782,0,0.11015322059392929,-0.24651789665222168,0.9628575444221497,0,0,0.8286100029945374,0,1,-0.22207434475421906,0.9582988023757935,0.17985324561595917,0,-0.5881624221801758,-0.27878138422966003,0.7591748237609863,0,0.7776556611061096,0.06281028687953949,0.6255452036857605,0,0.0007140000234358013,-0.10566800087690353,0.4295400083065033,1,-0.18210358917713165,-0.19256438314914703,-0.964238703250885,0,-0.9778345227241516,0.13852249085903168,0.15700748562812805,0,0.1033347100019455,0.971457839012146,-0.2135215699672699,0,0,0.6938760280609131,0,1,0.8933992981910706,-0.32331401109695435,-0.311939001083374,0,0.3315869867801666,0.006045872811228037,0.9434051513671875,0,-0.30313020944595337,-0.9462725520133972,0.11260811984539032,0,0,0.5847569704055786,0,1,0.9630260467529297,-0.26297688484191895,-0.058508966118097305,0,0.2674981355667114,0.9075727462768555,0.32366037368774414,0,-0.03201408311724663,-0.32734477519989014,0.9443630576133728,0,0,0.34629398584365845,0,1,-0.8248692154884338,0.5314764380455017,0.1926744133234024,0,-0.5177225470542908,-0.5732988715171814,-0.6350533366203308,0,-0.22705577313899994,-0.6235874891281128,0.7480535507202148,0,0.0009699999936856329,-0.10566800087690353,-0.4295400083065033,1,-0.055824246257543564,-0.025032978504896164,0.9981268644332886,0,-0.9984400272369385,0.0019906340166926384,-0.05579182505607605,0,-0.0005902787670493126,-0.9996843338012695,-0.025105061009526253,0,0,0.6937940120697021,0,1,-0.7459689974784851,0.2645156681537628,-0.6111969947814941,0,0.33430853486061096,-0.6450052857398987,-0.687172532081604,0,-0.5759932398796082,-0.716937780380249,0.39272409677505493,0,0,0.5381569862365723,0,1,0.9573720097541809,0.05830996856093407,0.2829109728336334,0,-0.17944802343845367,0.8875519633293152,0.42432212829589844,0,-0.22635598480701447,-0.4570019543170929,0.8601810336112976,0,0,0.2709279954433441,0,1
K0.135,-0.6289993524551392,0.15782053768634796,-0.7612175941467285,0,0.03739727661013603,0.9841858744621277,0.1731461137533188,0,0.7765054702758789,0.08044132590293884,-0.6249542236328125,0,-0.013345458544790745,0.9428615570068359,0.027253372594714165,1,0.9755991697311401,0.213387131690979,-0.05169759318232536,0,-0.21136824786663055,0.976510226726532,0.04185948148369789,0,0.05941546708345413,-0.029910830780863762,0.997785210609436,0,-0.0049149999395012856,0.18970000743865967,0,1,0.9899929165840149,0.10237991064786911,-0.0971231609582901,0,-0.09449098259210587,0.9920908808708191,0.08262472599744797,0,0.10481415688991547,-0.07262065261602402,0.9918372631072998,0,0,0.2213910073041916,0,1,0.9881649613380432,-0.10435494780540466,-0.11242759227752686,0,0.11162341386079788,0.9919125437736511,0.060406528413295746,0,0.1052146628499031,-0.07224118709564209,0.9918220639228821,0,0,0.2530190050601959,0,1,0.9803512692451477,-0.02698776312172413,-0.19540534913539886,0,0.03291000798344612,0.9990898370742798,0.027123967185616493,0,0.19449542462825775,-0.033021800220012665,0.9803469181060791,0,0,0.28464600443840027,0,1,0.9099297523498535,-0.057414863258600235,-0.4107704162597656,0,0.09272187203168869,0.9934660792350769,0.06653513759374619,0,0.40426650643348694,-0.09862973541021347,0.9093081951141357,0,0.03219300135970116,0.03186799958348274,0,1,0.9664419293403625,-0.03185507655143738,0.2549034357070923,0,-0.2393859326839447,0.24829910695552826,0.93863844871521,0,-0.09319265931844711,-0.9681594967842102,0.23234091699123383,0,-0.0012679999927058816,0.26051101088523865,0.2858090102672577,1,-0.9787444472312927,0.11272867023944855,-0.17132438719272614,0,-0.10263330489397049,0.45401787757873535,0.8850614428520203,0,0.177556112408638,0.8838324546813965,-0.43279770016670227,0,0,0.5972440242767334,0,1,0.8269717693328857,-0.4403891861438751,0.3495340943336487,0,0.4978795051574707,0.862420916557312,-0.09135427325963974,0,-0.26121431589126587,0.2495734989643097,0.9324593544006348,0,0,0.8257489800453186,0,1,-0.9340329766273499,0.05581328272819519,0.35279980301856995,0,-0.306764155626297,0.380615770816803,-0.8723680377006531,0,-0.1829710453748703,-0.9230477213859558,-0.3383863866329193,0,0.00001700000029813964,0.2604779899120331,-0.2858090102672577,1,0.8360434174537659,0.516309380531311,0.18562233448028564,0,-0.2999645471572876,0.14684881269931793,0.9425803422927856,0,0.4594042897224426,-0.8437175154685974,0.2776463031768799,0,0,0.5972440242767334,0,1,0.6601265072822571,-0.7044351696968079,-0.26077499985694885,0,0.7417017817497253,0.6661803126335144,0.07798340171575546,0,0.11878902465105057,-0.24489636719226837,0.9622448682785034,0,0,0.8286100029945374,0,1,-0.23642034828662872,0.9547064900398254,0.18066899478435516,0,-0.5727131962776184,-0.2871285080909729,0.7678260803222656,0,0.7849236130714417,0.0780581384897232,0.6146558523178101,0,0.0007140000234358013,-0.10566800087690353,0.4295400083065033,1,-0.16395947337150574,-0.18572397530078888,-0.9688258171081543,0,-0.9794261455535889,0.14777737855911255,0.13742448389530182,0,0.11764757335186005,0.9714257717132568,-0.20613253116607666,0,0,0.6938760280609131,0,1,0.887419581413269,-0.3330228626728058,-0.3187195062637329,0,0.3395916223526001,0.004759807605296373,0.9405609965324402,0,-0.3117113411426544,-0.9429067969322205,0.11731575429439545,0,0,0.5847569704055786,0,1,0.9630260467529297,-0.26297762989997864,-0.05850786343216896,0,0.26749834418296814,0.9075718522071838,0.32366201281547546,0,-0.032015811651945114,-0.32734590768814087,0.9443620443344116,0,0,0.34629398584365845,0,1,-0.804348886013031,0.5517084002494812,0.22054822742938995,0,-0.5498269200325012,-0.5504664778709412,-0.6282328367233276,0,-0.2251969575881958,-0.6265817284584045,0.7461111545562744,0,0.0009699999936856329,-0.10566800087690353,-0.4295400083065033,1,-0.05772608518600464,-0.03267708048224449,0.9977973699569702,0,-0.9980081915855408,-0.023596469312906265,-0.05851107835769653,0,0.025456493720412254,-0.9991875886917114,-0.03124983236193657,0,0,0.6937940120697021,0,1,-0.7509272694587708,0.2573840022087097,-0.6081627011299133,0,0.3334566056728363,-0.6471133232116699,-0.685603141784668,0,-0.5700133442878723,-0.717633843421936,0.40010860562324524,0,0,0.5381569862365723,0,1,0.9573721885681152,0.05830995365977287,0.2829105257987976,0,-0.17944808304309845,0.8875519633293152,0.4243232011795044,0,-0.22635547816753387,-0.4570028483867645,0.8601809144020081,0,0,0.2709279954433441,0,1
K0.169,-0.6092227697372437,0.16838635504245758,-0.7749149203300476,0,0.03320811688899994,0.9817554950714111,0.18722452223300934,0,0.7923032641410828,0.08832799643278122,-0.6036996841430664,0,-0.02015543356537819,0.9409464001655579,0.03002803772687912,1,0.9755904078483582,0.21320201456546783,-0.052618611603975296,0,-0.2111162543296814,0.9765360951423645,0.04250381514430046,0,0.060445886105298996,-0.03035767376422882,0.9977098703384399,0,-0.0049149999395012856,0.18970000743865967,0,1,0.9900441765785217,0.10233236849308014,-0.09664932638406754,0,-0.0943605974316597,0.9920094609260559,0.08374103903770447,0,0.10444648563861847,-0.07378744333982468,0.9917894601821899,0,0,0.2213910073041916,0,1,0.9881264567375183,-0.10478569567203522,-0.11236181855201721,0,0.1121518686413765,0.9917951822280884,0.06135788559913635,0,0.10501052439212799,-0.07323096692562103,0.991771399974823,0,0,0.2530190050601959,0,1,0.977215588092804,-0.03625970333814621,-0.2091277688741684,0,0.045542020350694656,0.998171865940094,0.03974105790257454,0,0.2073044329881668,-0.04835968092083931,0.9770804047584534,0,0,0.28464600443840027,0,1,0.9074622988700867,-0.05398673936724663,-0.4166495203971863,0,0.09104681760072708,0.9934130907058716,0.06957986205816269,0,0.41014885902404785,-0.10107574611902237,0.9064005017280579,0,0.03219300135970116,0.03186799958348274,0,1,0.9677004814147949,-0.03286296874284744,0.2499508410692215,0,-0.23495596647262573,0.24182994663715363,0.9414421916007996,0,-0.09138423204421997,-0.9697619676589966,0.22629769146442413,0,-0.0012679999927058816,0.26051101088523865,0.2858090102672577,1,-0.9784408807754517,0.11513999849557877,-0.17145295441150665,0,-0.10024362802505493,0.4610564410686493,0.8816908001899719,0,0.18056738376617432,0.8798694610595703,-0.4395744502544403,0,0,0.5972440242767334,0,1,0.8328191637992859,-0.43278610706329346,0.3451223373413086,0,0.4893539845943451,0.867050290107727,-0.09357861429452896,0,-0.25873863697052,0.24682080745697021,0.9338808059692383,0,0,0.8257489800453186,0,1,-0.9393297433853149,0.049747493118047714,0.33938851952552795,0,-0.2926345467567444,0.39996951818466187,-0.8685556650161743,0,-0.17895355820655823,-0.9151772260665894,-0.3611454367637634,0,0.00001700000029813964,0.2604779899120331,-0.2858090102672577,1,0.83676677942276,0.5173428058624268,0.1793815642595291,0,-0.2850324809551239,0.1318257749080658,0.9494099020957947,0,0.46752288937568665,-0.8455634117126465,0.2577667236328125,0,0,0.5972440242767334,0,1,0.6552979946136475,-0.706545352935791,-0.26716649532318115,0,0.7445145845413208,0.6638808846473694,0.07043170928955078,0,0.12760351598262787,-0.24506311118602753,0.9610731601715088,0,0,0.8286100029945374,0,1,-0.25710582733154297,0.9490059614181519,0.18243980407714844,0,-0.5532960891723633,-0.29933834075927734,0.7773422598838806,0,0.7923133969306946,0.0989159420132637,0.6020426750183105,0,0.0007140000234358013,-0.10566800087690353,0.4295400083065033,1,-0.14443308115005493,-0.1774713546037674,-0.973469614982605,0,-0.9805465340614319,0.15782050788402557,0.1167110800743103,0,0.13292063772678375,0.9713891744613647,-0.1968134641647339,0,0,0.6938760280609131,0,1,0.8803186416625977,-0.34642302989959717,-0.3240853548049927,0,0.3449960947036743,-0.0013883766951039433,0.938602864742279,0,-0.3256036043167114,-0.9380776286125183,0.11829236894845963,0,0,0.5847569704055786,0,1,0.9630260467529297,-0.2629778981208801,-0.05850851535797119,0,0.26749885082244873,0.9075720906257629,0.32366156578063965,0,-0.03201513737440109,-0.32734546065330505,0.9443618059158325,0,0,0.34629398584365845,0,1,-0.7774310111999512,0.5764250159263611,0.2516633868217468,0,-0.587611973285675,-0.5229466557502747,-0.6174449920654297,0,-0.2243042141199112,-0.6279013752937317,0.7452692985534668,0,0.0009699999936856329,-0.10566800087690353,-0.4295400083065033,1,-0.06013011187314987,-0.041117455810308456,0.9973435401916504,0,-0.9970085620880127,-0.04612499475479126,-0.062011558562517166,0,0.048552256077528,-0.9980887174606323,-0.03822090104222298,0,0,0.6937940120697021,0,1,-0.7560344934463501,0.2505231201648712,-0.6046892404556274,0,0.3367956280708313,-0.6432597041130066,-0.6875937581062317,0,-0.5612305998802185,-0.7235015630722046,0.40195155143737793,0,0,0.5381569862365723,0,1,0.9573720693588257,0.058310385793447495,0.28291064500808716,0,-0.17944855988025665,0.88755202293396,0.42432311177253723,0,-0.22635537385940552,-0.4570028483867645,0.8601809144020081,0,0,0.2709279954433441,0,1
K0.202,-0.5854822993278503,0.1796175241470337,-0.7905358672142029,0,0.02838226966559887,0.979089617729187,0.20143845677375793,0,0.8101882338523865,0.09550156444311142,-0.5783382058143616,0,-0.02693137712776661,0.9399792551994324,0.03236157074570656,1,0.9756765961647034,0.21274711191654205,-0.05286378413438797,0,-0.21060334146022797,0.9766106605529785,0.04332556575536728,0,0.06084474176168442,-0.031138455495238304,0.9976616501808167,0,-0.0049149999395012856,0.18970000743865967,0,1,0.9902995824813843,0.10173100978136063,-0.09464051574468613,0,-0.0937822014093399,0.9919610619544983,0.08496080338954926,0,0.1025228500366211,-0.07526104152202606,0.9918791055679321,0,0,0.2213910073041916,0,1,0.9881912469863892,-0.10580644011497498,-0.11083230376243591,0,0.1132030114531517,0.99159175157547,0.06270227581262589,0,0.10326601564884186,-0.07450832426548004,0.9918591380119324,0,0,0.2530190050601959,0,1,0.973980724811554,-0.04375660419464111,-0.2223661243915558,0,0.05703532323241234,0.9969294667243958,0.053646016865968704,0,0.2193361520767212,-0.06493295729160309,0.9734865427017212,0,0,0.28464600443840027,0,1,0.9054331183433533,-0.048308372497558594,-0.4217309057712555,0,0.08819492161273956,0.9932318329811096,0.07557706534862518,0,0.41522568464279175,-0.10562451928853989,0.9035657644271851,0,0.03219300135970116,0.03186799958348274,0,1,0.9682466983795166,-0.033487942069768906,0.24774150550365448,0,-0.2330290526151657,0.23794704675674438,0.9429100751876831,0,-0.09052545577287674,-0.9707003235816956,0.2225877344608307,0,-0.0012679999927058816,0.26051101088523865,0.2858090102672577,1,-0.9783658385276794,0.11979689449071884,-0.16866682469844818,0,-0.09438235312700272,0.4670344591140747,0.8791874051094055,0,0.18409718573093414,0.8760862946510315,-0.44562387466430664,0,0,0.5972440242767334,0,1,0.8354222178459167,-0.4291468858718872,0.34336933493614197,0,0.48543256521224976,0.8691152334213257,-0.09483390301465988,0,-0.2577298879623413,0.24590906500816345,0.934400200843811,0,0,0.8257489800453186,0,1,-0.9452216029167175,0.043040111660957336,0.32358086109161377,0,-0.27636194229125977,0.4220435321331024,-0.8634257912635803,0,-0.17372699081897736,-0.9055531024932861,-0.38702964782714844,0,0.00001700000029813964,0.2604779899120331,-0.2858090102672577,1,0.8341395258903503,0.5219188332557678,0.17835880815982819,0,-0.274878591299057,0.11302098631858826,0.9548130035400391,0,0.4781768023967743,-0.8454746007919312,0.2377396821975708,0,0,0.5972440242767334,0,1,0.6462486386299133,-0.7114298939704895,-0.27609750628471375,0,0.7503659129142761,0.6582826375961304,0.060127172619104385,0,0.1389738768339157,-0.24603113532066345,0.9592465758323669,0,0,0.8286100029945374,0,1,-0.2808195650577545,0.9414492845535278,0.18658094108104706,0,-0.5301876664161682,-0.31421852111816406,0.7875067591667175,0,0.8000255823135376,0.12222452461719513,0.587384045124054,0,0.0007140000234358013,-0.10566800087690353,0.4295400083065033,1,-0.12431653589010239,-0.16997656226158142,-0.9775751233100891,0,-0.9809916615486145,0.16900190711021423,0.09536570310592651,0,0.1490021049976349,0.9708485007286072,-0.187755286693573,0,0,0.6938760280609131,0,1,0.8729321360588074,-0.36129188537597656,-0.32780805230140686,0,0.3480643630027771,-0.009570949710905552,0.9374220371246338,0,-0.3418203294277191,-0.9324039220809937,0.11739800870418549,0,0,0.5847569704055786,0,1,0.9630270600318909,-0.2629759907722473,-0.05851118266582489,0,0.26749786734580994,0.9075729846954346,0.3236609995365143,0,-0.03201187774538994,-0.32734569907188416,0.9443621039390564,0,0,0.34629398584365845,0,1,-0.7451451420783997,0.6035246253013611,0.2837553024291992,0,-0.6280279755592346,-0.49187973141670227,-0.6030211448669434,0,-0.22436463832855225,-0.6275445818901062,0.7455522418022156,0,0.0009699999936856329,-0.10566800087690353,-0.4295400083065033,1,-0.06283402442932129,-0.04990218207240105,0.9967758059501648,0,-0.9956682920455933,-0.06543973833322525,-0.06604040414094925,0,0.06852439045906067,-0.9966082572937012,-0.04557415470480919,0,0,0.6937940120697021,0,1,-0.761102557182312,0.2440449297428131,-0.6009689569473267,0,0.3434044420719147,-0.6344080567359924,-0.6925317645072937,0,-0.5502685904502869,-0.7334634065628052,0.3990436792373657,0,0,0.5381569862365723,0,1,0.9573721885681152,0.05830986425280571,0.28291046619415283,0,-0.1794479787349701,0.8875519633293152,0.4243232011795044,0,-0.22635546326637268,-0.4570028483867645,0.8601809144020081,0,0,0.2709279954433441,0,1
