2.467,30,74,25
B0,mixamorig_Hips,-1,0.06495168805122375,0.06641078740358353,-0.9956761002540588,0,0.0008607357740402222,0.9977790117263794,0.06660720705986023,0,0.9978880882263184,-0.0051832678727805614,0.06475027650594711,0,-0.0024029999040067196,0.6834250092506409,-0.011145000346004963,1
B1,mixamorig_Spine,0,0.9995239973068237,0.0302790068089962,-0.005907359067350626,0,-0.030265994369983673,0.9995390176773071,0.002278943546116352,0,0.005973642226308584,-0.0020990672055631876,0.9999799728393555,0,-0.0025859999004751444,0.09469100087881088,0,1
B2,mixamorig_Spine1,1,0.9999139904975891,0.008925692178308964,-0.009621833451092243,0,-0.00889830756932497,0.9999560117721558,0.002884932793676853,0,0.009647166356444359,-0.002799068344756961,0.9999500513076782,0,0,0.11051400005817413,0,1
B3,mixamorig_Spine2,2,0.9999139904975891,0.008869258686900139,-0.009639915078878403,0,-0.008840736001729965,0.9999560117721558,0.00299723818898201,0,0.00966607965528965,-0.00291175814345479,0.9999489784240723,0,0,0.12630200386047363,0,1
B4,mixamorig_Neck,3,0.9694219827651978,-0.24407899379730225,0.025418126955628395,0,0.24503296613693237,0.9684239625930786,-0.045967135578393936,0,-0.013395912013947964,0.050789836794137955,0.998619019985199,0,0,0.14208999276161194,0,1
B5,mixamorig_Head,4,0.9827030301094055,0.17677266895771027,-0.05520109459757805,0,-0.174412339925766,0.9836429357528687,0.045028842985630035,0,0.062257956713438034,-0.0346221849322319,0.9974589943885803,0,-0.04831999912858009,0.019728999584913254,0,1
B6,mixamorig_HeadTop_End,5,1,0,0,0,0,1,0,0,0,0,1,0,-0.12917999923229218,0.05274499952793121,0,1
B7,mixamorig_LeftShoulder,3,0.9941520690917969,0.012961648404598236,0.10721069574356079,0,-0.10789334774017334,0.16150906682014465,0.980955958366394,0,-0.004600690212100744,-0.9867860078811646,0.16196294128894806,0,0.014174999669194221,0.12899699807167053,0.15484100580215454,1
B8,mixamorig_LeftArm,7,0.9588310718536377,0.2788037061691284,0.05395430698990822,0,-0.08334571123123169,0.09465794265270233,0.99201500415802,0,0.271470308303833,-0.9556718468666077,0.11399810016155243,0,0,0.33012598752975464,0,1
B9,mixamorig_LeftForeArm,8,0.9750279784202576,0.2220558226108551,-0.0034498313907533884,0,-0.22194717824459076,0.9748579263687134,0.01976105198264122,0,0.007751156575977802,-0.01850190944969654,0.9997990131378174,0,0,0.4148640036582947,0,1
B10,mixamorig_LeftHand,9,1,0,0,0,0,1,0,0,0,0,1,0,0,0.5294280052185059,0,1
B11,mixamorig_RightShoulder,3,-0.9643930792808533,-0.041485920548439026,0.26119983196258545,0,-0.26445019245147705,0.13807320594787598,-0.9544638991355896,0,0.0035321188624948263,-0.9895529747009277,-0.14412778615951538,0,-0.0019280000124126673,0.12943699955940247,-0.15484100580215454,1
B12,mixamorig_RightArm,11,0.9917909502983093,-0.03103392757475376,-0.12404618412256241,0,0.12628182768821716,0.08533318340778351,0.9883170127868652,0,-0.02008611150085926,-0.9958689212799072,0.08855172246694565,0,0,0.32886001467704773,0,1
B13,mixamorig_RightForeArm,12,0.9913670420646667,-0.13110464811325073,-0.0018391316989436746,0,0.13110233843326569,0.9913679361343384,-0.001301183714531362,0,0.001993846148252487,0.0010488355765119195,0.9999970197677612,0,0,0.41274601221084595,0,1
B14,mixamorig_RightHand,13,1,0,0,0,0,1,0,0,0,0,1,0,0,0.5294439792633057,0,1
B15,mixamorig_LeftUpLeg,0,-0.9106569886207581,0.39686980843544006,0.11488616466522217,0,-0.3361421525478363,-0.8733549118041992,0.35250505805015564,0,0.24023489654064178,0.2823930084705353,0.9287310838699341,0,-0.0035500000230968,-0.05269800126552582,0.2121559977531433,1
B16,mixamorig_LeftLeg,15,0.17382970452308655,0.03603213652968407,-0.9841160774230957,0,-0.7890509366989136,0.6030259132385254,-0.1172952875494957,0,0.5892210006713867,0.7969070076942444,0.1332550048828125,0,0,0.3468180000782013,0,1
B17,mixamorig_LeftFoot,16,0.9274019002914429,-0.1902901977300644,-0.3220491409301758,0,0.2843068540096283,-0.20093205571174622,0.9374410510063171,0,-0.2430957555770874,-0.9609450697898865,-0.13224391639232635,0,0,0.3039799928665161,0,1
B18,mixamorig_LeftToeBase,17,0.9844629764556885,-0.17550809681415558,0.005418251268565655,0,0.16374698281288147,0.928758978843689,0.3325570523738861,0,-0.06339872628450394,-0.3265029788017273,0.9430680871009827,0,0,0.17184899747371674,0,1
B19,mixamorig_LeftToe_End,18,1,0,0,0,0,1,0,0,0,0,1,0,0,0.0906200036406517,0,1
B20,mixamorig_RightUpLeg,0,-0.9197889566421509,0.384084016084671,-0.08042414486408234,0,-0.3493169844150543,-0.8947709798812866,-0.2781418561935425,0,-0.17879091203212738,-0.2277381420135498,0.9571669697761536,0,-0.0017140000127255917,-0.05269800126552582,-0.2121559977531433,1
B21,mixamorig_RightLeg,20,0.13284030556678772,0.05824859440326691,0.989423930644989,0,-0.6636959314346313,0.7466380596160889,0.045152463018894196,0,-0.7361118793487549,-0.662675142288208,0.1378430724143982,0,0,0.3464739918708801,0,1
B22,mixamorig_RightFoot,21,-0.8997789621353149,0.19142499566078186,-0.392115980386734,0,0.40688401460647583,0.04347100108861923,-0.9124450087547302,0,-0.15761898458003998,-0.9805439710617065,-0.1170019879937172,0,0,0.27732300758361816,0,1
B23,mixamorig_RightToeBase,22,0.959122896194458,0.0019202153198421001,0.2829822599887848,0,-0.12953266501426697,0.8920490145683289,0.4329770505428314,0,-0.25160282850265503,-0.45193400979042053,0.8558340668678284,0,0,0.13539999723434448,0,1
B24,mixamorig_RightToe_End,23,1,0,0,0,0,1,0,0,0,0,1,0,0,0.09076199680566788,0,1
@20,0,1,2,3,4,5,7,8,9,11,12,13,15,16,17,18,20,21,22,23
K0,-0.9956760406494141,0.06641054153442383,-0.06495172530412674,0,0.06660693883895874,0.9977790117263794,-0.0008605338516645133,0,0.0647503212094307,-0.005183051340281963,-0.9978880286216736,0,-0.011144999414682388,0.6834250092506409,0.0024029994383454323,1,0.9995239973068237,0.030279003083705902,-0.005907358136028051,0,-0.030265990644693375,0.9995390176773071,0.002278938191011548,0,0.005973640829324722,-0.0020990618504583836,0.9999799728393555,0,-0.0025859999004751444,0.09469100087881088,0,1,0.9999139904975891,0.008925693109631538,-0.009621833451092243,0,-0.008898308500647545,0.9999560117721558,0.002884932328015566,0,0.009647166356444359,-0.0027990678790956736,0.9999500513076782,0,0,0.11051400005817413,0,1,0.9999139904975891,0.008869261480867863,-0.009639917872846127,0,-0.008840738795697689,0.9999560117721558,0.0029972402844578028,0,0.009666082449257374,-0.0029117600060999393,0.9999489784240723,0,0,0.12630200386047363,0,1,0.9694219827651978,-0.24407899379730225,0.025418108329176903,0,0.24503296613693237,0.9684239625930786,-0.04596715420484543,0,-0.013395890593528748,0.05078984797000885,0.998619019985199,0,0,0.14208999276161194,0,1,0.9827030301094055,0.17677265405654907,-0.05520106852054596,0,-0.174412339925766,0.9836429357528687,0.04502882808446884,0,0.062257930636405945,-0.03462217375636101,0.9974589943885803,0,-0.04831999912858009,0.019728999584913254,0,1,0.9941520690917969,0.012961373664438725,0.10721100121736526,0,-0.10789360105991364,0.16150891780853271,0.980955958366394,0,-0.00460099196061492,-0.9867860078811646,0.16196274757385254,0,0.014174999669194221,0.12899699807167053,0.15484100580215454,1,0.9588310122489929,0.2788039743900299,0.05395456776022911,0,-0.08334597945213318,0.09465769678354263,0.9920151233673096,0,0.2714705765247345,-0.9556719064712524,0.1139979436993599,0,0,0.33012598752975464,0,1,0.9750279784202576,0.2220558226108551,-0.0034498353488743305,0,-0.22194717824459076,0.9748579263687134,0.01976107247173786,0,0.007751164957880974,-0.018501926213502884,0.9997990131378174,0,0,0.4148640036582947,0,1,-0.9643930792808533,-0.0414857491850853,0.261199951171875,0,-0.2644502818584442,0.13807322084903717,-0.9544638991355896,0,0.0035319349262863398,-0.9895530343055725,-0.1441277712583542,0,-0.0019280000124126673,0.12943699955940247,-0.15484100580215454,1,0.9917909502983093,-0.031034089624881744,-0.12404625862836838,0,0.12628191709518433,0.08533316850662231,0.98831707239151,0,-0.0200862567871809,-0.9958690404891968,0.08855172991752625,0,0,0.32886001467704773,0,1,0.9913670420646667,-0.13110464811325073,-0.001839143573306501,0,0.13110233843326569,0.9913679361343384,-0.0013011747505515814,0,0.0019938566256314516,0.001048825215548277,0.9999970197677612,0,0,0.41274601221084595,0,1,-0.9106569290161133,0.3968697786331177,0.11488614231348038,0,-0.3361421823501587,-0.8733549118041992,0.35250499844551086,0,0.2402348667383194,0.2823929786682129,0.9287310838699341,0,-0.0035500000230968,-0.05269800126552582,0.2121559977531433,1,0.17382974922657013,0.03603227064013481,-0.9841161370277405,0,-0.7890508770942688,0.6030260920524597,-0.1172952726483345,0,0.589221179485321,0.7969069480895996,0.13325512409210205,0,0,0.3468180000782013,0,1,0.9274019002914429,-0.19029046595096588,-0.32204893231391907,0,0.2843066155910492,-0.20093205571174622,0.9374411702156067,0,-0.24309594929218292,-0.9609450697898865,-0.13224390149116516,0,0,0.3039799928665161,0,1,0.9844629764556885,-0.1755080670118332,0.005418272223323584,0,0.1637469381093979,0.928758978843689,0.3325570225715637,0,-0.06339872628450394,-0.3265029489994049,0.9430680871009827,0,0,0.17184899747371674,0,1,-0.91978919506073,0.384084016084671,-0.08042412251234055,0,-0.3493170142173767,-0.894771158695221,-0.2781418561935425,0,-0.178790882229805,-0.227738156914711,0.9571669697761536,0,-0.0017140000127255917,-0.05269800126552582,-0.2121559977531433,1,0.13284000754356384,0.05824853479862213,0.9894240498542786,0,-0.6636962890625,0.746637761592865,0.04515240341424942,0,-0.7361117005348206,-0.6626754999160767,0.13784277439117432,0,0,0.3464739918708801,0,1,-0.8997789621353149,0.19142496585845947,-0.392115980386734,0,0.4068840444087982,0.04347100108861923,-0.9124450087547302,0,-0.15761896967887878,-0.9805439710617065,-0.1170019879937172,0,0,0.27732300758361816,0,1,0.959122896194458,0.001920283306390047,0.28298220038414,0,-0.12953270971775055,0.8920490741729736,0.43297702074050903,0,-0.25160276889801025,-0.45193397998809814,0.8558340668678284,0,0,0.13539999723434448,0,1
K0.033,-0.9956409335136414,0.06655022501945496,-0.06535084545612335,0,0.06675443053245544,0.9977689981460571,-0.0009442190639674664,0,0.0651421919465065,-0.005302559584379196,-0.997861921787262,0,-0.011113999411463737,0.6834099888801575,0.0023949993774294853,1,0.9995240569114685,0.03028198331594467,-0.0059089926071465015,0,-0.030269017443060875,0.9995390176773071,0.002269969554618001,0,0.005975008010864258,-0.0020900298841297626,0.9999799728393555,0,-0.0025859999004751444,0.09469100087881088,0,1,0.999908983707428,0.009161695837974548,-0.009875868447124958,0,-0.00913330540060997,0.9999539852142334,0.0029162343125790358,0,0.009902134537696838,-0.0028257707599550486,0.9999469518661499,0,0,0.11051400005817413,0,1,0.9999099969863892,0.009104054421186447,-0.00989119429141283,0,-0.009073947556316853,0.9999539852142334,0.0030840162653476,0,0.009918810799717903,-0.002993985079228878,0.9999459981918335,0,0,0.12630200386047363,0,1,0.9694418907165527,-0.24400335550308228,0.025401771068572998,0,0.2449556291103363,0.9684481024742126,-0.0458889901638031,0,-0.013403226621448994,0.050709012895822525,0.9986240267753601,0,0,0.14208999276161194,0,1,0.9827250242233276,0.17648716270923615,-0.05571618676185608,0,-0.17410583794116974,0.9836950302124023,0.045074597001075745,0,0.06276281177997589,-0.034595414996147156,0.9974290728569031,0,-0.04831999912858009,0.019728999584913254,0,1,0.9941519498825073,0.01299681793898344,0.10720746219158173,0,-0.10789518058300018,0.1616450399160385,0.9809330105781555,0,-0.004580548033118248,-0.986763060092926,0.16210192441940308,0,0.014174999669194221,0.12899699807167053,0.15484100580215454,1,0.9588809609413147,0.2786431908607483,0.05390312522649765,0,-0.08323181420564651,0.0945131927728653,0.9920379519462585,0,0.2713301181793213,-0.9557329416275024,0.11381889879703522,0,0,0.33012598752975464,0,1,0.9750840663909912,0.22180870175361633,-0.003455205587670207,0,-0.2217002958059311,0.9749149680137634,0.01973891630768776,0,0.007746794726699591,-0.01848108135163784,0.9997990131378174,0,0,0.4148640036582947,0,1,-0.9643930792808533,-0.04139109328389168,0.26121288537979126,0,-0.2644489109516144,0.13785594701766968,-0.9544960856437683,0,0.003497881582006812,-0.9895870089530945,-0.14389316737651825,0,-0.0019280000124126673,0.12943699955940247,-0.15484100580215454,1,0.9918679594993591,-0.0316423736512661,-0.12327492982149124,0,0.12556762993335724,0.08535101264715195,0.9884069561958313,0,-0.020753899589180946,-0.9958479404449463,0.08863013982772827,0,0,0.32886001467704773,0,1,0.9913590550422668,-0.13116364181041718,-0.0018390422919765115,0,0.13116134703159332,0.9913599491119385,-0.00130223180167377,0,0.001993957906961441,0.0010497678304091096,0.9999970197677612,0,0,0.41274601221084595,0,1,-0.9106520414352417,0.3968397080898285,0.11502286791801453,0,-0.3360062539577484,-0.8733019232749939,0.35276564955711365,0,0.24044109880924225,0.2825983464717865,0.9286147952079773,0,-0.0035500000230968,-0.05269800126552582,0.2121559977531433,1,0.17400626838207245,0.03602290153503418,-0.9840849041938782,0,-0.7891561388969421,0.6028538346290588,-0.11747108399868011,0,0.5890280604362488,0.7970378994941711,0.1333281546831131,0,0,0.3468180000782013,0,1,0.927428126335144,-0.19026751816272736,-0.32198601961135864,0,0.2841714322566986,-0.2012280821800232,0.9374188184738159,0,-0.24315302073955536,-0.9608879685401917,-0.1325560063123703,0,0,0.3039799928665161,0,1,0.9844709634780884,-0.175470232963562,0.005281912162899971,0,0.1637527495622635,0.9287421107292175,0.33260098099708557,0,-0.06326708942651749,-0.32657095789909363,0.9430530071258545,0,0,0.17184899747371674,0,1,-0.9196658730506897,0.38437220454216003,-0.08045307546854019,0,-0.34963080286979675,-0.8947151303291321,-0.2779269814491272,0,-0.17880994081497192,-0.2274710237979889,0.9572270512580872,0,-0.0017140000127255917,-0.05269800126552582,-0.2121559977531433,1,0.13243286311626434,0.058168284595012665,0.9894840717315674,0,-0.663635790348053,0.7467062473297119,0.0449250303208828,0,-0.7362400889396667,-0.6626060009002686,0.1374908685684204,0,0,0.3464739918708801,0,1,-0.8997616767883301,0.19137407839298248,-0.3921785056591034,0,0.4069689214229584,0.04364122450351715,-0.9123989939689636,0,-0.15749450027942657,-0.9805468916893005,-0.11715001612901688,0,0,0.27732300758361816,0,1,0.9591209888458252,0.001917201210744679,0.2829890549182892,0,-0.1295337975025177,0.8920489549636841,0.4329790771007538,0,-0.2516099512577057,-0.45193591713905334,0.8558310866355896,0,0,0.13539999723434448,0,1
K0.067,-0.9956139326095581,0.0666947215795517,-0.06560930609703064,0,0.06689611822366714,0.9977600574493408,-0.0008747159736230969,0,0.06540397554636002,-0.005259886384010315,-0.997844934463501,0,-0.011124999262392521,0.6834020018577576,0.0023689998779445887,1,0.9995229244232178,0.03032592684030533,-0.005910733249038458,0,-0.030313072726130486,0.9995380640029907,0.002251124009490013,0,0.005976267158985138,-0.0020708765368908644,0.9999799728393555,0,-0.0025859999004751444,0.09469100087881088,0,1,0.9999070167541504,0.009230180643498898,-0.01002309750765562,0,-0.009198817424476147,0.999953031539917,0.0031712453346699476,0,0.010051898658275604,-0.0030787496361881495,0.9999449849128723,0,0,0.11051400005817413,0,1,0.9999070763587952,0.00916972290724516,-0.010098768398165703,0,-0.009138275869190693,0.9999529719352722,0.0031552885193377733,0,0.010127227753400803,-0.003062710165977478,0.9999439716339111,0,0,0.12630200386047363,0,1,0.969527006149292,-0.24365702271461487,0.025465799495577812,0,0.24461698532104492,0.9685190320014954,-0.046191610395908356,0,-0.013409200124442577,0.05101338028907776,0.9986079335212708,0,0,0.14208999276161194,0,1,0.9828320741653442,0.1758858859539032,-0.05572311952710152,0,-0.1734631359577179,0.9837790131568909,0.045720916241407394,0,0.0628608837723732,-0.03527006879448891,0.9973990321159363,0,-0.04831999912858009,0.019728999584913254,0,1,0.9941989779472351,0.01299819815903902,0.10676901787519455,0,-0.10746180266141891,0.16186806559562683,0.9809440970420837,0,-0.004531993996351957,-0.9867271184921265,0.16232585906982422,0,0.014174999669194221,0.12899699807167053,0.15484100580215454,1,0.9589680433273315,0.2783568799495697,0.053828734904527664,0,-0.08304416388273239,0.09424710273742676,0.9920790791511536,0,0.27107876539230347,-0.955842137336731,0.1134958565235138,0,0,0.33012598752975464,0,1,0.9750568866729736,0.22192929685115814,-0.0034528851974755526,0,-0.22182069718837738,0.9748870730400085,0.019749263301491737,0,0.0077491141855716705,-0.018490737304091454,0.9997990131378174,0,0,0.4148640036582947,0,1,-0.9643219113349915,-0.04129709303379059,0.26149123907089233,0,-0.2647108733654022,0.13785432279109955,-0.9544240832328796,0,0.003367241472005844,-0.9895910024642944,-0.143867626786232,0,-0.0019280000124126673,0.12943699955940247,-0.15484100580215454,1,0.9917399883270264,-0.028983239084482193,-0.12495104223489761,0,0.12698376178741455,0.08432459086179733,0.9883140325546265,0,-0.018108095973730087,-0.9960169196128845,0.08730843663215637,0,0,0.32886001467704773,0,1,0.9915740489959717,-0.1295306533575058,-0.0018409907352179289,0,0.12952838838100433,0.9915750026702881,-0.001285647158510983,0,0.001992009114474058,0.0010363529436290264,0.9999970197677612,0,0,0.41274601221084595,0,1,-0.9107189774513245,0.39677491784095764,0.11471720784902573,0,-0.33608710765838623,-0.8733548521995544,0.3525572717189789,0,0.24007479846477509,0.2825257182121277,0.9287320971488953,0,-0.0035500000230968,-0.05269800126552582,0.2121559977531433,1,0.17454153299331665,0.03655707836151123,-0.9839709997177124,0,-0.7891498804092407,0.6028390526771545,-0.11758612096309662,0,0.5888779759407043,0.7970249056816101,0.13406959176063538,0,0,0.3468180000782013,0,1,0.9273331165313721,-0.1904807835817337,-0.32213374972343445,0,0.28426021337509155,-0.2013499140739441,0.9373660087585449,0,-0.24341174960136414,-0.9608200192451477,-0.13257227838039398,0,0,0.3039799928665161,0,1,0.9844710826873779,-0.17547011375427246,0.005284036509692669,0,0.16375190019607544,0.9287421107292175,0.3326007127761841,0,-0.06326895207166672,-0.3265703320503235,0.9430528879165649,0,0,0.17184899747371674,0,1,-0.9195370674133301,0.38467684388160706,-0.08047404885292053,0,-0.349910169839859,-0.894585907459259,-0.2779918909072876,0,-0.1789279580116272,-0.22746510803699493,0.9572070837020874,0,-0.0017140000127255917,-0.05269800126552582,-0.2121559977531433,1,0.13222450017929077,0.058124132454395294,0.9895140528678894,0,-0.6636629104614258,0.746687114238739,0.04482198879122734,0,-0.7362529635429382,-0.6626310348510742,0.13730528950691223,0,0,0.3464739918708801,0,1,-0.8997290730476379,0.1914955973625183,-0.39219531416893005,0,0.40701332688331604,0.043721795082092285,-0.9123749136924744,0,-0.15756827592849731,-0.9805189967155457,-0.11727917194366455,0,0,0.27732300758361816,0,1,0.9590940475463867,0.0018661830108612776,0.2830827832221985,0,-0.12953680753707886,0.8920409083366394,0.43299442529678345,0,-0.2517131567001343,-0.45195162296295166,0.8557921648025513,0,0,0.13539999723434448,0,1
K0.100,-0.9955898523330688,0.0666610598564148,-0.06600940227508545,0,0.06686411052942276,0.9977620840072632,-0.000869056093506515,0,0.06580373644828796,-0.005278882570564747,-0.9978188872337341,0,-0.010984999127686024,0.6834120154380798,0.002368999645113945,1,0.9995260238647461,0.03021382912993431,-0.005983730778098106,0,-0.030199164524674416,0.9995409250259399,0.002524950774386525,0,0.006057268939912319,-0.002343048807233572,0.9999790191650391,0,-0.0025859999004751444,0.09469100087881088,0,1,0.9999079704284668,0.009062815457582474,-0.010107972659170628,0,-0.009029184468090534,0.9999540448188782,0.0033682899083942175,0,0.010138025507330894,-0.0032767103984951973,0.9999430179595947,0,0,0.11051400005817413,0,1,0.9999080300331116,0.009002374485135078,-0.010179628618061543,0,-0.008968624286353588,0.9999539852142334,0.003355802269652486,0,0.010209373198449612,-0.003264197614043951,0.9999430179595947,0,0,0.12630200386047363,0,1,0.9696610569953918,-0.24312283098697662,0.025454126298427582,0,0.24408216774463654,0.9686570167541504,-0.04613489657640457,0,-0.013439873233437538,0.050948113203048706,0.9986109733581543,0,0,0.14208999276161194,0,1,0.9826300740242004,0.1769171506166458,-0.05602462962269783,0,-0.1745118349790573,0.9836130142211914,0.04529133066534996,0,0.06311937421560287,-0.03472766652703285,0.9974019527435303,0,-0.04831999912858009,0.019728999584913254,0,1,0.9942859411239624,0.01306234672665596,0.1059432402253151,0,-0.10665764659643173,0.16183587908744812,0.9810370206832886,0,-0.00433076499029994,-0.9867308735847473,0.1623043268918991,0,0.014174999669194221,0.12899699807167053,0.15484100580215454,1,0.9591491222381592,0.27777859568595886,0.053591471165418625,0,-0.08259839564561844,0.09379001706838608,0.9921599626541138,0,0.2705744504928589,-0.9560559391975403,0.1129026785492897,0,0,0.33012598752975464,0,1,0.9750620126724243,0.2219078093767166,-0.003452767850831151,0,-0.22179919481277466,0.9748920202255249,0.019747642800211906,0,0.007748231291770935,-0.018489355221390724,0.9997990131378174,0,0,0.4148640036582947,0,1,-0.9642260074615479,-0.04124617949128151,0.26185375452041626,0,-0.26506277918815613,0.13802191615104675,-0.9543020725250244,0,0.0032197546679526567,-0.9895699620246887,-0.1440170407295227,0,-0.0019280000124126673,0.12943699955940247,-0.15484100580215454,1,0.9917119741439819,-0.026991887018084526,-0.12561479210853577,0,0.1274581253528595,0.08349277079105377,0.9883240461349487,0,-0.016188791021704674,-0.9961430430412292,0.08624108880758286,0,0,0.32886001467704773,0,1,0.9916989803314209,-0.12856611609458923,-0.001842105877585709,0,0.12856386601924896,0.9916999936103821,-0.0012762108817696571,0,0.0019908943213522434,0.001028789090923965,0.9999970197677612,0,0,0.41274601221084595,0,1,-0.9108901619911194,0.39627692103385925,0.11507882922887802,0,-0.33546313643455505,-0.8735310435295105,0.3527161180973053,0,0.24029816687107086,0.2826808989048004,0.9286269545555115,0,-0.0035500000230968,-0.05269800126552582,0.2121559977531433,1,0.17459635436534882,0.036269620060920715,-0.9839719533920288,0,-0.7889781594276428,0.6030297875404358,-0.11776860803365707,0,0.5890927910804749,0.7968941926956177,0.13390272855758667,0,0,0.3468180000782013,0,1,0.9273279309272766,-0.1904061883687973,-0.32219424843788147,0,0.2842687964439392,-0.20159794390201569,0.9373100399971008,0,-0.2434232085943222,-0.9607829451560974,-0.13282077014446259,0,0,0.3039799928665161,0,1,0.9844650030136108,-0.17549674212932587,0.005375960376113653,0,0.16374926269054413,0.9287539720535278,0.33257097005844116,0,-0.06335804611444473,-0.3265240490436554,0.943062961101532,0,0,0.17184899747371674,0,1,-0.9195420742034912,0.38462501764297485,-0.08065878599882126,0,-0.34984397888183594,-0.8946561217308044,-0.2778480052947998,0,-0.1790292114019394,-0.22727499902248383,0.9572328925132751,0,-0.0017140000127255917,-0.05269800126552582,-0.2121559977531433,1,0.1317409723997116,0.057881422340869904,0.989592969417572,0,-0.6633905172348022,0.7469412684440613,0.04462607949972153,0,-0.7365850210189819,-0.6623659133911133,0.13680081069469452,0,0,0.3464739918708801,0,1,-0.8995869755744934,0.1917063295841217,-0.3924187421798706,0,0.40728771686553955,0.04386036843061447,-0.91224604845047,0,-0.157671719789505,-0.9804720282554626,-0.11753574013710022,0,0,0.27732300758361816,0,1,0.9589689373970032,0.0016388767398893833,0.2835051417350769,0,-0.1295541226863861,0.8920028209686279,0.4330662786960602,0,-0.2521778643131256,-0.4520267844200134,0.8556162118911743,0,0,0.13539999723434448,0,1
K0.133,-0.9955959916114807,0.06594941020011902,-0.06662202626466751,0,0.066147081553936,0.9978099465370178,-0.0007624049903824925,0,0.06642584502696991,-0.005165905226022005,-0.9977779984474182,0,-0.010853998363018036,0.6834250092506409,0.0023479994852095842,1,0.9995179772377014,0.030412739142775536,-0.006215834990143776,0,-0.030397264286875725,0.999535083770752,0.002572093391790986,0,0.006291165016591549,-0.0023819073103368282,0.9999769926071167,0,-0.0025859999004751444,0.09469100087881088,0,1,0.9999009966850281,0.009420019574463367,-0.010465388186275959,0,-0.009382982738316059,0.9999500513076782,0.0035827772226184607,0,0.010498611256480217,-0.0034842249006032944,0.9999390840530396,0,0,0.11051400005817413,0,1,0.9998999834060669,0.009357103146612644,-0.010572027415037155,0,-0.009320898912847042,0.9999510049819946,0.0034694441128522158,0,0.010603970848023891,-0.003370555816218257,0.9999380111694336,0,0,0.12630200386047363,0,1,0.969700038433075,-0.24297083914279938,0.025445865467190742,0,0.24392914772033691,0.9686970114707947,-0.04609687253832817,0,-0.013449134305119514,0.05090711638331413,0.9986129403114319,0,0,0.14208999276161194,0,1,0.9825839996337891,0.17735901474952698,-0.0554230697453022,0,-0.17493601143360138,0.9835090041160583,0.0459170900285244,0,0.06265292316675186,-0.03542192280292511,0.997407078742981,0,-0.04831999912858009,0.019728999584913254,0,1,0.9942479133605957,0.013050100766122341,0.10630328953266144,0,-0.10701290518045425,0.161366805434227,0.9810749888420105,0,-0.0043506985530257225,-0.9868080019950867,0.1618351936340332,0,0.014174999669194221,0.12899699807167053,0.15484100580215454,1,0.9592350125312805,0.27754098176956177,0.05327506363391876,0,-0.08236601948738098,0.094228096306324,0.9921380281448364,0,0.2703390419483185,-0.9560819268226624,0.1132468730211258,0,0,0.33012598752975464,0,1,0.9751789569854736,0.2213921695947647,-0.0034638727083802223,0,-0.22128383815288544,0.9750100374221802,0.019701756536960602,0,0.0077391271479427814,-0.018446244299411774,0.9998000264167786,0,0,0.4148640036582947,0,1,-0.9643641710281372,-0.0413336381316185,0.2613285779953003,0,-0.26455533504486084,0.13794663548469543,-0.9544529914855957,0,0.003401613561436534,-0.989577054977417,-0.14396601915359497,0,-0.0019280000124126673,0.12943699955940247,-0.15484100580215454,1,0.9918809533119202,-0.030181923881173134,-0.12353362143039703,0,0.12567707896232605,0.08437799662351608,0.9884759783744812,0,-0.01941061019897461,-0.995976984500885,0.08748620003461838,0,0,0.32886001467704773,0,1,0.9914899468421936,-0.13017012178897858,-0.0018402221612632275,0,0.1301678717136383,0.9914910793304443,-0.0012922676978632808,0,0.0019927776884287596,0.0010417322628200054,0.9999970197677612,0,0,0.41274601221084595,0,1,-0.9114779233932495,0.39483100175857544,0.11539188027381897,0,-0.3339900076389313,-0.874102771282196,0.35269710421562195,0,0.2401200830936432,0.28293585777282715,0.9285950064659119,0,-0.0035500000230968,-0.05269800126552582,0.2121559977531433,1,0.1752626597881317,0.03643778711557388,-0.9838470816612244,0,-0.7886940240859985,0.6033251285552979,-0.11815328896045685,0,0.5892745852470398,0.7966622710227966,0.13447865843772888,0,0,0.3468180000782013,0,1,0.9273067712783813,-0.190394327044487,-0.32226046919822693,0,0.2842647135257721,-0.20188488066196442,0.9372491240501404,0,-0.24350646138191223,-0.960724949836731,-0.13308684527873993,0,0,0.3039799928665161,0,1,0.9844409823417664,-0.1756170094013214,0.005804855842143297,0,0.16373196244239807,0.9288061261177063,0.3324306905269623,0,-0.06377214193344116,-0.3263082802295685,0.9431098699569702,0,0,0.17184899747371674,0,1,-0.919681191444397,0.3842359483242035,-0.0809331163764,0,-0.3493601381778717,-0.8947759866714478,-0.2780711054801941,0,-0.17926186323165894,-0.22746188938617706,0.9571449756622314,0,-0.0017140000127255917,-0.05269800126552582,-0.2121559977531433,1,0.13085593283176422,0.05757562071084976,0.9897279739379883,0,-0.6636273860931396,0.7467496395111084,0.04430002719163895,0,-0.7365289330482483,-0.6626079678535461,0.13592548668384552,0,0,0.3464739918708801,0,1,-0.8997808694839478,0.19122740626335144,-0.39220643043518066,0,0.4070025086402893,0.043785907328128815,-0.9123767614364624,0,-0.15729846060276031,-0.9805690050125122,-0.11722783744335175,0,0,0.27732300758361816,0,1,0.9590979218482971,0.001875701593235135,0.2830671966075897,0,-0.12953728437423706,0.8920420408248901,0.432991623878479,0,-0.25169575214385986,-0.45194926857948303,0.8557989001274109,0,0,0.13539999723434448,0,1
K0.167,-0.9956008791923523,0.06608206033706665,-0.06641992926597595,0,0.06628405302762985,0.9977999329566956,-0.0008400563383474946,0,0.066218301653862,-0.005238939542323351,-0.9977908730506897,0,-0.010784000158309937,0.6834089756011963,0.0023569995537400246,1,0.9995169639587402,0.030461831018328667,-0.0062118717469275,0,-0.030446168035268784,0.9995329976081848,0.0025986917316913605,0,0.0062881275080144405,-0.0024083072785288095,0.9999769926071167,0,-0.0025859999004751444,0.09469100087881088,0,1,0.9999009966850281,0.009509291499853134,-0.010367323644459248,0,-0.009471705183386803,0.9999480843544006,0.003668277058750391,0,0.010401677340269089,-0.0035697207786142826,0.9999399781227112,0,0,0.11051400005817413,0,1,0.9998999834060669,0.009444952011108398,-0.010479871183633804,0,-0.009409044869244099,0.9999499320983887,0.0034709761384874582,0,0.010512130334973335,-0.0033720238134264946,0.9999390244483948,0,0,0.12630200386047363,0,1,0.9698000550270081,-0.24257692694664001,0.02539774589240551,0,0.24353009462356567,0.9688079953193665,-0.04587111994624138,0,-0.013478253036737442,0.050670888274908066,0.9986240267753601,0,0,0.14208999276161194,0,1,0.9826340079307556,0.17724330723285675,-0.054919879883527756,0,-0.17482171952724457,0.983517050743103,0.04617706686258316,0,0.06219913437962532,-0.03577392175793648,0.99742192029953,0,-0.04831999912858009,0.019728999584913254,0,1,0.9942219853401184,0.013043717481195927,0.1065441146492958,0,-0.10725127160549164,0.16098715364933014,0.9811118245124817,0,-0.00435488298535347,-0.9868699312210083,0.1614559441804886,0,0.014174999669194221,0.12899699807167053,0.15484100580215454,1,0.9594281315803528,0.27694353461265564,0.052912984043359756,0,-0.08192650228738785,0.09425699710845947,0.9921709895133972,0,0.26978799700737,-0.9562520384788513,0.11312185972929001,0,0,0.33012598752975464,0,1,0.9752750396728516,0.22096490859985352,-0.00347229465842247,0,-0.22085705399513245,0.9751079678535461,0.019663013517856598,0,0.007730705197900534,-0.018409984186291695,0.999800980091095,0,0,0.4148640036582947,0,1,-0.9644201397895813,-0.04140453785657883,0.2611140310764313,0,-0.2643544673919678,0.1383592039346695,-0.9544491767883301,0,0.003390974598005414,-0.9895161390304565,-0.14438195526599884,0,-0.0019280000124126673,0.12943699955940247,-0.15484100580215454,1,0.9918720126152039,-0.030231328681111336,-0.12359616905450821,0,0.1257396638393402,0.08416992425918579,0.9884859919548035,0,-0.019480176270008087,-0.99599289894104,0.08728710561990738,0,0,0.32886001467704773,0,1,0.9914879202842712,-0.1301841139793396,-0.001840213779360056,0,0.13018184900283813,0.9914889931678772,-0.0012922812020406127,0,0.0019927863031625748,0.0010417188750579953,0.9999970197677612,0,0,0.41274601221084595,0,1,-0.9113780856132507,0.395120769739151,0.1151900589466095,0,-0.3343462347984314,-0.873996913433075,0.3526216745376587,0,0.24000392854213715,0.28285834193229675,0.9286488890647888,0,-0.0035500000230968,-0.05269800126552582,0.2121559977531433,1,0.17509181797504425,0.0367213673889637,-0.9838670492172241,0,-0.7889147400856018,0.6030892729759216,-0.1178881824016571,0,0.5890302658081055,0.7968278527259827,0.13456590473651886,0,0,0.3468180000782013,0,1,0.9272841811180115,-0.19035667181015015,-0.32234764099121094,0,0.28431427478790283,-0.20205800235271454,0.9371969103813171,0,-0.2435346394777298,-0.9606959819793701,-0.13324406743049622,0,0,0.3039799928665161,0,1,0.9844689965248108,-0.17548009753227234,0.005318079609423876,0,0.16375091671943665,0.9287459850311279,0.3325890600681305,0,-0.0633019283413887,-0.3265529274940491,0.9430570602416992,0,0,0.17184899747371674,0,1,-0.9196839332580566,0.38423189520835876,-0.08090987801551819,0,-0.3493790924549103,-0.8947969079017639,-0.2779780328273773,0,-0.17920610308647156,-0.22738394141197205,0.9571739435195923,0,-0.0017140000127255917,-0.05269800126552582,-0.2121559977531433,1,0.1310550421476364,0.05767767131328583,0.9896960258483887,0,-0.6637491583824158,0.7466368675231934,0.04438066482543945,0,-0.7363836765289307,-0.6627262234687805,0.13613402843475342,0,0,0.3464739918708801,0,1,-0.8997912406921387,0.1910112053155899,-0.3922896683216095,0,0.4070248305797577,0.04356396570801735,-0.912377119064331,0,-0.1571846306324005,-0.9806210994720459,-0.11694497615098953,0,0,0.27732300758361816,0,1,0.9591379165649414,0.0019535799510776997,0.28293225169181824,0,-0.12953640520572662,0.8920530080795288,0.4329679310321808,0,-0.2515447735786438,-0.451926052570343,0.8558549880981445,0,0,0.13539999723434448,0,1
K0.200,-0.9956448078155518,0.06573168933391571,-0.06611543148756027,0,0.06593787670135498,0.9978229999542236,-0.0009396920213475823,0,0.06590975821018219,-0.005295111332088709,-0.9978119134902954,0,-0.010694999247789383,0.6833620071411133,0.002365999622270465,1,0.9995170831680298,0.030484050512313843,-0.0060879988595843315,0,-0.03046794980764389,0.9995319843292236,0.0027179005555808544,0,0.00616800133138895,-0.002531099133193493,0.9999780058860779,0,-0.0025859999004751444,0.09469100087881088,0,1,0.9999020099639893,0.009553700685501099,-0.01026465930044651,0,-0.00951630063354969,0.9999480247497559,0.003686021314933896,0,0.010299340821802616,-0.003587978659197688,0.9999409914016724,0,0,0.11051400005817413,0,1,0.9999009966850281,0.009490832686424255,-0.010344736278057098,0,-0.009454167447984219,0.9999489784240723,0.003588077612221241,0,0.01037826482206583,-0.0034899222664535046,0.9999399781227112,0,0,0.12630200386047363,0,1,0.9698729515075684,-0.24228613078594208,0.02536315657198429,0,0.24323588609695435,0.9688900113105774,-0.04570739343762398,0,-0.013499843887984753,0.050499603152275085,0.998633086681366,0,0,0.14208999276161194,0,1,0.9826019406318665,0.177442267537117,-0.054839204996824265,0,-0.17503875494003296,0.9834889769554138,0.04593608155846596,0,0.06208479031920433,-0.03553791716694832,0.9974380135536194,0,-0.04831999912858009,0.019728999584913254,0,1,0.9941340088844299,0.012983046472072601,0.10737092792987823,0,-0.10805795341730118,0.16085374355316162,0.981045126914978,0,-0.004534068983048201,-0.9868929982185364,0.16131317615509033,0,0.014174999669194221,0.12899699807167053,0.15484100580215454,1,0.9596760272979736,0.27615296840667725,0.05254838988184929,0,-0.08143403381109238,0.09418992698192596,0.992218017578125,0,0.2690543830394745,-0.9564868211746216,0.11288005113601685,0,0,0.33012598752975464,0,1,0.9753950238227844,0.22043690085411072,-0.003482978092506528,0,-0.22032910585403442,0.9752280116081238,0.019617032259702682,0,0.007721021305769682,-0.018366968259215355,0.9998019933700562,0,0,0.4148640036582947,0,1,-0.9644619226455688,-0.04144439473748207,0.2609510123729706,0,-0.2641996145248413,0.13849930465221405,-0.9544720649719238,0,0.0034159899223595858,-0.9894949793815613,-0.14452680945396423,0,-0.0019280000124126673,0.12943699955940247,-0.15484100580215454,1,0.9917019605636597,-0.028272980824112892,-0.1254100501537323,0,0.12737101316452026,0.08385483175516129,0.9883040189743042,0,-0.01742606796324253,-0.9960768818855286,0.08676018565893173,0,0,0.32886001467704773,0,1,0.9915949702262878,-0.12936405837535858,-0.0018411852652207017,0,0.12936192750930786,0.9915969967842102,-0.0012839857954531908,0,0.001991814700886607,0.0010350141674280167,0.9999970197677612,0,0,0.41274601221084595,0,1,-0.9113510847091675,0.39512181282043457,0.1153998151421547,0,-0.33425718545913696,-0.8739858269691467,0.3527321517467499,0,0.24023017287254333,0.28288984298706055,0.9285809993743896,0,-0.0035500000230968,-0.05269800126552582,0.2121559977531433,1,0.17443208396434784,0.03649652749300003,-0.9839929938316345,0,-0.789269208908081,0.602688729763031,-0.11755960434675217,0,0.5887507200241089,0.7971412539482117,0.13393378257751465,0,0,0.3468180000782013,0,1,0.9273819923400879,-0.18997371196746826,-0.322293221950531,0,0.28424420952796936,-0.2023298293352127,0.9371598958969116,0,-0.2432452142238617,-0.9607148170471191,-0.13363805413246155,0,0,0.3039799928665161,0,1,0.9844670295715332,-0.17549005150794983,0.005351998843252659,0,0.16374994814395905,0.9287499189376831,0.33257922530174255,0,-0.06333500146865845,-0.3265368342399597,0.943060040473938,0,0,0.17184899747371674,0,1,-0.9197830557823181,0.3839399814605713,-0.08117583394050598,0,-0.3490150272846222,-0.8949089050292969,-0.2780781388282776,0,-0.1794101446866989,-0.2274397909641266,0.9571220874786377,0,-0.0017140000127255917,-0.05269800126552582,-0.2121559977531433,1,0.13079528510570526,0.05749273672699928,0.9897409081459045,0,-0.6641242504119873,0.7463017106056213,0.0444130003452301,0,-0.7360919117927551,-0.6631199717521667,0.13579508662223816,0,0,0.3464739918708801,0,1,-0.8998991847038269,0.1905539184808731,-0.392264723777771,0,0.4068790674209595,0.043155696243047714,-0.9124619960784912,0,-0.15694475173950195,-0.9807280898094177,-0.11636818200349808,0,0,0.27732300758361816,0,1,0.9592148661613464,0.0020987438037991524,0.28267011046409607,0,-0.12952925264835358,0.8920758962631226,0.4329221248626709,0,-0.2512548267841339,-0.4518798291683197,0.8559651374816895,0,0,0.13539999723434448,0,1
