1.933,30,58,25
B0,mixamorig_Hips,-1,0.6823491454124451,-0.0775633379817009,-0.7268999218940735,0,0.04916473105549812,0.9969730377197266,-0.06022981181740761,0,0.7293710708618164,0.005359924864023924,0.6840969324111938,0,0.030993999913334846,1.237434983253479,-0.03044299967586994,1
B1,mixamorig_Spine,0,0.9876819252967834,0.13470537960529327,-0.07961997389793396,0,-0.1329336166381836,0.9907520413398743,0.02717292495071888,0,0.0825440064072609,-0.016254041343927383,0.9964549541473389,0,-0.006533999927341938,0.19550000131130219,0,1
B2,mixamorig_Spine1,1,0.9668319821357727,0.20296216011047363,-0.15505389869213104,0,-0.1961328089237213,0.97884202003479,0.05830497294664383,0,0.16360707581043243,-0.02595997229218483,0.9861839413642883,0,0,0.22821000218391418,0,1
B3,mixamorig_Spine2,2,0.9668319225311279,0.20296207070350647,-0.15505290031433105,0,-0.1961328685283661,0.97884202003479,0.058304380625486374,0,0.16360600292682648,-0.025959588587284088,0.9861840009689331,0,0,0.2608110010623932,0,1
B4,mixamorig_Neck,3,0.9938700795173645,-0.10827469825744629,0.02234465815126896,0,0.1083793044090271,0.9941030144691467,-0.003523966995999217,0,-0.021831335499882698,0.005924063269048929,0.9997439980506897,0,0,0.2934130132198334,0,1
B5,mixamorig_Head,4,0.9314630627632141,-0.10245591402053833,-0.34911301732063293,0,0.11163504421710968,0.9937299489974976,0.00621691532433033,0,0.34628695249557495,-0.04476405680179596,0.9370600581169128,0,0.0007609999738633633,0.0033400000538676977,0,1
B6,mixamorig_HeadTop_End,5,1,0,0,0,0,1,0,0,0,0,1,0,0.02295999974012375,0.10072600096464157,0,1
B7,mixamorig_LeftShoulder,3,0.9997340440750122,0.020614665001630783,-0.010350716300308704,0,0.008691255003213882,0.07902206480503082,0.9968349933624268,0,0.021367359906435013,-0.996660053730011,0.07882189750671387,0,0.005446000024676323,0.27066200971603394,0.3038559854030609,1
B8,mixamorig_LeftArm,7,0.9588419795036316,-0.09687936305999756,0.2669009268283844,0,-0.23652014136314392,0.24756300449371338,0.9395589232444763,0,-0.1570986658334732,-0.9640160202980042,0.21445989608764648,0,0,0.616923987865448,0,1
B9,mixamorig_LeftForeArm,8,0.6651008725166321,0.7390540838241577,-0.10695426166057587,0,-0.7396827936172485,0.6716741323471069,0.04151132330298424,0,0.10251756012439728,0.051503028720617294,0.9933969974517822,0,0,0.85316002368927,0,1
B10,mixamorig_LeftHand,9,1,0,0,0,0,1,0,0,0,0,1,0,0,0.4868069887161255,0,1
B11,mixamorig_RightShoulder,3,-0.9848299026489258,-0.026054058223962784,0.17155206203460693,0,-0.1726309359073639,0.04720121994614601,-0.9838549494743347,0,0.017535973340272903,-0.9985460042953491,-0.050982870161533356,0,-0.0035099999513477087,0.2709619998931885,-0.3038559854030609,1
B12,mixamorig_RightArm,11,0.9155750870704651,0.3940609097480774,0.08024293929338455,0,-0.19069792330265045,0.24975870549678802,0.9493439793586731,0,0.35405799746513367,-0.8844978213310242,0.3038194179534912,0,0,0.6168239712715149,0,1
B13,mixamorig_RightForeArm,12,0.7389490604400635,-0.6684388518333435,-0.08452791720628738,0,0.6732430458068848,0.7374688982963562,0.05370384082198143,0,0.026438957080245018,-0.09659215807914734,0.9949729442596436,0,0,0.8532459735870361,0,1
B14,mixamorig_RightHand,13,1,0,0,0,0,1,0,0,0,0,1,0,0,0.4861319959163666,0,1
B15,mixamorig_LeftUpLeg,0,-0.6738801002502441,0.7387838959693909,-0.009199198335409164,0,-0.7119330763816833,-0.6459579467773438,0.2754819989204407,0,0.19757917523384094,0.19219085574150085,0.9612619280815125,0,0.0003370000049471855,-0.10865899920463562,0.42841699719429016,1
B16,mixamorig_LeftLeg,15,-0.10624337196350098,-0.07146802544593811,-0.9917680025100708,0,-0.9350102543830872,0.34655869007110596,0.07518967986106873,0,0.33833229541778564,0.9353019595146179,-0.10364297777414322,0,0,0.6922940015792847,0,1
B17,mixamorig_LeftFoot,16,0.9340040683746338,-0.19578295946121216,-0.29884102940559387,0,0.30325794219970703,-0.007736146915704012,0.9528769254684448,0,-0.18886899948120117,-0.9806169271469116,0.05214715376496315,0,0,0.6451449990272522,0,1
B18,mixamorig_LeftToeBase,17,0.9764319658279419,-0.21116214990615845,-0.04462067410349846,0,0.21284998953342438,0.907957911491394,0.3609800636768341,0,-0.03571164235472679,-0.36197003722190857,0.931505024433136,0,0,0.34629398584365845,0,1
B19,mixamorig_LeftToe_End,18,1,0,0,0,0,1,0,0,0,0,1,0,0,0.18123899400234222,0,1
B20,mixamorig_RightUpLeg,0,-0.9833290576934814,0.05645183101296425,-0.17285139858722687,0,0.0209816787391901,-0.9090130925178528,-0.41623812913894653,0,-0.1806216984987259,-0.4129260182380676,0.89267498254776,0,0.0005670000100508332,-0.10865899920463562,-0.42841699719429016,1
B21,mixamorig_RightLeg,20,0.21389895677566528,0.1321467161178589,0.9678760766983032,0,-0.8584452271461487,0.4982605278491974,0.12168605625629425,0,-0.46617430448532104,-0.8568977117538452,0.22001829743385315,0,0,0.6921889781951904,0,1
B22,mixamorig_RightFoot,21,-0.8411247730255127,0.2595352232456207,-0.47450023889541626,0,0.3495458662509918,-0.4086129069328308,-0.8431210517883301,0,-0.41270679235458374,-0.8750300407409668,0.2529751658439636,0,0,0.6035360097885132,0,1
B23,mixamorig_RightToeBase,22,0.9660470485687256,-0.011461162939667702,0.2581118941307068,0,-0.11391022801399231,0.8777859807014465,0.4653140604496002,0,-0.23190003633499146,-0.47891688346862793,0.8466770052909851,0,0,0.2709279954433441,0,1
B24,mixamorig_RightToe_End,23,1,0,0,0,0,1,0,0,0,0,1,0,0,0.18152299523353577,0,1
@20,0,1,2,3,4,5,7,8,9,11,12,13,15,16,17,18,20,21,22,23
K0,-0.7268998622894287,-0.07756336033344269,-0.6823490858078003,0,-0.06022993102669716,0.9969730377197266,-0.04916463792324066,0,0.6840968728065491,0.005360065959393978,-0.7293710708618164,0,-0.030442995950579643,1.237434983253479,-0.030993999913334846,1,0.9876819252967834,0.13470539450645447,-0.07961997389793396,0,-0.1329336166381836,0.9907520413398743,0.027172943577170372,0,0.0825440064072609,-0.016254056245088577,0.9964549541473389,0,-0.006533999927341938,0.19550000131130219,0,1,0.9668319821357727,0.20296216011047363,-0.15505389869213104,0,-0.1961328089237213,0.97884202003479,0.05830499529838562,0,0.16360709071159363,-0.02595999278128147,0.9861839413642883,0,0,0.22821000218391418,0,1,0.9668319225311279,0.20296210050582886,-0.15505295991897583,0,-0.19613289833068848,0.9788419604301453,0.058304402977228165,0,0.16360606253147125,-0.025959594175219536,0.9861840009689331,0,0,0.2608110010623932,0,1,0.9938700795173645,-0.10827469825744629,0.022344661876559258,0,0.1083793044090271,0.9941030144691467,-0.0035239518620073795,0,-0.021831341087818146,0.005924048833549023,0.9997439980506897,0,0,0.2934130132198334,0,1,0.9314630031585693,-0.10245592147111893,-0.3491130471229553,0,0.11163506656885147,0.9937299489974976,0.006216925568878651,0,0.34628698229789734,-0.04476407542824745,0.9370600581169128,0,0.0007609999738633633,0.0033400000538676977,0,1,0.9997340440750122,0.020614925771951675,-0.010350407101213932,0,0.008690925315022469,0.07902205735445023,0.9968349933624268,0,0.021367594599723816,-0.996660053730011,0.07882189750671387,0,0.005446000024676323,0.27066200971603394,0.3038559854030609,1,0.958841860294342,-0.09687936305999756,0.2669011950492859,0,-0.23652036488056183,0.24756313860416412,0.9395588636398315,0,-0.15709877014160156,-0.9640160202980042,0.21445998549461365,0,0,0.616923987865448,0,1,0.6651008129119873,0.7390541434288025,-0.1069544106721878,0,-0.7396828532218933,0.6716740727424622,0.04151121899485588,0,0.10251758247613907,0.05150321498513222,0.9933969974517822,0,0,0.85316002368927,0,1,-0.9848299026489258,-0.026054099202156067,0.17155201733112335,0,-0.1726308912038803,0.04720121994614601,-0.9838549494743347,0,0.017536016181111336,-0.9985460042953491,-0.050982870161533356,0,-0.0035099999513477087,0.2709619998931885,-0.3038559854030609,1,0.9155750274658203,0.39406099915504456,0.0802430659532547,0,-0.19069804251194,0.2497585117816925,0.9493440985679626,0,0.35405805706977844,-0.884497880935669,0.30381929874420166,0,0,0.6168239712715149,0,1,0.7389490604400635,-0.6684388518333435,-0.08452797681093216,0,0.6732431054115295,0.7374688982963562,0.05370381474494934,0,0.026439016684889793,-0.09659218043088913,0.9949729442596436,0,0,0.8532459735870361,0,1,-0.6738801002502441,0.7387839555740356,-0.009199228137731552,0,-0.7119331359863281,-0.6459579467773438,0.27548208832740784,0,0.19757923483848572,0.19219093024730682,0.9612619280815125,0,0.0003370000049471855,-0.10865899920463562,0.42841699719429016,1,-0.10624298453330994,-0.07146765291690826,-0.9917680621147156,0,-0.9350101351737976,0.34655895829200745,0.07518944889307022,0,0.3383326232433319,0.9353018403053284,-0.10364248603582382,0,0,0.6922940015792847,0,1,0.934004008769989,-0.19578303396701813,-0.29884105920791626,0,0.3032579720020294,-0.007736167870461941,0.9528769850730896,0,-0.18886904418468475,-0.9806169867515564,0.05214715376496315,0,0,0.6451449990272522,0,1,0.9764320254325867,-0.21116209030151367,-0.044620636850595474,0,0.2128499299287796,0.9079579710960388,0.3609800338745117,0,-0.03571164608001709,-0.3619699776172638,0.931505024433136,0,0,0.34629398584365845,0,1,-0.9833290576934814,0.05645173788070679,-0.1728513538837433,0,0.020981736481189728,-0.909013032913208,-0.41623806953430176,0,-0.18062162399291992,-0.41292595863342285,0.89267498254776,0,0.0005670000100508332,-0.10865899920463562,-0.42841699719429016,1,0.21389921009540558,0.13214679062366486,0.9678760766983032,0,-0.8584453463554382,0.49826040863990784,0.12168635427951813,0,-0.4661742150783539,-0.8568978309631348,0.2200184315443039,0,0,0.6921889781951904,0,1,-0.8411248326301575,0.259535014629364,-0.4745003879070282,0,0.34954601526260376,-0.4086131155490875,-0.8431209325790405,0,-0.4127067029476166,-0.8750301003456116,0.25297531485557556,0,0,0.6035360097885132,0,1,0.9660470485687256,-0.011461213231086731,0.2581119239330292,0,-0.11391021311283112,0.8777859807014465,0.4653140604496002,0,-0.23190008103847504,-0.47891688346862793,0.8466770052909851,0,0,0.2709279954433441,0,1
K0.033,-0.7265851497650146,-0.07788671553134918,-0.6826468110084534,0,-0.060444194823503494,0.9969479441642761,-0.04941229149699211,0,0.6844123005867004,0.005359803792089224,-0.7290758490562439,0,-0.030576996505260468,1.2376830577850342,-0.03114200197160244,1,0.9876890182495117,0.1346539556980133,-0.0796176940202713,0,-0.13288304209709167,0.990759015083313,0.027161112055182457,0,0.08253929764032364,-0.016246890649199486,0.9964550137519836,0,-0.006533999927341938,0.19550000131130219,0,1,0.966852068901062,0.20285998284816742,-0.15506276488304138,0,-0.1960340142250061,0.9788640141487122,0.058276157826185226,0,0.16360723972320557,-0.02594684436917305,0.9861840009689331,0,0,0.22821000218391418,0,1,0.966852068901062,0.20285998284816742,-0.15506276488304138,0,-0.1960340142250061,0.9788640141487122,0.058276157826185226,0,0.16360723972320557,-0.02594684436917305,0.9861840009689331,0,0,0.2608110010623932,0,1,0.9939360022544861,-0.10766293108463287,0.02233690395951271,0,0.1077660545706749,0.9941700100898743,-0.0034609076101332903,0,-0.02183409593999386,0.005847088061273098,0.9997450113296509,0,0,0.2934130132198334,0,1,0.9316640496253967,-0.10192286223173141,-0.34873083233833313,0,0.11103010922670364,0.993798017501831,0.006171026267111301,0,0.34593918919563293,-0.044468965381383896,0.9372029304504395,0,0.0007609999738633633,0.0033400000538676977,0,1,0.9997360110282898,0.02068721503019333,-0.009985607117414474,0,0.008320213295519352,0.07908101379871368,0.996833086013794,0,0.021411392837762833,-0.9966539740562439,0.07888808846473694,0,0.005446000024676323,0.27066200971603394,0.3038559854030609,1,0.9588489532470703,-0.09665855020284653,0.266956090927124,0,-0.23657956719398499,0.24782580137252808,0.9394749999046326,0,-0.1569669246673584,-0.9639711380004883,0.21476009488105774,0,0,0.616923987865448,0,1,0.6649271249771118,0.7392197847366333,-0.10689319670200348,0,-0.7398461699485779,0.6714937686920166,0.041515033692121506,0,0.10246680676937103,0.05148003250360489,0.9934030771255493,0,0,0.85316002368927,0,1,-0.9848950505256653,-0.026088930666446686,0.17117811739444733,0,-0.17227107286453247,0.047887951135635376,-0.9838849902153015,0,0.017471125349402428,-0.9985120892524719,-0.05165902525186539,0,-0.0035099999513477087,0.2709619998931885,-0.3038559854030609,1,0.9158130288124084,0.39353105425834656,0.08011992275714874,0,-0.19035795331001282,0.2496986836194992,0.9494280815124512,0,0.3536239266395569,-0.8847509026527405,0.3035893440246582,0,0,0.6168239712715149,0,1,0.7388280034065247,-0.6686369776725769,-0.08400315046310425,0,0.6734089851379395,0.73726487159729,0.054413340985774994,0,0.02554982528090477,-0.09677067399024963,0.9949790835380554,0,0,0.8532459735870361,0,1,-0.6744470000267029,0.7382670044898987,-0.0091202137991786,0,-0.7113940715789795,-0.6464921832084656,0.27562177181243896,0,0.19758620858192444,0.19238023459911346,0.9612229466438293,0,0.0003370000049471855,-0.10865899920463562,0.42841699719429016,1,-0.10622604191303253,-0.07126666605472565,-0.9917851090431213,0,-0.9347890019416809,0.3471589684486389,0.07517558336257935,0,0.33894944190979004,0.935094952583313,-0.10349661111831665,0,0,0.6922940015792847,0,1,0.9339728355407715,-0.19589920341968536,-0.29886138439178467,0,0.3033267557621002,-0.007520402316004038,0.9528570771217346,0,-0.18891142308712006,-0.9805949330329895,0.05239759758114815,0,0,0.6451449990272522,0,1,0.9764430522918701,-0.21108491718769073,-0.0447479784488678,0,0.21283507347106934,0.9080749154090881,0.36069610714912415,0,-0.03550296649336815,-0.3617228865623474,0.931609034538269,0,0,0.34629398584365845,0,1,-0.9833330512046814,0.05651186406612396,-0.17280776798725128,0,0.02092486433684826,-0.9089759588241577,-0.41632410883903503,0,-0.1806052327156067,-0.4130009412765503,0.8926429748535156,0,0.0005670000100508332,-0.10865899920463562,-0.42841699719429016,1,0.21375520527362823,0.13183899223804474,0.9679499268531799,0,-0.8583111763000488,0.49850165843963623,0.12164528667926788,0,-0.46648719906806946,-0.8568047881126404,0.21971626579761505,0,0,0.6921889781951904,0,1,-0.8412640690803528,0.2593320608139038,-0.4743640422821045,0,0.34970909357070923,-0.4081021845340729,-0.843300998210907,0,-0.4122839570045471,-0.8753281235694885,0.2526308000087738,0,0,0.6035360097885132,0,1,0.966046929359436,-0.011462034657597542,0.2581111490726471,0,-0.1139090284705162,0.8777860999107361,0.4653138220310211,0,-0.23189981281757355,-0.47891613841056824,0.8466768860816956,0,0,0.2709279954433441,0,1
K0.067,-0.726358950138092,-0.0781703069806099,-0.682854950428009,0,-0.06063509359955788,0.996925950050354,-0.0496257059276104,0,0.6846350431442261,0.005358896683901548,-0.728865921497345,0,-0.030663996934890747,1.2379399538040161,-0.031300000846385956,1,0.9877029657363892,0.13454638421535492,-0.07962005585432053,0,-0.1327776312828064,0.9907740354537964,0.02713119052350521,0,0.08253595232963562,-0.01622580923140049,0.9964559674263,0,-0.006533999927341938,0.19550000131130219,0,1,0.9668940305709839,0.20264501869678497,-0.1550825834274292,0,-0.19582699239253998,0.9789090156555176,0.05820819362998009,0,0.1636073887348175,-0.025911808013916016,0.9861849546432495,0,0,0.22821000218391418,0,1,0.9668939113616943,0.20264600217342377,-0.1550830751657486,0,-0.19582797586917877,0.9789090156555176,0.05820832774043083,0,0.16360792517662048,-0.02591167390346527,0.9861850142478943,0,0,0.2608110010623932,0,1,0.9940549731254578,-0.10656289756298065,0.02232804149389267,0,0.10666113346815109,0.9942899942398071,-0.003252403112128377,0,-0.021853961050510406,0.005614601541310549,0.9997450113296509,0,0,0.2934130132198334,0,1,0.9319570064544678,-0.10084085911512375,-0.3482629954814911,0,0.10971818119287491,0.9939460158348083,0.005806668195873499,0,0.34556904435157776,-0.04362234100699425,0.937379002571106,0,0.0007609999738633633,0.0033400000538676977,0,1,0.9997349977493286,0.020757947117090225,-0.009999006986618042,0,0.00831494852900505,0.07968588173389435,0.9967849850654602,0,0.021487988531589508,-0.9966039657592773,0.07949216663837433,0,0.005446000024676323,0.27066200971603394,0.3038559854030609,1,0.9588609933853149,-0.09639092534780502,0.26701006293296814,0,-0.23673193156719208,0.24757228791713715,0.939503014087677,0,-0.1566639393568039,-0.9640631079673767,0.21456871926784515,0,0,0.616923987865448,0,1,0.6647791266441345,0.7393869757652283,-0.1066589504480362,0,-0.7400119304656982,0.6713168621063232,0.04142643138766289,0,0.10223204642534256,0.051389437168836594,0.9934319257736206,0,0,0.85316002368927,0,1,-0.9850080609321594,-0.026164626702666283,0.17051173746585846,0,-0.17163239419460297,0.04920187592506409,-0.9839320182800293,0,0.017354710027575493,-0.998445987701416,-0.05295492336153984,0,-0.0035099999513477087,0.2709619998931885,-0.3038559854030609,1,0.9162171483039856,0.3925847113132477,0.08014097809791565,0,-0.18987028300762177,0.24926435947418213,0.9496397972106934,0,0.3528379797935486,-0.8852930665016174,0.3029206395149231,0,0,0.6168239712715149,0,1,0.7387478947639465,-0.6688520908355713,-0.08298887312412262,0,0.67356276512146,0.73701012134552,0.055938370525836945,0,0.023749154061079025,-0.09722262620925903,0.9949790835380554,0,0,0.8532459735870361,0,1,-0.6749489307403564,0.7378090023994446,-0.008997809141874313,0,-0.7109200358390808,-0.6469888687133789,0.27567601203918457,0,0.19757480919361115,0.19246400892734528,0.9612079858779907,0,0.0003370000049471855,-0.10865899920463562,0.42841699719429016,1,-0.10615986585617065,-0.07097870111465454,-0.9918130040168762,0,-0.9345818758010864,0.3477204144001007,0.07514959573745728,0,0.33953940868377686,0.9349077939987183,-0.10324928909540176,0,0,0.6922940015792847,0,1,0.9339319467544556,-0.19603395462036133,-0.29890236258506775,0,0.3034190237522125,-0.007295217830687761,0.9528290033340454,0,-0.18896734714508057,-0.9805699586868286,0.05266718193888664,0,0,0.6451449990272522,0,1,0.976466953754425,-0.21087731420993805,-0.04519759118556976,0,0.21282067894935608,0.9082500338554382,0.36026307940483093,0,-0.03492060303688049,-0.3614039421081543,0.9317550659179688,0,0,0.34629398584365845,0,1,-0.9833460450172424,0.05644087493419647,-0.17275501787662506,0,0.02098187245428562,-0.9089430570602417,-0.4163930118083954,0,-0.180526003241539,-0.413083016872406,0.8926209807395935,0,0.0005670000100508332,-0.10865899920463562,-0.42841699719429016,1,0.21372593939304352,0.13153818249702454,0.9679969549179077,0,-0.8580976724624634,0.4988633692264557,0.12167198956012726,0,-0.4668939411640167,-0.8566409945487976,0.2194928228855133,0,0,0.6921889781951904,0,1,-0.8413950800895691,0.2592146396636963,-0.4741969704627991,0,0.34982961416244507,-0.4075618088245392,-0.843512237071991,0,-0.4119150936603546,-0.8756147623062134,0.2522394061088562,0,0,0.6035360097885132,0,1,0.966046929359436,-0.011462034657597542,0.2581111490726471,0,-0.1139090284705162,0.8777860999107361,0.4653138220310211,0,-0.23189981281757355,-0.47891613841056824,0.8466768860816956,0,0,0.2709279954433441,0,1
K0.100,-0.7263479232788086,-0.07850909233093262,-0.6828280091285706,0,-0.06078021228313446,0.9969000220298767,-0.04996591806411743,0,0.6846339702606201,0.005209789145737886,-0.7288679480552673,0,-0.0306599959731102,1.2382179498672485,-0.03145899996161461,1,0.9877290725708008,0.13437969982624054,-0.07957882434129715,0,-0.13261628150939941,0.9907979965209961,0.027069810777902603,0,0.0824841782450676,-0.016184192150831223,0.9964609742164612,0,-0.006533999927341938,0.19550000131130219,0,1,0.9669740200042725,0.20231223106384277,-0.1550176739692688,0,-0.19551576673984528,0.9789800643920898,0.05806400626897812,0,0.16350632905960083,-0.02583799883723259,0.9862039685249329,0,0,0.22821000218391418,0,1,0.9669739603996277,0.20231220126152039,-0.1550171673297882,0,-0.19551579654216766,0.9789800047874451,0.05806395411491394,0,0.16350585222244263,-0.02583804540336132,0.9862040877342224,0,0,0.2608110010623932,0,1,0.9942439794540405,-0.10479101538658142,0.022325851023197174,0,0.10488498210906982,0.9944799542427063,-0.0030770343728363514,0,-0.021880151703953743,0.005400965455919504,0.9997460246086121,0,0,0.2934130132198334,0,1,0.9323099851608276,-0.09886203706264496,-0.3478851318359375,0,0.10729397088289261,0.9942150115966797,0.005004896316677332,0,0.3453778922557831,-0.041992101818323135,0.9375240206718445,0,0.0007609999738633633,0.0033400000538676977,0,1,0.9997270107269287,0.020825067535042763,-0.010590294376015663,0,0.008868069387972355,0.08111993223428726,0.9966650009155273,0,0.02161470428109169,-0.9964869618415833,0.08091312646865845,0,0.005446000024676323,0.27066200971603394,0.3038559854030609,1,0.9588748812675476,-0.09618395566940308,0.26703429222106934,0,-0.23696397244930267,0.24656671285629272,0.9397090673446655,0,-0.15622667968273163,-0.96434086561203,0.21363449096679688,0,0,0.616923987865448,0,1,0.6643720269203186,0.7397989630699158,-0.10633824020624161,0,-0.7404151558876038,0.6708748936653137,0.041391223669052124,0,0.10196076333522797,0.051235225051641464,0.9934680461883545,0,0,0.85316002368927,0,1,-0.9851779341697693,-0.026456119492650032,0.16948302090168,0,-0.17065489292144775,0.05118393898010254,-0.984000027179718,0,0.017358027398586273,-0.9983389973640442,-0.05494019389152527,0,-0.0035099999513477087,0.2709619998931885,-0.3038559854030609,1,0.9167250990867615,0.3913116753101349,0.08056125789880753,0,-0.18940632045269012,0.24813462793827057,0.9500290751457214,0,0.35176730155944824,-0.8861739039421082,0.3015880286693573,0,0,0.6168239712715149,0,1,0.7384757995605469,-0.6693292260169983,-0.08155685663223267,0,0.6739488244056702,0.7364861965179443,0.05815723538398743,0,0.021139148622751236,-0.09791277348995209,0.9949700236320496,0,0,0.8532459735870361,0,1,-0.6753619313240051,0.7374321222305298,-0.00892474316060543,0,-0.7105579376220703,-0.6474141478538513,0.2756141424179077,0,0.19746874272823334,0.19248086214065552,0.9612270593643188,0,0.0003370000049471855,-0.10865899920463562,0.42841699719429016,1,-0.10621878504753113,-0.07072433084249496,-0.9918249249458313,0,-0.9344039559364319,0.3481782078742981,0.07524163275957108,0,0.34001049399375916,0.9347572326660156,-0.10306820273399353,0,0,0.6922940015792847,0,1,0.9339178800582886,-0.19608508050441742,-0.29891133308410645,0,0.303477942943573,-0.007052235305309296,0.9528120756149292,0,-0.18894034624099731,-0.9805619120597839,0.052921321243047714,0,0,0.6451449990272522,0,1,0.976500928401947,-0.21056723594665527,-0.04590063542127609,0,0.21280676126480103,0.9084789752960205,0.35969212651252747,0,-0.034039635211229324,-0.36100783944129944,0.931941032409668,0,0,0.34629398584365845,0,1,-0.9833589792251587,0.055841028690338135,-0.17287711799144745,0,0.02155403606593609,-0.9090079665184021,-0.4162222146987915,0,-0.18038888275623322,-0.41302186250686646,0.8926771283149719,0,0.0005670000100508332,-0.10865899920463562,-0.42841699719429016,1,0.21402394771575928,0.13139452040195465,0.9679510593414307,0,-0.8576052188873291,0.4996776878833771,0.12179660052061081,0,-0.46766066551208496,-0.8561882376670837,0.21962787210941315,0,0,0.6921889781951904,0,1,-0.8414378762245178,0.25930070877075195,-0.47407299280166626,0,0.34998270869255066,-0.4069198668003082,-0.8437590003013611,0,-0.4116969406604767,-0.8758879899978638,0.25164714455604553,0,0,0.6035360097885132,0,1,0.9660490155220032,-0.011479008011519909,0.2581031024456024,0,-0.11389000713825226,0.8777870535850525,0.4653158187866211,0,-0.2319009155035019,-0.47891321778297424,0.8466779589653015,0,0,0.2709279954433441,0,1
K0.133,-0.7266160249710083,-0.07886894792318344,-0.6825010180473328,0,-0.06092796102166176,0.9968720078468323,-0.05033107101917267,0,0.6843360662460327,0.005012037232518196,-0.7291488647460938,0,-0.0305279940366745,1.238515019416809,-0.031585998833179474,1,0.9877690076828003,0.13415206968784332,-0.07947393506765366,0,-0.13239791989326477,0.9908300638198853,0.026969024911522865,0,0.0823630541563034,-0.016116971150040627,0.9964720010757446,0,-0.006533999927341938,0.19550000131130219,0,1,0.9670999050140381,0.20185540616512299,-0.15482722222805023,0,-0.19509658217430115,0.9790771007537842,0.057832974940538406,0,0.1632617712020874,-0.025724010542035103,0.9862470626831055,0,0,0.22821000218391418,0,1,0.9670999050140381,0.20185540616512299,-0.15482722222805023,0,-0.19509658217430115,0.9790771007537842,0.057832974940538406,0,0.1632617712020874,-0.025724010542035103,0.9862470626831055,0,0,0.2608110010623932,0,1,0.9945080876350403,-0.10225699841976166,0.022308949381113052,0,0.10235193371772766,0.9947429895401001,-0.003154982812702656,0,-0.021869050338864326,0.005421019159257412,0.9997460246086121,0,0,0.2934130132198334,0,1,0.9326620697975159,-0.09587756544351578,-0.3477779030799866,0,0.10367633402347565,0.9946039319038391,0.0038380457554012537,0,0.3455331027507782,-0.03963591530919075,0.9375690221786499,0,0.0007609999738633633,0.0033400000538676977,0,1,0.9997109770774841,0.020880822092294693,-0.01188029907643795,0,0.010097839869558811,0.08348793536424637,0.9964579939842224,0,0.02179872617125511,-0.9962900280952454,0.08325295150279999,0,0.005446000024676323,0.27066200971603394,0.3038559854030609,1,0.9589849710464478,-0.09599610418081284,0.26670780777931213,0,-0.23695512115955353,0.2448919266462326,0.9401490092277527,0,-0.15556514263153076,-0.9647859930992126,0.2121007889509201,0,0,0.616923987865448,0,1,0.6634909510612488,0.7406190633773804,-0.10613002628087997,0,-0.7412038445472717,0.6699851155281067,0.041662994772195816,0,0.10196197032928467,0.05102098360657692,0.9934790730476379,0,0,0.85316002368927,0,1,-0.9854109883308411,-0.026838401332497597,0.16805961728096008,0,-0.16929957270622253,0.0537487268447876,-0.9840980172157288,0,0.017378641292452812,-0.9981939792633057,-0.05750827118754387,0,-0.0035099999513477087,0.2709619998931885,-0.3038559854030609,1,0.9172582030296326,0.3898514211177826,0.08156433701515198,0,-0.1891545206308365,0.24616894125938416,0.9505898952484131,0,0.35051029920578003,-0.88736492395401,0.29954272508621216,0,0,0.6168239712715149,0,1,0.7378259897232056,-0.6702549457550049,-0.07981906086206436,0,0.6747509241104126,0.735543966293335,0.060722481459379196,0,0.01801087148487568,-0.09866055101156235,0.9949580430984497,0,0,0.8532459735870361,0,1,-0.675678014755249,0.7371440529823303,-0.008830985985696316,0,-0.7103239893913269,-0.6477960348129272,0.2753160297870636,0,0.19722700119018555,0.19229793548583984,0.9613130688667297,0,0.0003370000049471855,-0.10865899920463562,0.42841699719429016,1,-0.10652732849121094,-0.07069777697324753,-0.9917929768562317,0,-0.9342088103294373,0.3486464023590088,0.07548979669809341,0,0.340448260307312,0.9345839023590088,-0.10318690538406372,0,0,0.6922940015792847,0,1,0.9339629411697388,-0.19598622620105743,-0.2988359034061432,0,0.3034658133983612,-0.006687896326184273,0.9528191685676575,0,-0.18873795866966248,-0.9805841445922852,0.05322885885834694,0,0,0.6451449990272522,0,1,0.976499080657959,-0.21042169630527496,-0.046614907681941986,0,0.2129473090171814,0.9086518287658691,0.3591722249984741,0,-0.03322089463472366,-0.3606577515602112,0.932106077671051,0,0,0.34629398584365845,0,1,-0.9833858609199524,0.05462683364748955,-0.1731121987104416,0,0.022715874016284943,-0.9091178178787231,-0.41591930389404297,0,-0.18009980022907257,-0.41294172406196594,0.8927731513977051,0,0.0005670000100508332,-0.10865899920463562,-0.42841699719429016,1,0.21477393805980682,0.1314137876033783,0.9677820205688477,0,-0.8568249940872192,0.5009351372718811,0.12212861329317093,0,-0.4687468111515045,-0.8554502129554749,0.2201865166425705,0,0,0.6921889781951904,0,1,-0.8413617610931396,0.2596091628074646,-0.4740402400493622,0,0.35018113255500793,-0.40623876452445984,-0.8440049886703491,0,-0.41168469190597534,-0.8761129379272461,0.25088340044021606,0,0,0.6035360097885132,0,1,0.9660539627075195,-0.011520719155669212,0.2580820322036743,0,-0.11384271830320358,0.8777910470962524,0.46532100439071655,0,-0.23190297186374664,-0.4789060354232788,0.8466820120811462,0,0,0.2709279954433441,0,1
K0.167,-0.727092981338501,-0.07933822274208069,-0.681939959526062,0,-0.06120269000530243,0.9968360066413879,-0.0507187619805336,0,0.6838060617446899,0.004859304986894131,-0.7296478748321533,0,-0.03027299791574478,1.2388310432434082,-0.031658999621868134,1,0.9878259897232056,0.13386952877044678,-0.07923988997936249,0,-0.13213345408439636,0.99086993932724,0.026784658432006836,0,0.08210210502147675,-0.015988346189260483,0.9964960217475891,0,-0.006533999927341938,0.19550000131130219,0,1,0.9672899842262268,0.20128487050533295,-0.15438410639762878,0,-0.19459813833236694,0.9792010188102722,0.0574251264333725,0,0.16273188591003418,-0.025503888726234436,0.9863409996032715,0,0,0.22821000218391418,0,1,0.9672900438308716,0.20128490030765533,-0.15438459813594818,0,-0.19459812343120575,0.9792010188102722,0.05742517113685608,0,0.16273236274719238,-0.025503836572170258,0.9863409399986267,0,0,0.2608110010623932,0,1,0.9948350191116333,-0.09904609620571136,0.022202203050255775,0,0.09914295375347137,0.9950679540634155,-0.003300426760688424,0,-0.021765800192952156,0.00548457121476531,0.9997479915618896,0,0,0.2934130132198334,0,1,0.9329591393470764,-0.09221002459526062,-0.3479728400707245,0,0.09932804852724075,0.9950510263442993,0.0026304605416953564,0,0.34600818157196045,-0.037017572671175,0.9375009536743164,0,0.0007609999738633633,0.0033400000538676977,0,1,0.9996829628944397,0.02107885666191578,-0.013804402202367783,0,0.01193184219300747,0.0865129753947258,0.9961789846420288,0,0.02219257690012455,-0.9960280656814575,0.08623405545949936,0,0.005446000024676323,0.27066200971603394,0.3038559854030609,1,0.9592240452766418,-0.09573478251695633,0.26594093441963196,0,-0.23655879497528076,0.2430289089679718,0.9407320618629456,0,-0.15469200909137726,-0.9652828574180603,0.21047215163707733,0,0,0.616923987865448,0,1,0.6622409224510193,0.7417269349098206,-0.1061980128288269,0,-0.7422569990158081,0.6687769889831543,0.04234475642442703,0,0.10243098437786102,0.05078376829624176,0.9934430718421936,0,0,0.85316002368927,0,1,-0.9857169389724731,-0.027291133999824524,0.16618536412715912,0,-0.16750487685203552,0.0566282719373703,-0.9842440485954285,0,0.017450328916311264,-0.9980220198631287,-0.06039082258939743,0,-0.0035099999513477087,0.2709619998931885,-0.3038559854030609,1,0.9177790284156799,0.38829305768013,0.08312875777482986,0,-0.18920700252056122,0.2435632199048996,0.9512509703636169,0,0.34911680221557617,-0.8887661099433899,0.2970047891139984,0,0,0.6168239712715149,0,1,0.7368599772453308,-0.6715519428253174,-0.07781604677438736,0,0.6758899688720703,0.7342609763145447,0.06350704282522202,0,0.014489003457129002,-0.0993909239768982,0.9949430823326111,0,0,0.8532459735870361,0,1,-0.6760062575340271,0.736847996711731,-0.008469748310744762,0,-0.7100532650947571,-0.6482639312744141,0.2749149203300476,0,0.19707976281642914,0.19185806810855865,0.961431086063385,0,0.0003370000049471855,-0.10865899920463562,0.42841699719429016,1,-0.10702519118785858,-0.07099408656358719,-0.9917179942131042,0,-0.9339960217475891,0.34915095567703247,0.07580117881298065,0,0.34087786078453064,0.934373140335083,-0.10367617756128311,0,0,0.6922940015792847,0,1,0.9340880513191223,-0.1956542730331421,-0.2986626625061035,0,0.303358793258667,-0.00622902624309063,0.9528560638427734,0,-0.18829065561294556,-0.9806531071662903,0.05353495851159096,0,0,0.6451449990272522,0,1,0.9764500260353088,-0.21055717766284943,-0.04702966660261154,0,0.21322980523109436,0.908665120601654,0.35897085070610046,0,-0.03284967318177223,-0.36054515838623047,0.9321629405021667,0,0,0.34629398584365845,0,1,-0.9834099411964417,0.052859947085380554,-0.17352180182933807,0,0.02446591667830944,-0.9092048406600952,-0.4156281650066376,0,-0.1797371804714203,-0.41297879815101624,0.8928290605545044,0,0.0005670000100508332,-0.10865899920463562,-0.42841699719429016,1,0.2157863974571228,0.1314828097820282,0.9675479531288147,0,-0.8558352589607239,0.5025126338005066,0.12258397042751312,0,-0.4700871407985687,-0.8545129895210266,0.22096285223960876,0,0,0.6921889781951904,0,1,-0.8411911129951477,0.2600772976875305,-0.4740856885910034,0,0.3504013121128082,-0.40558093786239624,-0.844228982925415,0,-0.41184526681900024,-0.8762789368629456,0.25003981590270996,0,0,0.6035360097885132,0,1,0.9660530090332031,-0.011553985066711903,0.2580849528312683,0,-0.11382798850536346,0.8777649402618408,0.46537211537361145,0,-0.23191504180431366,-0.47895190119743347,0.8466531038284302,0,0,0.2709279954433441,0,1
K0.200,-0.7276201844215393,-0.07996147125959396,-0.6813037395477295,0,-0.06166921928524971,0.9967860579490662,-0.05112653598189354,0,0.6832021474838257,0.004814771935343742,-0.7302128076553345,0,-0.02990599535405636,1.239182949066162,-0.0316849984228611,1,0.9878889918327332,0.13354916870594025,-0.07899977266788483,0,-0.1318318396806717,0.9909150004386902,0.0265908632427454,0,0.08183323591947556,-0.015854135155677795,0.996519923210144,0,-0.006533999927341938,0.19550000131130219,0,1,0.9674959778785706,0.20064102113246918,-0.15393072366714478,0,-0.19402597844600677,0.9793380498886108,0.057012856006622314,0,0.1621893048286438,-0.025293147191405296,0.9864349365234375,0,0,0.22821000218391418,0,1,0.9674959182739258,0.20064105093479156,-0.15393121540546417,0,-0.19402597844600677,0.9793380498886108,0.057012904435396194,0,0.1621897965669632,-0.025293098762631416,0.9864349961280823,0,0,0.2608110010623932,0,1,0.9951949715614319,-0.09539493918418884,0.02205733209848404,0,0.09549304097890854,0.9954239726066589,-0.0034355917014181614,0,-0.021628666669130325,0.0055254073813557625,0.9997509121894836,0,0,0.2934130132198334,0,1,0.9332398772239685,-0.088332898914814,-0.3482242524623871,0,0.09484008699655533,0.9954910278320312,0.001648195437155664,0,0.34650877118110657,-0.03456380218267441,0.9374101161956787,0,0.0007609999738633633,0.0033400000538676977,0,1,0.9996439814567566,0.021326614543795586,-0.016043057665228844,0,0.014066618867218494,0.0897960290312767,0.9958609342575073,0,0.02267894707620144,-0.9957320690155029,0.08946406841278076,0,0.005446000024676323,0.27066200971603394,0.3038559854030609,1,0.9595449566841125,-0.09540313482284546,0.2648991048336029,0,-0.23586413264274597,0.24142396450042725,0.94132000207901,0,-0.15375785529613495,-0.9657189846038818,0.20915496349334717,0,0,0.616923987865448,0,1,0.6609581112861633,0.7428268790245056,-0.10650596767663956,0,-0.7432800531387329,0.6675748825073242,0.043336279690265656,0,0.10329201072454453,0.05052027478814125,0.9933670163154602,0,0,0.85316002368927,0,1,-0.9860939979553223,-0.027798205614089966,0.1638500839471817,0,-0.16525781154632568,0.059656452387571335,-0.9844449758529663,0,0.017591075971722603,-0.9978320598602295,-0.06342070549726486,0,-0.0035099999513477087,0.2709619998931885,-0.3038559854030609,1,0.9182940125465393,0.3866369128227234,0.0851350799202919,0,-0.1895861029624939,0.2406778186559677,0.951909065246582,0,0.3475531041622162,-0.8902729153633118,0.29431402683258057,0,0,0.6168239712715149,0,1,0.7358800172805786,-0.6728920340538025,-0.075476735830307,0,0.6770309209823608,0.7329261302947998,0.06668771058320999,0,0.010445251129567623,-0.10017429292201996,0.9949149489402771,0,0,0.8532459735870361,0,1,-0.6765130758285522,0.7363890409469604,-0.00788208283483982,0,-0.7095939517021179,-0.6489589810371399,0.2744613289833069,0,0.1969950944185257,0.1912696808576584,0.9615660905838013,0,0.0003370000049471855,-0.10865899920463562,0.42841699719429016,1,-0.10759133845567703,-0.07153332978487015,-0.9916188716888428,0,-0.9337467551231384,0.34975528717041016,0.07608159631490707,0,0.34138137102127075,0.9341061115264893,-0.10442456603050232,0,0,0.6922940015792847,0,1,0.9342750310897827,-0.1951378881931305,-0.29841482639312744,0,0.3031720817089081,-0.005734716076403856,0.9529189467430115,0,-0.18766184151172638,-0.9807590246200562,0.05380253866314888,0,0,0.6451449990272522,0,1,0.9763829708099365,-0.21085672080516815,-0.04706735536456108,0,0.21351724863052368,0.9085410237312317,0.35911571979522705,0,-0.03295935317873955,-0.3606843054294586,0.9321058988571167,0,0,0.34629398584365845,0,1,-0.9834168553352356,0.05075405165553093,-0.17410999536514282,0,0.026630064472556114,-0.9092229604721069,-0.41545695066452026,0,-0.17939099669456482,-0.4132040739059448,0.8927940130233765,0,0.0005670000100508332,-0.10865899920463562,-0.42841699719429016,1,0.21680516004562378,0.13152393698692322,0.9673139452934265,0,-0.8547309041023254,0.5042871832847595,0.1230047345161438,0,-0.4716258645057678,-0.8534611463546753,0.22174963355064392,0,0,0.6921889781951904,0,1,-0.8409920930862427,0.26059505343437195,-0.47415491938591003,0,0.3506350517272949,-0.4049168825149536,-0.8444511294364929,0,-0.41205307841300964,-0.8764320015907288,0.24915805459022522,0,0,0.6035360097885132,0,1,0.9660360217094421,-0.011551668867468834,0.2581479847431183,0,-0.11390366405248642,0.8776758313179016,0.46552231907844543,0,-0.23194798827171326,-0.47911566495895386,0.846551239490509,0,0,0.2709279954433441,0,1
