3.133,30,94,25
B0,mixamorig_Hips,-1,0.7602279186248779,0.13167598843574524,-0.6361720561981201,0,-0.1282920241355896,0.9903889298439026,0.0516829714179039,0,0.6368629336357117,0.04232494905591011,0.7698140740394592,0,-0.006763000041246414,0.497529000043869,0.00875299982726574,1
B1,mixamorig_Spine,0,0.9742799997329712,0.22019292414188385,-0.047893621027469635,0,-0.21845804154872894,0.9750699996948242,0.03892388939857483,0,0.05527039244771004,-0.027460020035505295,0.9980939626693726,0,-0.0032279998995363712,0.10526800155639648,0,1
B2,mixamorig_Spine1,1,0.9898650646209717,0.10585104674100876,-0.09467694163322449,0,-0.0986979529261589,0.9921109676361084,0.07729791849851608,0,0.10211207717657089,-0.06717006862163544,0.9925030469894409,0,0,0.12286999821662903,0,1
B3,mixamorig_Spine2,2,0.9890390038490295,-0.1000962182879448,-0.10855186730623245,0,0.10663280636072159,0.9927109479904175,0.0561702735722065,0,0.10213815420866013,-0.06712975353002548,0.9925029277801514,0,0,0.1404229998588562,0,1
B4,mixamorig_Neck,3,0.9866290092468262,0.009679954499006271,-0.16269506514072418,0,-0.009056992828845978,0.999949038028717,0.004570321645587683,0,0.16273096203804016,-0.003035682486370206,0.9866660833358765,0,0,0.15797600150108337,0,1
B5,mixamorig_Head,4,0.9169901013374329,-0.06647864729166031,-0.39333075284957886,0,0.0962783470749855,0.9937499761581421,0.05649986118078232,0,0.3871162235736847,-0.08967901021242142,0.9176589250564575,0,-0.019982000812888145,0.01912599988281727,0,1
B6,mixamorig_HeadTop_End,5,1,0,0,0,0,1,0,0,0,0,1,0,-0.018912000581622124,0.018101999536156654,0,1
B7,mixamorig_LeftShoulder,3,0.9599170088768005,-0.029385870322585106,0.27874016761779785,0,-0.272385835647583,0.13662883639335632,0.9524380564689636,0,-0.06607212871313095,-0.9901859164237976,0.12314798682928085,0,-0.0011320000048726797,0.14037099480628967,0.15092399716377258,1
B8,mixamorig_LeftArm,7,-0.9762930274009705,0.07018402218818665,-0.20475995540618896,0,-0.12887102365493774,0.5715720653533936,0.8103689551353455,0,0.173909991979599,0.8175449967384338,-0.5489770174026489,0,0,0.2995539903640747,0,1
B9,mixamorig_LeftForeArm,8,0.8296071887016296,-0.4357626736164093,0.34908801317214966,0,0.4920382499694824,0.8660948872566223,-0.08819162100553513,0,-0.2639128565788269,0.24492919445037842,0.9329309463500977,0,0,0.44111698865890503,0,1
B10,mixamorig_LeftHand,9,1,0,0,0,0,1,0,0,0,0,1,0,0,0.3173919916152954,0,1
B11,mixamorig_RightShoulder,3,-0.911090075969696,0.07940304279327393,0.4044860303401947,0,-0.3844350576400757,0.1904018521308899,-0.9033030271530151,0,-0.14874005317687988,-0.9784900546073914,-0.14294809103012085,0,0.000050999999075429514,0.14033499360084534,-0.15092399716377258,1
B12,mixamorig_RightArm,11,-0.823763906955719,-0.5424292087554932,-0.16487140953540802,0,-0.37313029170036316,0.2997857928276062,0.8780099153518677,0,-0.42683255672454834,0.7847922444343567,-0.44934991002082825,0,0,0.2995539903640747,0,1
B13,mixamorig_RightForeArm,12,0.6615968942642212,0.7042891383171082,-0.25742000341415405,0,-0.7410538196563721,0.6665491461753845,-0.08094003796577454,0,0.1145780012011528,0.24431200325489044,0.9629039764404297,0,0,0.44116899371147156,0,1
B14,mixamorig_RightHand,13,1,0,0,0,0,1,0,0,0,0,1,0,0,0.3176180124282837,0,1
B15,mixamorig_LeftUpLeg,0,-0.2393469363451004,0.9508979320526123,0.1962311714887619,0,-0.5855824947357178,-0.30258482694625854,0.7520207762718201,0,0.7744711637496948,0.0650842934846878,0.6292516589164734,0,0.0007159999804571271,-0.05846799910068512,0.21312899887561798,1
B16,mixamorig_LeftLeg,15,-0.21036702394485474,-0.19885018467903137,-0.9571861028671265,0,-0.974947988986969,0.11503787338733673,0.19037212431430817,0,0.07225719839334488,0.9732550978660583,-0.2180689126253128,0,0,0.3580940067768097,0,1
B17,mixamorig_LeftFoot,16,0.9061440229415894,-0.30181804299354553,-0.29632601141929626,0,0.2972239553928375,-0.04408305138349533,0.9537899494171143,0,-0.30093392729759216,-0.9523460268974304,0.04976195842027664,0,0,0.2920129895210266,0,1
B18,mixamorig_LeftToeBase,17,0.9631308913230896,-0.26258620619773865,-0.05853583663702011,0,0.2671287953853607,0.9075760245323181,0.3239561915397644,0,-0.03194072097539902,-0.3276488780975342,0.9442590475082397,0,0,0.17314699292182922,0,1
B19,mixamorig_LeftToe_End,18,1,0,0,0,0,1,0,0,0,0,1,0,0,0.0906200036406517,0,1
B20,mixamorig_RightUpLeg,0,-0.845322847366333,0.516572117805481,0.13631512224674225,0,-0.4768888056278229,-0.6145581603050232,-0.6284068822860718,0,-0.2408440113067627,-0.5962140560150146,0.7658478617668152,0,0.001221999991685152,-0.05846799910068512,-0.21312899887561798,1
B21,mixamorig_RightLeg,20,-0.05702489987015724,-0.0135079026222229,0.9982810616493225,0,-0.9941970109939575,0.0921243205666542,-0.05554501712322235,0,-0.09121575206518173,-0.9956560134887695,-0.018682941794395447,0,0,0.35807499289512634,0,1
B22,mixamorig_RightFoot,21,-0.7413411736488342,0.2712298035621643,-0.6138787865638733,0,0.3685859143733978,-0.5998572111129761,-0.710151731967926,0,-0.5608541369438171,-0.7527320384979248,0.3447275459766388,0,0,0.2686710059642792,0,1
B23,mixamorig_RightToeBase,22,0.9577000737190247,0.05831102654337883,0.2817978858947754,0,-0.1789560616016388,0.8875510096549988,0.424532026052475,0,-0.2253551483154297,-0.4570039212703705,0.8604429364204407,0,0,0.13546399772167206,0,1
B24,mixamorig_RightToe_End,23,1,0,0,0,0,1,0,0,0,0,1,0,0,0.09076199680566788,0,1
@20,0,1,2,3,4,5,7,8,9,11,12,13,15,16,17,18,20,21,22,23
K0,-0.6361719965934753,0.13167597353458405,-0.7602279782295227,0,0.05168294906616211,0.9903889298439026,0.1282920241355896,0,0.7698140740394592,0.04232495650649071,-0.6368628740310669,0,0.008752998895943165,0.497529000043869,0.006763000041246414,1,0.9742799997329712,0.22019292414188385,-0.04789360985159874,0,-0.21845804154872894,0.9750699996948242,0.03892393410205841,0,0.05527039244771004,-0.027460064738988876,0.9980939626693726,0,-0.0032279998995363712,0.10526800155639648,0,1,0.9898650646209717,0.10585105419158936,-0.09467694163322449,0,-0.0986979603767395,0.9921109676361084,0.07729792594909668,0,0.10211207717657089,-0.06717007607221603,0.9925030469894409,0,0,0.12286999821662903,0,1,0.9890390038490295,-0.1000962033867836,-0.10855185985565186,0,0.1066327914595604,0.9927109479904175,0.0561702586710453,0,0.10213814675807953,-0.06712973117828369,0.9925029277801514,0,0,0.1404229998588562,0,1,0.9866290092468262,0.00967998057603836,-0.16269506514072418,0,-0.009057019837200642,0.999949038028717,0.004570321645587683,0,0.16273096203804016,-0.0030356785282492638,0.9866660833358765,0,0,0.15797600150108337,0,1,0.9169901013374329,-0.06647863239049911,-0.39333078265190125,0,0.0962783545255661,0.9937499761581421,0.05649992451071739,0,0.3871162235736847,-0.08967906981706619,0.9176589250564575,0,-0.019982000812888145,0.01912599988281727,0,1,0.9599170684814453,-0.02938568964600563,0.2787400186061859,0,-0.27238571643829346,0.13662898540496826,0.9524380564689636,0,-0.06607197970151901,-0.9901859164237976,0.12314819544553757,0,-0.0011320000048726797,0.14037099480628967,0.15092399716377258,1,-0.9762930870056152,0.07018403708934784,-0.20475997030735016,0,-0.12887103855609894,0.5715720057487488,0.8103690147399902,0,0.1739100068807602,0.8175450563430786,-0.5489770174026489,0,0,0.2995539903640747,0,1,0.8296071887016296,-0.4357626736164093,0.3490881323814392,0,0.4920383095741272,0.8660948276519775,-0.0881916806101799,0,-0.2639129161834717,0.24492929875850677,0.9329309463500977,0,0,0.44111698865890503,0,1,-0.911090075969696,0.07940302789211273,0.4044859707355499,0,-0.3844349980354309,0.1904018521308899,-0.9033030271530151,0,-0.1487400233745575,-0.9784900546073914,-0.14294807612895966,0,0.000050999999075429514,0.14033499360084534,-0.15092399716377258,1,-0.8237642049789429,-0.5424289107322693,-0.1648712456226349,0,-0.3731301426887512,0.29978612065315247,0.8780099153518677,0,-0.42683228850364685,0.7847923040390015,-0.4493500888347626,0,0,0.2995539903640747,0,1,0.6615968346595764,0.7042891979217529,-0.25741997361183167,0,-0.7410538792610168,0.6665490865707397,-0.08094002306461334,0,0.1145780012011528,0.24431198835372925,0.9629039764404297,0,0,0.44116899371147156,0,1,-0.2393462061882019,0.9508979916572571,0.1962314248085022,0,-0.5855822563171387,-0.30258452892303467,0.7520209550857544,0,0.7744715213775635,0.06508373469114304,0.6292513012886047,0,0.0007159999804571271,-0.05846799910068512,0.21312899887561798,1,-0.21036721765995026,-0.1988503634929657,-0.9571859836578369,0,-0.9749479293823242,0.11503809690475464,0.1903723031282425,0,0.07225729525089264,0.9732549786567688,-0.21806909143924713,0,0,0.3580940067768097,0,1,0.9061440825462341,-0.3018180727958679,-0.2963259518146515,0,0.29722392559051514,-0.04408302530646324,0.953790009021759,0,-0.30093392729759216,-0.9523460865020752,0.04976195842027664,0,0,0.2920129895210266,0,1,0.9631309509277344,-0.26258620619773865,-0.05853576585650444,0,0.26712873578071594,0.9075760245323181,0.323956161737442,0,-0.0319407694041729,-0.3276488482952118,0.9442590475082397,0,0,0.17314699292182922,0,1,-0.845322847366333,0.516572117805481,0.13631507754325867,0,-0.4768887758255005,-0.6145581603050232,-0.6284069418907166,0,-0.24084405601024628,-0.5962140560150146,0.7658478617668152,0,0.001221999991685152,-0.05846799910068512,-0.21312899887561798,1,-0.05702521279454231,-0.013508248142898083,0.998280942440033,0,-0.9941969513893127,0.09212420880794525,-0.05554535612463951,0,-0.09121555835008621,-0.9956560134887695,-0.018683254718780518,0,0,0.35807499289512634,0,1,-0.7413412928581238,0.27122992277145386,-0.6138788461685181,0,0.3685859143733978,-0.5998572707176208,-0.7101518511772156,0,-0.5608542561531067,-0.7527320981025696,0.34472739696502686,0,0,0.2686710059642792,0,1,0.9577000737190247,0.05831097438931465,0.281797856092453,0,-0.1789560168981552,0.887550950050354,0.42453205585479736,0,-0.2253551483154297,-0.4570039212703705,0.8604429364204407,0,0,0.13546399772167206,0,1
K0.033,-0.5963916778564453,0.11237554997205734,-0.7947882413864136,0,0.038618993014097214,0.9930219650268555,0.11142505705356598,0,0.8017644286155701,0.0357590913772583,-0.5965703725814819,0,0.010919025167822838,0.4959629774093628,0.004423992242664099,1,0.9740050435066223,0.2213156670331955,-0.04830220341682434,0,-0.2196704000234604,0.9748669266700745,0.03712577745318413,0,0.05530480295419693,-0.02555016055703163,0.9981430172920227,0,-0.0032279998995363712,0.10526800155639648,0,1,0.9894220232963562,0.10831216722726822,-0.0965038388967514,0,-0.1010349690914154,0.9918709397315979,0.07735928148031235,0,0.10409827530384064,-0.06679069995880127,0.9923220276832581,0,0,0.12286999821662903,0,1,0.9887470006942749,-0.09748657792806625,-0.11347530037164688,0,0.10412029176950455,0.9930940270423889,0.05406714603304863,0,0.10742081701755524,-0.06527380645275116,0.9920690655708313,0,0,0.1404229998588562,0,1,0.9868490099906921,0.015314812771975994,-0.1609182357788086,0,-0.01491628959774971,0.9998819828033447,0.003684350522235036,0,0.16095569729804993,-0.0012355950893834233,0.9869611263275146,0,0,0.15797600150108337,0,1,0.9185450673103333,-0.05902855470776558,-0.3908839225769043,0,0.0896562859416008,0.99413001537323,0.06055835261940956,0,0.38501498103141785,-0.09067083895206451,0.9184460639953613,0,-0.019982000812888145,0.01912599988281727,0,1,0.9652220010757446,-0.02799234166741371,0.259926974773407,0,-0.2536720931529999,0.14013011753559113,0.957085907459259,0,-0.06321468204259872,-0.9897369742393494,0.12815584242343903,0,-0.0011320000048726797,0.14037099480628967,0.15092399716377258,1,-0.9800198674201965,0.06239185109734535,-0.18885928392410278,0,-0.11922361701726913,0.5757603049278259,0.8088787794113159,0,0.15920515358448029,0.8152340650558472,-0.5568180680274963,0,0,0.2995539903640747,0,1,0.8247959613800049,-0.4478439688682556,0.3451771140098572,0,0.5042844414710999,0.8587496876716614,-0.09081105142831802,0,-0.2557515799999237,0.24896804988384247,0.9341341257095337,0,0,0.44111698865890503,0,1,-0.9064889550209045,0.08417126536369324,0.41375428438186646,0,-0.39470139145851135,0.17910899221897125,-0.9011828899383545,0,-0.14996089041233063,-0.9802220463752747,-0.12913797795772552,0,0.000050999999075429514,0.14033499360084534,-0.15092399716377258,1,-0.8564103841781616,-0.49890848994255066,-0.13286012411117554,0,-0.3347616195678711,0.34067821502685547,0.8785631060600281,0,-0.3930600881576538,0.7968870997428894,-0.45877593755722046,0,0,0.2995539903640747,0,1,0.657500147819519,0.7059008479118347,-0.2634331285953522,0,-0.745561957359314,0.6600239872932434,-0.09222704917192459,0,0.10876904428005219,0.25704509019851685,0.9602590203285217,0,0,0.44116899371147156,0,1,-0.3082651197910309,0.9345427751541138,0.1777724176645279,0,-0.5517279505729675,-0.32786932587623596,0.7668759822845459,0,0.7749640941619873,0.1383190155029297,0.6166837215423584,0,0.0007159999804571271,-0.05846799910068512,0.21312899887561798,1,-0.2005023956298828,-0.20997454226016998,-0.9569272398948669,0,-0.9790132641792297,0.07933162152767181,0.1877226084470749,0,0.03649762645363808,0.974483072757721,-0.22147400677204132,0,0,0.3580940067768097,0,1,0.9073171019554138,-0.30376267433166504,-0.2906959354877472,0,0.2691819369792938,-0.11144270747900009,0.9566198587417603,0,-0.32298141717910767,-0.9462078213691711,-0.0193464532494545,0,0,0.2920129895210266,0,1,0.966210126876831,-0.25570160150527954,-0.03246297314763069,0,0.2519277036190033,0.9102222323417664,0.32867690920829773,0,-0.05449468642473221,-0.32574930787086487,0.9438842535018921,0,0,0.17314699292182922,0,1,-0.8280299305915833,0.5354210138320923,0.16640345752239227,0,-0.5120802521705627,-0.6013097763061523,-0.6133518815040588,0,-0.22834156453609467,-0.5930858850479126,0.7720813155174255,0,0.001221999991685152,-0.05846799910068512,-0.21312899887561798,1,-0.07132560759782791,-0.02681659907102585,0.997092068195343,0,-0.9935359954833984,0.09041108936071396,-0.06863965094089508,0,-0.08830753713846207,-0.9955430626869202,-0.033091891556978226,0,0,0.35807499289512634,0,1,-0.7412878274917603,0.26664644479751587,-0.6159481406211853,0,0.38948044180870056,-0.5764948725700378,-0.7183030247688293,0,-0.546623945236206,-0.7723691463470459,0.3234950006008148,0,0,0.2686710059642792,0,1,0.9573550820350647,0.05737887695431709,0.2831595838069916,0,-0.17928709089756012,0.886530876159668,0.42652013897895813,0,-0.2265564352273941,-0.4590979814529419,0.8590119481086731,0,0,0.13546399772167206,0,1
K0.067,-0.5575123429298401,0.09250930696725845,-0.824998676776886,0,0.025393333286046982,0.9952070116996765,0.09443505108356476,0,0.8297806978225708,0.031699251383543015,-0.5571893453598022,0,0.013486973941326141,0.4927290380001068,0.0036430079489946365,1,0.973272979259491,0.22434701025485992,-0.0490630567073822,0,-0.22288089990615845,0.974265992641449,0.03362397104501724,0,0.05534393712878227,-0.021790098398923874,0.9982300400733948,0,-0.0032279998995363712,0.10526800155639648,0,1,0.9882321357727051,0.11479970812797546,-0.10108453035354614,0,-0.10722717642784119,0.9912160038948059,0.07742006331682205,0,0.10908438265323639,-0.0656699612736702,0.9918609261512756,0,0,0.12286999821662903,0,1,0.9888259768486023,-0.0906771644949913,-0.11832724511623383,0,0.09736096858978271,0.9938910007476807,0.05197315663099289,0,0.11289165169000626,-0.06291288882493973,0.991614043712616,0,0,0.1404229998588562,0,1,0.9875289797782898,0.02008815109729767,-0.15615013241767883,0,-0.020127752795815468,0.999796986579895,0.0013277807738631964,0,0.15614499151706696,0.0018317279173061252,0.9877319931983948,0,0,0.15797600150108337,0,1,0.921899139881134,-0.04949971288442612,-0.38425585627555847,0,0.08307944238185883,0.9939910173416138,0.07127697765827179,0,0.37841829657554626,-0.09763385355472565,0.9204709529876709,0,-0.019982000812888145,0.01912599988281727,0,1,0.9716868996620178,-0.02593071572482586,0.23484648764133453,0,-0.22881494462490082,0.1444973647594452,0.9626859426498413,0,-0.05889778956770897,-0.9891650676727295,0.1344727724790573,0,-0.0011320000048726797,0.14037099480628967,0.15092399716377258,1,-0.9862439632415771,0.057432059198617935,-0.15500035881996155,0,-0.09237926453351974,0.586094081401825,0.8049600124359131,0,0.13707520067691803,0.8082051873207092,-0.572725772857666,0,0,0.2995539903640747,0,1,0.8211538791656494,-0.4622640013694763,0.3346914052963257,0,0.5180727243423462,0.8497732281684875,-0.09739670902490616,0,-0.2393888235092163,0.2533721923828125,0.93728107213974,0,0,0.44111698865890503,0,1,-0.9005527496337891,0.08507703244686127,0.4263395369052887,0,-0.40763694047927856,0.17563045024871826,-0.8960949182510376,0,-0.15111538767814636,-0.9807730913162231,-0.1234840378165245,0,0.000050999999075429514,0.14033499360084534,-0.15092399716377258,1,-0.8863927125930786,-0.451969712972641,-0.10015799850225449,0,-0.2890402376651764,0.37132328748703003,0.8823687434196472,0,-0.361613005399704,0.8110750317573547,-0.45977580547332764,0,0,0.2995539903640747,0,1,0.66501784324646,0.6946762800216675,-0.2741818130016327,0,-0.7378289103507996,0.6679460406303406,-0.0972461998462677,0,0.11558403074741364,0.2669696807861328,0.9567480683326721,0,0,0.44116899371147156,0,1,-0.3829326927661896,0.9137781262397766,0.13554736971855164,0,-0.5389002561569214,-0.34014904499053955,0.7706397771835327,0,0.7502993941307068,0.22205638885498047,0.6226888298988342,0,0.0007159999804571271,-0.05846799910068512,0.21312899887561798,1,-0.16690874099731445,-0.20195721089839935,-0.9650672078132629,0,-0.9847421646118164,-0.014741316437721252,0.17339642345905304,0,-0.049244992434978485,0.9792829155921936,-0.19641515612602234,0,0,0.3580940067768097,0,1,0.9067890048027039,-0.31449398398399353,-0.28076300024986267,0,0.22497837245464325,-0.202230304479599,0.9531459808349609,0,-0.3565376400947571,-0.9274682998657227,-0.11262591183185577,0,0,0.2920129895210266,0,1,0.9755419492721558,-0.21694733202457428,-0.035386912524700165,0,0.2179073691368103,0.9333048462867737,0.28541019558906555,0,-0.028892192989587784,-0.2861405313014984,0.9577518105506897,0,0,0.17314699292182922,0,1,-0.8178291916847229,0.5342268943786621,0.2139076590538025,0,-0.5444037318229675,-0.597790002822876,-0.5884492993354797,0,-0.18649354577064514,-0.5977029204368591,0.7797249555587769,0,0.001221999991685152,-0.05846799910068512,-0.21312899887561798,1,-0.07979986071586609,-0.02563561499118805,0.9964810013771057,0,-0.9935189485549927,0.08322133868932724,-0.07742167264223099,0,-0.08094374090433121,-0.9962009191513062,-0.0321105420589447,0,0,0.35807499289512634,0,1,-0.7356359958648682,0.27507850527763367,-0.6190091967582703,0,0.3939635157585144,-0.569632351398468,-0.7213258743286133,0,-0.5510287880897522,-0.7745001316070557,0.3106711208820343,0,0,0.2686710059642792,0,1,0.9564040899276733,0.05480673164129257,0.2868586480617523,0,-0.1801922768354416,0.883723795413971,0.43192917108535767,0,-0.2298312783241272,-0.4647887051105499,0.855073094367981,0,0,0.13546399772167206,0,1
K0.100,-0.5170168280601501,0.07244405150413513,-0.8529040217399597,0,0.013473442755639553,0.9969769716262817,0.07651393115520477,0,0.8558688759803772,0.02806744910776615,-0.5164300799369812,0,0.01664699800312519,0.4882909953594208,0.0028260007966309786,1,0.9722209572792053,0.22864602506160736,-0.05007025972008705,0,-0.22745095193386078,0.9733729958534241,0.02846613898873329,0,0.055245742201805115,-0.016286861151456833,0.9983400702476501,0,-0.0032279998995363712,0.10526800155639648,0,1,0.986492931842804,0.12396126240491867,-0.10707112401723862,0,-0.11604174971580505,0.9902320504188538,0.07729485630989075,0,0.1156068742275238,-0.06382613629102707,0.991241991519928,0,0,0.12286999821662903,0,1,0.9890930652618408,-0.0809907540678978,-0.12302800267934799,0,0.08765526115894318,0.9949079155921936,0.04975181818008423,0,0.11837200820446014,-0.05999318137764931,0.9911550283432007,0,0,0.1404229998588562,0,1,0.9885029196739197,0.024371018633246422,-0.1492222100496292,0,-0.024954983964562416,0.9996869564056396,-0.0020418185740709305,0,0.14912579953670502,0.005742183420807123,0.9888020753860474,0,0,0.15797600150108337,0,1,0.9264159202575684,-0.038742389529943466,-0.37450215220451355,0,0.0764906033873558,0.9933149814605713,0.08645803481340408,0,0.3686489164829254,-0.10874196887016296,0.9231860041618347,0,-0.019982000812888145,0.01912599988281727,0,1,0.9811009168624878,-0.022444313392043114,0.19218796491622925,0,-0.18669730424880981,0.15113729238510132,0.9707218408584595,0,-0.05083399638533592,-0.9882580041885376,0.14409077167510986,0,-0.0011320000048726797,0.14037099480628967,0.15092399716377258,1,-0.9930390119552612,0.04223400726914406,-0.10995006561279297,0,-0.06324200332164764,0.5963279604911804,0.800246000289917,0,0.09936390072107315,0.8016290068626404,-0.5895060300827026,0,0,0.2995539903640747,0,1,0.8175527453422546,-0.4791222810745239,0.3194499909877777,0,0.5332627296447754,0.8392871022224426,-0.10596120357513428,0,-0.21734198927879333,0.2569797933101654,0.9416600465774536,0,0,0.44111698865890503,0,1,-0.8905541300773621,0.08578506857156754,0.44671377539634705,0,-0.4284640848636627,0.1715717315673828,-0.8871200084686279,0,-0.15274523198604584,-0.981429934501648,-0.11603821069002151,0,0.000050999999075429514,0.14033499360084534,-0.15092399716377258,1,-0.9158930778503418,-0.39320075511932373,-0.08082516491413116,0,-0.2521781921386719,0.4069351255893707,0.877957820892334,0,-0.3123231530189514,0.8244981169700623,-0.47186583280563354,0,0,0.2995539903640747,0,1,0.671221911907196,0.684660017490387,-0.28408095240592957,0,-0.7306849360466003,0.6756250858306885,-0.09813500940799713,0,0.12474307417869568,0.27344396710395813,0.9537649154663086,0,0,0.44116899371147156,0,1,-0.44149431586265564,0.8926858305931091,0.09052406996488571,0,-0.5178062319755554,-0.33587780594825745,0.7868058681488037,0,0.7327749133110046,0.3004961907863617,0.6105259656906128,0,0.0007159999804571271,-0.05846799910068512,0.21312899887561798,1,-0.11727268993854523,-0.1655515730381012,-0.9792038202285767,0,-0.9814698696136475,-0.13113267719745636,0.13971443474292755,0,-0.15153566002845764,0.9774438738822937,-0.14710552990436554,0,0,0.3580940067768097,0,1,0.8733319640159607,-0.33673909306526184,-0.3519919216632843,0,0.24402689933776855,-0.32294991612434387,0.9144140481948853,0,-0.42159491777420044,-0.8844829201698303,-0.19986917078495026,0,0,0.2920129895210266,0,1,0.9776869416236877,-0.17444905638694763,-0.11702914535999298,0,0.19267894327640533,0.9666411280632019,0.16876177489757538,0,0.08368485420942307,-0.18754523992538452,0.9786850214004517,0,0,0.17314699292182922,0,1,-0.8076699376106262,0.5224077701568604,0.2734203338623047,0,-0.5758631229400635,-0.5992357134819031,-0.556147038936615,0,-0.1266922801733017,-0.6066358089447021,0.784820020198822,0,0.001221999991685152,-0.05846799910068512,-0.21312899887561798,1,-0.08502791821956635,-0.015353147871792316,0.9962599873542786,0,-0.9936490654945374,0.07526689022779465,-0.08364512771368027,0,-0.07370120286941528,-0.9970449805259705,-0.021655451506376266,0,0,0.35807499289512634,0,1,-0.7245240211486816,0.29378440976142883,-0.6235026717185974,0,0.3907054364681244,-0.5701777338981628,-0.7226670384407043,0,-0.5678151845932007,-0.7671948671340942,0.29832401871681213,0,0,0.2686710059642792,0,1,0.9549708962440491,0.05091104283928871,0.2922993302345276,0,-0.18153995275497437,0.8794941902160645,0.43992364406585693,0,-0.23467865586280823,-0.4731783866882324,0.8491339087486267,0,0,0.13546399772167206,0,1
K0.133,-0.47206056118011475,0.05235957354307175,-0.8800101280212402,0,0.0037757623940706253,0.9983459115028381,0.0573749877512455,0,0.881558358669281,0.023761754855513573,-0.4714772701263428,0,0.019405022263526917,0.48404598236083984,0.003824026556685567,1,0.9709899425506592,0.2336103320121765,-0.05103198066353798,0,-0.23273377120494843,0.9722780585289001,0.022574808448553085,0,0.05489102378487587,-0.010043051093816757,0.9984419345855713,0,-0.0032279998995363712,0.10526800155639648,0,1,0.9844430685043335,0.13444966077804565,-0.11311579495668411,0,-0.12625055015087128,0.9890209436416626,0.07679782062768936,0,0.12219930440187454,-0.061322133988142014,0.9906089305877686,0,0,0.12286999821662903,0,1,0.9893829822540283,-0.06975501030683517,-0.12749932706356049,0,0.07630974799394608,0.9959630370140076,0.04726414009928703,0,0.1236877292394638,-0.05649178847670555,0.9907119870185852,0,0,0.1404229998588562,0,1,0.9896010160446167,0.02852540835738182,-0.14097987115383148,0,-0.029662689194083214,0.9995419979095459,-0.005971671547740698,0,0.14074495434761047,0.010091414675116539,0.9899939894676208,0,0,0.15797600150108337,0,1,0.9314960241317749,-0.027568913996219635,-0.36270594596862793,0,0.06982792168855667,0.9921309947967529,0.10392015427350998,0,0.35698679089546204,-0.1221281886100769,0.9260910749435425,0,-0.019982000812888145,0.01912599988281727,0,1,0.9881041049957275,-0.019489698112010956,0.15254348516464233,0,-0.14760930836200714,0.1580500304698944,0.9763361215591431,0,-0.043138016015291214,-0.9872390031814575,0.15329307317733765,0,-0.0011320000048726797,0.14037099480628967,0.15092399716377258,1,-0.9979541301727295,0.034110601991415024,-0.05406734719872475,0,-0.022316236048936844,0.6066651344299316,0.7946439385414124,0,0.05990657955408096,0.7942250967025757,-0.6046630144119263,0,0,0.2995539903640747,0,1,0.8129132390022278,-0.4983910918235779,0.30129435658454895,0,0.5497444272041321,0.827446699142456,-0.11451411992311478,0,-0.1922321766614914,0.2587248980998993,0.9466299414634705,0,0,0.44111698865890503,0,1,-0.8767648935317993,0.08711382746696472,0.4729630947113037,0,-0.4553530216217041,0.16601087152957916,-0.8746970295906067,0,-0.15471521019935608,-0.9822689294815063,-0.10588488727807999,0,0.000050999999075429514,0.14033499360084534,-0.15092399716377258,1,-0.9409433007240295,-0.330966979265213,-0.07132469117641449,0,-0.21752068400382996,0.4295330345630646,0.8764620423316956,0,-0.2594434916973114,0.8402150869369507,-0.4761580526828766,0,0,0.2995539903640747,0,1,0.6665260791778564,0.6898869276046753,-0.28248900175094604,0,-0.7301777005195618,0.6805444359779358,-0.060830008238554,0,0.15028038620948792,0.24681179225444794,0.9573400616645813,0,0,0.44116899371147156,0,1,-0.49006882309913635,0.8696315884590149,0.05978682264685631,0,-0.5024169683456421,-0.3378470242023468,0.7958869934082031,0,0.7123275995254517,0.36000165343284607,0.6024861931800842,0,0.0007159999804571271,-0.05846799910068512,0.21312899887561798,1,-0.08654221892356873,-0.1564134955406189,-0.9838929176330566,0,-0.9621208310127258,-0.24315489828586578,0.12328248471021652,0,-0.25852155685424805,0.9572935700416565,-0.1294456124305725,0,0,0.3580940067768097,0,1,0.849608302116394,-0.3336940407752991,-0.4084290564060211,0,0.24055087566375732,-0.44398993253707886,0.8631384968757629,0,-0.46936264634132385,-0.831577718257904,-0.296947181224823,0,0,0.2920129895210266,0,1,0.9776360988616943,-0.17933885753154755,-0.10984005779027939,0,0.19542017579078674,0.9676818251609802,0.15938501060009003,0,0.07770628482103348,-0.17728547751903534,0.9810869693756104,0,0,0.17314699292182922,0,1,-0.7926008701324463,0.509054958820343,0.33563077449798584,0,-0.6067554354667664,-0.6040690541267395,-0.5166705250740051,0,-0.06026950478553772,-0.6131590008735657,0.7876570224761963,0,0.001221999991685152,-0.05846799910068512,-0.21312899887561798,1,-0.09182249754667282,-0.00805748999118805,0.9957429766654968,0,-0.9934980273246765,0.06833513081073761,-0.09106255322694778,0,-0.06731043010950089,-0.9976299405097961,-0.014279758557677269,0,0,0.35807499289512634,0,1,-0.70418781042099,0.32343295216560364,-0.6320681571960449,0,0.3894027769565582,-0.5684612393379211,-0.7247189283370972,0,-0.5937040448188782,-0.7564671039581299,0.2743576765060425,0,0,0.2686710059642792,0,1,0.9531779289245605,0.04601609334349632,0.2988870143890381,0,-0.18320485949516296,0.8742061257362366,0.4496658146381378,0,-0.24059711396694183,-0.4833693206310272,0.841704785823822,0,0,0.13546399772167206,0,1
K0.167,-0.41947853565216064,0.032248493283987045,-0.9071927070617676,0,-0.0019420303869992495,0.999334990978241,0.03642189875245094,0,0.9077627658843994,0.017039980739355087,-0.4191363751888275,0,0.021664977073669434,0.47983402013778687,0.006309976801276207,1,0.9697299599647522,0.2386050671339035,-0.051875002682209015,0,-0.2380838394165039,0.9711110591888428,0.016095973551273346,0,0.05421699211001396,-0.003258151700720191,0.998524010181427,0,-0.0032279998995363712,0.10526800155639648,0,1,0.9823939800262451,0.14493881165981293,-0.11787528544664383,0,-0.13663598895072937,0.9877210259437561,0.07574733346700668,0,0.12740662693977356,-0.058307722210884094,0.9901350736618042,0,0,0.12286999821662903,0,1,0.9895790815353394,-0.058297935873270035,-0.13165955245494843,0,0.0646342858672142,0.996921956539154,0.04437388479709625,0,0.12866736948490143,-0.05242117866873741,0.9903009533882141,0,0,0.1404229998588562,0,1,0.990667998790741,0.03288586065173149,-0.13226711750030518,0,-0.03450905159115791,0.9993540048599243,-0.009997895918786526,0,0.13185304403305054,0.01446902472525835,0.9911640286445618,0,0,0.15797600150108337,0,1,0.9365990161895752,-0.016702184453606606,-0.35000306367874146,0,0.06305698305368423,0.99058997631073,0.12146779149770737,0,0.3446812033653259,-0.1358369141817093,0.9288399815559387,0,-0.019982000812888145,0.01912599988281727,0,1,0.993510901927948,-0.016845744103193283,0.11248461902141571,0,-0.10817010700702667,0.1657227873802185,0.9802219867706299,0,-0.0351538360118866,-0.9860289096832275,0.16282522678375244,0,-0.0011320000048726797,0.14037099480628967,0.15092399716377258,1,-0.9996430277824402,0.026089154183864594,0.005726539064198732,0,0.020528515800833702,0.6132599711418152,0.7896140813827515,0,0.01708851382136345,0.7894500494003296,-0.6135768890380859,0,0,0.2995539903640747,0,1,0.8063318133354187,-0.5198519825935364,0.2821052670478821,0,0.5674505233764648,0.814457356929779,-0.12107587605714798,0,-0.16682110726833344,0.2577080726623535,0.951712965965271,0,0,0.44111698865890503,0,1,-0.8620243072509766,0.09088602662086487,0.49865177273750305,0,-0.48214778304100037,0.15644672513008118,-0.8620081543922424,0,-0.15635700523853302,-0.9834960699081421,-0.09104050695896149,0,0.000050999999075429514,0.14033499360084534,-0.15092399716377258,1,-0.9642857909202576,-0.26142361760139465,-0.04253699630498886,0,-0.1599205881357193,0.446645587682724,0.880303144454956,0,-0.2111331671476364,0.8556667566299438,-0.4725012183189392,0,0,0.2995539903640747,0,1,0.6822497844696045,0.6780320405960083,-0.2735122740268707,0,-0.7045982480049133,0.7096047401428223,0.0015455407556146383,0,0.19513334333896637,0.19166165590286255,0.9618669748306274,0,0,0.44116899371147156,0,1,-0.5508885383605957,0.833868145942688,0.03442743793129921,0,-0.494308203458786,-0.3592424988746643,0.7915830016136169,0,0.6724441647529602,0.41905659437179565,0.6100910305976868,0,0.0007159999804571271,-0.05846799910068512,0.21312899887561798,1,-0.04874362051486969,-0.18338192999362946,-0.9818330407142639,0,-0.9299163222312927,-0.3504253327846527,0.11161687225103378,0,-0.3645273447036743,0.9184622764587402,-0.15344873070716858,0,0,0.3580940067768097,0,1,0.8737086653709412,-0.270352840423584,-0.4044031500816345,0,0.22587737441062927,-0.5108062624931335,0.8294914960861206,0,-0.4308273196220398,-0.8160800337791443,-0.38522955775260925,0,0,0.2920129895210266,0,1,0.981778085231781,-0.18616852164268494,-0.03811175003647804,0,0.18985745310783386,0.9524261951446533,0.23840700089931488,0,-0.00808525737375021,-0.24129867553710938,0.9704170823097229,0,0,0.17314699292182922,0,1,-0.7694592475891113,0.5034490823745728,0.39302942156791687,0,-0.6386926174163818,-0.6084979176521301,-0.47095751762390137,0,0.0020544547587633133,-0.6134079098701477,0.7897640466690063,0,0.001221999991685152,-0.05846799910068512,-0.21312899887561798,1,-0.09891145676374435,-0.0020839115604758263,0.9950940608978271,0,-0.9932010173797607,0.061899036169052124,-0.09859367460012436,0,-0.06138985976576805,-0.9980800151824951,-0.008192249573767185,0,0,0.35807499289512634,0,1,-0.6852135062217712,0.34665217995643616,-0.6405580639839172,0,0.39354634284973145,-0.5638194680213928,-0.7261050343513489,0,-0.6128648519515991,-0.749626100063324,0.24991288781166077,0,0,0.2686710059642792,0,1,0.9511590003967285,0.04046081751585007,0.306039959192276,0,-0.1850472241640091,0.8682480454444885,0.4603298306465149,0,-0.24709296226501465,-0.4944780170917511,0.8333280086517334,0,0,0.13546399772167206,0,1
K0.200,-0.35571593046188354,0.011873402632772923,-0.9345188736915588,0,-0.002284104935824871,0.999904990196228,0.01357357855886221,0,0.9345909357070923,0.006962875835597515,-0.35565489530563354,0,0.023028995841741562,0.4773229956626892,0.012073004618287086,1,0.9685960412025452,0.24303589761257172,-0.05249303951859474,0,-0.24285507202148438,0.9700119495391846,0.009891914203763008,0,0.05332295224070549,0.003166931215673685,0.9985719919204712,0,-0.0032279998995363712,0.10526800155639648,0,1,0.9807349443435669,0.15413223206996918,-0.12000712007284164,0,-0.1459907591342926,0.986517071723938,0.07396087050437927,0,0.1297888606786728,-0.05501610040664673,0.9900140166282654,0,0,0.12286999821662903,0,1,0.9896259307861328,-0.04794977232813835,-0.13543002307415009,0,0.05394421145319939,0.997704029083252,0.04094301164150238,0,0.133155956864357,-0.047823965549468994,0.9899410605430603,0,0,0.1404229998588562,0,1,0.9915709495544434,0.037774428725242615,-0.12393716722726822,0,-0.03977157920598984,0.999114990234375,-0.013679061084985733,0,0.12331079691648483,0.018492942675948143,0.9921960234642029,0,0,0.15797600150108337,0,1,0.9412659406661987,-0.006688567344099283,-0.3375991880893707,0,0.05614641308784485,0.9889860153198242,0.13694880902767181,0,0.3329647481441498,-0.14786018431186676,0.9312740564346313,0,-0.019982000812888145,0.01912599988281727,0,1,0.9970579147338867,-0.014759941026568413,0.07522225379943848,0,-0.07152491807937622,0.17387112975120544,0.9821669459342957,0,-0.027575714513659477,-0.9846580028533936,0.1723039597272873,0,-0.0011320000048726797,0.14037099480628967,0.15092399716377258,1,-0.9978691339492798,0.016801519319415092,0.06305424124002457,0,0.06004648655653,0.6146920919418335,0.7864779829978943,0,-0.025544913485646248,0.7885880470275879,-0.614391028881073,0,0,0.2995539903640747,0,1,0.7971468567848206,-0.5431100130081177,0.2637960612773895,0,0.5863578915596008,0.8005561232566833,-0.12366879731416702,0,-0.14401781558990479,0.25326117873191833,0.9566179513931274,0,0,0.44111698865890503,0,1,-0.8446389436721802,0.0958930253982544,0.5266770720481873,0,-0.5122170448303223,0.1412341445684433,-0.8471638560295105,0,-0.1556219607591629,-0.9853209853172302,-0.07017387449741364,0,0.000050999999075429514,0.14033499360084534,-0.15092399716377258,1,-0.9830020666122437,-0.1835823655128479,0.0018659628694877028,0,-0.0874435156583786,0.4771096706390381,0.874483048915863,0,-0.1614300161600113,0.859455943107605,-0.48505306243896484,0,0,0.2995539903640747,0,1,0.7198021411895752,0.6443749070167542,-0.2581959366798401,0,-0.6559669375419617,0.7530819773674011,0.0507395975291729,0,0.22713807225227356,0.13284556567668915,0.9647588729858398,0,0,0.44116899371147156,0,1,-0.627555251121521,0.7776499390602112,-0.037881847470998764,0,-0.5499210953712463,-0.40828704833984375,0.7286209464073181,0,0.5511457920074463,0.47808220982551575,0.6838691830635071,0,0.0007159999804571271,-0.05846799910068512,0.21312899887561798,1,0.031230924651026726,-0.2834309935569763,-0.9584839344024658,0,-0.8669339418411255,-0.4849381148815155,0.11515200883150101,0,-0.4974430501461029,0.8273459672927856,-0.26086100935935974,0,0,0.3580940067768097,0,1,0.9403400421142578,-0.07530602067708969,-0.3317990303039551,0,0.26284390687942505,-0.4584420323371887,0.8489658832550049,0,-0.21604293584823608,-0.8855280876159668,-0.4112977087497711,0,0,0.2920129895210266,0,1,0.9865330457687378,-0.1634916514158249,0.004754029680043459,0,0.14684030413627625,0.898110032081604,0.4145307242870331,0,-0.07204198837280273,-0.4082503616809845,0.9100227952003479,0,0,0.17314699292182922,0,1,-0.7395488023757935,0.51375412940979,0.43488308787345886,0,-0.6712069511413574,-0.6113309860229492,-0.41923102736473083,0,0.050475891679525375,-0.6019389033317566,0.7969450950622559,0,0.001221999991685152,-0.05846799910068512,-0.21312899887561798,1,-0.10821548849344254,-0.001751238014549017,0.9941259622573853,0,-0.9923549890518188,0.059871889650821686,-0.10791722685098648,0,-0.05933128297328949,-0.9982050061225891,-0.00821694452315569,0,0,0.35807499289512634,0,1,-0.6705771684646606,0.3581262528896332,-0.6496708393096924,0,0.41136324405670166,-0.5492687225341797,-0.72738116979599,0,-0.6173381805419922,-0.7550159692764282,0.22100697457790375,0,0,0.2686710059642792,0,1,0.9490531086921692,0.03464275598526001,0.313207745552063,0,-0.1869412362575531,0.8620399236679077,0.4711049497127533,0,-0.25367724895477295,-0.5056551098823547,0.824597954750061,0,0,0.13546399772167206,0,1
