4.567,30,136,25
B0,mixamorig_Hips,-1,-0.011117452755570412,-0.004405010025948286,-0.9999280571937561,0,0.02029198780655861,0.9997829794883728,-0.004629982635378838,0,0.9997320771217346,-0.020342012867331505,-0.011025660671293736,0,0.012624000199139118,1.0577019453048706,0.07325699925422668,1
B1,mixamorig_Spine,0,0.9506639242172241,0.3101811110973358,-0.005081899929791689,0,-0.3102128505706787,0.9506360292434692,-0.007640254683792591,0,0.0024611756671220064,0.008839788846671581,0.9999580383300781,0,-0.0049149999395012856,0.18970000743865967,0,1
B2,mixamorig_Spine1,1,0.9389429688453674,0.34396517276763916,-0.008604620583355427,0,-0.34406182169914246,0.9388190507888794,-0.015501027926802635,0,0.002746368059888482,0.01751510426402092,0.9998429417610168,0,0,0.2213910073041916,0,1
B3,mixamorig_Spine2,2,0.975925087928772,0.21800187230110168,-0.006754881702363491,0,-0.21808412671089172,0.9757999181747437,-0.01592312380671501,0,0.003120140638202429,0.017012901604175568,0.9998499751091003,0,0,0.2530190050601959,0,1
B4,mixamorig_Neck,3,0.999534010887146,0.025993112474679947,0.01597684435546398,0,-0.02596088871359825,0.9996600151062012,-0.0022209000308066607,0,-0.016029158607125282,0.0018050939543172717,0.9998700022697449,0,0,0.28464600443840027,0,1
B5,mixamorig_Head,4,0.9276589751243591,-0.3696388900279999,-0.05305943265557289,0,0.37129008769989014,0.9281719326972961,0.02529408410191536,0,0.03989862650632858,-0.043164752423763275,0.9982709288597107,0,0.03219300135970116,0.03186799958348274,0,1
B6,mixamorig_HeadTop_End,5,1,0,0,0,0,1,0,0,0,0,1,0,0.18112599849700928,0.17929700016975403,0,1
B7,mixamorig_LeftShoulder,3,0.8953459858894348,0.33618688583374023,0.29212087392807007,0,-0.40325015783309937,0.3334919512271881,0.852156937122345,0,0.18906401097774506,-0.8807730078697205,0.4341580271720886,0,-0.0012679999927058816,0.26051101088523865,0.2858090102672577,1
B8,mixamorig_LeftArm,7,-0.7782180309295654,-0.12123098224401474,-0.6161820292472839,0,-0.5458640456199646,0.6157129406929016,0.5682699680328369,0,0.31049907207489014,0.7785889506340027,-0.5453341007232666,0,0,0.5972440242767334,0,1
B9,mixamorig_LeftForeArm,8,0.6130061745643616,-0.7895838618278503,0.027935896068811417,0,0.7553951740264893,0.5753689408302307,-0.31357359886169434,0,0.23151926696300507,0.21332526206970215,0.9491528868675232,0,0,0.8257489800453186,0,1
B10,mixamorig_LeftHand,9,1,0,0,0,0,1,0,0,0,0,1,0,0,0.635237991809845,0,1
B11,mixamorig_RightShoulder,3,-0.9262369275093079,-0.3067532479763031,0.21906223893165588,0,-0.32513466477394104,0.3561239540576935,-0.8760501742362976,0,0.19071781635284424,-0.882654070854187,-0.42959102988243103,0,0.00001700000029813964,0.2604779899120331,-0.2858090102672577,1
B12,mixamorig_RightArm,11,0.8398658633232117,-0.014943758025765419,-0.5425891280174255,0,0.47265198826789856,0.5116309523582458,0.7175201177597046,0,0.2668828070163727,-0.8590759634971619,0.43676429986953735,0,0,0.5972440242767334,0,1
B13,mixamorig_RightForeArm,12,0.39076682925224304,-0.8644228577613831,-0.31634634733200073,0,0.9197918176651001,0.38006630539894104,0.09763383865356445,0,0.0358356274664402,-0.32912471890449524,0.9436060786247253,0,0,0.8286100029945374,0,1
B14,mixamorig_RightHand,13,1,0,0,0,0,1,0,0,0,0,1,0,0,0.6370270252227783,0,1
B15,mixamorig_LeftUpLeg,0,-0.6899701356887817,0.7096028327941895,-0.14284394681453705,0,-0.6503942012786865,-0.5211578011512756,0.5526138544082642,0,0.3176921010017395,0.47419193387031555,0.8211050033569336,0,0.0007140000234358013,-0.10566800087690353,0.4295400083065033,1
B16,mixamorig_LeftLeg,15,0.10947597771883011,-0.10629405081272125,-0.9882898926734924,0,-0.9936168789863586,0.015499020926654339,-0.11173296719789505,0,0.02719402313232422,0.9942139983177185,-0.10391878336668015,0,0,0.6938760280609131,0,1
B17,mixamorig_LeftFoot,16,0.8638148307800293,-0.10989240556955338,-0.49167826771736145,0,0.4353589117527008,-0.32832491397857666,0.8382511734962463,0,-0.2535475790500641,-0.9381500482559204,-0.23576925694942474,0,0,0.5847569704055786,0,1
B18,mixamorig_LeftToeBase,17,0.9207427501678467,-0.38234251737594604,-0.07776390016078949,0,0.38403549790382385,0.8528781533241272,0.3537161946296692,0,-0.0689176470041275,-0.35554593801498413,0.9321149587631226,0,0,0.34629398584365845,0,1
B19,mixamorig_LeftToe_End,18,1,0,0,0,0,1,0,0,0,0,1,0,0,0.18123899400234222,0,1
B20,mixamorig_RightUpLeg,0,-0.7155089378356934,0.6960301399230957,-0.0599047876894474,0,-0.5586418509483337,-0.6215422749519348,-0.5491859912872314,0,-0.41948309540748596,-0.35948190093040466,0.833549976348877,0,0.0009699999936856329,-0.10566800087690353,-0.4295400083065033,1
B21,mixamorig_RightLeg,20,-0.0332501083612442,-0.07816634327173233,0.9963858723640442,0,-0.9903640151023865,0.1366765797138214,-0.022326957434415817,0,-0.13443732261657715,-0.9875269532203674,-0.08195757120847702,0,0,0.6937940120697021,0,1
B22,mixamorig_RightFoot,21,-0.8671131134033203,0.1796378791332245,-0.46459072828292847,0,0.4238342046737671,-0.22391816973686218,-0.8776248693466187,0,-0.2616851031780243,-0.9579099416732788,0.11802580952644348,0,0,0.5381569862365723,0,1
B23,mixamorig_RightToeBase,22,0.9490840435028076,0.19214612245559692,0.2496376484632492,0,-0.3009621202945709,0.7871561050415039,0.538337767124176,0,-0.09306427091360092,-0.5860592126846313,0.8049058318138123,0,0,0.2709279954433441,0,1
B24,mixamorig_RightToe_End,23,1,0,0,0,0,1,0,0,0,0,1,0,0,0.18152299523353577,0,1
@20,0,1,2,3,4,5,7,8,9,11,12,13,15,16,17,18,20,21,22,23
K0,-0.9999278783798218,-0.004405026789754629,0.011117248795926571,0,-0.0046299961395561695,0.9997829794883728,-0.020291969180107117,0,-0.011025456711649895,-0.020341996103525162,-0.9997318983078003,0,0.07325699180364609,1.0577019453048706,-0.01262399647384882,1,0.9506639242172241,0.3101811110973358,-0.0050818584859371185,0,-0.3102128505706787,0.9506360292434692,-0.007640238851308823,0,0.0024611414410173893,0.008839760906994343,0.9999580383300781,0,-0.0049149999395012856,0.18970000743865967,0,1,0.9389429688453674,0.34396517276763916,-0.008604614064097404,0,-0.34406182169914246,0.9388190507888794,-0.015500960871577263,0,0.002746385522186756,0.017515039071440697,0.9998429417610168,0,0,0.2213910073041916,0,1,0.975925087928772,0.21800187230110168,-0.006754869129508734,0,-0.21808412671089172,0.9757999181747437,-0.015923112630844116,0,0.003120131092146039,0.017012886703014374,0.9998499751091003,0,0,0.2530190050601959,0,1,0.999534010887146,0.025993112474679947,0.01597684435546398,0,-0.02596088871359825,0.9996600151062012,-0.002220903057605028,0,-0.016029158607125282,0.0018050969811156392,0.9998700022697449,0,0,0.28464600443840027,0,1,0.9276589751243591,-0.36963891983032227,-0.0530594177544117,0,0.3712901175022125,0.9281719326972961,0.025294169783592224,0,0.0398985780775547,-0.043164826929569244,0.9982709288597107,0,0.03219300135970116,0.03186799958348274,0,1,0.8953459858894348,0.33618679642677307,0.29212093353271484,0,-0.40325018763542175,0.3334919512271881,0.852156937122345,0,0.1890639066696167,-0.8807730078697205,0.4341580271720886,0,-0.0012679999927058816,0.26051101088523865,0.2858090102672577,1,-0.7782180905342102,-0.12123093754053116,-0.6161820292472839,0,-0.5458640456199646,0.6157128810882568,0.5682700276374817,0,0.31049907207489014,0.7785890102386475,-0.5453341007232666,0,0,0.5972440242767334,0,1,0.6130062341690063,-0.7895837426185608,0.02793610468506813,0,0.7553951740264893,0.5753689408302307,-0.31357356905937195,0,0.23151908814907074,0.2133254110813141,0.9491528868675232,0,0,0.8257489800453186,0,1,-0.9262368679046631,-0.3067534565925598,0.21906201541423798,0,-0.32513460516929626,0.3561241626739502,-0.8760501146316528,0,0.19071801006793976,-0.8826538920402527,-0.42959123849868774,0,0.00001700000029813964,0.2604779899120331,-0.2858090102672577,1,0.8398658037185669,-0.014943837188184261,-0.5425891876220703,0,0.4726521372795105,0.5116308331489563,0.7175200581550598,0,0.2668827176094055,-0.8590760231018066,0.4367642402648926,0,0,0.5972440242767334,0,1,0.3907666802406311,-0.8644229769706726,-0.31634652614593506,0,0.9197919964790344,0.3800660967826843,0.09763403981924057,0,0.03583548218011856,-0.32912498712539673,0.9436060190200806,0,0,0.8286100029945374,0,1,-0.6899701952934265,0.7096028327941895,-0.1428440809249878,0,-0.6503942608833313,-0.5211578011512756,0.5526139140129089,0,0.3176920711994171,0.4741920828819275,0.8211049437522888,0,0.0007140000234358013,-0.10566800087690353,0.4295400083065033,1,0.10947592556476593,-0.10629408061504364,-0.988290011882782,0,-0.9936169981956482,0.015498838387429714,-0.11173299700021744,0,0.027193937450647354,0.9942140579223633,-0.10391891002655029,0,0,0.6938760280609131,0,1,0.8638150095939636,-0.10989280790090561,-0.49167776107788086,0,0.4353583753108978,-0.3283246159553528,0.8382514715194702,0,-0.25354769825935364,-0.9381500482559204,-0.23576894402503967,0,0,0.5847569704055786,0,1,0.9207427501678467,-0.38234254717826843,-0.07776375859975815,0,0.38403546810150146,0.852878212928772,0.3537161350250244,0,-0.06891775876283646,-0.3555458188056946,0.9321150183677673,0,0,0.34629398584365845,0,1,-0.715508759021759,0.6960301995277405,-0.05990481376647949,0,-0.5586418509483337,-0.6215420365333557,-0.5491860508918762,0,-0.4194831848144531,-0.35948190093040466,0.8335499167442322,0,0.0009699999936856329,-0.10566800087690353,-0.4295400083065033,1,-0.03325005620718002,-0.07816596329212189,0.9963859915733337,0,-0.990364134311676,0.13667643070220947,-0.02232689969241619,0,-0.13443724811077118,-0.9875270128250122,-0.08195725083351135,0,0,0.6937940120697021,0,1,-0.8671132326126099,0.17963813245296478,-0.4645906984806061,0,0.4238341748714447,-0.22391822934150696,-0.8776249885559082,0,-0.261685311794281,-0.9579100012779236,0.11802560836076736,0,0,0.5381569862365723,0,1,0.9490841031074524,0.19214598834514618,0.2496376633644104,0,-0.30096203088760376,0.7871561050415039,0.538337767124176,0,-0.09306436032056808,-0.5860592126846313,0.8049058318138123,0,0,0.2709279954433441,0,1
K0.034,-0.9999268651008606,-0.004222848918288946,0.011293286457657814,0,-0.004455178044736385,0.9997769594192505,-0.02062693051993847,0,-0.011203674599528313,-0.020675761625170708,-0.9997237324714661,0,0.07340826839208603,1.0575785636901855,-0.012804931029677391,1,0.9507097005844116,0.3100440204143524,-0.0049291648901999,0,-0.31007465720176697,0.9506813883781433,-0.007688508369028568,0,0.0023022869136184454,0.008837941102683544,0.9999579787254333,0,-0.0049149999395012856,0.18970000743865967,0,1,0.9390290975570679,0.34373739361763,-0.008363467641174793,0,-0.343829870223999,0.9389020800590515,-0.015597370453178883,0,0.002491076709702611,0.017521986737847328,0.9998430013656616,0,0,0.2213910073041916,0,1,0.9759796261787415,0.21776042878627777,-0.006684104446321726,0,-0.21784153580665588,0.9758537411689758,-0.015941675752401352,0,0.0030512434896081686,0.01701483130455017,0.9998509287834167,0,0,0.2530190050601959,0,1,0.999530017375946,0.026312408968806267,0.015744367614388466,0,-0.026285959407687187,0.9996529221534729,-0.0018846404273062944,0,-0.015788482502102852,0.0014698978047817945,0.9998740553855896,0,0,0.28464600443840027,0,1,0.9274851083755493,-0.36983874440193176,-0.05469151586294174,0,0.37156105041503906,0.9280637502670288,0.025294583290815353,0,0.04140230268239975,-0.043781597167253494,0.9981831908226013,0,0.03219300135970116,0.03186799958348274,0,1,0.8952613472938538,0.33611178398132324,0.29246634244918823,0,-0.4033432602882385,0.33255669474601746,0.8524788618087769,0,0.18926648795604706,-0.8811554312705994,0.4332934319972992,0,-0.0012679999927058816,0.26051101088523865,0.2858090102672577,1,-0.7780494689941406,-0.12194281071424484,-0.6162540912628174,0,-0.5458356738090515,0.6168277263641357,0.5670866966247559,0,0.31097033619880676,0.7775946259498596,-0.5464829802513123,0,0,0.5972440242767334,0,1,0.6128896474838257,-0.7896909713745117,0.02746126428246498,0,0.7553957104682922,0.5753682255744934,-0.31357407569885254,0,0.23182621598243713,0.212930366396904,0.9491661787033081,0,0,0.8257489800453186,0,1,-0.9262391328811646,-0.30685314536094666,0.21891258656978607,0,-0.3251247704029083,0.3565209209918976,-0.8758915066719055,0,0.19072316586971283,-0.8824589252471924,-0.4299893081188202,0,0.00001700000029813964,0.2604779899120331,-0.2858090102672577,1,0.8403933644294739,-0.014743375591933727,-0.5417759418487549,0,0.47195589542388916,0.5113542675971985,0.7181742191314697,0,0.2664512097835541,-0.8592434525489807,0.4366971254348755,0,0,0.5972440242767334,0,1,0.39022570848464966,-0.8646490573883057,-0.31639641523361206,0,0.9200220108032227,0.37955957651138306,0.09744232892990112,0,0.035837844014167786,-0.3291158974170685,0.943609356880188,0,0,0.8286100029945374,0,1,-0.6899406909942627,0.709373950958252,-0.14412032067775726,0,-0.6509208083152771,-0.5208919644355774,0.552243709564209,0,0.3166763484477997,0.47482651472091675,0.8211311101913452,0,0.0007140000234358013,-0.10566800087690353,0.4295400083065033,1,0.10975226759910583,-0.10594836622476578,-0.9882965683937073,0,-0.993604302406311,0.014873208478093147,-0.11193614453077316,0,0.026558557525277138,0.9942603707313538,-0.10363831371068954,0,0,0.6938760280609131,0,1,0.8638263940811157,-0.11025254428386688,-0.4915783703327179,0,0.4349844455718994,-0.32902559638023376,0.8381715416908264,0,-0.2541520893573761,-0.9378625750541687,-0.23626258969306946,0,0,0.5847569704055786,0,1,0.9207430481910706,-0.38234207034111023,-0.07776301354169846,0,0.38403499126434326,0.8528790473937988,0.3537158966064453,0,-0.06891799718141556,-0.3555450737476349,0.9321149587631226,0,0,0.34629398584365845,0,1,-0.7158090472221375,0.695705771446228,-0.06008553132414818,0,-0.5582736134529114,-0.6218399405479431,-0.5492232441902161,0,-0.4194614887237549,-0.3595948815345764,0.8335129618644714,0,0.0009699999936856329,-0.10566800087690353,-0.4295400083065033,1,-0.03236846625804901,-0.07802386581897736,0.9964262247085571,0,-0.9904232025146484,0.13638117909431458,-0.021494317799806595,0,-0.13421665132045746,-0.9875790476799011,-0.08169105648994446,0,0,0.6937940120697021,0,1,-0.8671540021896362,0.17935697734355927,-0.4646235704421997,0,0.42379406094551086,-0.22431538999080658,-0.8775432705879211,0,-0.2616155743598938,-0.9578692317008972,0.11850561201572418,0,0,0.5381569862365723,0,1,0.9490840435028076,0.1921459585428238,0.2496376931667328,0,-0.30096206068992615,0.7871558666229248,0.5383381247520447,0,-0.0930643156170845,-0.5860598683357239,0.8049060702323914,0,0,0.2709279954433441,0,1
K0.067,-0.9999209046363831,-0.003815075848251581,0.011978859081864357,0,-0.004066133871674538,0.9997708797454834,-0.021004585549235344,0,-0.011895984411239624,-0.021051641553640366,-0.9997076988220215,0,0.07358244061470032,1.0575149059295654,-0.012930099852383137,1,0.9507822394371033,0.30982521176338196,-0.004691140726208687,0,-0.30985382199287415,0.9507524371147156,-0.007757886312901974,0,0.002056524623185396,0.008829628117382526,0.9999590516090393,0,-0.0049149999395012856,0.18970000743865967,0,1,0.939175546169281,0.34335288405418396,-0.007609938737004995,0,-0.3434330224990845,0.9390423893928528,-0.015898369252681732,0,0.001687304931692779,0.017544874921441078,0.999845027923584,0,0,0.2213910073041916,0,1,0.9760719537734985,0.21735167503356934,-0.006433294154703617,0,-0.21742887794971466,0.9759448170661926,-0.01600802317261696,0,0.0027991689275950193,0.01702376827597618,0.9998509287834167,0,0,0.2530190050601959,0,1,0.9995238184928894,0.026678241789340973,0.015534198842942715,0,-0.026656856760382652,0.9996437430381775,-0.0015817928360775113,0,-0.015570851042866707,0.001166945556178689,0.9998780488967896,0,0,0.28464600443840027,0,1,0.9272271990776062,-0.37018701434135437,-0.05667524412274361,0,0.3719995319843292,0.9278870224952698,0.02534359134733677,0,0.04320632293820381,-0.04458239674568176,0.9980707168579102,0,0.03219300135970116,0.03186799958348274,0,1,0.8951901197433472,0.33604732155799866,0.2927585542201996,0,-0.40342116355895996,0.33176562190055847,0.8527494668960571,0,0.18943709135055542,-0.8814784288406372,0.4325621724128723,0,-0.0012679999927058816,0.26051101088523865,0.2858090102672577,1,-0.7779898047447205,-0.12302602082490921,-0.6161136627197266,0,-0.545802652835846,0.6180412769317627,0.5657944679260254,0,0.3111766278743744,0.7764596939086914,-0.547978401184082,0,0,0.5972440242767334,0,1,0.6124758720397949,-0.7900670766830444,0.025822199881076813,0,0.7553946375846863,0.5753469467163086,-0.31361639499664307,0,0.23292119801044464,0.21158835291862488,0.9491983652114868,0,0,0.8257489800453186,0,1,-0.9262428879737854,-0.3069900870323181,0.21870428323745728,0,-0.3251097798347473,0.3570706248283386,-0.875673234462738,0,0.19073013961315155,-0.8821890950202942,-0.430539608001709,0,0.00001700000029813964,0.2604779899120331,-0.2858090102672577,1,0.8408731818199158,-0.01454441249370575,-0.5410366058349609,0,0.4712035059928894,0.5114642977714539,0.7185898423194885,0,0.2662695348262787,-0.8591814041137695,0.4369300603866577,0,0,0.5972440242767334,0,1,0.39021241664886475,-0.8646726608276367,-0.31634634733200073,0,0.9200189113616943,0.379626601934433,0.09720370918512344,0,0.03604410961270332,-0.32897475361824036,0.9436503052711487,0,0,0.8286100029945374,0,1,-0.6897491812705994,0.709109365940094,-0.1463179886341095,0,-0.6519814729690552,-0.520391583442688,0.5514640808105469,0,0.31490597128868103,0.47576889395713806,0.8212664723396301,0,0.0007140000234358013,-0.10566800087690353,0.4295400083065033,1,0.11063738167285919,-0.10559640824794769,-0.9882352352142334,0,-0.993518054485321,0.014356695115566254,-0.11276282370090485,0,0.02609509974718094,0.9943053722381592,-0.10332351177930832,0,0,0.6938760280609131,0,1,0.8639032244682312,-0.1107187420129776,-0.4913371801376343,0,0.43451300263404846,-0.32948172092437744,0.8382369875907898,0,-0.2546950578689575,-0.9376476407051086,-0.23653149604797363,0,0,0.5847569704055786,0,1,0.9207428693771362,-0.382343053817749,-0.07776385545730591,0,0.3840358853340149,0.8528780341148376,0.3537161648273468,0,-0.06891785562038422,-0.35554584860801697,0.9321150183677673,0,0,0.34629398584365845,0,1,-0.7162195444107056,0.6952654719352722,-0.06029630824923515,0,-0.5578049421310425,-0.6222482323646545,-0.5492362380027771,0,-0.419384241104126,-0.35974010825157166,0.8334887623786926,0,0.0009699999936856329,-0.10566800087690353,-0.4295400083065033,1,-0.031526822596788406,-0.07794056087732315,0.9964593052864075,0,-0.9904493093490601,0.13632024824619293,-0.020674077793955803,0,-0.13422615826129913,-0.9875940084457397,-0.08149386942386627,0,0,0.6937940120697021,0,1,-0.8671620488166809,0.17914746701717377,-0.4646894633769989,0,0.4237265884876251,-0.22490188479423523,-0.8774253726005554,0,-0.2616978883743286,-0.9577706456184387,0.11911690980195999,0,0,0.5381569862365723,0,1,0.9490840435028076,0.1921459585428238,0.2496376931667328,0,-0.30096206068992615,0.7871558666229248,0.5383381247520447,0,-0.0930643156170845,-0.5860598683357239,0.8049060702323914,0,0,0.2709279954433441,0,1
K0.101,-0.9999178051948547,-0.0033674673177301884,0.012395325116813183,0,-0.0036325736436992884,0.9997639060020447,-0.021427635103464127,0,-0.012320238165557384,-0.021470895037055016,-0.9996935725212097,0,0.07375069707632065,1.0575108528137207,-0.012871981598436832,1,0.9508042335510254,0.30976036190986633,-0.004509929567575455,0,-0.3097876012325287,0.9507741332054138,-0.0078048910945653915,0,0.001870276639238,0.008818035945296288,0.9999589920043945,0,-0.0049149999395012856,0.18970000743865967,0,1,0.939279317855835,0.34307894110679626,-0.007208120543509722,0,-0.34315231442451477,0.9391399025917053,-0.01619260013103485,0,0.0012140931794419885,0.01768285408616066,0.9998428821563721,0,0,0.2213910073041916,0,1,0.9761382937431335,0.21706537902355194,-0.006095557007938623,0,-0.21713751554489136,0.9760053157806396,-0.01628337800502777,0,0.0024147373624145985,0.017218399792909622,0.9998489618301392,0,0,0.2530190050601959,0,1,0.9995127320289612,0.02712574042379856,0.015436040237545967,0,-0.02710673399269581,0.9996317625045776,-0.0014398478670045733,0,-0.015469414182007313,0.0010207257000729442,0.9998800754547119,0,0,0.28464600443840027,0,1,0.9270340800285339,-0.37045595049858093,-0.05805949494242668,0,0.37234553694725037,0.9277390241622925,0.02567291632294655,0,0.04435336962342262,-0.04541785642504692,0.9979832172393799,0,0.03219300135970116,0.03186799958348274,0,1,0.8951207399368286,0.33599957823753357,0.2930235266685486,0,-0.40349623560905457,0.3310423195362091,0.8529955744743347,0,0.18960313498973846,-0.8817684650421143,0.43189769983291626,0,-0.0012679999927058816,0.26051101088523865,0.2858090102672577,1,-0.7779121994972229,-0.1247321218252182,-0.6158686280250549,0,-0.5460065007209778,0.6192767024040222,0.5642460584640503,0,0.31101328134536743,0.7752017378807068,-0.5498470664024353,0,0,0.5972440242767334,0,1,0.6119343042373657,-0.7905462384223938,0.023958100005984306,0,0.7553868889808655,0.5752058625221252,-0.31389349699020386,0,0.23436632752418518,0.21017971634864807,0.9491558074951172,0,0,0.8257489800453186,0,1,-0.9262429475784302,-0.30698636174201965,0.2187107503414154,0,-0.32511061429977417,0.3570540249347687,-0.8756803870201111,0,0.19073030352592468,-0.8821974992752075,-0.4305230379104614,0,0.00001700000029813964,0.2604779899120331,-0.2858090102672577,1,0.8415771722793579,-0.013410639017820358,-0.5399701595306396,0,0.4693697988986969,0.5128471255302429,0.7188051342964172,0,0.26728248596191406,-0.8583756685256958,0.4378949999809265,0,0,0.5972440242767334,0,1,0.38944271206855774,-0.8651851415634155,-0.31589436531066895,0,0.9203587770462036,0.37884026765823364,0.09705787152051926,0,0.03570045903325081,-0.32853463292121887,0.9438172578811646,0,0,0.8286100029945374,0,1,-0.689630389213562,0.7087876796722412,-0.14842627942562103,0,-0.6529752016067505,-0.5200176239013672,0.5506396889686584,0,0.3131023645401001,0.47665658593177795,0.8214408755302429,0,0.0007140000234358013,-0.10566800087690353,0.4295400083065033,1,0.11126405745744705,-0.1053825095295906,-0.9881877899169922,0,-0.9934589862823486,0.013906500302255154,-0.1133405864238739,0,0.025686347857117653,0.9943347573280334,-0.10314590483903885,0,0,0.6938760280609131,0,1,0.8640694618225098,-0.1112920269370079,-0.49091434478759766,0,0.4337829053401947,-0.33014053106307983,0.8383551836013794,0,-0.25537317991256714,-0.9373482465744019,-0.23698799312114716,0,0,0.5847569704055786,0,1,0.9207430481910706,-0.3823419511318207,-0.07776349037885666,0,0.38403505086898804,0.8528790473937988,0.35371580719947815,0,-0.06891751289367676,-0.35554516315460205,0.9321149587631226,0,0,0.34629398584365845,0,1,-0.7167269587516785,0.6947550177574158,-0.06015164777636528,0,-0.5574364066123962,-0.6226147413253784,-0.5491955876350403,0,-0.41900765895843506,-0.36009255051612854,0.833526611328125,0,0.0009699999936856329,-0.10566800087690353,-0.4295400083065033,1,-0.03066403418779373,-0.0779738575220108,0.9964840412139893,0,-0.9903993606567383,0.136812224984169,-0.01977141574025154,0,-0.13478955626487732,-0.9875237345695496,-0.08142046630382538,0,0,0.6937940120697021,0,1,-0.8671000003814697,0.17930898070335388,-0.46474263072013855,0,0.423697292804718,-0.22513185441493988,-0.87738037109375,0,-0.26195061206817627,-0.9576870203018188,0.11923911422491074,0,0,0.5381569862365723,0,1,0.9490840435028076,0.1921459585428238,0.2496376931667328,0,-0.30096206068992615,0.7871558666229248,0.5383381247520447,0,-0.0930643156170845,-0.5860598683357239,0.8049060702323914,0,0,0.2709279954433441,0,1
K0.134,-0.9999087452888489,-0.002992224646732211,0.013152648694813251,0,-0.0032775767613202333,0.999758780002594,-0.021727483719587326,0,-0.013084463775157928,-0.021768614649772644,-0.9996774196624756,0,0.07391852140426636,1.0576024055480957,-0.012958760373294353,1,0.9508118629455566,0.30973953008651733,-0.004291397985070944,0,-0.3097649812698364,0.9507810473442078,-0.007860845886170864,0,0.0016453643329441547,0.008803507313132286,0.9999600052833557,0,-0.0049149999395012856,0.18970000743865967,0,1,0.9393758177757263,0.34282082319259644,-0.0068141077645123005,0,-0.34288808703422546,0.9392306208610535,-0.01657428964972496,0,0.000718005932867527,0.01790594682097435,0.9998389482498169,0,0,0.2213910073041916,0,1,0.9761993885040283,0.21679717302322388,-0.005776721518486738,0,-0.2168646603822708,0.9760594367980957,-0.016655318439006805,0,0.0020275991410017014,0.01751168817281723,0.9998449683189392,0,0,0.2530190050601959,0,1,0.999501645565033,0.027572602033615112,0.015401354059576988,0,-0.027554476633667946,0.9996196031570435,-0.001387607422657311,0,-0.015433738008141518,0.0009625385864637792,0.9998800158500671,0,0,0.28464600443840027,0,1,0.9266346096992493,-0.3713899850845337,-0.05846833810210228,0,0.3733215928077698,0.9273324012756348,0.026180416345596313,0,0.04449642449617386,-0.04608715698122978,0.9979458451271057,0,0.03219300135970116,0.03186799958348274,0,1,0.895107626914978,0.33588430285453796,0.29319682717323303,0,-0.40351593494415283,0.3306167423725128,0.8531511425971985,0,0.18962422013282776,-0.8819713592529297,0.4314720630645752,0,-0.0012679999927058816,0.26051101088523865,0.2858090102672577,1,-0.7778935432434082,-0.126792773604393,-0.615471601486206,0,-0.5464407205581665,0.6201230883598328,0.5628945231437683,0,0.3102969825267792,0.7741902470588684,-0.5516740083694458,0,0,0.5972440242767334,0,1,0.6113083362579346,-0.7910977005958557,0.021588992327451706,0,0.7553917765617371,0.5751485824584961,-0.31398510932922363,0,0.23597612977027893,0.20824995636940002,0.9491822719573975,0,0,0.8257489800453186,0,1,-0.926244854927063,-0.30708903074264526,0.21855376660823822,0,-0.32509949803352356,0.3574681580066681,-0.8755155205726624,0,0.19073514640331268,-0.8819933533668518,-0.43093734979629517,0,0.00001700000029813964,0.2604779899120331,-0.2858090102672577,1,0.8422678709030151,-0.01176471821963787,-0.5389302968978882,0,0.46743375062942505,0.5139036178588867,0.719310998916626,0,0.2684957981109619,-0.8577668070793152,0.4383437931537628,0,0,0.5972440242767334,0,1,0.3892975449562073,-0.8654912114143372,-0.3152349591255188,0,0.9204296469688416,0.37868839502334595,0.09697370231151581,0,0.0354459211230278,-0.32790306210517883,0.9440457820892334,0,0,0.8286100029945374,0,1,-0.6895612478256226,0.708398163318634,-0.15058648586273193,0,-0.6539785861968994,-0.519733726978302,0.549716591835022,0,0.311153769493103,0.47754421830177307,0.8216665387153625,0,0.0007140000234358013,-0.10566800087690353,0.4295400083065033,1,0.11165321618318558,-0.105465829372406,-0.9881350994110107,0,-0.9934076070785522,0.014162395149469376,-0.1137605533003807,0,0.02599221281707287,0.9943225383758545,-0.10318928211927414,0,0,0.6938760280609131,0,1,0.8643311262130737,-0.11247210204601288,-0.4901844263076782,0,0.43272608518600464,-0.33035746216773987,0.8388161659240723,0,-0.25627967715263367,-0.9371311664581299,-0.23686879873275757,0,0,0.5847569704055786,0,1,0.920742928981781,-0.38234221935272217,-0.07776308059692383,0,0.38403481245040894,0.8528781533241272,0.353715717792511,0,-0.06891807168722153,-0.3555452227592468,0.9321148991584778,0,0,0.34629398584365845,0,1,-0.7175336480140686,0.6939512491226196,-0.05980163812637329,0,-0.5568097233772278,-0.6230692267417908,-0.5493154525756836,0,-0.4184589385986328,-0.3608543872833252,0.8334723711013794,0,0.0009699999936856329,-0.10566800087690353,-0.4295400083065033,1,-0.029284734278917313,-0.07792828232049942,0.9965287446975708,0,-0.9903645515441895,0.13726204633712769,-0.018369754776358604,0,-0.13535401225090027,-0.9874645471572876,-0.08119706064462662,0,0,0.6937940120697021,0,1,-0.8670507073402405,0.17935530841350555,-0.46481674909591675,0,0.42367178201675415,-0.22547827661037445,-0.8773040771484375,0,-0.26215529441833496,-0.9575971961021423,0.11951334029436111,0,0,0.5381569862365723,0,1,0.9490840435028076,0.19214601814746857,0.2496376782655716,0,-0.30096206068992615,0.7871561050415039,0.538337767124176,0,-0.09306435286998749,-0.5860592126846313,0.8049058318138123,0,0,0.2709279954433441,0,1
K0.168,-0.9999036192893982,-0.002830715384334326,0.013587504625320435,0,-0.0031317672692239285,0.9997487664222717,-0.0221866462379694,0,-0.013521289452910423,-0.02222706936299801,-0.9996614456176758,0,0.07403513789176941,1.0577906370162964,-0.012917702086269855,1,0.9508084058761597,0.30975091457366943,-0.004137300420552492,0,-0.30977508425712585,0.9507773518562317,-0.00789123959839344,0,0.001489332877099514,0.008784687146544456,0.9999600052833557,0,-0.0049149999395012856,0.18970000743865967,0,1,0.9393970966339111,0.34276556968688965,-0.006620698142796755,0,-0.34282928705215454,0.939248263835907,-0.01675066351890564,0,0.00047692927182652056,0.018005309626460075,0.9998379945755005,0,0,0.2213910073041916,0,1,0.9762126803398132,0.21674059331417084,-0.00562615692615509,0,-0.2168058604001999,0.9760695695877075,-0.016841208562254906,0,0.0018413469661027193,0.017660383135080338,0.9998419880867004,0,0,0.2530190050601959,0,1,0.9994864463806152,0.028107335790991783,0.015366670675575733,0,-0.028090063482522964,0.9996044039726257,-0.001339023350737989,0,-0.01539823692291975,0.0009066854254342616,0.9998811483383179,0,0,0.28464600443840027,0,1,0.9264745116233826,-0.371817409992218,-0.05827741324901581,0,0.37376919388771057,0.9271338582038879,0.02682226523756981,0,0.04405798017978668,-0.04663245379924774,0.9979398250579834,0,0.03219300135970116,0.03186799958348274,0,1,0.8950988054275513,0.3358473479747772,0.29326602816581726,0,-0.4035274088382721,0.3304431736469269,0.8532131314277649,0,0.18964162468910217,-0.8820508718490601,0.43130287528038025,0,-0.0012679999927058816,0.26051101088523865,0.2858090102672577,1,-0.778097927570343,-0.12881937623023987,-0.6147921085357666,0,-0.5467401742935181,0.6207616925239563,0.5618993043899536,0,0.30925580859184265,0.773344099521637,-0.5534440279006958,0,0,0.5972440242767334,0,1,0.6105594635009766,-0.7917096018791199,0.020329618826508522,0,0.7556694149971008,0.5746991038322449,-0.31413987278938293,0,0.23702409863471985,0.20716352760791779,0.9491586089134216,0,0,0.8257489800453186,0,1,-0.9262464046478271,-0.30717846751213074,0.21842625737190247,0,-0.32509660720825195,0.35782232880592346,-0.8753719925880432,0,0.19073735177516937,-0.8818185925483704,-0.4312938153743744,0,0.00001700000029813964,0.2604779899120331,-0.2858090102672577,1,0.8428077101707458,-0.010171393863856792,-0.5381184220314026,0,0.4657485783100128,0.5148460268974304,0.7197296619415283,0,0.2697276771068573,-0.857222318649292,0.43865394592285156,0,0,0.5972440242767334,0,1,0.3895963728427887,-0.8651613593101501,-0.3157700300216675,0,0.920291006565094,0.37901976704597473,0.09699705243110657,0,0.035764988511800766,-0.32839012145996094,0.9438653588294983,0,0,0.8286100029945374,0,1,-0.6897814869880676,0.70774245262146,-0.15264840424060822,0,-0.6547456383705139,-0.5197689533233643,0.5487697124481201,0,0.3090459108352661,0.4784772992134094,0.8219187259674072,0,0.0007140000234358013,-0.10566800087690353,0.4295400083065033,1,0.1120779886841774,-0.1053069531917572,-0.9881039261817932,0,-0.9933596849441528,0.0141164381057024,-0.11417852342128754,0,0.025972237810492516,0.9943394660949707,-0.10302548110485077,0,0,0.6938760280609131,0,1,0.8646408319473267,-0.11341747641563416,-0.4894197881221771,0,0.4315822720527649,-0.3309750556945801,0.8391609787940979,0,-0.257161408662796,-0.9367982745170593,-0.23722568154335022,0,0,0.5847569704055786,0,1,0.920742928981781,-0.38234221935272217,-0.07776308059692383,0,0.38403481245040894,0.8528781533241272,0.3537157475948334,0,-0.06891807168722153,-0.3555452227592468,0.9321148991584778,0,0,0.34629398584365845,0,1,-0.7180120348930359,0.6934019923210144,-0.060437705367803574,0,-0.5561875104904175,-0.6237900853157043,-0.5491268634796143,0,-0.418466180562973,-0.36066505312919617,0.8335504531860352,0,0.0009699999936856329,-0.10566800087690353,-0.4295400083065033,1,-0.02883104793727398,-0.07774613797664642,0.9965558648109436,0,-0.9902759194374084,0.13796313107013702,-0.017886221408843994,0,-0.13609734177589417,-0.9873808026313782,-0.08096771687269211,0,0,0.6937940120697021,0,1,-0.867037832736969,0.1793220341205597,-0.46485403180122375,0,0.4237116575241089,-0.2254851907491684,-0.877282977104187,0,-0.2621338367462158,-0.9576015472412109,0.11952333152294159,0,0,0.5381569862365723,0,1,0.9490841031074524,0.19214656949043274,0.2496379017829895,0,-0.3009624481201172,0.7871549129486084,0.5383378863334656,0,-0.09306401014328003,-0.5860601663589478,0.804905891418457,0,0,0.2709279954433441,0,1
K0.201,-0.9998968839645386,-0.0028574946336448193,0.014089314267039299,0,-0.0031735943630337715,0.9997426271438599,-0.022464368492364883,0,-0.014021498151123524,-0.022506773471832275,-0.9996487498283386,0,0.07403753697872162,1.0581166744232178,-0.012910393066704273,1,0.9507885575294495,0.30981457233428955,-0.00406465120613575,0,-0.3098379969596863,0.9507567882537842,-0.007901781238615513,0,0.0014164074091240764,0.008772306144237518,0.9999610185623169,0,-0.0049149999395012856,0.18970000743865967,0,1,0.939289391040802,0.3430625796318054,-0.006510807666927576,0,-0.3431244194507599,0.9391394257545471,-0.016823746263980865,0,0.0003429583739489317,0.018036385998129845,0.9998369812965393,0,0,0.2213910073041916,0,1,0.9761456251144409,0.21704812347888947,-0.005409206263720989,0,-0.21710966527462006,0.9760002493858337,-0.016939876601099968,0,0.0016026180237531662,0.017710180953145027,0.9998417496681213,0,0,0.2530190050601959,0,1,0.9994701147079468,0.028733957558870316,0.015273218043148518,0,-0.028719136491417885,0.9995870590209961,-0.0011899186065420508,0,-0.015301108360290527,0.0007506548427045345,0.9998829960823059,0,0,0.28464600443840027,0,1,0.9261372089385986,-0.3726920485496521,-0.05804787948727608,0,0.374663770198822,0.9267527461051941,0.027506522834300995,0,0.043544571846723557,-0.04722325876355171,0.9979345202445984,0,0.03219300135970116,0.03186799958348274,0,1,0.8950920701026917,0.3358636796474457,0.29326894879341125,0,-0.4035349488258362,0.33043068647384644,0.8532143831253052,0,0.18965868651866913,-0.8820497393608093,0.4312986135482788,0,-0.0012679999927058816,0.26051101088523865,0.2858090102672577,1,-0.7783535718917847,-0.13044077157974243,-0.6141265034675598,0,-0.5469034910202026,0.6212491393089294,0.5612003803253174,0,0.30832216143608093,0.7726802825927734,-0.554889976978302,0,0,0.5972440242767334,0,1,0.609534502029419,-0.7925186157226562,0.019563892856240273,0,0.7561928629875183,0.5738331079483032,-0.3144665062427521,0,0.237993985414505,0.20647209882736206,0.949067234992981,0,0,0.8257489800453186,0,1,-0.9261988401412964,-0.30708348751068115,0.2187577784061432,0,-0.32527416944503784,0.3573961853981018,-0.8754802346229553,0,0.19066229462623596,-0.8820248246192932,-0.4309060871601105,0,0.00001700000029813964,0.2604779899120331,-0.2858090102672577,1,0.8434137105941772,-0.008765439502894878,-0.5371925830841064,0,0.4637232720851898,0.5168087482452393,0.7196311950683594,0,0.2713181972503662,-0.8560562133789062,0.439948707818985,0,0,0.5972440242767334,0,1,0.3893680274486542,-0.8650166988372803,-0.31644687056541443,0,0.9203798174858093,0.3788037896156311,0.09699845314025879,0,0.03596598282456398,-0.32901930809020996,0.9436376690864563,0,0,0.8286100029945374,0,1,-0.6902278065681458,0.7068884372711182,-0.15457597374916077,0,-0.6553254723548889,-0.5201002955436707,0.5477624535560608,0,0.3068121671676636,0.4793787896633148,0.8222302198410034,0,0.0007140000234358013,-0.10566800087690353,0.4295400083065033,1,0.11277895420789719,-0.10510893166065216,-0.9880453944206238,0,-0.9932682514190674,0.014534186571836472,-0.1149212121963501,0,0.026439620181918144,0.9943543672561646,-0.1027621254324913,0,0,0.6938760280609131,0,1,0.8649366497993469,-0.1143534854054451,-0.4886797070503235,0,0.4305770695209503,-0.33118173480033875,0.8395962715148926,0,-0.25785261392593384,-0.936612069606781,-0.23721328377723694,0,0,0.5847569704055786,0,1,0.9207430481910706,-0.38234207034111023,-0.07776302844285965,0,0.38403499126434326,0.8528790473937988,0.3537158966064453,0,-0.06891797482967377,-0.3555450737476349,0.9321149587631226,0,0,0.34629398584365845,0,1,-0.7185301780700684,0.6927998065948486,-0.06117871031165123,0,-0.5554595589637756,-0.6245676875114441,-0.5489798784255981,0,-0.4185433089733124,-0.3604762852191925,0.83359295129776,0,0.0009699999936856329,-0.10566800087690353,-0.4295400083065033,1,-0.02890039049088955,-0.07742788642644882,0.9965786337852478,0,-0.9901340007781982,0.13897304236888885,-0.01791619323194027,0,-0.1371104121208191,-0.9872646927833557,-0.08068037778139114,0,0,0.6937940120697021,0,1,-0.8669465780258179,0.17959964275360107,-0.4649161398410797,0,0.4237675368785858,-0.2253834456205368,-0.8772821426391602,0,-0.26234403252601624,-0.957573413848877,0.11928703635931015,0,0,0.5381569862365723,0,1,0.9490840435028076,0.19214673340320587,0.24963688850402832,0,-0.3009622395038605,0.7871557474136353,0.5383382439613342,0,-0.09306320548057556,-0.5860597491264343,0.8049061894416809,0,0,0.2709279954433441,0,1
