2.700,30,80,25
B0,mixamorig_Hips,-1,-0.9370359182357788,-0.3076675236225128,0.16524049639701843,0,-0.305990606546402,0.9513473510742188,0.0361565500497818,0,-0.16832534968852997,-0.016682058572769165,-0.9855902791023254,0,0.05770071968436241,0.6513407826423645,-0.032475341111421585,1
B1,mixamorig_Spine,0,0.9441569447517395,-0.3024674654006958,0.1306914985179901,0,0.29403555393218994,0.9524344205856323,0.08007194846868515,0,-0.14869433641433716,-0.03717255964875221,0.98818439245224,0,0.0014400000218302011,0.04484400153160095,0,1
B2,mixamorig_Spine1,1,0.9320566058158875,-0.291814923286438,0.2147427201271057,0,0.28514549136161804,0.9564687013626099,0.06212136894464493,0,-0.22352266311645508,0.003332284511998296,0.974692702293396,0,0,0.052345000207424164,0,1
B3,mixamorig_Spine2,2,0.9722117781639099,-0.10318458825349808,0.21013502776622772,0,0.09757786989212036,0.9945433139801025,0.036905739456415176,0,-0.2127966284751892,-0.015375678427517414,0.9769759178161621,0,0,0.05982299894094467,0,1
B4,mixamorig_Neck,3,0.9690863490104675,-0.06574015319347382,-0.23780173063278198,0,0.05773983523249626,0.9975110292434692,-0.040460776537656784,0,0.2398698478937149,0.02547936514019966,0.9704704880714417,0,0,0.06730099767446518,0,1
B5,mixamorig_Head,4,0.9146223068237305,0.22928573191165924,-0.33300769329071045,0,-0.2889735996723175,0.9467775225639343,-0.141795814037323,0,0.2827724814414978,0.22592005133628845,0.9322014451026917,0,-0.13123999536037445,0.09945400059223175,0,1
B6,mixamorig_HeadTop_End,5,1,0,0,0,0,1,0,0,0,0,1,0,-0.006947999820113182,0.005264999810606241,0,1
B7,mixamorig_LeftShoulder,3,-0.8576093316078186,0.001462803571484983,-0.5143000483512878,0,0.5058850646018982,-0.17777670919895172,-0.8440826535224915,0,-0.09266526997089386,-0.98406982421875,0.15172284841537476,0,-0.0036909999325871468,0.0479619987308979,-0.0578249990940094,1
B8,mixamorig_LeftArm,7,-0.6213285326957703,-0.37746745347976685,-0.686636209487915,0,-0.780241847038269,0.37849557399749756,0.4979591965675354,0,0.07192537188529968,0.8451388478279114,-0.5296860933303833,0,0,0.11626599729061127,0,1
B9,mixamorig_LeftForeArm,8,0.15780119597911835,-0.9820085167884827,-0.10372257232666016,0,0.5073623061180115,0.17074334621429443,-0.8446478843688965,0,0.8471611738204956,0.08066153526306152,0.525177538394928,0,0,0.22424599528312683,0,1
B10,mixamorig_LeftHand,9,1,0,0,0,0,1,0,0,0,0,1,0,0,0.2598569989204407,0,1
B11,mixamorig_RightShoulder,3,0.9637773036956787,-0.053852468729019165,0.2612149119377136,0,-0.26221412420272827,-0.3703611493110657,0.891109824180603,0,0.048755399882793427,-0.9273259043693542,-0.3710666298866272,0,-0.004825999960303307,0.047926001250743866,0.0578249990940094,1
B12,mixamorig_RightArm,11,0.8215848803520203,0.5684282779693604,-0.04344628006219864,0,-0.47176575660705566,0.7206977009773254,0.507968544960022,0,0.3200553059577942,-0.3968428373336792,0.860279381275177,0,0,0.11645600199699402,0,1
B13,mixamorig_RightForeArm,12,0.9273437261581421,-0.2144807130098343,0.3066466152667999,0,0.09533511847257614,0.9278181791305542,0.3606454133987427,0,-0.36186352372169495,-0.30520784854888916,0.8808532357215881,0,0,0.224604994058609,0,1
B14,mixamorig_RightHand,13,1,0,0,0,0,1,0,0,0,0,1,0,0,0.25987398624420166,0,1
B15,mixamorig_LeftUpLeg,0,-0.2808692157268524,-0.89332115650177,0.3508424162864685,0,0.4816523492336273,-0.4473893940448761,-0.7535607218742371,0,0.8301345705986023,-0.042667895555496216,0.5559278130531311,0,0.007242000196129084,-0.025092000141739845,-0.07581000030040741,1
B16,mixamorig_LeftLeg,15,0.43735748529434204,-0.8989514112472534,0.024586649611592293,0,0.8992852568626404,0.4371316134929657,-0.014197669923305511,0,0.0020154141820967197,0.028319882228970528,0.9995970129966736,0,0,0.390720009803772,0,1
B17,mixamorig_LeftFoot,16,0.05229197442531586,-0.3114679753780365,0.9488168954849243,0,-0.941172182559967,0.3022668659687042,0.15109574794769287,0,-0.33385729789733887,-0.9009008407592773,-0.27733877301216125,0,0,0.3791869878768921,0,1
B18,mixamorig_LeftToeBase,17,0.980692982673645,-0.0800129845738411,-0.17843353748321533,0,0.15591301023960114,0.8706770539283752,0.4664892554283142,0,0.11803286522626877,-0.4853031635284424,0.8663425445556641,0,0,0.10404700040817261,0,1
B19,mixamorig_LeftToe_End,18,1,0,0,0,0,1,0,0,0,0,1,0,0,0.04368500038981438,0,1
B20,mixamorig_RightUpLeg,0,-0.37513822317123413,-0.9144697189331055,0.1517096906900406,0,0.910365641117096,-0.3326142728328705,0.24617590010166168,0,-0.1746595948934555,0.2304612696170807,0.9572781920433044,0,0.0063299997709691525,-0.025092000141739845,0.07581000030040741,1
B21,mixamorig_RightLeg,20,0.2978959381580353,-0.9125201106071472,0.2802944481372833,0,0.9362165331840515,0.33662596344947815,0.1009039580821991,0,-0.18643122911453247,0.23235733807086945,0.9545955657958984,0,0,0.39068400859832764,0,1
B22,mixamorig_RightFoot,21,-0.2932136654853821,0.12553994357585907,0.9477688670158386,0,-0.9546509981155396,0.015102549456059933,-0.29734331369400024,0,-0.051642145961523056,-0.9919735789299011,0.11541861295700073,0,0,0.3790229856967926,0,1
B23,mixamorig_RightToeBase,22,0.9918760061264038,0.05862446129322052,0.11289545148611069,0,-0.10315313190221786,0.8900113701820374,0.44411608576774597,0,-0.07444214820861816,-0.4521535038948059,0.8888279795646667,0,0,0.10548900067806244,0,1
B24,mixamorig_RightToe_End,23,1,0,0,0,0,1,0,0,0,0,1,0,0,0.044149000197649,0,1
@20,0,1,2,3,4,5,7,8,9,11,12,13,15,16,17,18,20,21,22,23
K0,0.6392450332641602,-0.13152898848056793,0.757671058177948,0,0.05438734591007233,0.9905299544334412,0.12606601417064667,0,-0.7670772075653076,-0.03937935084104538,0.6403447985649109,0,-0.0033719995990395546,0.7213000059127808,-0.008429000154137611,1,0.9741489887237549,-0.22143512964248657,-0.04471616819500923,0,0.22000889480113983,0.9748810529708862,-0.03469594195485115,0,0.051275838166475296,0.023961061611771584,0.9983969926834106,0,0.0014400000218302011,0.04484400153160095,0,1,0.989875078201294,-0.10585381090641022,-0.0945640429854393,0,0.09869418293237686,0.9921000003814697,-0.0774359479546547,0,0.1020139679312706,0.06731905043125153,0.9925030469894409,0,0,0.052345000207424164,0,1,0.9890480041503906,0.100090891122818,-0.10846979171037674,0,-0.106638103723526,0.99270099401474,-0.05632792413234711,0,0.10204020887613297,0.06727807223796844,0.9925029873847961,0,0,0.05982299894094467,0,1,0.9866420030593872,-0.008246302604675293,-0.16269484162330627,0,0.007603698410093784,0.9999610185623169,-0.004572078585624695,0,0.16272614896297455,0.0032739213202148676,0.9866659641265869,0,0,0.06730099767446518,0,1,0.9169910550117493,0.06648144870996475,-0.3933298587799072,0,-0.0962805524468422,0.9937490224838257,-0.05649842694401741,0,0.38711515069007874,0.0896785780787468,0.9176599979400635,0,-0.13123999536037445,0.09945400059223175,0,1,-0.9771398901939392,-0.04685812070965767,-0.20736785233020782,0,0.2090318650007248,-0.03389897570014,-0.9773209691047668,0,0.03876585140824318,-0.9983259439468384,0.042919013649225235,0,-0.0036909999325871468,0.0479619987308979,-0.0578249990940094,1,-0.9635859131813049,0.03825324773788452,-0.2646477222442627,0,-0.16647523641586304,0.6886911392211914,0.7056847810745239,0,0.20925521850585938,0.7240450978279114,-0.6572446823120117,0,0,0.11626599729061127,0,1,0.8381779789924622,-0.4068179726600647,0.3632570803165436,0,0.4803420603275299,0.866096019744873,-0.13838328421115875,0,-0.2583189010620117,0.2904776930809021,0.921355128288269,0,0,0.22424599528312683,0,1,0.9398270845413208,0.1042281910777092,-0.32536372542381287,0,0.32545021176338196,0.016654057428240776,0.9454119801521301,0,0.10395728051662445,-0.9944140315055847,-0.018269164487719536,0,-0.004825999960303307,0.047926001250743866,0.0578249990940094,1,0.8142579793930054,0.5803129076957703,0.01488518062978983,0,-0.352058082818985,0.4732725918292999,0.8075082898139954,0,0.4615621864795685,-0.6627597212791443,0.5896691679954529,0,0,0.11645600199699402,0,1,0.6844232082366943,-0.666270911693573,-0.2960526645183563,0,0.7246070504188538,0.6665498614311218,0.17508728802204132,0,0.08067832887172699,-0.33435574173927307,0.9389870762825012,0,0,0.224604994058609,0,1,-0.41335198283195496,-0.757175087928772,0.5057920813560486,0,0.5011160969734192,-0.6529442667961121,-0.5679326057434082,0,0.7602779865264893,0.01870451122522354,0.6493279933929443,0,0.007242000196129084,-0.025092000141739845,-0.07581000030040741,1,0.6540709733963013,-0.6659430265426636,-0.3587619960308075,0,0.7033779621124268,0.7099320292472839,-0.03544188290834427,0,0.2782990038394928,-0.22916388511657715,0.9327560067176819,0,0,0.390720009803772,0,1,0.04635908454656601,-0.1323290467262268,0.9901209473609924,0,-0.889613926410675,0.4453650414943695,0.10117588192224503,0,-0.45435377955436707,-0.8855159878730774,-0.09707503765821457,0,0,0.3791869878768921,0,1,0.980692982673645,-0.08001209795475006,-0.17843475937843323,0,0.15591289103031158,0.8706772327423096,0.46648967266082764,0,0.118034228682518,-0.4853033423423767,0.8663418292999268,0,0,0.10404700040817261,0,1,-0.8488300442695618,-0.5271807909011841,-0.03959375619888306,0,0.47389528155326843,-0.7919500470161438,0.38501763343811035,0,-0.23433026671409607,0.30805137753486633,0.9220598936080933,0,0.0063299997709691525,-0.025092000141739845,0.07581000030040741,1,0.5894900560379028,-0.806738018989563,0.040935903787612915,0,0.7977439761161804,0.5893829464912415,0.12740586698055267,0,-0.12691010534763336,-0.04244813695549965,0.9910060167312622,0,0,0.39068400859832764,0,1,-0.19433680176734924,0.3249351978302002,0.9255539178848267,0,-0.9808171391487122,-0.07900793850421906,-0.17820289731025696,0,0.015221694484353065,-0.9424300193786621,0.33405596017837524,0,0,0.3790229856967926,0,1,0.9918760061264038,0.058624789118766785,0.11289513111114502,0,-0.10315321385860443,0.8900118470191956,0.44411516189575195,0,-0.07444187998771667,-0.452152818441391,0.8888291120529175,0,0,0.10548900067806244,0,1
K0.034,0.651829183101654,-0.13477562367916107,0.7462942600250244,0,0.05085351690649986,0.9896345138549805,0.13430467247962952,0,-0.7566587924957275,-0.04959196224808693,0.6519257426261902,0,-0.00884102750569582,0.7180919647216797,-0.005327337887138128,1,0.9744172692298889,-0.22008787095546722,-0.04552831873297691,0,0.21861998736858368,0.9751786589622498,-0.03509676828980446,0,0.052122607827186584,0.0242454931139946,0.9983463287353516,0,0.0014400000218302011,0.04484400153160095,0,1,0.9899746775627136,-0.1032823845744133,-0.09634760022163391,0,0.0958685651421547,0.9922823309898376,-0.07865095138549805,0,0.10372721403837204,0.06862571090459824,0.9922353029251099,0,0,0.052345000207424164,0,1,0.9885532259941101,0.1027047261595726,-0.11052034795284271,0,-0.10948635637760162,0.9923444986343384,-0.05713532865047455,0,0.10380621254444122,0.06858179718255997,0.9922303557395935,0,0,0.05982299894094467,0,1,0.9860063791275024,-0.004677883815020323,-0.16663965582847595,0,0.0032374097499996424,0.9999545812606812,-0.008914832957088947,0,0.16667385399341583,0.008250604383647442,0.985977053642273,0,0,0.06730099767446518,0,1,0.916124165058136,0.06670615822076797,-0.395306795835495,0,-0.097580187022686,0.9935075044631958,-0.05849254131317139,0,0.38883838057518005,0.09216051548719406,0.9166852831840515,0,-0.13123999536037445,0.09945400059223175,0,1,-0.9781104326248169,-0.0475839301943779,-0.20257438719272614,0,0.20455463230609894,-0.041234638541936874,-0.9779859781265259,0,0.03818332776427269,-0.9980154633522034,0.05006546154618263,0,-0.0036909999325871468,0.0479619987308979,-0.0578249990940094,1,-0.9645904302597046,0.04284277185797691,-0.26024889945983887,0,-0.16076424717903137,0.6867315769195557,0.708910346031189,0,0.20909295976161957,0.7256472110748291,-0.6555275321006775,0,0,0.11626599729061127,0,1,0.8363206386566162,-0.40876656770706177,0.3653465509414673,0,0.48314398527145386,0.8644760251045227,-0.13875696063041687,0,-0.259114146232605,0.29256030917167664,0.920472264289856,0,0,0.22424599528312683,0,1,0.9443731904029846,0.10038101673126221,-0.31318119168281555,0,0.3118724524974823,0.028884464874863625,0.949684739112854,0,0.10437635332345963,-0.9945291876792908,-0.004028359428048134,0,-0.004825999960303307,0.047926001250743866,0.0578249990940094,1,0.8144065141677856,0.5802603960037231,0.006432157475501299,0,-0.3398688733577728,0.4679695963859558,0.8157778382301331,0,0.47035297751426697,-0.6665601134300232,0.57832932472229,0,0,0.11645600199699402,0,1,0.6820030808448792,-0.6681439876556396,-0.2974136173725128,0,0.726922869682312,0.6639671325683594,0.17530465126037598,0,0.0803440734744072,-0.33575499057769775,0.9385166168212891,0,0,0.224604994058609,0,1,-0.4081331491470337,-0.7595704793930054,0.5064375400543213,0,0.5069553852081299,-0.6499187350273132,-0.5662174224853516,0,0.7592253088951111,0.02564908191561699,0.6503218412399292,0,0.007242000196129084,-0.025092000141739845,-0.07581000030040741,1,0.6580561995506287,-0.6607409119606018,-0.3610874116420746,0,0.7012186646461487,0.7124789357185364,-0.02581833116710186,0,0.2743264138698578,-0.23621134459972382,0.9321750998497009,0,0,0.390720009803772,0,1,0.057664014399051666,-0.13024921715259552,0.9898026585578918,0,-0.8826407194137573,0.45662879943847656,0.11150932312011719,0,-0.46649712324142456,-0.8800714612007141,-0.08863238245248795,0,0,0.3791869878768921,0,1,0.9806928634643555,-0.08001230657100677,-0.17843422293663025,0,0.15591271221637726,0.8706769943237305,0.4664890766143799,0,0.1180337592959404,-0.4853029251098633,0.8663421273231506,0,0,0.10404700040817261,0,1,-0.8431307673454285,-0.5367521047592163,-0.03205176442861557,0,0.4851580262184143,-0.7850802540779114,0.38505855202674866,0,-0.23184436559677124,0.3091047406196594,0.9223354458808899,0,0.0063299997709691525,-0.025092000141739845,0.07581000030040741,1,0.5642422437667847,-0.8251280784606934,0.028173871338367462,0,0.8162662386894226,0.5626514554023743,0.13088883459568024,0,-0.1238522008061409,-0.05085566267371178,0.9909965395927429,0,0,0.39068400859832764,0,1,-0.19021883606910706,0.32590988278388977,0.9260672926902771,0,-0.981115460395813,-0.09679747372865677,-0.16746017336845398,0,0.035064052790403366,-0.9404322504997253,0.3381676971912384,0,0,0.3790229856967926,0,1,0.9918760657310486,0.05862514674663544,0.11289583146572113,0,-0.10315386950969696,0.890011191368103,0.4441157579421997,0,-0.07444217056035995,-0.4521532654762268,0.8888278603553772,0,0,0.10548900067806244,0,1
K0.067,0.6535881161689758,-0.14042910933494568,0.7437078356742859,0,0.047426968812942505,0.9883043169975281,0.14493457973003387,0,-0.7553626298904419,-0.05945572257041931,0.6526041030883789,0,-0.014429094269871712,0.7154315114021301,-0.0027778451330959797,1,0.9746021628379822,-0.2191137820482254,-0.046257276087999344,0,0.2175975739955902,0.9753867983818054,-0.03566202521324158,0,0.05293280631303787,0.02469083108007908,0.9982932806015015,0,0.0014400000218302011,0.04484400153160095,0,1,0.9901090860366821,-0.10149496048688889,-0.09686315059661865,0,0.0939299687743187,0.9923828840255737,-0.07970987260341644,0,0.10421546548604965,0.06982311606407166,0.9921005964279175,0,0,0.052345000207424164,0,1,0.9882572293281555,0.10465756058692932,-0.11133383214473724,0,-0.1115914136171341,0.9920614957809448,-0.057972319424152374,0,0.10438275337219238,0.0697154551744461,0.99209064245224,0,0,0.05982299894094467,0,1,0.9847423434257507,0.004591794218868017,-0.17395684123039246,0,-0.00752791715785861,0.9998396635055542,-0.01622242107987404,0,0.17385461926460266,0.01728445291519165,0.9846198558807373,0,0,0.06730099767446518,0,1,0.9148963689804077,0.06689698994159698,-0.3981066346168518,0,-0.09771136194467545,0.9935465455055237,-0.05759890004992485,0,0.39168447256088257,0.09159661829471588,0.9155292510986328,0,-0.13123999536037445,0.09945400059223175,0,1,-0.9792452454566956,-0.04836776852607727,-0.19682450592517853,0,0.19915208220481873,-0.04920963943004608,-0.9787327647209167,0,0.037653401494026184,-0.997616171836853,0.05782082676887512,0,-0.0036909999325871468,0.0479619987308979,-0.0578249990940094,1,-0.9653235673904419,0.04899906739592552,-0.25641727447509766,0,-0.15364567935466766,0.6874529123306274,0.7097897529602051,0,0.21105383336544037,0.7245742678642273,-0.6560860276222229,0,0,0.11626599729061127,0,1,0.8346686959266663,-0.41173672676086426,0.36578884720802307,0,0.4867275059223175,0.8622506856918335,-0.14006976783275604,0,-0.2577298879623413,0.294951468706131,0.9200976490974426,0,0,0.22424599528312683,0,1,0.9486755728721619,0.09581457823514938,-0.30138593912124634,0,0.2983856499195099,0.04457903653383255,0.9534037113189697,0,0.10478553920984268,-0.9944007992744446,0.013701356947422028,0,-0.004825999960303307,0.047926001250743866,0.0578249990940094,1,0.8170613646507263,0.5765422582626343,-0.0030809014569967985,0,-0.322928786277771,0.46206042170524597,0.8259648680686951,0,0.4776271879673004,-0.6738691329956055,0.563713788986206,0,0,0.11645600199699402,0,1,0.6808292269706726,-0.6689168214797974,-0.29836374521255493,0,0.7279903292655945,0.662843644618988,0.17512114346027374,0,0.08062709867954254,-0.33643385767936707,0.9382492899894714,0,0,0.224604994058609,0,1,-0.406511127948761,-0.7606351375579834,0.5061448812484741,0,0.5101694464683533,-0.6485499739646912,-0.5648981928825378,0,0.7579419612884521,0.028582271188497543,0.6516958475112915,0,0.007242000196129084,-0.025092000141739845,-0.07581000030040741,1,0.6661075949668884,-0.6570350527763367,-0.3529949486255646,0,0.6971173286437988,0.7167168259620667,-0.018563756719231606,0,0.26519447565078735,-0.23371343314647675,0.9354410171508789,0,0,0.390720009803772,0,1,0.0652274563908577,-0.13530239462852478,0.9886552691459656,0,-0.8768985271453857,0.4650667607784271,0.12150093913078308,0,-0.47622981667518616,-0.8748749494552612,-0.08831129968166351,0,0,0.3791869878768921,0,1,0.9806929230690002,-0.08001305907964706,-0.17843332886695862,0,0.15591292083263397,0.8706770539283752,0.46648892760276794,0,0.11803274601697922,-0.4853031039237976,0.8663429617881775,0,0,0.10404700040817261,0,1,-0.834094226360321,-0.5513056516647339,-0.018685441464185715,0,0.5033316016197205,-0.7744985818862915,0.3831559121608734,0,-0.22570782899856567,0.3101831078529358,0.923494279384613,0,0.0063299997709691525,-0.025092000141739845,0.07581000030040741,1,0.5407844185829163,-0.8409056663513184,0.020719191059470177,0,0.832085371017456,0.5383960604667664,0.13328395783901215,0,-0.12323436141014099,-0.05483775958418846,0.9908614158630371,0,0,0.39068400859832764,0,1,-0.1877012550830841,0.323322594165802,0.9274864792823792,0,-0.9809555411338806,-0.1097201257944107,-0.16027362644672394,0,0.04994387552142143,-0.9399064779281616,0.33775970339775085,0,0,0.3790229856967926,0,1,0.9918760657310486,0.058625124394893646,0.11289583891630173,0,-0.10315388441085815,0.8900110125541687,0.44411614537239075,0,-0.07444217056035995,-0.4521538317203522,0.8888280391693115,0,0,0.10548900067806244,0,1
K0.101,0.6464224457740784,-0.1481490284204483,0.7484579086303711,0,0.04389074817299843,0.986563503742218,0.15737216174602509,0,-0.7617157697677612,-0.06887852400541306,0.644239068031311,0,-0.02006378583610058,0.7132821679115295,-0.0007648255559615791,1,0.9746065735816956,-0.2189156860113144,-0.04709775373339653,0,0.21732565760612488,0.9754108786582947,-0.03664134815335274,0,0.05396101996302605,0.02547534555196762,0.9982177019119263,0,0.0014400000218302011,0.04484400153160095,0,1,0.9901458024978638,-0.10134667158126831,-0.0966390073299408,0,0.09364186227321625,0.9922896027565002,-0.08119030296802521,0,0.10412236303091049,0.07134085893630981,0.9920027852058411,0,0,0.052345000207424164,0,1,0.9881917834281921,0.10506146401166916,-0.11153154075145721,0,-0.11215174198150635,0.991919219493866,-0.05931011587381363,0,0.10439910739660263,0.07111825793981552,0.9919896721839905,0,0,0.05982299894094467,0,1,0.9829812049865723,0.017195384949445724,-0.1828986257314682,0,-0.021372849121689796,0.9995533227920532,-0.02089357003569603,0,0.18245767056941986,0.024447057396173477,0.9829098582267761,0,0,0.06730099767446518,0,1,0.9127222299575806,0.06367892771959305,-0.40358778834342957,0,-0.09661649912595749,0.9934033751487732,-0.06175895780324936,0,0.3969928026199341,0.09536202996969223,0.9128538966178894,0,-0.13123999536037445,0.09945400059223175,0,1,-0.979838490486145,-0.04887138307094574,-0.19372348487377167,0,0.1962762475013733,-0.054339855909347534,-0.9790416955947876,0,0.037320204079151154,-0.9973257780075073,0.06283656507730484,0,-0.0036909999325871468,0.0479619987308979,-0.0578249990940094,1,-0.966083288192749,0.05716562271118164,-0.2518250644207001,0,-0.14422214031219482,0.6894811391830444,0.7097991704940796,0,0.21420468389987946,0.7220436930656433,-0.6578514575958252,0,0,0.11626599729061127,0,1,0.8333025574684143,-0.4139511287212372,0.3664041757583618,0,0.48895376920700073,0.8611435890197754,-0.13912253081798553,0,-0.2579367458820343,0.2950859069824219,0.9199963212013245,0,0,0.22424599528312683,0,1,0.9528104066848755,0.0916067361831665,-0.2894153296947479,0,0.2846849858760834,0.061351228505373,0.9566562175750732,0,0.10539209842681885,-0.9939038157463074,0.03237701207399368,0,-0.004825999960303307,0.047926001250743866,0.0578249990940094,1,0.8216397166252136,0.5698369741439819,-0.013894030824303627,0,-0.3023985028266907,0.4564271569252014,0.8367971181869507,0,0.4831795394420624,-0.683344304561615,0.5473365187644958,0,0,0.11645600199699402,0,1,0.6811476349830627,-0.6676703095436096,-0.3004228472709656,0,0.7271841764450073,0.6646462082862854,0.17160871624946594,0,0.08509686589241028,-0.3353536128997803,0.9382414221763611,0,0,0.224604994058609,0,1,-0.40774327516555786,-0.7605703473091125,0.5052510499954224,0,0.5111518502235413,-0.6486372351646423,-0.5639087557792664,0,0.7566167712211609,0.028330013155937195,0.6532441973686218,0,0.007242000196129084,-0.025092000141739845,-0.07581000030040741,1,0.6771855354309082,-0.6544975638389587,-0.3362317979335785,0,0.6913536787033081,0.7223852276802063,-0.013754346407949924,0,0.25189122557640076,-0.22314098477363586,0.9416786432266235,0,0,0.390720009803772,0,1,0.06972075253725052,-0.1460997313261032,0.986810028553009,0,-0.8722862601280212,0.4710197448730469,0.13136498630046844,0,-0.4839995801448822,-0.8699400424957275,-0.09460096806287766,0,0,0.3791869878768921,0,1,0.9806928634643555,-0.08001229912042618,-0.17843423783779144,0,0.15591271221637726,0.8706769943237305,0.4664890766143799,0,0.11803377419710159,-0.4853029251098633,0.8663421273231506,0,0,0.10404700040817261,0,1,-0.8219221830368042,-0.569599449634552,-0.0007187820156104863,0,0.5267848372459412,-0.7606202363967896,0.37941208481788635,0,-0.21665982902050018,0.31146883964538574,0.9252278804779053,0,0.0063299997709691525,-0.025092000141739845,0.07581000030040741,1,0.5192444324493408,-0.8544394373893738,0.017872696742415428,0,0.8455280661582947,0.5166476368904114,0.13474981486797333,0,-0.12436944246292114,-0.054856233298778534,0.9907189011573792,0,0,0.39068400859832764,0,1,-0.18646220862865448,0.3174894154071808,0.9297481179237366,0,-0.9806000590324402,-0.11837039887905121,-0.15623967349529266,0,0.06045031175017357,-0.940844714641571,0.3334020972251892,0,0,0.3790229856967926,0,1,0.9918760657310486,0.05862511321902275,0.11289578676223755,0,-0.10315389186143875,0.8900120854377747,0.44411593675613403,0,-0.07444217056035995,-0.4521530270576477,0.8888279795646667,0,0,0.10548900067806244,0,1
K0.135,0.6319749355316162,-0.15753330290317535,0.7588080167770386,0,0.04004032164812088,0.9844513535499573,0.17103055119514465,0,-0.7739536762237549,-0.07770424336194992,0.6284571886062622,0,-0.025669345632195473,0.7116068601608276,0.0007273578667081892,1,0.9744633436203003,-0.2192600518465042,-0.04844090715050697,0,0.21755899488925934,0.9753057956695557,-0.038032371550798416,0,0.05558367446064949,0.026522396132349968,0.9981017112731934,0,0.0014400000218302011,0.04484400153160095,0,1,0.9900418519973755,-0.10239262133836746,-0.09660784155130386,0,0.0944782942533493,0.9920418858528137,-0.08322614431381226,0,0.10436081141233444,0.0732700526714325,0.9918373227119446,0,0,0.052345000207424164,0,1,0.9882099032402039,0.10433191806077957,-0.11205044388771057,0,-0.11164642870426178,0.9918674826622009,-0.06110350415110588,0,0.1047641932964325,0.0728931576013565,0.9918220639228821,0,0,0.05982299894094467,0,1,0.9801642894744873,0.03307308629155159,-0.19540531933307648,0,-0.03911151364445686,0.9988669157028198,-0.02712361328303814,0,0.1942867636680603,0.03422818332910538,0.9803468585014343,0,0,0.06730099767446518,0,1,0.9099297523498535,0.057414766401052475,-0.4107704162597656,0,-0.09272196888923645,0.9934660792350769,-0.0665355995297432,0,0.40426647663116455,0.09863020479679108,0.9093083143234253,0,-0.13123999536037445,0.09945400059223175,0,1,-0.9808626174926758,-0.04934610053896904,-0.18834134936332703,0,0.19114260375499725,-0.06002308055758476,-0.9797250032424927,0,0.037040792405605316,-0.9969760775566101,0.0683065801858902,0,-0.0036909999325871468,0.0479619987308979,-0.0578249990940094,1,-0.966072678565979,0.062009237706661224,-0.2507157623767853,0,-0.13876956701278687,0.6940922737121582,0.7063840627670288,0,0.21782228350639343,0.7172102332115173,-0.6619389057159424,0,0,0.11626599729061127,0,1,0.8358805775642395,-0.4115822911262512,0.363185852766037,0,0.48606011271476746,0.862420916557312,-0.1413353830575943,0,-0.2550480365753174,0.2946697473526001,0.9209348559379578,0,0,0.22424599528312683,0,1,0.9573066830635071,0.08777228742837906,-0.2754262089729309,0,0.2690761685371399,0.07765687257051468,0.9599831104278564,0,0.10564866662025452,-0.9931090474128723,0.05072402209043503,0,-0.004825999960303307,0.047926001250743866,0.0578249990940094,1,0.8264620304107666,0.5624023079872131,-0.02577659673988819,0,-0.28029152750968933,0.45073825120925903,0.8475092649459839,0,0.4882596433162689,-0.6932092905044556,0.5301546454429626,0,0,0.11645600199699402,0,1,0.6797291040420532,-0.6670037508010864,-0.3050805628299713,0,0.7274623513221741,0.666180431842804,0.16432532668113708,0,0.09363313019275665,-0.33363139629364014,0.9380425810813904,0,0,0.224604994058609,0,1,-0.4096848964691162,-0.7594238519668579,0.5054046511650085,0,0.5078219771385193,-0.6501122713088989,-0.565217912197113,0,0.7578096985816956,0.02509440667927265,0.6519931554794312,0,0.007242000196129084,-0.025092000141739845,-0.07581000030040741,1,0.6906905770301819,-0.6510840058326721,-0.3147011697292328,0,0.6842186450958252,0.729242742061615,-0.007038082927465439,0,0.2340758740901947,-0.21046322584152222,0.9491647481918335,0,0,0.390720009803772,0,1,0.07291547954082489,-0.1582956463098526,0.9846953749656677,0,-0.8678905963897705,0.4763694405555725,0.1408453732728958,0,-0.49137434363365173,-0.8648783564567566,-0.10264865309000015,0,0,0.3791869878768921,0,1,0.9806928634643555,-0.08001232892274857,-0.17843420803546906,0,0.15591272711753845,0.8706769943237305,0.46648910641670227,0,0.11803372949361801,-0.48530295491218567,0.8663421273231506,0,0,0.10404700040817261,0,1,-0.8068881034851074,-0.5903499126434326,0.020473673939704895,0,0.5538243651390076,-0.7440007328987122,0.37382054328918457,0,-0.20545242726802826,0.31297004222869873,0.9272750616073608,0,0.0063299997709691525,-0.025092000141739845,0.07581000030040741,1,0.4998333752155304,-0.8659158945083618,0.018906431272625923,0,0.8568083643913269,0.49753305315971375,0.13542349636554718,0,-0.12667186558246613,-0.05148996412754059,0.9906072020530701,0,0,0.39068400859832764,0,1,-0.18623872101306915,0.30888769030570984,0.9326859712600708,0,-0.9802137017250061,-0.1232001781463623,-0.15492752194404602,0,0.06705187261104584,-0.9430850744247437,0.3257206082344055,0,0,0.3790229856967926,0,1,0.9918760061264038,0.0586252324283123,0.11289535462856293,0,-0.1031537801027298,0.8900110125541687,0.44411617517471313,0,-0.07444170117378235,-0.4521538019180298,0.8888280987739563,0,0,0.10548900067806244,0,1
K0.169,0.6118367910385132,-0.16811390221118927,0.7729119062423706,0,0.035694822669029236,0.9820258617401123,0.18534165620803833,0,-0.7901781797409058,-0.08580993115901947,0.6068404912948608,0,-0.03117275983095169,0.7103732228279114,0.0017173060914501548,1,0.9744328856468201,-0.21908532083034515,-0.049820318818092346,0,0.21728913486003876,0.9753260016441345,-0.03905894607305527,0,0.0571482889354229,0.02723490633070469,0.9979945421218872,0,0.0014400000218302011,0.04484400153160095,0,1,0.9900932312011719,-0.10234418511390686,-0.09612744301557541,0,0.0943487212061882,0.9919604063034058,-0.08433956652879715,0,0.10398629307746887,0.0744345486164093,0.9917894601821899,0,0,0.052345000207424164,0,1,0.9881725311279297,0.10476326197385788,-0.11197864264249802,0,-0.11217435449361801,0.9917490482330322,-0.062054283916950226,0,0.10455375909805298,0.07388150691986084,0.991771399974823,0,0,0.05982299894094467,0,1,0.9769718647003174,0.0423254631459713,-0.20912784337997437,0,-0.05173773691058159,0.9978697896003723,-0.039741288870573044,0,0.207000270485878,0.04964591935276985,0.9770804047584534,0,0,0.06730099767446518,0,1,0.9074622988700867,0.05398673936724663,-0.4166495203971863,0,-0.09104681760072708,0.9934130907058716,-0.06957986205816269,0,0.41014885902404785,0.10107574611902237,0.9064005017280579,0,-0.13123999536037445,0.09945400059223175,0,1,-0.9818002581596375,-0.0499027855694294,-0.1832430213689804,0,0.1863401234149933,-0.06675513088703156,-0.9802147746086121,0,0.036683037877082825,-0.99652099609375,0.07483920454978943,0,-0.0036909999325871468,0.0479619987308979,-0.0578249990940094,1,-0.9656001925468445,0.06369902193546295,-0.252108097076416,0,-0.13685016334056854,0.6999137997627258,0.7009944319725037,0,0.2211066484451294,0.7113814353942871,-0.6671198010444641,0,0,0.11626599729061127,0,1,0.8414949774742126,-0.4043118953704834,0.3583541214466095,0,0.47735294699668884,0.8670495748519897,-0.14268480241298676,0,-0.25302159786224365,0.2911299467086792,0.9226173758506775,0,0,0.22424599528312683,0,1,0.9613888263702393,0.08344447612762451,-0.2622372508049011,0,0.2538743019104004,0.09882466495037079,0.9621755480766296,0,0.10620376467704773,-0.9916003346443176,0.07382453233003616,0,-0.004825999960303307,0.047926001250743866,0.0578249990940094,1,0.8263101577758789,0.5624232888221741,-0.02984447591006756,0,-0.2666407525539398,0.43732258677482605,0.8588669300079346,0,0.49609842896461487,-0.7017328143119812,0.5113291144371033,0,0,0.11645600199699402,0,1,0.6745699644088745,-0.6690745949745178,-0.3119189739227295,0,0.7311394214630127,0.6638801693916321,0.15715405344963074,0,0.10192912071943283,-0.3340679407119751,0.9370212554931641,0,0,0.224604994058609,0,1,-0.4137692153453827,-0.7571972012519836,0.5054180026054382,0,0.5028961300849915,-0.6528858542442322,-0.5664231181144714,0,0.7588743567466736,0.019804328680038452,0.650935709476471,0,0.007242000196129084,-0.025092000141739845,-0.07581000030040741,1,0.7051894664764404,-0.6472702622413635,-0.2893938720226288,0,0.6757445931434631,0.7371329665184021,-0.0020606506150215864,0,0.2146555781364441,-0.19410322606563568,0.9572078585624695,0,0,0.390720009803772,0,1,0.072301484644413,-0.17359936237335205,0.9821585416793823,0,-0.8643609881401062,0.48043206334114075,0.14854764938354492,0,-0.4976482391357422,-0.8596796989440918,-0.11531659215688705,0,0,0.3791869878768921,0,1,0.9806929230690002,-0.08001286536455154,-0.17843352258205414,0,0.15591301023960114,0.87067711353302,0.46648985147476196,0,0.1180327832698822,-0.4853033721446991,0.8663418292999268,0,0,0.10404700040817261,0,1,-0.7894253730773926,-0.6123052835464478,0.043469805270433426,0,0.5827644467353821,-0.7253232002258301,0.36645829677581787,0,-0.19285476207733154,0.31462427973747253,0.929418683052063,0,0.0063299997709691525,-0.025092000141739845,0.07581000030040741,1,0.4827938377857208,-0.8754302859306335,0.023051412776112556,0,0.8660829663276672,0.4812050759792328,0.135434091091156,0,-0.1296555995941162,-0.04542232304811478,0.9905183911323547,0,0,0.39068400859832764,0,1,-0.18680554628372192,0.2981235086917877,0.936069905757904,0,-0.9798882603645325,-0.12459233403205872,-0.15586940944194794,0,0.07015874236822128,-0.9463607668876648,0.315402090549469,0,0,0.3790229856967926,0,1,0.9918760657310486,0.058625124394893646,0.11289579421281815,0,-0.10315383225679398,0.890011191368103,0.4441157877445221,0,-0.07444214820861816,-0.4521532654762268,0.8888278603553772,0,0,0.10548900067806244,0,1
K0.202,0.5876613259315491,-0.17937904596328735,0.788972020149231,0,0.030779831111431122,0.9793655872344971,0.19974027574062347,0,-0.8085210919380188,-0.09309521317481995,0.5810564160346985,0,-0.0364973247051239,0.709545910358429,0.002222698414698243,1,0.9744918942451477,-0.21863867342472076,-0.050615325570106506,0,0.2167545109987259,0.9753985404968262,-0.04019179940223694,0,0.05815758556127548,0.02819548174738884,0.9979087710380554,0,0.0014400000218302011,0.04484400153160095,0,1,0.990349531173706,-0.10174056887626648,-0.09411101043224335,0,0.09377165138721466,0.9919111132621765,-0.08554674685001373,0,0.10205332189798355,0.0758962333202362,0.9918790459632874,0,0,0.052345000207424164,0,1,0.988237202167511,0.10578608512878418,-0.11044128984212875,0,-0.11322431266307831,0.9915449023246765,-0.06338946521282196,0,0.10280177742242813,0.07514847069978714,0.9918591380119324,0,0,0.05982299894094467,0,1,0.9736900329589844,0.049802497029304504,-0.2223661243915558,0,-0.06322338432073593,0.9965560436248779,-0.05364575609564781,0,0.21892885863780975,0.0662931576371193,0.9734865427017212,0,0,0.06730099767446518,0,1,0.9054331183433533,0.048308372497558594,-0.4217309057712555,0,-0.08819492161273956,0.9932318329811096,-0.07557706534862518,0,0.41522568464279175,0.10562451928853989,0.9035657644271851,0,-0.13123999536037445,0.09945400059223175,0,1,-0.982205331325531,-0.05025581270456314,-0.18095961213111877,0,0.18423590064048767,-0.07078544795513153,-0.9803298115730286,0,0.036457985639572144,-0.9962248802185059,0.0787847638130188,0,-0.0036909999325871468,0.0479619987308979,-0.0578249990940094,1,-0.9654738903045654,0.06842285394668579,-0.2513522505760193,0,-0.13140051066875458,0.7052246928215027,0.6967004537582397,0,0.22493018209934235,0.7056743502616882,-0.67188560962677,0,0,0.11626599729061127,0,1,0.8440055847167969,-0.4007898271083832,0.3564012348651886,0,0.47332510352134705,0.8691152930259705,-0.14353610575199127,0,-0.25222593545913696,0.28983891010284424,0.9232420921325684,0,0,0.22424599528312683,0,1,0.9658758640289307,0.07872119545936584,-0.24675194919109344,0,0.23620271682739258,0.1231454387307167,0.9638694524765015,0,0.10626327246427536,-0.9892611503601074,0.10034899413585663,0,-0.004825999960303307,0.047926001250743866,0.0578249990940094,1,0.8228595852851868,0.567450225353241,-0.030028820037841797,0,-0.2580814063549042,0.42027899622917175,0.8699195384979248,0,0.5062568187713623,-0.7080721259117126,0.4922792315483093,0,0,0.11645600199699402,0,1,0.6652132272720337,-0.6737940311431885,-0.32170358300209045,0,0.7381578683853149,0.658282458782196,0.14760668575763702,0,0.11231521517038345,-0.33565765619277954,0.9352636933326721,0,0,0.224604994058609,0,1,-0.4184216856956482,-0.7538779377937317,0.5065492987632751,0,0.49564993381500244,-0.6568794846534729,-0.5681900382041931,0,0.7610876560211182,0.01332808006554842,0.648512065410614,0,0.007242000196129084,-0.025092000141739845,-0.07581000030040741,1,0.720122218132019,-0.6419835090637207,-0.26321348547935486,0,0.666076123714447,0.7458769679069519,0.0030981814488768578,0,0.19433601200580597,-0.17755140364170074,0.9647331237792969,0,0,0.390720009803772,0,1,0.06918346136808395,-0.18932640552520752,0.979473888874054,0,-0.8610820770263672,0.4844385087490082,0.15446005761623383,0,-0.5037379264831543,-0.8540930151939392,-0.12951034307479858,0,0,0.3791869878768921,0,1,0.980692982673645,-0.08001123368740082,-0.1784357875585556,0,0.15591277182102203,0.8706761598587036,0.4664909541606903,0,0.11803528666496277,-0.48530495166778564,0.8663409352302551,0,0,0.10404700040817261,0,1,-0.7701390981674194,-0.6343730092048645,0.06674851477146149,0,0.6120095252990723,-0.7053571343421936,0.3576541841030121,0,-0.1798047125339508,0.3162943720817566,0.9314659833908081,0,0.0063299997709691525,-0.025092000141739845,0.07581000030040741,1,0.4683183431625366,-0.8830639123916626,0.029607420787215233,0,0.8734961748123169,0.46776720881462097,0.1349000185728073,0,-0.13297472894191742,-0.037314191460609436,0.9904170036315918,0,0,0.39068400859832764,0,1,-0.1880158632993698,0.2858278751373291,0.9396553039550781,0,-0.979655385017395,-0.12293640524148941,-0.15862421691417694,0,0.07017867267131805,-0.950363039970398,0.3031270503997803,0,0,0.3790229856967926,0,1,0.9918760061264038,0.0586247518658638,0.11289520561695099,0,-0.10315323621034622,0.890011191368103,0.4441157579421997,0,-0.07444179803133011,-0.45215320587158203,0.888827919960022,0,0,0.10548900067806244,0,1
