4.567,30,136,25
B0,mixamorig_Hips,-1,0.011357004754245281,0.004408975597470999,0.999925971031189,0,0.01711699739098549,0.9998430013656616,-0.0046030208468437195,0,-0.9997889399528503,0.01716800034046173,0.011279748752713203,0,-0.0014349999837577343,0.7429959774017334,-0.009778999723494053,1
B1,mixamorig_Spine,0,0.9475440979003906,-0.3196019232273102,-0.003915370907634497,0,0.3196180760860443,0.9475349187850952,0.004656866658478975,0,0.002221605507656932,-0.005664006341248751,0.9999809861183167,0,0.0015820000553503633,0.04416000097990036,0,1
B2,mixamorig_Spine1,1,0.938942015171051,-0.34396395087242126,-0.008757990784943104,0,0.34406304359436035,0.9388200044631958,0.015414949506521225,0,0.00291999033652246,-0.017487047240138054,0.9998429417610168,0,0,0.05155299976468086,0,1
B3,mixamorig_Spine2,2,0.975924015045166,-0.2180010825395584,-0.006912364158779383,0,0.2180858999490738,0.9758010506629944,0.015855085104703903,0,0.0032886643894016743,-0.016980836167931557,0.9998499751091003,0,0,0.05891700088977814,0,1
B4,mixamorig_Neck,3,0.9997429847717285,-0.016093231737613678,0.015976175665855408,0,0.016059767454862595,0.9998690485954285,0.0022210723254829645,0,-0.016009820625185966,-0.001963926712051034,0.9998700022697449,0,0,0.0662819966673851,0,1
B5,mixamorig_Head,4,0.9276589751243591,0.36963891983032227,-0.05305897071957588,0,-0.37129008769989014,0.9281719326972961,-0.025294268503785133,0,0.03989812731742859,0.043164752423763275,0.9982709884643555,0,-0.12752500176429749,0.1006539985537529,0,1
B6,mixamorig_HeadTop_End,5,1,0,0,0,0,1,0,0,0,0,1,0,-0.010892000049352646,0.008596999570727348,0,1
B7,mixamorig_LeftShoulder,3,-0.8926689624786377,0.33772990107536316,-0.29846277832984924,0,0.3528601825237274,0.11168491840362549,-0.9289869666099548,0,-0.2804130017757416,-0.9345938563346863,-0.21886909008026123,0,0.0009120000177063048,0.048409998416900635,-0.0625389963388443,1
B8,mixamorig_LeftArm,7,0.7757378816604614,0.2607467472553253,0.5746671557426453,0,-0.543127179145813,0.73954176902771,0.3976061940193176,0,-0.3213159441947937,-0.6205556392669678,0.7153093814849854,0,0,0.12941400706768036,0,1
B9,mixamorig_LeftForeArm,8,0.6123721599578857,0.7900999188423157,0.027261599898338318,0,-0.756226122379303,0.5753677487373352,0.3115660548210144,0,0.23048274219036102,-0.21141020953655243,0.9498329758644104,0,0,0.23996299505233765,0,1
B10,mixamorig_LeftHand,9,1,0,0,0,0,1,0,0,0,0,1,0,0,0.23996800184249878,0,1
B11,mixamorig_RightShoulder,3,0.9242271184921265,-0.3081825375556946,-0.22545020282268524,0,0.27644991874694824,0.13276496529579163,0.9518139958381653,0,-0.26340052485466003,-0.9420179128646851,0.2079019993543625,0,0.0006249999860301614,0.04839999973773956,0.0625389963388443,1
B12,mixamorig_RightArm,11,0.8387991189956665,-0.14565929770469666,-0.524593710899353,0,0.4723929464817047,0.6737381815910339,0.5682618618011475,0,0.2706662714481354,-0.7244722247123718,0.6339396238327026,0,0,0.12941299378871918,0,1
B13,mixamorig_RightForeArm,12,0.3875707983970642,-0.8659650683403015,-0.316060870885849,0,0.9207838773727417,0.3800652027130127,0.08778604865074158,0,0.04410407319664955,-0.3250470757484436,0.9446689486503601,0,0,0.23996199667453766,0,1
B14,mixamorig_RightHand,13,1,0,0,0,0,1,0,0,0,0,1,0,0,0.23995999991893768,0,1
B15,mixamorig_LeftUpLeg,0,-0.831011176109314,-0.5534387230873108,0.0559130422770977,0,0.47926223278045654,-0.7633846998214722,-0.4330722391605377,0,0.2823619842529297,-0.33309072256088257,0.8996230959892273,0,0.00834100041538477,-0.02471200004220009,-0.07583899796009064,1
B16,mixamorig_LeftLeg,15,0.6474888920783997,-0.7534711360931396,-0.1141868308186531,0,0.7600038647651672,0.6274010539054871,0.1695944219827652,0,-0.05614355579018593,-0.19659289717674255,0.9788760542869568,0,0,0.39040499925613403,0,1
B17,mixamorig_LeftFoot,16,0.22181172668933868,-0.0628749281167984,0.9730600714683533,0,-0.9480189085006714,0.21960221230983734,0.23029328882694244,0,-0.22816580533981323,-0.9735610485076904,-0.01089628878980875,0,0,0.3791869878768921,0,1
B18,mixamorig_LeftToeBase,17,0.9591270089149475,-0.19061097502708435,-0.20914900302886963,0,0.2722649872303009,0.8230360150337219,0.4984819293022156,0,0.07712097465991974,-0.5350509881973267,0.8412920832633972,0,0,0.10404700040817261,0,1
B19,mixamorig_LeftToe_End,18,1,0,0,0,0,1,0,0,0,0,1,0,0,0.04368500038981438,0,1
B20,mixamorig_RightUpLeg,0,-0.7753102779388428,-0.5877158641815186,-0.231265589594841,0,0.49601006507873535,-0.7932791113853455,0.35310497879981995,0,-0.39098337292671204,0.15905576944351196,0.906549870967865,0,0.007553999777883291,-0.02471200004220009,0.07583899796009064,1
B21,mixamorig_RightLeg,20,0.6312346458435059,-0.7692622542381287,0.09888680279254913,0,0.7688516974449158,0.637414276599884,0.050692975521087646,0,-0.10202808678150177,0.04403013736009598,0.9938070178031921,0,0,0.39037200808525085,0,1
B22,mixamorig_RightFoot,21,-0.17230106890201569,0.1516486406326294,0.9733009338378906,0,-0.9562709927558899,0.21132098138332367,-0.20221196115016937,0,-0.23634406924247742,-0.965580940246582,0.10860643535852432,0,0,0.3790229856967926,0,1
B23,mixamorig_RightToeBase,22,0.9763860702514648,0.19632668793201447,0.09015000611543655,0,-0.21108824014663696,0.7782057523727417,0.5914703011512756,0,0.04596612975001335,-0.5965327620506287,0.8012712001800537,0,0,0.10548900067806244,0,1
B24,mixamorig_RightToe_End,23,1,0,0,0,0,1,0,0,0,0,1,0,0,0.044149000197649,0,1
@20,0,1,2,3,4,5,7,8,9,11,12,13,15,16,17,18,20,21,22,23
K0,0.9999259114265442,0.0044089737348258495,-0.011357137933373451,0,-0.0046030208468437195,0.9998430013656616,-0.01711697317659855,0,0.011279882863163948,0.01716797798871994,0.9997888803482056,0,-0.009778998792171478,0.7429959774017334,0.001434999518096447,1,0.9475440979003906,-0.3196019232273102,-0.003915392793715,0,0.3196180760860443,0.9475349187850952,0.004656928591430187,0,0.00222160667181015,-0.005664071533828974,0.9999809861183167,0,0.0015820000553503633,0.04416000097990036,0,1,0.938942015171051,-0.34396398067474365,-0.008758001029491425,0,0.34406307339668274,0.9388200044631958,0.015414949506521225,0,0.0029199994169175625,-0.017487049102783203,0.9998429417610168,0,0,0.05155299976468086,0,1,0.9759239554405212,-0.2180010974407196,-0.006912354379892349,0,0.21808591485023499,0.9758010506629944,0.015855126082897186,0,0.0032886455301195383,-0.01698087528347969,0.9998499751091003,0,0,0.05891700088977814,0,1,0.9997429847717285,-0.016093233600258827,0.015976177528500557,0,0.016059769317507744,0.9998690485954285,0.002221072791144252,0,-0.016009822487831116,-0.0019639271777123213,0.9998700022697449,0,0,0.0662819966673851,0,1,0.9276589751243591,0.36963891983032227,-0.053058918565511703,0,-0.37129008769989014,0.9281719326972961,-0.025294266641139984,0,0.03989808261394501,0.043164730072021484,0.9982709884643555,0,-0.12752500176429749,0.1006539985537529,0,1,-0.892669141292572,0.3377297818660736,-0.2984628975391388,0,0.3528602421283722,0.11168479919433594,-0.9289870262145996,0,-0.280412882566452,-0.9345939755439758,-0.21886906027793884,0,0.0009120000177063048,0.048409998416900635,-0.0625389963388443,1,0.7757378816604614,0.2607467770576477,0.5746670961380005,0,-0.543127179145813,0.7395417094230652,0.3976062536239624,0,-0.32131582498550415,-0.6205557584762573,0.7153093218803406,0,0,0.12941400706768036,0,1,0.6123722195625305,0.7900998592376709,0.027261605486273766,0,-0.7562260627746582,0.5753678679466248,0.3115658760070801,0,0.23048259317874908,-0.21141012012958527,0.9498330354690552,0,0,0.23996299505233765,0,1,0.9242269396781921,-0.30818265676498413,-0.22545059025287628,0,0.2764502763748169,0.13276483118534088,0.9518139362335205,0,-0.2634005844593048,-0.9420178532600403,0.2079019993543625,0,0.0006249999860301614,0.04839999973773956,0.0625389963388443,1,0.8387991786003113,-0.1456591933965683,-0.5245936512947083,0,0.47239285707473755,0.6737383008003235,0.5682618618011475,0,0.27066636085510254,-0.7244721055030823,0.6339396834373474,0,0,0.12941299378871918,0,1,0.3875707983970642,-0.8659651875495911,-0.3160608410835266,0,0.9207839369773865,0.3800652027130127,0.0877859890460968,0,0.044104136526584625,-0.32504701614379883,0.9446690082550049,0,0,0.23996199667453766,0,1,-0.831011176109314,-0.5534387230873108,0.0559130422770977,0,0.47926223278045654,-0.7633846998214722,-0.4330722391605377,0,0.2823619842529297,-0.33309072256088257,0.8996230959892273,0,0.00834100041538477,-0.02471200004220009,-0.07583899796009064,1,0.6474888324737549,-0.7534711956977844,-0.11418662965297699,0,0.760003924369812,0.6274010539054871,0.16959431767463684,0,-0.056143619120121,-0.19659267365932465,0.9788760542869568,0,0,0.39040499925613403,0,1,0.22181172668933868,-0.06287465989589691,0.9730600714683533,0,-0.9480188488960266,0.219602569937706,0.23029319941997528,0,-0.22816605865955353,-0.9735609292984009,-0.010895929299294949,0,0,0.3791869878768921,0,1,0.9591270089149475,-0.19061097502708435,-0.20914901793003082,0,0.2722649872303009,0.8230360150337219,0.4984818994998932,0,0.07712098956108093,-0.5350509881973267,0.8412920832633972,0,0,0.10404700040817261,0,1,-0.7753100991249084,-0.5877159237861633,-0.23126554489135742,0,0.49601006507873535,-0.7932789325714111,0.3531051278114319,0,-0.3909834325313568,0.15905587375164032,0.9065498113632202,0,0.007553999777883291,-0.02471200004220009,0.07583899796009064,1,0.6312346458435059,-0.7692622542381287,0.09888681024312973,0,0.7688516974449158,0.637414276599884,0.050693079829216,0,-0.10202817618846893,0.0440300777554512,0.9938069581985474,0,0,0.39037200808525085,0,1,-0.17230117321014404,0.15164871513843536,0.9733009338378906,0,-0.9562710523605347,0.211320698261261,-0.20221205055713654,0,-0.23634381592273712,-0.9655809998512268,0.10860653221607208,0,0,0.3790229856967926,0,1,0.9763860702514648,0.19632670283317566,0.09015008062124252,0,-0.21108829975128174,0.7782057523727417,0.5914702415466309,0,0.04596608877182007,-0.5965327024459839,0.8012712001800537,0,0,0.10548900067806244,0,1
K0.034,0.9999247789382935,0.004227124620229006,-0.011533050797879696,0,-0.004428276792168617,0.9998378753662109,-0.01747208461165428,0,0.011457317508757114,0.01752183400094509,0.9997808337211609,0,-0.009630042128264904,0.7429689168930054,0.0013958449708297849,1,0.9475906491279602,-0.31946516036987305,-0.00377010484226048,0,0.3194805681705475,0.9475804567337036,0.004727089311927557,0,0.002062338637188077,-0.005683824419975281,0.9999819397926331,0,0.0015820000553503633,0.04416000097990036,0,1,0.9390281438827515,-0.3437361717224121,-0.008517329581081867,0,0.3438311219215393,0.9389030337333679,0.015513933263719082,0,0.0026642451994121075,-0.017496533691883087,0.9998430013656616,0,0,0.05155299976468086,0,1,0.975978672504425,-0.2177591770887375,-0.0068421498872339725,0,0.21784280240535736,0.9758546948432922,0.015874173492193222,0,0.0032201982103288174,-0.01698337309062481,0.9998509287834167,0,0,0.05891700088977814,0,1,0.9997409582138062,-0.016413012519478798,0.0157440435141325,0,0.016385354101657867,0.9998639822006226,0.0018844917649403214,0,-0.015772834420204163,-0.0016260320553556085,0.9998740553855896,0,0,0.0662819966673851,0,1,0.9274851083755493,0.36983874440193176,-0.054691512137651443,0,-0.37156105041503906,0.9280637502670288,-0.025294585153460503,0,0.04140229895710945,0.043781593441963196,0.9981831908226013,0,-0.12752500176429749,0.1006539985537529,0,1,-0.8925806283950806,0.3376482129096985,-0.29881948232650757,0,0.3529115319252014,0.11068536341190338,-0.9290866851806641,0,-0.28062960505485535,-0.9347418546676636,-0.21795573830604553,0,0.0009120000177063048,0.048409998416900635,-0.0625389963388443,1,0.7755774259567261,0.2614533305168152,0.5745625495910645,0,-0.5430785417556763,0.7403373718261719,0.3961896598339081,0,-0.3217850625514984,-0.619308352470398,0.7161787152290344,0,0,0.12941400706768036,0,1,0.6122561693191528,0.7902054786682129,0.026785967871546745,0,-0.756226122379303,0.5753674507141113,0.31156662106513977,0,0.2307898849248886,-0.21101485192775726,0.9498463869094849,0,0,0.23996299505233765,0,1,0.9242309331893921,-0.30828532576560974,-0.22529567778110504,0,0.2764344811439514,0.13319611549377441,0.9517576098442078,0,-0.2634042501449585,-0.9419228434562683,0.2083245813846588,0,0.0006249999860301614,0.04839999973773956,0.0625389963388443,1,0.8393264412879944,-0.1452663689851761,-0.5238591432571411,0,0.4717056453227997,0.6736215353012085,0.5689706206321716,0,0.2702304720878601,-0.7246593832969666,0.6339112520217896,0,0,0.12941299378871918,0,1,0.3870288133621216,-0.8661900758743286,-0.31610503792762756,0,0.9210119247436523,0.37955862283706665,0.08759190142154694,0,0.04410920292139053,-0.3250373601913452,0.9446722269058228,0,0,0.23996199667453766,0,1,-0.8311154842376709,-0.5534065961837769,0.05466233193874359,0,0.47973108291625977,-0.763221800327301,-0.4328402578830719,0,0.2812560796737671,-0.3335168957710266,0.8998114466667175,0,0.00834100041538477,-0.02471200004220009,-0.07583899796009064,1,0.6470887660980225,-0.7539019584655762,-0.11361552029848099,0,0.7603228092193604,0.6270759701728821,0.16936565935611725,0,-0.05643949657678604,-0.19597895443439484,0.9789819717407227,0,0,0.39040499925613403,0,1,0.22153136134147644,-0.06333861500024796,0.9730938673019409,0,-0.948211669921875,0.21895068883895874,0.23011833429336548,0,-0.22763507068157196,-0.9736776351928711,-0.011554008349776268,0,0,0.3791869878768921,0,1,0.9591270089149475,-0.19061097502708435,-0.20914901793003082,0,0.2722649872303009,0.8230360150337219,0.4984818994998932,0,0.07712098956108093,-0.5350509881973267,0.8412920832633972,0,0,0.10404700040817261,0,1,-0.7753634452819824,-0.5876162648200989,-0.2313411682844162,0,0.4959222972393036,-0.7933626174926758,0.35304054617881775,0,-0.3909896910190582,0.15900744497776031,0.906556248664856,0,0.007553999777883291,-0.02471200004220009,0.07583899796009064,1,0.6310340762138367,-0.7695001363754272,0.09830921143293381,0,0.7691360712051392,0.6371250748634338,0.05001317337155342,0,-0.1011204645037651,0.04405317083001137,0.9938986301422119,0,0,0.39037200808525085,0,1,-0.1722726970911026,0.15138068795204163,0.9733481407165527,0,-0.9563678503036499,0.2110026329755783,-0.20208364725112915,0,-0.23597070574760437,-0.9656926393508911,0.10842560976743698,0,0,0.3790229856967926,0,1,0.9763860702514648,0.19632671773433685,0.09015001356601715,0,-0.21108828485012054,0.7782061100006104,0.5914697647094727,0,0.0459660142660141,-0.5965322852134705,0.8012716770172119,0,0,0.10548900067806244,0,1
K0.067,0.9999178647994995,0.0038184362929314375,-0.012224690988659859,0,-0.004036711994558573,0.9998318552970886,-0.017880748957395554,0,0.01215436588972807,0.01792863756418228,0.9997656941413879,0,-0.009499147534370422,0.7429633736610413,0.0013750584330409765,1,0.9476653337478638,-0.3192459046840668,-0.003537374082952738,0,0.31926020979881287,0.9476542472839355,0.004829504061490297,0,0.001810409128665924,-0.005706098396331072,0.9999819993972778,0,0.0015820000553503633,0.04416000097990036,0,1,0.939174473285675,-0.34335100650787354,-0.0077671511098742485,0,0.3434339165687561,0.9390433430671692,0.015822121873497963,0,0.0018611523555591702,-0.017527254298329353,0.999845027923584,0,0,0.05155299976468086,0,1,0.9760709404945374,-0.2173498570919037,-0.006591660436242819,0,0.21742968261241913,0.9759458899497986,0.015943091362714767,0,0.002967875450849533,-0.016994815319776535,0.9998509287834167,0,0,0.05891700088977814,0,1,0.999738872051239,-0.01677882857620716,0.015534372068941593,0,0.016756249591708183,0.9998579621315002,0.001581717049703002,0,-0.015558703802525997,-0.0013210062170401216,0.9998780488967896,0,0,0.0662819966673851,0,1,0.9272271990776062,0.37018701434135437,-0.05667474865913391,0,-0.37199950218200684,0.9278870224952698,-0.025343680754303932,0,0.043205831199884415,0.044582296162843704,0.9980707168579102,0,-0.12752500176429749,0.1006539985537529,0,1,-0.892507016658783,0.3375779986381531,-0.2991202175617218,0,0.35295382142066956,0.109840989112854,-0.9291710257530212,0,-0.2808118462562561,-0.9348666667938232,-0.2171831876039505,0,0.0009120000177063048,0.048409998416900635,-0.0625389963388443,1,0.7755323648452759,0.26246652007102966,0.5741612911224365,0,-0.5430211424827576,0.7412044405937195,0.3946436643600464,0,-0.32199013233184814,-0.6178406476974487,0.7173528671264648,0,0,0.12941400706768036,0,1,0.6118443012237549,0.7905789017677307,0.025146014988422394,0,-0.7562249898910522,0.5753458142280579,0.31160807609558105,0,0.23188306391239166,-0.20967161655426025,0.9498773217201233,0,0,0.23996299505233765,0,1,0.9242361783981323,-0.3084259629249573,-0.22508156299591064,0,0.2764129936695099,0.1337929517030716,0.951680064201355,0,-0.2634083926677704,-0.9417924284934998,0.20890916883945465,0,0.0006249999860301614,0.04839999973773956,0.0625389963388443,1,0.8398072123527527,-0.1448902040719986,-0.5231920480728149,0,0.4709559381008148,0.6738215684890747,0.5693550109863281,0,0.27004432678222656,-0.724549412727356,0.634117603302002,0,0,0.12941299378871918,0,1,0.38701778650283813,-0.866214394569397,-0.3160543441772461,0,0.9210071563720703,0.37962600588798523,0.08735403418540955,0,0.04431507736444473,-0.3248954713344574,0.9447105526924133,0,0,0.23996199667453766,0,1,-0.8313100337982178,-0.5533375144004822,0.052358370274305344,0,0.48057428002357483,-0.7629132866859436,-0.4324488937854767,0,0.2792348861694336,-0.3343367874622345,0.9001366496086121,0,0.00834100041538477,-0.02471200004220009,-0.07583899796009064,1,0.646894633769989,-0.7541779279708862,-0.11288458108901978,0,0.7604206204414368,0.626826286315918,0.16985034942626953,0,-0.057338349521160126,-0.19571496546268463,0.9789826273918152,0,0,0.39040499925613403,0,1,0.22095659375190735,-0.06369118392467499,0.97320157289505,0,-0.9484366774559021,0.2184876650571823,0.2296328842639923,0,-0.22725802659988403,-0.9737585186958313,-0.012130768038332462,0,0,0.3791869878768921,0,1,0.9591270089149475,-0.19061097502708435,-0.20914901793003082,0,0.2722649872303009,0.8230360150337219,0.4984818994998932,0,0.07712098956108093,-0.5350509881973267,0.8412920832633972,0,0,0.10404700040817261,0,1,-0.775442361831665,-0.5875009894371033,-0.2313695251941681,0,0.4958399534225464,-0.7934558391571045,0.35294538736343384,0,-0.39093732833862305,0.15896658599376678,0.9065859913825989,0,0.007553999777883291,-0.02471200004220009,0.07583899796009064,1,0.6309649348258972,-0.7696259021759033,0.09776639193296432,0,0.7693057656288147,0.6369714140892029,0.04934953898191452,0,-0.10025516897439957,0.04407445713877678,0.9939851760864258,0,0,0.39037200808525085,0,1,-0.1722600758075714,0.15125136077404022,0.9733707904815674,0,-0.9564754366874695,0.21060098707675934,-0.2019951343536377,0,-0.23554480075836182,-0.9658002853393555,0.10838992148637772,0,0,0.3790229856967926,0,1,0.9763860702514648,0.19632671773433685,0.09015001356601715,0,-0.21108828485012054,0.7782061100006104,0.5914697647094727,0,0.0459660142660141,-0.5965322852134705,0.8012716770172119,0,0,0.10548900067806244,0,1
K0.101,0.9999147653579712,0.003371013095602393,-0.012644071131944656,0,-0.003602642333135009,0.9998248815536499,-0.0183416660875082,0,0.012580025009810925,0.01838565245270729,0.9997515678405762,0,-0.009372241795063019,0.7429872751235962,0.0013791099190711975,1,0.9476881623268127,-0.31918075680732727,-0.003366412129253149,0,0.3191942274570465,0.9476762413978577,0.004914064891636372,0,0.001621793955564499,-0.005731538869440556,0.9999819993972778,0,0.0015820000553503633,0.04416000097990036,0,1,0.9392780661582947,-0.3430774509906769,-0.00736819114536047,0,0.34315386414527893,0.9391411542892456,0.016120541840791702,0,0.0013891769340261817,-0.01767009310424328,0.9998428821563721,0,0,0.05155299976468086,0,1,0.9761374592781067,-0.2170640528202057,-0.006256906781345606,0,0.21713887155056,0.976006269454956,0.016222210600972176,0,0.0025855202693492174,-0.017193719744682312,0.9998489618301392,0,0,0.05891700088977814,0,1,0.9997327923774719,-0.017225859686732292,0.015436490997672081,0,0.01720566302537918,0.9998508095741272,0.0014397656777873635,0,-0.015458988957107067,-0.0011737857712432742,0.9998800754547119,0,0,0.0662819966673851,0,1,0.9270340800285339,0.3704559803009033,-0.058059412986040115,0,-0.37234553694725037,0.9277390241622925,-0.02567242458462715,0,0.04435347393155098,0.04541736841201782,0.9979832172393799,0,-0.12752500176429749,0.1006539985537529,0,1,-0.8924348950386047,0.3375250995159149,-0.299392968416214,0,0.3529936373233795,0.10906967520713806,-0.9292470812797546,0,-0.28098952770233154,-0.9349762797355652,-0.21648192405700684,0,0.0009120000177063048,0.048409998416900635,-0.0625389963388443,1,0.7754750847816467,0.2640588879585266,0.57350754737854,0,-0.5431989431381226,0.7420320510864258,0.3928406834602356,0,-0.32182782888412476,-0.6161666512489319,0.7188636064529419,0,0,0.12941400706768036,0,1,0.6113036274909973,0.791053831577301,0.023280920460820198,0,-0.7562181949615479,0.5752048492431641,0.31188568472862244,0,0.23332719504833221,-0.20826244354248047,0.9498347043991089,0,0,0.23996299505233765,0,1,0.9242352843284607,-0.3084210753440857,-0.22508810460567474,0,0.2764139175415039,0.13377508521080017,0.9516826272010803,0,-0.26340773701667786,-0.9417960047721863,0.20889149606227875,0,0.0006249999860301614,0.04839999973773956,0.0625389963388443,1,0.8405183553695679,-0.14351442456245422,-0.5224294662475586,0,0.46910709142684937,0.6751989126205444,0.5692488551139832,0,0.27104851603507996,-0.7235397696495056,0.6348410248756409,0,0,0.12941299378871918,0,1,0.3862514793872833,-0.8667240738868713,-0.31559380888938904,0,0.9213445782661438,0.3788396418094635,0.08720475435256958,0,0.04397699609398842,-0.3244536817073822,0.9448791146278381,0,0,0.23996199667453766,0,1,-0.8315275311470032,-0.5532171130180359,0.050118543207645416,0,0.4813527464866638,-0.7626508474349976,-0.43204402923583984,0,0.2772372364997864,-0.335131973028183,0.9004583358764648,0,0.00834100041538477,-0.02471200004220009,-0.07583899796009064,1,0.6467305421829224,-0.7543813586235046,-0.1124623715877533,0,0.7605109810829163,0.6266006827354431,0.1702776849269867,0,-0.057985350489616394,-0.1956527680158615,0.9789577126502991,0,0,0.39040499925613403,0,1,0.22008991241455078,-0.06400736421346664,0.9733772873878479,0,-0.9487535953521729,0.2179277092218399,0.22885271906852722,0,-0.2267741560935974,-0.9738636016845703,-0.012763510458171368,0,0,0.3791869878768921,0,1,0.9591270089149475,-0.19061097502708435,-0.20914901793003082,0,0.2722649872303009,0.8230360150337219,0.4984818994998932,0,0.07712098956108093,-0.5350509881973267,0.8412920832633972,0,0,0.10404700040817261,0,1,-0.7757339477539062,-0.5872406959533691,-0.23105189204216003,0,0.49568411707878113,-0.7936084866523743,0.35282185673713684,0,-0.3905562162399292,0.15916718542575836,0.9067151546478271,0,0.007553999777883291,-0.02471200004220009,0.07583899796009064,1,0.6312915086746216,-0.7694222927093506,0.09726852923631668,0,0.7691497206687927,0.6372156143188477,0.048630718141794205,0,-0.09939852356910706,0.044113870710134506,0.9940690994262695,0,0,0.39037200808525085,0,1,-0.1722753643989563,0.15143844485282898,0.9733380675315857,0,-0.9565032124519348,0.2104368656873703,-0.20203685760498047,0,-0.2354222983121872,-0.965806782245636,0.1085982695221901,0,0,0.3790229856967926,0,1,0.9763860702514648,0.19632670283317566,0.09015007317066193,0,-0.21108829975128174,0.778205931186676,0.5914700627326965,0,0.04596606642007828,-0.596532940864563,0.8012719750404358,0,0,0.10548900067806244,0,1
K0.134,0.9999057650566101,0.00299530616030097,-0.013407778926193714,0,-0.003245535772293806,0.9998207092285156,-0.018680306151509285,0,0.013349412009119987,0.0187220498919487,0.9997354745864868,0,-0.009246704168617725,0.7430442571640015,0.0013849999522790313,1,0.9476959705352783,-0.3191589415073395,-0.0031545881647616625,0,0.3191715478897095,0.9476838707923889,0.005009752232581377,0,0.0013906439999118447,-0.00575457327067852,0.9999819993972778,0,0.0015820000553503633,0.04416000097990036,0,1,0.9393757581710815,-0.3428191840648651,-0.006978325080126524,0,0.34288883209228516,0.9392306804656982,0.016505606472492218,0,0.0008958184043876827,-0.017897747457027435,0.9998389482498169,0,0,0.05155299976468086,0,1,0.9761985540390015,-0.21679577231407166,-0.005941435229033232,0,0.21686609089374542,0.9760602712631226,0.016597311943769455,0,0.002200973453000188,-0.017490779981017113,0.9998449683189392,0,0,0.05891700088977814,0,1,0.9997246861457825,-0.01767367497086525,0.015401976183056831,0,0.01765439100563526,0.9998427033424377,0.0013872197596356273,0,-0.01542407926172018,-0.0011149260681122541,0.9998800158500671,0,0,0.0662819966673851,0,1,0.9266345500946045,0.3713899552822113,-0.05846882238984108,0,-0.3733215928077698,0.9273324012756348,-0.026180323213338852,0,0.04449690878391266,0.04608725383877754,0.9979459047317505,0,-0.12752500176429749,0.1006539985537529,0,1,-0.8924206495285034,0.33740636706352234,-0.2995710074901581,0,0.3530117869377136,0.10860942304134369,-0.9292938113212585,0,-0.2810133993625641,-0.9350731372833252,-0.21603384613990784,0,0.0009120000177063048,0.048409998416900635,-0.0625389963388443,1,0.7754807472229004,0.26595982909202576,0.5726202726364136,0,-0.5436135530471802,0.7425310015678406,0.3913211226463318,0,-0.32111263275146484,-0.6147462129592896,0.7203978896141052,0,0,0.12941400706768036,0,1,0.6106805801391602,0.7916015386581421,0.020909486338496208,0,-0.7562240362167358,0.5751479864120483,0.3119773864746094,0,0.23493562638759613,-0.20633071660995483,0.9498593807220459,0,0,0.23996299505233765,0,1,0.9242390990257263,-0.3085278272628784,-0.22492648661136627,0,0.27639755606651306,0.1342243254184723,0.95162433385849,0,-0.2634119391441345,-0.941697359085083,0.209331676363945,0,0.0006249999860301614,0.04839999973773956,0.0625389963388443,1,0.84121173620224,-0.14165334403514862,-0.5218216776847839,0,0.4671643376350403,0.6763291954994202,0.5695044994354248,0,0.27225109934806824,-0.7228506207466125,0.6351116895675659,0,0,0.12941299378871918,0,1,0.38611239194869995,-0.867027223110199,-0.3149312734603882,0,0.9214147329330444,0.37868812680244446,0.08711963891983032,0,0.04372561722993851,-0.32382020354270935,0.9451076984405518,0,0,0.23996199667453766,0,1,-0.8318779468536377,-0.5528939366340637,0.04782037064433098,0,0.48197779059410095,-0.7625078558921814,-0.4316006898880005,0,0.2750929296016693,-0.33599087595939636,0.9007964730262756,0,0.00834100041538477,-0.02471200004220009,-0.07583899796009064,1,0.6470749974250793,-0.7541247606277466,-0.11220758408308029,0,0.7601959705352783,0.6269063949584961,0.1705608367919922,0,-0.058280445635318756,-0.19566527009010315,0.9789372682571411,0,0,0.39040499925613403,0,1,0.2189638465642929,-0.06478801369667053,0.9735795855522156,0,-0.9490130543708801,0.21776695549488068,0.22793017327785492,0,-0.22678062319755554,-0.9738485217094421,-0.013801543042063713,0,0,0.3791869878768921,0,1,0.9591270089149475,-0.19061097502708435,-0.20914901793003082,0,0.2722649872303009,0.8230360150337219,0.4984818994998932,0,0.07712098956108093,-0.5350509881973267,0.8412920832633972,0,0,0.10404700040817261,0,1,-0.7761898636817932,-0.5868463516235352,-0.23052279651165009,0,0.4953799247741699,-0.7938022613525391,0.35281163454055786,0,-0.3900359272956848,0.1596525013446808,0.9068535566329956,0,0.007553999777883291,-0.02471200004220009,0.07583899796009064,1,0.6316384077072144,-0.769242525100708,0.09642650932073593,0,0.7690434455871582,0.6374290585517883,0.047499023377895355,0,-0.09800340235233307,0.04415399581193924,0.9942063093185425,0,0,0.39037200808525085,0,1,-0.17226174473762512,0.15144337713718414,0.9733401536941528,0,-0.9565510749816895,0.21024861931800842,-0.2020033597946167,0,-0.23523551225662231,-0.9658475518226624,0.10864567756652832,0,0,0.3790229856967926,0,1,0.9763860702514648,0.19632671773433685,0.09015001356601715,0,-0.21108828485012054,0.7782061100006104,0.5914697647094727,0,0.0459660142660141,-0.5965322852134705,0.8012716770172119,0,0,0.10548900067806244,0,1
K0.168,0.9998995661735535,0.002833389211446047,-0.013842498883605003,0,-0.0030987905338406563,0.9998107552528381,-0.019189300015568733,0,0.013785526156425476,0.019230296835303307,0.9997203946113586,0,-0.009136602282524109,0.7431223392486572,0.0014178893761709332,1,0.947692334651947,-0.31916987895965576,-0.00301655987277627,0,0.31918203830718994,0.9476802945137024,0.005089806392788887,0,0.0012342205736786127,-0.005786398891359568,0.9999819993972778,0,0.0015820000553503633,0.04416000097990036,0,1,0.9393972158432007,-0.34276464581489563,-0.0067857978865504265,0,0.34283119440078735,0.9392492771148682,0.016683900728821754,0,0.0006549037643708289,-0.017999183386564255,0.9998380541801453,0,0,0.05155299976468086,0,1,0.976212739944458,-0.2167397290468216,-0.005792558193206787,0,0.2168077826499939,0.9760706424713135,0.016784576699137688,0,0.002016057725995779,-0.017641166225075722,0.9998419880867004,0,0,0.05891700088977814,0,1,0.9997156858444214,-0.018208395689725876,0.01536655705422163,0,0.018189962953329086,0.9998335838317871,0.0013387844664976,0,-0.015388384461402893,-0.0010588872246444225,0.9998810291290283,0,0,0.0662819966673851,0,1,0.9264745116233826,0.371817409992218,-0.05827741324901581,0,-0.37376919388771057,0.9271338582038879,-0.02682226523756981,0,0.04405798017978668,0.04663245379924774,0.9979398250579834,0,-0.12752500176429749,0.1006539985537529,0,1,-0.8924108743667603,0.337368369102478,-0.2996421754360199,0,0.3530202805995941,0.10842155665159225,-0.929311990737915,0,-0.2810328006744385,-0.935107946395874,-0.21585452556610107,0,0.0009120000177063048,0.048409998416900635,-0.0625389963388443,1,0.7757096886634827,0.26775774359703064,0.571471095085144,0,-0.5438985228538513,0.7429128885269165,0.39019760489463806,0,-0.3200750946998596,-0.6135029196739197,0.7219184637069702,0,0,0.12941400706768036,0,1,0.6099315285682678,0.7922105193138123,0.019648917019367218,0,-0.7565024495124817,0.574697732925415,0.3121323585510254,0,0.23598240315914154,-0.20524387061595917,0.9498356580734253,0,0,0.23996299505233765,0,1,0.9242411255836487,-0.3086194396018982,-0.22479449212551117,0,0.27639007568359375,0.13460952043533325,0.9515711665153503,0,-0.26341402530670166,-0.9416125416755676,0.20971108973026276,0,0.0006249999860301614,0.04839999973773956,0.0625389963388443,1,0.8417528867721558,-0.13989989459514618,-0.5214208364486694,0,0.46547162532806396,0.6773303151130676,0.5697004199028015,0,0.27347323298454285,-0.7222540974617004,0.6352645754814148,0,0,0.12941299378871918,0,1,0.3864063322544098,-0.8667003512382507,-0.3154710829257965,0,0.9212762713432312,0.37901830673217773,0.08714484423398972,0,0.044040825217962265,-0.32430922985076904,0.9449253678321838,0,0,0.23996199667453766,0,1,-0.8323615193367004,-0.5523622632026672,0.04550531506538391,0,0.4824124872684479,-0.762474775314331,-0.4311744272708893,0,0.27286097407341003,-0.3369404375553131,0.9011205434799194,0,0.00834100041538477,-0.02471200004220009,-0.07583899796009064,1,0.6472204923629761,-0.754039466381073,-0.11193949729204178,0,0.7600414752960205,0.6270025968551636,0.17089389264583588,0,-0.05867433547973633,-0.19568459689617157,0.9789096117019653,0,0,0.39040499925613403,0,1,0.2176150381565094,-0.06537165492773056,0.9738426804542542,0,-0.9493891596794128,0.21736524999141693,0.22674177587032318,0,-0.22650201618671417,-0.9738982319831848,-0.014761170372366905,0,0,0.3791869878768921,0,1,0.9591270089149475,-0.19061097502708435,-0.20914901793003082,0,0.2722649872303009,0.8230360150337219,0.4984818994998932,0,0.07712098956108093,-0.5350509881973267,0.8412920832633972,0,0,0.10404700040817261,0,1,-0.7764222025871277,-0.5863791108131409,-0.23092809319496155,0,0.49495619535446167,-0.7941978573799133,0.3525168001651764,0,-0.3901112377643585,0.15940265357494354,0.9068652391433716,0,0.007553999777883291,-0.02471200004220009,0.07583899796009064,1,0.6320399641990662,-0.76894611120224,0.09616436064243317,0,0.7687695622444153,0.6377877593040466,0.04712055251002312,0,-0.09756557643413544,0.04414614662528038,0.9942493438720703,0,0,0.39037200808525085,0,1,-0.17224514484405518,0.15140821039676666,0.9733481407165527,0,-0.9565623998641968,0.21022388339042664,-0.20197583734989166,0,-0.23520202934741974,-0.9658581614494324,0.10862137377262115,0,0,0.3790229856967926,0,1,0.9763860702514648,0.19632671773433685,0.09015008807182312,0,-0.21108831465244293,0.7782057523727417,0.5914702415466309,0,0.04596609249711037,-0.5965327024459839,0.8012712001800537,0,0,0.10548900067806244,0,1
K0.201,0.999893069267273,0.002860395470634103,-0.014346939511597157,0,-0.003139904933050275,0.9998046159744263,-0.019497673958539963,0,0.014288365840911865,0.019540641456842422,0.9997067451477051,0,-0.009098499082028866,0.7432436943054199,0.001412749639712274,1,0.9476714730262756,-0.3192324638366699,-0.00295129232108593,0,0.3192440867424011,0.9476585388183594,0.005131448619067669,0,0.0011586925247684121,-0.00580510962754488,0.9999819993972778,0,0.0015820000553503633,0.04416000097990036,0,1,0.9392892718315125,-0.3430617153644562,-0.0066771432757377625,0,0.34312617778778076,0.9391395449638367,0.01675821840763092,0,0.0005216659046709538,-0.01803191378712654,0.9998369812965393,0,0,0.05155299976468086,0,1,0.9761455655097961,-0.21704724431037903,-0.005577347707003355,0,0.21711145341396332,0.9760003685951233,0.01688499003648758,0,0.0017786524258553982,-0.017693113535642624,0.9998417496681213,0,0,0.05891700088977814,0,1,0.9997064471244812,-0.018834561109542847,0.015272926539182663,0,0.01881856843829155,0.9998223185539246,0.0011896685464307666,0,-0.015292616561055183,-0.0009019045392051339,0.9998829960823059,0,0,0.0662819966673851,0,1,0.9261372089385986,0.3726920485496521,-0.05804787948727608,0,-0.374663770198822,0.9267527461051941,-0.027506522834300995,0,0.043544571846723557,0.04722325876355171,0.9979345202445984,0,-0.12752500176429749,0.1006539985537529,0,1,-0.8924038410186768,0.3373849391937256,-0.29964494705200195,0,0.3530237078666687,0.10841041803359985,-0.9293121099472046,0,-0.2810512185096741,-0.9351032376289368,-0.21585063636302948,0,0.0009120000177063048,0.048409998416900635,-0.0625389963388443,1,0.7759870886802673,0.2691648006439209,0.5704334378242493,0,-0.5440502166748047,0.7432197332382202,0.38940098881721497,0,-0.3191443979740143,-0.6125147342681885,0.7231682538986206,0,0,0.12941400706768036,0,1,0.608906626701355,0.7930173277854919,0.018880795687437057,0,-0.7570258378982544,0.5738318562507629,0.3124576807022095,0,0.2369498461484909,-0.20455071330070496,0.9497441649436951,0,0,0.23996299505233765,0,1,0.924191951751709,-0.3085223436355591,-0.22513045370578766,0,0.2765849530696869,0.13414879143238068,0.9515801668167114,0,-0.26338258385658264,-0.9417097568511963,0.20931172370910645,0,0.0006249999860301614,0.04839999973773956,0.0625389963388443,1,0.8423672914505005,-0.13829123973846436,-0.5208578109741211,0,0.463424414396286,0.6791927814483643,0.5691516995429993,0,0.2750542461872101,-0.7208132147789001,0.636217474937439,0,0,0.12941299378871918,0,1,0.38617172837257385,-0.8665580153465271,-0.3161463141441345,0,0.9213656783103943,0.37880322337150574,0.08714452385902405,0,0.04424144700169563,-0.3249390721321106,0.9446997046470642,0,0,0.23996199667453766,0,1,-0.8330165147781372,-0.5515536665916443,0.043269626796245575,0,0.48261404037475586,-0.7626763582229614,-0.43059125542640686,0,0.27049484848976135,-0.3378070294857025,0.9015094041824341,0,0.00834100041538477,-0.02471200004220009,-0.07583899796009064,1,0.6476840972900391,-0.7537142038345337,-0.11144230514764786,0,0.7595973014831543,0.6273900270462036,0.17144593596458435,0,-0.05930349603295326,-0.19569425284862518,0.978870689868927,0,0,0.39040499925613403,0,1,0.21637330949306488,-0.06589740514755249,0.9740846157073975,0,-0.9496679306030273,0.21728713810443878,0.22564925253391266,0,-0.22652563452720642,-0.9738808274269104,-0.015565503388643265,0,0,0.3791869878768921,0,1,0.9591270089149475,-0.19061097502708435,-0.20914901793003082,0,0.2722649872303009,0.8230360150337219,0.4984818994998932,0,0.07712098956108093,-0.5350509881973267,0.8412920832633972,0,0,0.10404700040817261,0,1,-0.7767081260681152,-0.5857746005058289,-0.2314985692501068,0,0.4943656325340271,-0.7946997880935669,0.3522145748138428,0,-0.390290230512619,0.1591230034828186,0.906836748123169,0,0.007553999777883291,-0.02471200004220009,0.07583899796009064,1,0.6326834559440613,-0.7684414386749268,0.09596165269613266,0,0.7682273387908936,0.6384223103523254,0.04736747592687607,0,-0.09766319394111633,0.043751753866672516,0.9942569732666016,0,0,0.39037200808525085,0,1,-0.1722651571035385,0.15173135697841644,0.973294198513031,0,-0.9565087556838989,0.21035964787006378,-0.20208817720413208,0,-0.23540513217449188,-0.9657777547836304,0.10889475792646408,0,0,0.3790229856967926,0,1,0.9763859510421753,0.19632717967033386,0.09015016257762909,0,-0.21108877658843994,0.7782061696052551,0.5914697647094727,0,0.04596615955233574,-0.5965322256088257,0.8012717366218567,0,0,0.10548900067806244,0,1
