4.567,30,136,25
B0,mixamorig_Hips,-1,0.0805472880601883,-0.004484705161303282,0.9967402815818787,0,0.035187363624572754,0.9993792176246643,0.001653065555728972,0,-0.99612957239151,0.03493953496217728,0.08065513521432877,0,-0.005205460358411074,0.7087710499763489,-0.005157694686204195,1
B1,mixamorig_Spine,0,0.9374971985816956,-0.3474780023097992,-0.01891740784049034,0,0.3478766977787018,0.9372023344039917,0.02517504245042801,0,0.008981662802398205,-0.030182449147105217,0.9995038509368896,0,0.0014400000218302011,0.04484400153160095,0,1
B2,mixamorig_Spine1,1,0.8396874666213989,-0.5388966202735901,-0.06719354540109634,0,0.5421515703201294,0.8390181064605713,0.04604479670524597,0,0.03156323358416557,-0.0750923678278923,0.9966771602630615,0,0,0.052345000207424164,0,1
B3,mixamorig_Spine2,2,0.8844996094703674,-0.4628312885761261,-0.05871221423149109,0,0.4652142822742462,0.8844556212425232,0.036246057599782944,0,0.035152558237314224,-0.059373412281274796,0.9976168274879456,0,0,0.05982299894094467,0,1
B4,mixamorig_Neck,3,0.9398422241210938,0.33989235758781433,0.0342058427631855,0,-0.34039512276649475,0.9402298331260681,0.009962360374629498,0,-0.028775209560990334,-0.021006537601351738,0.9993648529052734,0,0,0.06730099767446518,0,1
B5,mixamorig_Head,4,0.7646796107292175,0.6444072723388672,0.0019553466700017452,0,-0.6435859799385071,0.7638514637947083,-0.04824861139059067,0,-0.03258536010980606,0.035636309534311295,0.998833417892456,0,-0.13123999536037445,0.09945400059223175,0,1
B6,mixamorig_HeadTop_End,5,1,0,0,0,0,1,0,0,0,0,1,0,-0.006947999820113182,0.005264999810606241,0,1
B7,mixamorig_LeftShoulder,3,-0.910118818283081,0.22309164702892303,-0.34916239976882935,0,0.37590405344963074,0.09007536619901657,-0.9222705364227295,0,-0.17429985105991364,-0.9706270694732666,-0.16584041714668274,0,-0.0036909999325871468,0.0479619987308979,-0.0578249990940094,1
B8,mixamorig_LeftArm,7,-0.40193939208984375,-0.44857531785964966,-0.7982640266418457,0,-0.538986086845398,0.8206589818000793,-0.18977132439613342,0,0.7402285933494568,0.353976309299469,-0.5716305375099182,0,0,0.11626599729061127,0,1
B9,mixamorig_LeftForeArm,8,0.6799598932266235,-0.7324827313423157,0.03352750465273857,0,0.7135587930679321,0.6504827737808228,-0.26020348072052,0,0.16878552734851837,0.20085179805755615,0.9649717807769775,0,0,0.22424599528312683,0,1
B10,mixamorig_LeftHand,9,1,0,0,0,0,1,0,0,0,0,1,0,0,0.2598569989204407,0,1
B11,mixamorig_RightShoulder,3,0.9812145233154297,-0.18219205737113953,-0.06343153864145279,0,0.08116930723190308,0.09160590171813965,0.9924816489219666,0,-0.17501164972782135,-0.9789865612983704,0.10467349737882614,0,-0.004825999960303307,0.047926001250743866,0.0578249990940094,1
B12,mixamorig_RightArm,11,0.5691264867782593,-0.3523174226284027,-0.7429452538490295,0,0.6546812057495117,0.7408328056335449,0.15019699931144714,0,0.497481107711792,-0.5718733072280884,0.6522831320762634,0,0,0.11645600199699402,0,1
B13,mixamorig_RightForeArm,12,0.11109305918216705,-0.8803965449333191,-0.4610427916049957,0,0.9702589511871338,-0.004314248450100422,0.24203237891197205,0,-0.21507340669631958,-0.4742186963558197,0.8537328243255615,0,0,0.224604994058609,0,1
B14,mixamorig_RightHand,13,1,0,0,0,0,1,0,0,0,0,1,0,0,0.25987398624420166,0,1
B15,mixamorig_LeftUpLeg,0,-0.7638848423957825,-0.6451084613800049,-0.01775217056274414,0,0.5824208855628967,-0.6772852540016174,-0.449523001909256,0,0.2779678702354431,-0.35372307896614075,0.893092691898346,0,0.007242000196129084,-0.025092000141739845,-0.07581000030040741,1
B16,mixamorig_LeftLeg,15,0.49815961718559265,-0.8541567325592041,-0.14917682111263275,0,0.8642213940620422,0.4751383662223816,0.16542460024356842,0,-0.07041886448860168,-0.21132956445217133,0.9748747944831848,0,0,0.390720009803772,0,1
B17,mixamorig_LeftFoot,16,0.26103508472442627,-0.029597466811537743,0.9648752212524414,0,-0.952968418598175,0.15154342353343964,0.2624623775482178,0,-0.15398861467838287,-0.9880071878433228,0.011352728120982647,0,0,0.3791869878768921,0,1
B18,mixamorig_LeftToeBase,17,0.9591166377067566,-0.18884873390197754,-0.21078738570213318,0,0.2721627652645111,0.819706380367279,0.5039927363395691,0,0.07760540395975113,-0.5407564640045166,0.8375919461250305,0,0,0.10404700040817261,0,1
B19,mixamorig_LeftToe_End,18,1,0,0,0,0,1,0,0,0,0,1,0,0,0.04368500038981438,0,1
B20,mixamorig_RightUpLeg,0,-0.7177479267120361,-0.6528855562210083,-0.24203015863895416,0,0.5434454083442688,-0.7425641417503357,0.3914908170700073,0,-0.4353215992450714,0.1494615525007248,0.8877814412117004,0,0.0063299997709691525,-0.025092000141739845,0.07581000030040741,1
B21,mixamorig_RightLeg,20,0.4757598042488098,-0.8761129379272461,0.07796209305524826,0,0.8752045631408691,0.48035797476768494,0.05721605569124222,0,-0.0875774472951889,0.04101168364286423,0.9953131079673767,0,0,0.39068400859832764,0,1
B22,mixamorig_RightFoot,21,-0.1863459348678589,0.14530925452709198,0.9716790914535522,0,-0.9730349183082581,0.10954076051712036,-0.2029871940612793,0,-0.13593433797359467,-0.983303427696228,0.12097852677106857,0,0,0.3790229856967926,0,1
B23,mixamorig_RightToeBase,22,0.9741263389587402,0.21198232471942902,0.07836683839559555,0,-0.21480593085289001,0.7606219053268433,0.6126281023025513,0,0.07025881111621857,-0.6136109232902527,0.7864770293235779,0,0,0.10548900067806244,0,1
B24,mixamorig_RightToe_End,23,1,0,0,0,0,1,0,0,0,0,1,0,0,0.044149000197649,0,1
@20,0,1,2,3,4,5,7,8,9,11,12,13,15,16,17,18,20,21,22,23
K0,0.999925971031189,0.004411858506500721,-0.011347931809723377,0,-0.004605151247233152,0.9998440146446228,-0.01706385798752308,0,0.011270875111222267,0.017114847898483276,0.9997900128364563,0,-0.008580000139772892,0.7436299920082092,0.0014209996443241835,1,0.9487169981002808,-0.3161018490791321,-0.0038896503392606974,0,0.31611812114715576,0.9487090110778809,0.0046181208454072475,0,0.0022303496953099966,-0.005610879510641098,0.9999819993972778,0,0.0014400000218302011,0.04484400153160095,0,1,0.9389418959617615,-0.34396421909332275,-0.00870090164244175,0,0.34406277537345886,0.9388201236724854,0.015447776764631271,0,0.0028550992719829082,-0.01749822497367859,0.9998430609703064,0,0,0.052345000207424164,0,1,0.9759239554405212,-0.21800096333026886,-0.006853945553302765,0,0.21808503568172455,0.9758010506629944,0.015880806371569633,0,0.003226054599508643,-0.016993194818496704,0.9998499751091003,0,0,0.05982299894094467,0,1,0.9996770620346069,-0.019787011668086052,0.01597660593688488,0,0.019753986969590187,0.9998019933700562,0.002221159404143691,0,-0.01601739414036274,-0.0019048404647037387,0.9998700022697449,0,0,0.06730099767446518,0,1,0.9276589751243591,0.36963891983032227,-0.05305991694331169,0,-0.37129008769989014,0.9281719326972961,-0.025294074788689613,0,0.0398990772664547,0.043164923787117004,0.9982709288597107,0,-0.13123999536037445,0.09945400059223175,0,1,-0.9218199253082275,0.31181907653808594,-0.23025184869766235,0,0.26479488611221313,0.07277832925319672,-0.9615539312362671,0,-0.2830738127231598,-0.9473500847816467,-0.14965663850307465,0,-0.0036909999325871468,0.0479619987308979,-0.0578249990940094,1,-0.7342302203178406,-0.2932329773902893,-0.6123079657554626,0,-0.5902340412139893,0.7213598489761353,0.3623031675815582,0,0.33545511960983276,0.6274188160896301,-0.7027201652526855,0,0,0.11626599729061127,0,1,0.6437258720397949,-0.762653112411499,0.06307347118854523,0,0.7197328805923462,0.5753680467605591,-0.3885059356689453,0,0.2600044906139374,0.29548704624176025,0.9192848205566406,0,0,0.22424599528312683,0,1,0.9509109854698181,-0.27534106373786926,-0.1412639021873474,0,0.17342595756053925,0.09607291966676712,0.9801499247550964,0,-0.25630390644073486,-0.9565340876579285,0.1391080766916275,0,-0.004825999960303307,0.047926001250743866,0.0578249990940094,1,0.8033371567726135,-0.16433307528495789,-0.5724027752876282,0,0.5189609527587891,0.6646448373794556,0.5375192761421204,0,0.2921122908592224,-0.7288637757301331,0.61921626329422,0,0,0.11645600199699402,0,1,0.43124380707740784,-0.8148029446601868,-0.38746023178100586,0,0.9020240306854248,0.38006600737571716,0.20470070838928223,0,-0.01953025721013546,-0.43777427077293396,0.8988727927207947,0,0,0.224604994058609,0,1,-0.8311300277709961,-0.5532531142234802,0.05598592758178711,0,0.4790869653224945,-0.7635310292243958,-0.433008074760437,0,0.2823100686073303,-0.33306393027305603,0.899649977684021,0,0.007242000196129084,-0.025092000141739845,-0.07581000030040741,1,0.647331953048706,-0.7535991072654724,-0.11423890292644501,0,0.7601369023323059,0.6272391676902771,0.16959282755851746,0,-0.0561499148607254,-0.19662019610404968,0.9788709878921509,0,0,0.390720009803772,0,1,0.22180703282356262,-0.06276658922433853,0.9730680584907532,0,-0.9481198191642761,0.21920114755630493,0.23025953769683838,0,-0.22775043547153473,-0.9736589789390564,-0.010889934375882149,0,0,0.3791869878768921,0,1,0.9591270089149475,-0.19061097502708435,-0.20914901793003082,0,0.2722649872303009,0.8230360150337219,0.4984818994998932,0,0.07712098956108093,-0.5350509881973267,0.8412920832633972,0,0,0.10404700040817261,0,1,-0.7752862572669983,-0.5877518057823181,-0.23125481605529785,0,0.49602121114730835,-0.7932438254356384,0.35316917300224304,0,-0.3910171091556549,0.15909981727600098,0.9065279364585876,0,0.0063299997709691525,-0.025092000141739845,0.07581000030040741,1,0.6311280131340027,-0.7693410515785217,0.09895606338977814,0,0.7689459919929504,0.6373101472854614,0.05058268457651138,0,-0.10198093950748444,0.04416767880320549,0.9938049912452698,0,0,0.39068400859832764,0,1,-0.17228397727012634,0.15149833261966705,0.9733279347419739,0,-0.9563000202178955,0.21124936640262604,-0.2021508663892746,0,-0.2362402230501175,-0.9656199812889099,0.10848285257816315,0,0,0.3790229856967926,0,1,0.9763860106468201,0.1963249295949936,0.0901518315076828,0,-0.21108806133270264,0.778205931186676,0.5914711356163025,0,0.0459638275206089,-0.596534013748169,0.8012710213661194,0,0,0.10548900067806244,0,1
K0.034,0.9999249577522278,0.004229499027132988,-0.011524861678481102,0,-0.0044299024157226086,0.9998379945755005,-0.01741945557296276,0,0.011449321173131466,0.01746920682489872,0.9997819066047668,0,-0.008431042544543743,0.74360191822052,0.0013818377628922462,1,0.9487634301185608,-0.31596460938453674,-0.0037443574983626604,0,0.3159801661968231,0.948754608631134,0.004688489716500044,0,0.0020710790995508432,-0.005631409119814634,0.9999819993972778,0,0.0014400000218302011,0.04484400153160095,0,1,0.9390279650688171,-0.343736469745636,-0.008460444398224354,0,0.3438308537006378,0.9389032125473022,0.01554514467716217,0,0.002600104548037052,-0.017506279051303864,0.9998430013656616,0,0,0.052345000207424164,0,1,0.975978672504425,-0.21775904297828674,-0.006783186458051205,0,0.21784187853336334,0.9758546948432922,0.01589939557015896,0,0.003157168859615922,-0.01699514128267765,0.9998509287834167,0,0,0.05982299894094467,0,1,0.9996740221977234,-0.020106786862015724,0.015743596479296684,0,0.020079581066966057,0.999796986579895,0.0018846356542780995,0,-0.015778282657265663,-0.0015678954077884555,0.9998740553855896,0,0,0.06730099767446518,0,1,0.9274851083755493,0.36983874440193176,-0.054691512137651443,0,-0.37156105041503906,0.9280637502670288,-0.025294585153460503,0,0.04140229895710945,0.043781593441963196,0.9981831908226013,0,-0.13123999536037445,0.09945400059223175,0,1,-0.9217404723167419,0.31181207299232483,-0.230580136179924,0,0.26483410596847534,0.07176744192838669,-0.96161949634552,0,-0.28329649567604065,-0.9474294185638428,-0.14872953295707703,0,-0.0036909999325871468,0.0479619987308979,-0.0578249990940094,1,-0.7339578866958618,-0.2940443158149719,-0.612245500087738,0,-0.5902762413024902,0.7220597267150879,0.3608362078666687,0,0.33597615361213684,0.6262328624725342,-0.7035291194915771,0,0,0.11626599729061127,0,1,0.6435954570770264,-0.762800931930542,0.06261353194713593,0,0.7197328805923462,0.57536780834198,-0.3885055184364319,0,0.26032647490501404,0.29510533809661865,0.9193167090415955,0,0,0.22424599528312683,0,1,0.9509130716323853,-0.2754054367542267,-0.14112554490566254,0,0.17341208457946777,0.09651754051446915,0.9801084995269775,0,-0.256305992603302,-0.9564704298973083,0.13953836262226105,0,-0.004825999960303307,0.047926001250743866,0.0578249990940094,1,0.8039337396621704,-0.16392561793327332,-0.5716804265975952,0,0.5182486772537231,0.6646390557289124,0.5382136702537537,0,0.29173412919044495,-0.7289606928825378,0.6192799806594849,0,0,0.11645600199699402,0,1,0.43071675300598145,-0.8150284290313721,-0.3875724673271179,0,0.9022741317749023,0.37955960631370544,0.20453649759292603,0,-0.019596215337514877,-0.4377938210964203,0.8988615870475769,0,0,0.224604994058609,0,1,-0.8312353491783142,-0.5532196760177612,0.05473632365465164,0,0.47955405712127686,-0.763369083404541,-0.43277573585510254,0,0.28120410442352295,-0.3334895074367523,0.8998382687568665,0,0.007242000196129084,-0.025092000141739845,-0.07581000030040741,1,0.6469327807426453,-0.7540278434753418,-0.11366745829582214,0,0.7604550123214722,0.6269159913063049,0.16936425864696503,0,-0.05644542723894119,-0.19600634276866913,0.9789769649505615,0,0,0.390720009803772,0,1,0.2215266078710556,-0.06323142349720001,0.9731018543243408,0,-0.9483124613761902,0.2185502052307129,0.23008449375629425,0,-0.22722017765045166,-0.9737745523452759,-0.011548438109457493,0,0,0.3791869878768921,0,1,0.9591269493103027,-0.1906110793352127,-0.20914912223815918,0,0.2722649574279785,0.823034942150116,0.4984821081161499,0,0.07712087035179138,-0.5350518226623535,0.8412920832633972,0,0,0.10404700040817261,0,1,-0.7753404378890991,-0.5876501202583313,-0.23133160173892975,0,0.4959314465522766,-0.7933286428451538,0.35310325026512146,0,-0.39102333784103394,0.15905071794986725,0.9065343737602234,0,0.0063299997709691525,-0.025092000141739845,0.07581000030040741,1,0.6309303641319275,-0.769577145576477,0.09837906062602997,0,0.7692272663116455,0.6370229721069336,0.04990394413471222,0,-0.10107464343309402,0.0441899374127388,0.9938966631889343,0,0,0.39068400859832764,0,1,-0.172255739569664,0.15123100578784943,0.9733741879463196,0,-0.9563968181610107,0.21093106269836426,-0.20202325284481049,0,-0.23586700856685638,-0.9657317996025085,0.10830283910036087,0,0,0.3790229856967926,0,1,0.9763860106468201,0.1963249295949936,0.0901518315076828,0,-0.21108806133270264,0.778205931186676,0.5914711356163025,0,0.0459638312458992,-0.596534013748169,0.8012710213661194,0,0,0.10548900067806244,0,1
K0.067,0.9999178647994995,0.0038213313091546297,-0.012216029688715935,0,-0.004038806539028883,0.9998329281806946,-0.01782764308154583,0,0.012145870365202427,0.01787552610039711,0.9997667074203491,0,-0.008300133980810642,0.7435963153839111,0.0013600437669083476,1,0.948837399482727,-0.3157448470592499,-0.0035108504816889763,0,0.31575921177864075,0.9488272666931152,0.0047895400784909725,0,0.0018189180409535766,-0.005653077270835638,0.9999819993972778,0,0.0014400000218302011,0.04484400153160095,0,1,0.939175546169281,-0.3433520793914795,-0.007708244491368532,0,0.34343385696411133,0.9390433430671692,0.015850583091378212,0,0.001796044292859733,-0.017533747479319572,0.999845027923584,0,0,0.052345000207424164,0,1,0.9760719537734985,-0.21735085546970367,-0.006533121690154076,0,0.21742966771125793,0.9759458899497986,0.015967730432748795,0,0.00290537066757679,-0.017006132751703262,0.9998509287834167,0,0,0.05982299894094467,0,1,0.9996699690818787,-0.020472604781389236,0.015534472651779652,0,0.020450476557016373,0.999789834022522,0.0015819667605683208,0,-0.015563586726784706,-0.001263756537809968,0.9998780488967896,0,0,0.06730099767446518,0,1,0.9272271990776062,0.37018701434135437,-0.05667474865913391,0,-0.37199950218200684,0.9278870224952698,-0.025343680754303932,0,0.043205831199884415,0.044582296162843704,0.9980707168579102,0,-0.13123999536037445,0.09945400059223175,0,1,-0.9216740727424622,0.31180375814437866,-0.2308577448129654,0,0.26486673951148987,0.0709133893251419,-0.9616736173629761,0,-0.28348270058631897,-0.9474967122077942,-0.14794541895389557,0,-0.0036909999325871468,0.0479619987308979,-0.0578249990940094,1,-0.733795702457428,-0.2951759099960327,-0.6118946671485901,0,-0.590319812297821,0.7228223085403442,0.3592357933521271,0,0.33625349402427673,0.6248195171356201,-0.7046523690223694,0,0,0.11626599729061127,0,1,0.6431363821029663,-0.7633163332939148,0.06102493777871132,0,0.7197272181510925,0.5753469467163086,-0.3885473906993866,0,0.26147401332855225,0.29381030797958374,0.9194061160087585,0,0,0.22424599528312683,0,1,0.9509159326553345,-0.2754939794540405,-0.14093317091464996,0,0.1733919382095337,0.09713272750377655,0.9800509810447693,0,-0.25630900263786316,-0.9563829898834229,0.14013352990150452,0,-0.004825999960303307,0.047926001250743866,0.0578249990940094,1,0.8044499158859253,-0.16357140243053436,-0.5710560083389282,0,0.5175111293792725,0.6649315357208252,0.538560152053833,0,0.2916201651096344,-0.7287725806236267,0.6195542216300964,0,0,0.11645600199699402,0,1,0.4306727349758148,-0.8150703310966492,-0.3875330090522766,0,0.9023002982139587,0.379627525806427,0.20430009067058563,0,-0.01940069906413555,-0.43765708804130554,0.8989322781562805,0,0,0.224604994058609,0,1,-0.8314282298088074,-0.553152322769165,0.05243271589279175,0,0.4803992807865143,-0.7630603313446045,-0.43238404393196106,0,0.279183566570282,-0.3343076705932617,0.9001638293266296,0,0.007242000196129084,-0.025092000141739845,-0.07581000030040741,1,0.6467371582984924,-0.754305362701416,-0.11293705552816391,0,0.7605541944503784,0.6266646981239319,0.16984830796718597,0,-0.057343821972608566,-0.19574201107025146,0.9789776802062988,0,0,0.390720009803772,0,1,0.220952108502388,-0.0635831356048584,0.9732096791267395,0,-0.9485375881195068,0.2180849015712738,0.2295989841222763,0,-0.2268410623073578,-0.9738566279411316,-0.012124705128371716,0,0,0.3791869878768921,0,1,0.9591270089149475,-0.19061097502708435,-0.20914901793003082,0,0.2722649872303009,0.8230360150337219,0.4984818994998932,0,0.07712098956108093,-0.5350509881973267,0.8412920832633972,0,0,0.10404700040817261,0,1,-0.7754193544387817,-0.5875351428985596,-0.23135952651500702,0,0.4958498775959015,-0.7934221029281616,0.3530082106590271,0,-0.3909704387187958,0.15900975465774536,0.9065638780593872,0,0.0063299997709691525,-0.025092000141739845,0.07581000030040741,1,0.6308587789535522,-0.7697039842605591,0.097835972905159,0,0.7693986892700195,0.6368674635887146,0.04924092814326286,0,-0.100209541618824,0.04421082139015198,0.9939832091331482,0,0,0.39068400859832764,0,1,-0.172243133187294,0.15110167860984802,0.9733964800834656,0,-0.9565044045448303,0.2105281949043274,-0.20193468034267426,0,-0.23544009029865265,-0.9658400416374207,0.10826744139194489,0,0,0.3790229856967926,0,1,0.9763860106468201,0.19632568955421448,0.09015141427516937,0,-0.21108831465244293,0.7782058119773865,0.5914701819419861,0,0.045964404940605164,-0.596532940864563,0.8012710809707642,0,0,0.10548900067806244,0,1
K0.101,0.999914824962616,0.0033734366297721863,-0.012635939754545689,0,-0.0036042439751327038,0.9998258948326111,-0.018288088962435722,0,0.01257204357534647,0.018332073464989662,0.9997526407241821,0,-0.008172241970896721,0.7436192631721497,0.0013630879111588001,1,0.9488600492477417,-0.315679669380188,-0.003339379793033004,0,0.3156932592391968,0.9488493204116821,0.004874305333942175,0,0.0016298484988510609,-0.005679253023117781,0.999983012676239,0,0.0014400000218302011,0.04484400153160095,0,1,0.939278244972229,-0.3430778980255127,-0.007308493368327618,0,0.3431533873081207,0.9391409754753113,0.016147570684552193,0,0.0013238306855782866,-0.017674993723630905,0.9998428821563721,0,0,0.052345000207424164,0,1,0.9761375188827515,-0.21706458926200867,-0.006196694448590279,0,0.21713827550411224,0.9760050773620605,0.016245484352111816,0,0.00252168788574636,-0.017203379422426224,0.9998489618301392,0,0,0.05982299894094467,0,1,0.9996618032455444,-0.02091963402926922,0.015436360612511635,0,0.02089989185333252,0.9997807741165161,0.00143983936868608,0,-0.01546309981495142,-0.001116734347306192,0.9998800754547119,0,0,0.06730099767446518,0,1,0.9270340800285339,0.3704559803009033,-0.058059412986040115,0,-0.37234553694725037,0.9277390241622925,-0.02567242458462715,0,0.04435347393155098,0.04541736841201782,0.9979832172393799,0,-0.13123999536037445,0.09945400059223175,0,1,-0.9216097593307495,0.3118089735507965,-0.23110979795455933,0,0.26489749550819397,0.07013437896966934,-0.961722731590271,0,-0.2836647033691406,-0.9475523829460144,-0.14723387360572815,0,-0.0036909999325871468,0.0479619987308979,-0.0578249990940094,1,-0.7336096167564392,-0.29688772559165955,-0.6112885475158691,0,-0.590598464012146,0.7235112190246582,0.357387900352478,0,0.33616992831230164,0.6232091188430786,-0.7061160206794739,0,0,0.11626599729061127,0,1,0.6425629258155823,-0.7639405727386475,0.059216052293777466,0,0.7196915149688721,0.5752051472663879,-0.388823002576828,0,0.26297637820243835,0.2924606204032898,0.9194074273109436,0,0,0.22424599528312683,0,1,0.950916051864624,-0.2754915654659271,-0.140938863158226,0,0.17339254915714264,0.09711429476737976,0.9800531268119812,0,-0.25630906224250793,-0.9563855528831482,0.1401156634092331,0,-0.004825999960303307,0.047926001250743866,0.0578249990940094,1,0.805122971534729,-0.16235201060771942,-0.57045578956604,0,0.5158016681671143,0.6664610505104065,0.5383107662200928,0,0.29279056191444397,-0.7276480197906494,0.6203241944313049,0,0,0.11645600199699402,0,1,0.42990779876708984,-0.8156348466873169,-0.3871932029724121,0,0.9026541709899902,0.37883999943733215,0.20419514179229736,0,-0.019864361733198166,-0.4372866451740265,0.8991023898124695,0,0,0.224604994058609,0,1,-0.8316479325294495,-0.5530306696891785,0.050193484872579575,0,0.48117607831954956,-0.7627997398376465,-0.43197938799858093,0,0.2771852910518646,-0.3351026773452759,0.9004853963851929,0,0.007242000196129084,-0.025092000141739845,-0.07581000030040741,1,0.6465758085250854,-0.7545072436332703,-0.11251431703567505,0,0.760642945766449,0.6264418363571167,0.17027541995048523,0,-0.05799030512571335,-0.1956789642572403,0.978951632976532,0,0,0.390720009803772,0,1,0.22008554637432098,-0.06389932334423065,0.9733853936195374,0,-0.9488546848297119,0.2175264060497284,0.22881895303726196,0,-0.2263583540916443,-0.9739605784416199,-0.012756776995956898,0,0,0.3791869878768921,0,1,0.9591269493103027,-0.1906110793352127,-0.20914912223815918,0,0.2722649574279785,0.823034942150116,0.4984821081161499,0,0.07712087035179138,-0.5350518226623535,0.8412920832633972,0,0,0.10404700040817261,0,1,-0.7757112383842468,-0.5872753262519836,-0.2310418337583542,0,0.49569445848464966,-0.7935740947723389,0.3528830409049988,0,-0.3905882239341736,0.15920913219451904,0.906693160533905,0,0.0063299997709691525,-0.025092000141739845,0.07581000030040741,1,0.6311864256858826,-0.7694993019104004,0.09733709692955017,0,0.7692415714263916,0.6371128559112549,0.048522744327783585,0,-0.09935295581817627,0.044248852878808975,0.9940680265426636,0,0,0.39068400859832764,0,1,-0.17225942015647888,0.1512877643108368,0.9733649492263794,0,-0.9565308690071106,0.2103639841079712,-0.20197667181491852,0,-0.23531745374202728,-0.9658458828926086,0.10847427695989609,0,0,0.3790229856967926,0,1,0.9763860106468201,0.19632503390312195,0.09015175700187683,0,-0.21108801662921906,0.778205931186676,0.5914701223373413,0,0.045963749289512634,-0.5965330004692078,0.8012710809707642,0,0,0.10548900067806244,0,1
K0.134,0.9999058246612549,0.00299823097884655,-0.01339916791766882,0,-0.003247588872909546,0.9998207688331604,-0.01862723007798195,0,0.013340920209884644,0.018668999895453453,0.9997365474700928,0,-0.008046705275774002,0.7436762452125549,0.0013679706025868654,1,0.9488677382469177,-0.31565749645233154,-0.003127773990854621,0,0.3156699538230896,0.948855996131897,0.004968514200299978,0,0.0013994587352499366,-0.005701810587197542,0.999983012676239,0,0.0014400000218302011,0.04484400153160095,0,1,0.9393757581710815,-0.34282007813453674,-0.006917386315762997,0,0.3428889214992523,0.939230740070343,0.016531307250261307,0,0.0008297571330331266,-0.017900988459587097,0.9998389482498169,0,0,0.052345000207424164,0,1,0.9761995077133179,-0.21679581701755524,-0.005880062002688646,0,0.21686501801013947,0.9760603904724121,0.01661921665072441,0,0.002136318013072014,-0.017498847097158432,0.9998449683189392,0,0,0.05982299894094467,0,1,0.999652624130249,-0.021367449313402176,0.01540149562060833,0,0.02134859375655651,0.9997706413269043,0.0013876991579309106,0,-0.015427622012794018,-0.0010584174888208508,0.9998800158500671,0,0,0.06730099767446518,0,1,0.9266345500946045,0.3713899552822113,-0.05846882238984108,0,-0.3733215928077698,0.9273324012756348,-0.026180323213338852,0,0.04449690878391266,0.04608725383877754,0.9979459047317505,0,-0.13123999536037445,0.09945400059223175,0,1,-0.9215968251228333,0.31172406673431396,-0.2312740534543991,0,0.26491332054138184,0.06966064125299454,-0.9617523550987244,0,-0.2836906909942627,-0.9476156234741211,-0.1467789113521576,0,-0.0036909999325871468,0.0479619987308979,-0.0578249990940094,1,-0.7335168719291687,-0.2988729178905487,-0.6104323267936707,0,-0.5910820364952087,0.7238733172416687,0.3558502793312073,0,0.3355218172073364,0.6218379735946655,-0.7076320648193359,0,0,0.11626599729061127,0,1,0.641875147819519,-0.7646939754486084,0.056920308619737625,0,0.7196875214576721,0.5751482248306274,-0.38891395926475525,0,0.26466256380081177,0.2905990481376648,0.9195141196250916,0,0,0.22424599528312683,0,1,0.9509181976318359,-0.2755575478076935,-0.14079470932483673,0,0.1733778864145279,0.09757668524980545,0.9800097942352295,0,-0.25631070137023926,-0.9563193321228027,0.14056296646595,0,-0.004825999960303307,0.047926001250743866,0.0578249990940094,1,0.8058032393455505,-0.1606159806251526,-0.5699858665466309,0,0.51396644115448,0.6677781939506531,0.5384342670440674,0,0.29414281249046326,-0.7268252968788147,0.6206486821174622,0,0,0.11645600199699402,0,1,0.42972394824028015,-0.8160194754600525,-0.3865862786769867,0,0.902734637260437,0.37868833541870117,0.2041190266609192,0,-0.020169395953416824,-0.43669989705085754,0.8993809819221497,0,0,0.224604994058609,0,1,-0.8319988250732422,-0.5527067184448242,0.04789518937468529,0,0.48179998993873596,-0.7626567482948303,-0.431535542011261,0,0.2750400900840759,-0.3359610438346863,0.9008233547210693,0,0.007242000196129084,-0.025092000141739845,-0.07581000030040741,1,0.6469208598136902,-0.7542487382888794,-0.11225838214159012,0,0.7603259682655334,0.6267483830451965,0.17055770754814148,0,-0.058285221457481384,-0.19569043815135956,0.97893226146698,0,0,0.390720009803772,0,1,0.21895937621593475,-0.06468206644058228,0.9735878109931946,0,-0.9491130709648132,0.21736688911914825,0.22789613902568817,0,-0.22636643052101135,-0.9739446043968201,-0.013796049170196056,0,0,0.3791869878768921,0,1,0.9591269493103027,-0.1906110793352127,-0.20914912223815918,0,0.2722649574279785,0.823034942150116,0.4984821081161499,0,0.07712087035179138,-0.5350518226623535,0.8412920832633972,0,0,0.10404700040817261,0,1,-0.7761667966842651,-0.5868805646896362,-0.23051254451274872,0,0.4953905940055847,-0.7937686443328857,0.3528732359409332,0,-0.3900682330131531,0.15969480574131012,0.9068323373794556,0,0.0063299997709691525,-0.025092000141739845,0.07581000030040741,1,0.631533682346344,-0.7693204283714294,0.09649520367383957,0,0.7691352963447571,0.6373261213302612,0.04739215224981308,0,-0.09795865416526794,0.04428812488913536,0.9942042827606201,0,0,0.39068400859832764,0,1,-0.17224538326263428,0.15129464864730835,0.973366379737854,0,-0.956579327583313,0.21017630398273468,-0.20194333791732788,0,-0.23513171076774597,-0.9658865928649902,0.10852343589067459,0,0,0.3790229856967926,0,1,0.9763860106468201,0.19632601737976074,0.0901520624756813,0,-0.21108897030353546,0.7782058715820312,0.5914700627326965,0,0.045964084565639496,-0.5965328812599182,0.8012710809707642,0,0,0.10548900067806244,0,1
K0.168,0.9999006986618042,0.00283633079379797,-0.013834424316883087,0,-0.0031008434016257524,0.9998117685317993,-0.019136277958750725,0,0.013777545653283596,0.019177282229065895,0.9997214674949646,0,-0.007936603389680386,0.7437543272972107,0.001399852568283677,1,0.9488644599914551,-0.31566861271858215,-0.002989640226587653,0,0.3156803846359253,0.9488521218299866,0.005048288963735104,0,0.0012431408977136016,-0.005733916070312262,0.999983012676239,0,0.0014400000218302011,0.04484400153160095,0,1,0.9393973350524902,-0.3427651524543762,-0.006724642589688301,0,0.3428306579589844,0.9392490386962891,0.016708610579371452,0,0.0005889843450859189,-0.018001431599259377,0.9998380541801453,0,0,0.052345000207424164,0,1,0.976212739944458,-0.21673978865146637,-0.005730603355914354,0,0.21680666506290436,0.9760695695877075,0.01680600270628929,0,0.0019509377889335155,-0.017648665234446526,0.9998419880867004,0,0,0.05982299894094467,0,1,0.9996415972709656,-0.021901676431298256,0.015367137268185616,0,0.021883681416511536,0.9997594952583313,0.001338738715276122,0,-0.015392772853374481,-0.0010019700275734067,0.9998811483383179,0,0,0.06730099767446518,0,1,0.9264745116233826,0.371817409992218,-0.05827741324901581,0,-0.37376919388771057,0.9271338582038879,-0.02682226523756981,0,0.04405798017978668,0.04663245379924774,0.9979398250579834,0,-0.13123999536037445,0.09945400059223175,0,1,-0.9215887784957886,0.3116995096206665,-0.23133808374404907,0,0.26491913199424744,0.06946960091590881,-0.961764931678772,0,-0.2837107181549072,-0.9476377367973328,-0.14659753441810608,0,-0.0036909999325871468,0.0479619987308979,-0.0578249990940094,1,-0.7336832880973816,-0.30074048042297363,-0.6093152165412903,0,-0.5914193987846375,0.7241560816764832,0.3547121286392212,0,0.334562748670578,0.6206067204475403,-0.7091643810272217,0,0,0.11626599729061127,0,1,0.6411169767379761,-0.7654168605804443,0.05573613941669464,0,0.7199481725692749,0.5746988654136658,-0.38909685611724854,0,0.2657897472381592,0.289583683013916,0.9195095896720886,0,0,0.22424599528312683,0,1,0.9509189128875732,-0.27561548352241516,-0.14067789912223816,0,0.17337262630462646,0.09797348082065582,0.9799713492393494,0,-0.25631242990493774,-0.9562624096870422,0.14094892144203186,0,-0.004825999960303307,0.047926001250743866,0.0578249990940094,1,0.8063267469406128,-0.1589728593826294,-0.5697053670883179,0,0.5123697519302368,0.6689392924308777,0.5385139584541321,0,0.2954893112182617,-0.7261182069778442,0.6208367347717285,0,0,0.11645600199699402,0,1,0.4300370514392853,-0.8156300187110901,-0.3870604336261749,0,0.9025942087173462,0.37901929020881653,0.20412686467170715,0,-0.019788624718785286,-0.4371407628059387,0.8991756439208984,0,0,0.224604994058609,0,1,-0.8324807286262512,-0.5521760582923889,0.045578911900520325,0,0.48223572969436646,-0.7626218199729919,-0.43111035227775574,0,0.2728084325790405,-0.33691146969795227,0.9011474847793579,0,0.007242000196129084,-0.025092000141739845,-0.07581000030040741,1,0.6470638513565063,-0.7541661262512207,-0.11199162155389786,0,0.7601748108863831,0.6268423199653625,0.17089159786701202,0,-0.05867953598499298,-0.19571086764335632,0.9789044857025146,0,0,0.390720009803772,0,1,0.21761071681976318,-0.06526511907577515,0.9738509058952332,0,-0.9494901299476624,0.21696297824382782,0.2267075777053833,0,-0.2260856032371521,-0.9739952087402344,-0.014755134470760822,0,0,0.3791869878768921,0,1,0.9591270089149475,-0.1906110942363739,-0.2091490924358368,0,0.27226492762565613,0.8230351805686951,0.49848175048828125,0,0.07712092250585556,-0.5350512266159058,0.8412919640541077,0,0,0.10404700040817261,0,1,-0.7764001488685608,-0.5864124894142151,-0.2309190183877945,0,0.4949660003185272,-0.7941651344299316,0.3525768220424652,0,-0.3901433050632477,0.15944361686706543,0.9068440794944763,0,0.0063299997709691525,-0.025092000141739845,0.07581000030040741,1,0.6319378018379211,-0.7690211534500122,0.09623245894908905,0,0.7688593864440918,0.6376879811286926,0.04701320454478264,0,-0.09752044081687927,0.044279806315898895,0.9942483305931091,0,0,0.39068400859832764,0,1,-0.1722290962934494,0.15126027166843414,0.9733738899230957,0,-0.9565901756286621,0.21015365421772003,-0.20191681385040283,0,-0.23510012030601501,-0.9658960700035095,0.10849954187870026,0,0,0.3790229856967926,0,1,0.9763860106468201,0.19632568955421448,0.09015142917633057,0,-0.21108831465244293,0.7782058119773865,0.5914701819419861,0,0.04596439376473427,-0.596532940864563,0.8012710809707642,0,0,0.10548900067806244,0,1
K0.201,0.9998929500579834,0.0028632772155106068,-0.014338850043714046,0,-0.0031418839935213327,0.9998056292533875,-0.019445598125457764,0,0.01428038626909256,0.01948857307434082,0.9997076988220215,0,-0.007898499257862568,0.7438756823539734,0.001393793849274516,1,0.9488435387611389,-0.3157314658164978,-0.002924317494034767,0,0.31574317812919617,0.9488316178321838,0.005089823622256517,0,0.0011676676804199815,-0.005752780009061098,0.999983012676239,0,0.0014400000218302011,0.04484400153160095,0,1,0.9392895102500916,-0.34306228160858154,-0.006614943500608206,0,0.34312567114830017,0.9391393661499023,0.01678263023495674,0,0.0004548656870611012,-0.018033500760793686,0.9998369812965393,0,0,0.052345000207424164,0,1,0.9761455059051514,-0.2170472890138626,-0.005514323245733976,0,0.2171104997396469,0.9760003089904785,0.01690555550158024,0,0.0017126763705164194,-0.017699502408504486,0.9998416900634766,0,0,0.05982299894094467,0,1,0.9996292591094971,-0.02252785861492157,0.015273259952664375,0,0.022512314841151237,0.9997462034225464,0.0011899253586307168,0,-0.015296194702386856,-0.0008456478826701641,0.9998829960823059,0,0,0.06730099767446518,0,1,0.9261372089385986,0.3726920485496521,-0.05804787948727608,0,-0.374663770198822,0.9267527461051941,-0.027506522834300995,0,0.043544571846723557,0.04722325876355171,0.9979345202445984,0,-0.13123999536037445,0.09945400059223175,0,1,-0.9215821623802185,0.31171664595603943,-0.23134085536003113,0,0.2649218440055847,0.06946016848087311,-0.9617642760276794,0,-0.28372910618782043,-0.9476324915885925,-0.1465938538312912,0,-0.0036909999325871468,0.0479619987308979,-0.0578249990940094,1,-0.7339183688163757,-0.3022019863128662,-0.6083070039749146,0,-0.5916115641593933,0.7243967652320862,0.3539009094238281,0,0.3337060809135437,0.6196157932281494,-0.7104341983795166,0,0,0.11626599729061127,0,1,0.6401264071464539,-0.7662938833236694,0.055062223225831985,0,0.7204346060752869,0.5738319158554077,-0.38947436213493347,0,0.2668554186820984,0.2889816462993622,0.9193898439407349,0,0,0.22424599528312683,0,1,0.9508866667747498,-0.2755587100982666,-0.1410011500120163,0,0.17357030510902405,0.09749971330165863,0.979983389377594,0,-0.2562953531742096,-0.9563265442848206,0.1405399739742279,0,-0.004825999960303307,0.047926001250743866,0.0578249990940094,1,0.8068525791168213,-0.1575779914855957,-0.5693485736846924,0,0.510517418384552,0.6709394454956055,0.53778475522995,0,0.29725539684295654,-0.724575400352478,0.6217955946922302,0,0,0.11645600199699402,0,1,0.4298616647720337,-0.8154053688049316,-0.3877270221710205,0,0.9026826024055481,0.37880370020866394,0.2041386514902115,0,-0.0195833221077919,-0.4377457797527313,0.8988853693008423,0,0,0.224604994058609,0,1,-0.8331353068351746,-0.5513680577278137,0.0433436818420887,0,0.48243772983551025,-0.7628235816955566,-0.4305272698402405,0,0.2704426944255829,-0.3377770483493805,0.9015364050865173,0,0.007242000196129084,-0.025092000141739845,-0.07581000030040741,1,0.647526741027832,-0.7538424730300903,-0.11149374395608902,0,0.759731113910675,0.6272282600402832,0.17144419252872467,0,-0.059309881180524826,-0.19571997225284576,0.9788646697998047,0,0,0.390720009803772,0,1,0.2163693904876709,-0.06579095125198364,0.9740923047065735,0,-0.9497678875923157,0.21688491106033325,0.22561492025852203,0,-0.2261093109846115,-0.9739776849746704,-0.015558876097202301,0,0,0.3791869878768921,0,1,0.9591270089149475,-0.19061097502708435,-0.20914901793003082,0,0.2722649872303009,0.8230360150337219,0.4984818994998932,0,0.07712098956108093,-0.5350509881973267,0.8412920832633972,0,0,0.10404700040817261,0,1,-0.7766857147216797,-0.5858092904090881,-0.2314886748790741,0,0.4943762719631195,-0.7946659922599792,0.3522751033306122,0,-0.39032214879989624,0.15916451811790466,0.9068158864974976,0,0.0063299997709691525,-0.025092000141739845,0.07581000030040741,1,0.6325811743736267,-0.7685176730155945,0.09602923691272736,0,0.7683172225952148,0.6383214592933655,0.047259923070669174,0,-0.09761766344308853,0.043885208666324615,0.9942560791969299,0,0,0.39068400859832764,0,1,-0.17224924266338348,0.1515827775001526,0.9733201861381531,0,-0.956536591053009,0.21028831601142883,-0.20202887058258057,0,-0.23530226945877075,-0.9658169150352478,0.10877261310815811,0,0,0.3790229856967926,0,1,0.9763860106468201,0.19632498919963837,0.09015173465013504,0,-0.21108806133270264,0.7782062292098999,0.5914707779884338,0,0.045963820070028305,-0.5965332388877869,0.8012708425521851,0,0,0.10548900067806244,0,1
