0.867,30,25,25
B0,mixamorig_Hips,-1,-0.04037350416183472,-0.22624999284744263,0.9732327461242676,0,0.10164546966552734,0.9680429697036743,0.2292601764202118,0,-0.994001030921936,0.1081807091832161,-0.016086000949144363,0,0.026699533686041832,0.8788774609565735,-0.010743740946054459,1
B1,mixamorig_Spine,0,0.9618216156959534,-0.19495490193367004,0.19206975400447845,0,0.17114825546741486,0.9761269092559814,0.13373583555221558,0,-0.21355700492858887,-0.09575767070055008,0.972226619720459,0,0.0014400000218302011,0.04484400153160095,0,1
B2,mixamorig_Spine1,1,0.9979673027992249,-0.014124944806098938,0.06214270368218422,0,0.012563396245241165,0.9995976686477661,0.025447916239500046,0,-0.06247710809111595,-0.024615447968244553,0.9977425336837769,0,0,0.052345000207424164,0,1
B3,mixamorig_Spine2,2,0.9979352951049805,-0.014309423044323921,0.06260968744754791,0,0.01274692453444004,0.9995986223220825,0.02528480254113674,0,-0.0629463940858841,-0.0244345273822546,0.997717559337616,0,0,0.05982299894094467,0,1
B4,mixamorig_Neck,3,0.9723525047302246,0.2334984838962555,-0.0029201204888522625,0,-0.23292838037014008,0.9707139134407043,0.05881026014685631,0,0.016566719859838486,-0.05650416761636734,0.998265266418457,0,0,0.06730099767446518,0,1
B5,mixamorig_Head,4,0.9130736589431763,0.40548601746559143,-0.04333673045039177,0,-0.3848245143890381,0.8919252157211304,0.23744474351406097,0,0.13493363559246063,-0.2001274973154068,0.9704343676567078,0,-0.13123999536037445,0.09945400059223175,0,1
B6,mixamorig_HeadTop_End,5,1,0,0,0,0,1,0,0,0,0,1,0,-0.006947999820113182,0.005264999810606241,0,1
B7,mixamorig_LeftShoulder,3,-0.9877264499664307,0.07433170825242996,0.13737450540065765,0,-0.14337602257728577,-0.08253167569637299,-0.9862205386161804,0,-0.06196970492601395,-0.9938121438026428,0.09217608720064163,0,-0.0036909999325871468,0.0479619987308979,-0.0578249990940094,1
B8,mixamorig_LeftArm,7,-0.8264475464820862,-0.5585354566574097,-0.07087194919586182,0,-0.5291498303413391,0.7275616526603699,0.43664035201072693,0,-0.19231538474559784,0.3983621895313263,-0.8968406319618225,0,0,0.11626599729061127,0,1
B9,mixamorig_LeftForeArm,8,-0.4614056646823883,-0.8740890622138977,0.151900053024292,0,0.8744809627532959,-0.47695598006248474,-0.08829188346862793,0,0.14962469041347504,0.09209538251161575,0.9844448566436768,0,0,0.22424599528312683,0,1
B10,mixamorig_LeftHand,9,1,0,0,0,0,1,0,0,0,0,1,0,0,0.2598569989204407,0,1
B11,mixamorig_RightShoulder,3,0.960121214389801,-0.04158603772521019,0.27647435665130615,0,-0.27955761551856995,-0.1564650684595108,0.947293758392334,0,0.003864391939714551,-0.9868079423904419,-0.1618512123823166,0,-0.004825999960303307,0.047926001250743866,0.0578249990940094,1
B12,mixamorig_RightArm,11,0.7611322402954102,0.17658545076847076,0.624096155166626,0,-0.5141298174858093,0.750870943069458,0.4145641028881073,0,-0.39540937542915344,-0.6364040374755859,0.6622994542121887,0,0,0.11645600199699402,0,1
B13,mixamorig_RightForeArm,12,0.5744020938873291,-0.816307544708252,-0.06085886061191559,0,0.8169429898262024,0.5669816136360168,0.10552863031625748,0,-0.051637984812259674,-0.1103341281414032,0.9925525784492493,0,0,0.224604994058609,0,1
B14,mixamorig_RightHand,13,1,0,0,0,0,1,0,0,0,0,1,0,0,0.25987398624420166,0,1
B15,mixamorig_LeftUpLeg,0,-0.8967927098274231,0.44164830446243286,0.026630394160747528,0,-0.4390546977519989,-0.8957395553588867,0.06987433135509491,0,0.054713763296604156,0.05097058042883873,0.9972003102302551,0,0.007242000196129084,-0.025092000141739845,-0.07581000030040741,1
B16,mixamorig_LeftLeg,15,0.7900148630142212,-0.5958359837532043,0.14441704750061035,0,0.6077075600624084,0.7921844720840454,-0.055990565568208694,0,-0.08104372769594193,0.13199667632579803,0.9879311919212341,0,0,0.390720009803772,0,1
B17,mixamorig_LeftFoot,16,-0.02708147093653679,-0.25384292006492615,0.9668657183647156,0,-0.8450667858123779,0.5224747657775879,0.11350160092115402,0,-0.5339744091033936,-0.8139923214912415,-0.2286635786294937,0,0,0.3791869878768921,0,1
B18,mixamorig_LeftToeBase,17,0.9938514232635498,0.0024744546972215176,-0.11069147288799286,0,0.05038430914282799,0.8801281452178955,0.47205403447151184,0,0.09859086573123932,-0.4747292995452881,0.8745930194854736,0,0,0.10404700040817261,0,1
B19,mixamorig_LeftToe_End,18,1,0,0,0,0,1,0,0,0,0,1,0,0,0.04368500038981438,0,1
B20,mixamorig_RightUpLeg,0,-0.7027342915534973,-0.7088020443916321,-0.06135868653655052,0,0.7113986611366272,-0.699004054069519,-0.0728302150964737,0,0.008732237853109837,-0.09483078867197037,0.9954549670219421,0,0.0063299997709691525,-0.025092000141739845,0.07581000030040741,1
B21,mixamorig_RightLeg,20,0.875075101852417,-0.47846275568008423,-0.07291305810213089,0,0.4732246994972229,0.8774446249008179,-0.07841422408819199,0,0.10149555653333664,0.034114111214876175,0.9942512512207031,0,0,0.39068400859832764,0,1
B22,mixamorig_RightFoot,21,-0.0031091009732335806,0.044446393847465515,0.9990072250366211,0,-0.9838100671768188,0.1788780689239502,-0.011020147241652012,0,-0.1791902333498001,-0.9828671216964722,0.04317059740424156,0,0,0.3790229856967926,0,1
B23,mixamorig_RightToeBase,22,0.9933902025222778,-0.007487621158361435,0.11453855037689209,0,-0.05046237260103226,0.8677757382392883,0.49438732862472534,0,-0.1030956506729126,-0.4968998432159424,0.8616628050804138,0,0,0.10548900067806244,0,1
B24,mixamorig_RightToe_End,23,1,0,0,0,0,1,0,0,0,0,1,0,0,0.044149000197649,0,1
@20,0,1,2,3,4,5,7,8,9,11,12,13,15,16,17,18,20,21,22,23
K0,0.9285228848457336,-0.2078273594379425,0.307656854391098,0,0.21553392708301544,0.9764540195465088,0.009119388647377491,0,-0.3023081123828888,0.057842958718538284,0.9514539837837219,0,-0.016343997791409492,0.8099240064620972,-0.0031080003827810287,1,0.9376740455627441,-0.29559189081192017,-0.18273895978927612,0,0.2874491214752197,0.955221951007843,-0.07016719877719879,0,0.19529704749584198,0.013265796937048435,0.9806540012359619,0,0.0014400000218302011,0.04484400153160095,0,1,0.9984419941902161,-0.015673061832785606,-0.053546007722616196,0,0.015559938736259937,0.9998759627342224,-0.002529056277126074,0,0.053578998893499374,0.0016919432673603296,0.9985619783401489,0,0,0.052345000207424164,0,1,0.9984479546546936,-0.015808304771780968,-0.053399402648210526,0,0.01567869260907173,0.9998729825019836,-0.002845324343070388,0,0.053437601774930954,0.0020036755595356226,0.9985690712928772,0,0,0.05982299894094467,0,1,0.9757769107818604,0.21874815225601196,0.002948174485936761,0,-0.21871082484722137,0.9757410287857056,-0.009696838445961475,0,-0.004997824784368277,0.008817160502076149,0.9999489784240723,0,0,0.06730099767446518,0,1,0.8950759768486023,0.4457181394100189,-0.013225761242210865,0,-0.4459068775177002,0.8945001363754272,-0.03217998892068863,0,-0.002512760926038027,0.034701015800237656,0.9993950724601746,0,-0.13123999536037445,0.09945400059223175,0,1,-0.9551911354064941,0.11755688488483429,0.27164262533187866,0,-0.29049810767173767,-0.19638369977474213,-0.9365059733390808,0,-0.05674662068486214,-0.9734550714492798,0.22173424065113068,0,-0.0036909999325871468,0.0479619987308979,-0.0578249990940094,1,-0.8987337946891785,-0.27146849036216736,0.3443582057952881,0,0.09567548334598541,0.6449968218803406,0.7581731677055359,0,-0.4279298186302185,0.714341938495636,-0.5537073016166687,0,0,0.11626599729061127,0,1,0.5729970932006836,-0.8181819319725037,0.04746211692690849,0,0.8185490369796753,0.5684599876403809,-0.0826447382569313,0,0.040638115257024765,0.08620526641607285,0.9954479336738586,0,0,0.22424599528312683,0,1,0.9993209838867188,-0.03681056573987007,-0.001310331397689879,0,-0.007768561597913504,-0.24540528655052185,0.9693889021873474,0,-0.03600533306598663,-0.9687209725379944,-0.24552473425865173,0,-0.004825999960303307,0.047926001250743866,0.0578249990940094,1,0.6344393491744995,-0.7632996439933777,-0.12189996242523193,0,0.5688333511352539,0.3542657494544983,0.7422428131103516,0,-0.5233690142631531,-0.5402491688728333,0.6589508652687073,0,0,0.11645600199699402,0,1,0.33243077993392944,-0.9386180639266968,-0.09211619198322296,0,0.9393489956855774,0.32078129053115845,0.12134050577878952,0,-0.08434319496154785,-0.12686648964881897,0.9883269667625427,0,0,0.224604994058609,0,1,-0.5235511660575867,-0.842326819896698,0.12798228859901428,0,0.8286880850791931,-0.5383458137512207,-0.15316611528396606,0,0.1979147344827652,0.025867117568850517,0.9798781275749207,0,0.007242000196129084,-0.025092000141739845,-0.07581000030040741,1,-0.6031510829925537,-0.7873960733413696,-0.12734591960906982,0,0.7926720976829529,-0.6094838976860046,0.014168022200465202,0,-0.08877106755971909,-0.0923980250954628,0.9917569160461426,0,0,0.390720009803772,0,1,0.08170387893915176,-0.20602796971797943,0.9751290082931519,0,-0.9833449721336365,0.14270801842212677,0.11254402250051498,0,-0.1623460352420807,-0.9680839776992798,-0.1909368485212326,0,0,0.3791869878768921,0,1,0.9937540292739868,0.0046852268278598785,-0.11149297654628754,0,0.050278227776288986,0.8731619119644165,0.4848301410675049,0,0.09962301701307297,-0.4874078333377838,0.8674730658531189,0,0,0.10404700040817261,0,1,-0.9900829195976257,0.0702730268239975,-0.12164606153964996,0,-0.07395896315574646,-0.9969210028648376,0.02604975737631321,0,-0.1194409430027008,0.03478824347257614,0.9922320246696472,0,0.0063299997709691525,-0.025092000141739845,0.07581000030040741,1,0.9448187947273254,-0.27852341532707214,0.17245720326900482,0,0.2823186218738556,0.9593170881271362,0.002622823463752866,0,-0.1661718189716339,0.046209823340177536,0.9850140810012817,0,0,0.39068400859832764,0,1,-0.14321020245552063,0.04055272787809372,0.9888609647750854,0,-0.9159919619560242,0.372920960187912,-0.1479504108428955,0,-0.3747665584087372,-0.926976203918457,-0.016260089352726936,0,0,0.3790229856967926,0,1,0.9888259768486023,-0.06737377494573593,0.13298366963863373,0,-0.05198178067803383,0.6802347302436829,0.7311493158340454,0,-0.13972030580043793,-0.7298917174339294,0.6691311597824097,0,0,0.10548900067806244,0,1
K0.035,0.9384346008300781,-0.2299405187368393,0.25781387090682983,0,0.21641404926776886,0.973012387752533,0.08007527887821198,0,-0.269268661737442,-0.01935088075697422,0.9628708958625793,0,-0.02691066451370716,0.8213562965393066,-0.0021721518132835627,1,0.9370485544204712,-0.2886925935745239,-0.1964615136384964,0,0.26099178194999695,0.9527779817581177,-0.15523642301559448,0,0.23199957609176636,0.0941891297698021,0.9681446552276611,0,0.0014400000218302011,0.04484400153160095,0,1,0.9978899955749512,-0.00294424663297832,-0.06486581265926361,0,0.0013425154611468315,0.9996934533119202,-0.024722745642066002,0,0.06491868942975998,0.0245834868401289,0.9975876212120056,0,0,0.052345000207424164,0,1,0.9978615045547485,-0.002272337209433317,-0.06531818956136703,0,0.0006204607198014855,0.9996801018714905,-0.025298869237303734,0,0.06535477191209793,0.025204235687851906,0.9975435137748718,0,0,0.05982299894094467,0,1,0.9740898609161377,0.22587430477142334,0.011422893032431602,0,-0.22561419010162354,0.9740022420883179,-0.02044934220612049,0,-0.01574488915503025,0.01734231412410736,0.9997252225875854,0,0,0.06730099767446518,0,1,0.899450957775116,0.4356876015663147,0.03413104638457298,0,-0.4336925148963928,0.8994936943054199,-0.05312061309814453,0,-0.053844645619392395,0.03297700732946396,0.9980049133300781,0,-0.13123999536037445,0.09945400059223175,0,1,-0.9537847638130188,0.08952510356903076,0.2868430018424988,0,-0.29497647285461426,-0.096938855946064,-0.9505742788314819,0,-0.05729406327009201,-0.9912557601928711,0.11886667460203171,0,-0.0036909999325871468,0.0479619987308979,-0.0578249990940094,1,-0.8218503594398499,-0.2510101795196533,0.5114260315895081,0,0.22150816023349762,0.686279296875,0.6927876472473145,0,-0.5248780846595764,0.6826531291007996,-0.5084183216094971,0,0,0.11626599729061127,0,1,0.4632920026779175,-0.8842699527740479,0.05853843688964844,0,0.8846669793128967,0.45758703351020813,-0.0893201157450676,0,0.052196696400642395,0.09316837787628174,0.9942814707756042,0,0,0.22424599528312683,0,1,0.9992679357528687,-0.03436799347400665,0.016832930967211723,0,-0.023773927241563797,-0.21281622350215912,0.9768027663230896,0,-0.029988426715135574,-0.9764876961708069,-0.2134774625301361,0,-0.004825999960303307,0.047926001250743866,0.0578249990940094,1,0.5708504319190979,-0.8119705319404602,-0.12179302424192429,0,0.6134499907493591,0.3231986463069916,0.72057044506073,0,-0.545718789100647,-0.48605212569236755,0.6826016902923584,0,0,0.11645600199699402,0,1,0.12631453573703766,-0.9848575592041016,-0.11874048411846161,0,0.9856242537498474,0.11106269806623459,0.12731750309467316,0,-0.11220204085111618,-0.13311564922332764,0.984728991985321,0,0,0.224604994058609,0,1,-0.3972949683666229,-0.9095228910446167,0.122165247797966,0,0.9127120971679688,-0.40547069907188416,-0.050496552139520645,0,0.09546227008104324,0.09143975377082825,0.9912247061729431,0,0.007242000196129084,-0.025092000141739845,-0.07581000030040741,1,-0.46668073534965515,-0.8761131763458252,0.12097436189651489,0,0.882031261920929,-0.47110113501548767,-0.009183178655803204,0,0.06503669172525406,0.10241761058568954,0.9926134943962097,0,0,0.390720009803772,0,1,0.08869527280330658,-0.2271728366613388,0.9698066711425781,0,-0.9848515391349792,0.12564493715763092,0.119502954185009,0,-0.14899921417236328,-0.9657156467437744,-0.21258755028247833,0,0,0.3791869878768921,0,1,0.9945699572563171,-0.015040096826851368,-0.10298258066177368,0,0.051806721836328506,0.9297422170639038,0.36454710364341736,0,0.09026443213224411,-0.36790281534194946,0.9254729151725769,0,0,0.10404700040817261,0,1,-0.9368167519569397,0.24360032379627228,-0.25106582045555115,0,-0.2780512571334839,-0.9540330767631531,0.11184448003768921,0,-0.21227967739105225,0.17458690702915192,0.9614872336387634,0,0.0063299997709691525,-0.025092000141739845,0.07581000030040741,1,0.9853319525718689,0.0016699307598173618,0.1706378012895584,0,0.0037940675392746925,0.9994905591011047,-0.03168990835547447,0,-0.1706039309501648,0.03187251463532448,0.9848244190216064,0,0,0.39068400859832764,0,1,-0.15907630324363708,0.16195425391197205,0.9738914966583252,0,-0.8099130392074585,0.5426936149597168,-0.22253966331481934,0,-0.5645663738250732,-0.8241688013076782,0.04483915492892265,0,0,0.3790229856967926,0,1,0.9905890822410583,-0.061142243444919586,0.1224566251039505,0,-0.052764177322387695,0.6549413204193115,0.753835916519165,0,-0.12629297375679016,-0.7532020807266235,0.6455508470535278,0,0,0.10548900067806244,0,1
K0.069,0.9413162469863892,-0.26720792055130005,0.20621103048324585,0,0.24994273483753204,0.9624233841896057,0.10616302490234375,0,-0.22682993113994598,-0.048392053693532944,0.9727315306663513,0,-0.034311823546886444,0.8391238451004028,-0.001271117478609085,1,0.9422497749328613,-0.2620292901992798,-0.20858094096183777,0,0.22385308146476746,0.9559814929962158,-0.18970873951911926,0,0.2491087019443512,0.13206149637699127,0.9594292044639587,0,0.0014400000218302011,0.04484400153160095,0,1,0.9973860383033752,0.010216121561825275,-0.07153430581092834,0,-0.013274778611958027,0.9990120530128479,-0.04241391643881798,0,0.07103031873703003,0.043252646923065186,0.9965361952781677,0,0,0.052345000207424164,0,1,0.9973396062850952,0.011343855410814285,-0.07201233506202698,0,-0.014502812176942825,0.99894779920578,-0.04349682107567787,0,0.07144317775964737,0.04442550614476204,0.996455192565918,0,0,0.05982299894094467,0,1,0.9729666113853455,0.23024091124534607,0.018056543543934822,0,-0.22969630360603333,0.9728600978851318,-0.0279878880828619,0,-0.024010419845581055,0.023083733394742012,0.9994447231292725,0,0,0.06730099767446518,0,1,0.9017302393913269,0.4262770712375641,0.0719093456864357,0,-0.42208099365234375,0.9041022062301636,-0.06667967885732651,0,-0.09343744814395905,0.029775520786643028,0.995180070400238,0,-0.13123999536037445,0.09945400059223175,0,1,-0.9549752473831177,0.07204820215702057,0.28780338168144226,0,-0.29095739126205444,-0.03774848207831383,-0.9559907913208008,0,-0.058013297617435455,-0.9966862797737122,0.057011786848306656,0,-0.0036909999325871468,0.0479619987308979,-0.0578249990940094,1,-0.7787757515907288,-0.19520016014575958,0.5961586833000183,0,0.2993178367614746,0.7195601463317871,0.6266112327575684,0,-0.5512868165969849,0.6664307713508606,-0.5019492506980896,0,0,0.11626599729061127,0,1,0.381478488445282,-0.9219610095024109,0.06679829955101013,0,0.9223746657371521,0.3749023973941803,-0.09312676638364792,0,0.06081639975309372,0.0971389040350914,0.9934106469154358,0,0,0.22424599528312683,0,1,0.9983696937561035,-0.03686412051320076,0.04357712343335152,0,-0.050537846982479095,-0.2160528302192688,0.9750726819038391,0,-0.026530234143137932,-0.9756852388381958,-0.21756362915039062,0,-0.004825999960303307,0.047926001250743866,0.0578249990940094,1,0.5271124839782715,-0.8436258435249329,-0.10221265256404877,0,0.6639282703399658,0.3337568938732147,0.6691828370094299,0,-0.5304259657859802,-0.4205966889858246,0.7360348105430603,0,0,0.11645600199699402,0,1,-0.05890894681215286,-0.9880161881446838,-0.14266717433929443,0,0.9887846112251282,-0.07739811390638351,0.12772612273693085,0,-0.13723762333393097,-0.13354288041591644,0.9814944863319397,0,0,0.224604994058609,0,1,-0.33578795194625854,-0.9387950301170349,0.07687415927648544,0,0.9416274428367615,-0.3366517722606659,0.0018226240063086152,0,0.024168753996491432,0.07299884408712387,0.9970388412475586,0,0.007242000196129084,-0.025092000141739845,-0.07581000030040741,1,-0.24752624332904816,-0.9605382084846497,0.12687093019485474,0,0.9681472778320312,-0.2503042221069336,-0.006186900660395622,0,0.03769910708069801,0.12129838764667511,0.9918997883796692,0,0,0.390720009803772,0,1,0.07214444875717163,-0.0959777757525444,0.9927651882171631,0,-0.978600800037384,0.18550196290016174,0.08904889971017838,0,-0.19270667433738708,-0.9779455065727234,-0.08054099977016449,0,0,0.3791869878768921,0,1,0.9946025013923645,-0.01590760052204132,-0.10253416746854782,0,0.05190584063529968,0.9319263100624084,0.3589141368865967,0,0.08984484523534775,-0.3622990846633911,0.9277220368385315,0,0,0.10404700040817261,0,1,-0.9190317988395691,0.2511357367038727,-0.3038274645805359,0,-0.3043859899044037,-0.9418763518333435,0.1421913057565689,0,-0.2504585385322571,0.22315913438796997,0.9420564770698547,0,0.0063299997709691525,-0.025092000141739845,0.07581000030040741,1,0.9940546751022339,-0.037543728947639465,0.10220600664615631,0,0.040742531418800354,0.9987372756004333,-0.029391413554549217,0,-0.1009734645485878,0.033380795270204544,0.9943289160728455,0,0,0.39068400859832764,0,1,-0.08704782277345657,0.2838490307331085,0.9549091458320618,0,-0.7124724984169006,0.6522215008735657,-0.25882214307785034,0,-0.6962796449661255,-0.7028772830963135,0.1454603374004364,0,0,0.3790229856967926,0,1,0.9919511079788208,-0.036754731088876724,0.1211666464805603,0,-0.05075535923242569,0.761273205280304,0.646442174911499,0,-0.1160007119178772,-0.647388756275177,0.7532802224159241,0,0,0.10548900067806244,0,1
K0.104,0.9367355704307556,-0.3021649718284607,0.1767006814479828,0,0.28754982352256775,0.9521251916885376,0.10379523783922195,0,-0.19960427284240723,-0.04641839489340782,0.9787760972976685,0,-0.040016837418079376,0.8579856753349304,-0.0017790026031434536,1,0.9472596049308777,-0.22710315883159637,-0.2261037677526474,0,0.1839643120765686,0.9630687832832336,-0.1966087967157364,0,0.2624041438102722,0.144644632935524,0.954055666923523,0,0.0014400000218302011,0.04484400153160095,0,1,0.9970440864562988,0.012921573594212532,-0.075731560587883,0,-0.016536753624677658,0.9987433552742004,-0.04730572924017906,0,0.07502517104148865,0.048418279737234116,0.9960054755210876,0,0,0.052345000207424164,0,1,0.997018039226532,0.01404539030045271,-0.0758812427520752,0,-0.01777404360473156,0.9986557364463806,-0.04868834838271141,0,0.07509540766477585,0.049891892820596695,0.9959276914596558,0,0,0.05982299894094467,0,1,0.9716421365737915,0.2356082946062088,0.020002838224172592,0,-0.23474730551242828,0.9713144302368164,-0.037962161004543304,0,-0.028373252600431442,0.03219003230333328,0.9990786910057068,0,0,0.06730099767446518,0,1,0.8995075821876526,0.4272439479827881,0.09137430787086487,0,-0.4209192991256714,0.9034866690635681,-0.08086684346199036,0,-0.11710523068904877,0.03427909314632416,0.992527425289154,0,-0.13123999536037445,0.09945400059223175,0,1,-0.9608498215675354,0.08185028284788132,0.2647028863430023,0,-0.2707456946372986,-0.0744335725903511,-0.9597687721252441,0,-0.05885457992553711,-0.9938615560531616,0.09368028491735458,0,-0.0036909999325871468,0.0479619987308979,-0.0578249990940094,1,-0.7969565987586975,-0.10397571325302124,0.5950205326080322,0,0.3160559833049774,0.7676851749420166,0.5574656128883362,0,-0.5147511959075928,0.6323354840278625,-0.578949511051178,0,0,0.11626599729061127,0,1,0.35827207565307617,-0.9310532808303833,0.0691417008638382,0,0.9314715266227722,0.35144901275634766,-0.09404566138982773,0,0.06326174736022949,0.09809748083353043,0.9931641817092896,0,0,0.22424599528312683,0,1,0.9953936338424683,-0.038808103650808334,0.08766522258520126,0,-0.09379623085260391,-0.20499971508979797,0.9742577075958252,0,-0.019837738946080208,-0.9779921174049377,-0.2076953798532486,0,-0.004825999960303307,0.047926001250743866,0.0578249990940094,1,0.48909926414489746,-0.8670141696929932,-0.09522359818220139,0,0.70967036485672,0.3320957124233246,0.6213538646697998,0,-0.5070993304252625,-0.37148112058639526,0.7777220606803894,0,0,0.11645600199699402,0,1,-0.17599312961101532,-0.9716625213623047,-0.1577916294336319,0,0.9724186658859253,-0.19652867317199707,0.12561210989952087,0,-0.15306314826011658,-0.131332665681839,0.9794504642486572,0,0,0.224604994058609,0,1,-0.32894760370254517,-0.9438223838806152,0.03149920329451561,0,0.9443472623825073,-0.3287299871444702,0.012001394294202328,0,-0.0009724500705488026,0.03369404375553131,0.9994319677352905,0,0.007242000196129084,-0.025092000141739845,-0.07581000030040741,1,0.04706248268485069,-0.9979921579360962,0.04238433390855789,0,0.9988622665405273,0.04734501615166664,0.005686409771442413,0,-0.007681680843234062,0.04206852242350578,0.999085545539856,0,0,0.390720009803772,0,1,0.07191574573516846,-0.07349438965320587,0.9946995377540588,0,-0.9678080677986145,0.23602294921875,0.0874103307723999,0,-0.24119603633880615,-0.968964159488678,-0.05415469408035278,0,0,0.3791869878768921,0,1,0.9944380521774292,-0.01163159217685461,-0.10468139499425888,0,0.05144514888525009,0.920900821685791,0.38638636469841003,0,0.09190692752599716,-0.3896227777004242,0.9163774847984314,0,0,0.10404700040817261,0,1,-0.9059532880783081,0.30140215158462524,-0.29733017086982727,0,-0.3497336208820343,-0.9285598993301392,0.12434785068035126,0,-0.23861023783683777,0.21663975715637207,0.9466426372528076,0,0.0063299997709691525,-0.025092000141739845,0.07581000030040741,1,0.9970241785049438,-0.07597377151250839,0.013062188401818275,0,0.07576111704111099,0.9969964623451233,0.01607055962085724,0,-0.014243893325328827,-0.01503312774002552,0.9997852444648743,0,0,0.39068400859832764,0,1,-0.04367343336343765,0.30067500472068787,0.9527257084846497,0,-0.6746439337730408,0.6944813132286072,-0.2501004636287689,0,-0.7368497252464294,-0.6536738276481628,0.1725182831287384,0,0,0.3790229856967926,0,1,0.9931082725524902,-0.013607041910290718,0.11640758067369461,0,-0.050322819501161575,0.8475115895271301,0.5283859372138977,0,-0.10584656149148941,-0.5306025147438049,0.8409861922264099,0,0,0.10548900067806244,0,1
K0.139,0.9357731938362122,-0.3111632168292999,0.16584855318069458,0,0.3020249009132385,0.9500714540481567,0.07838714122772217,0,-0.18195930123329163,-0.02326218970119953,0.983031153678894,0,-0.041526105254888535,0.8737377524375916,-0.0030407679732888937,1,0.9508536458015442,-0.20332051813602448,-0.23353511095046997,0,0.1622805893421173,0.9695553779602051,-0.18337894976139069,0,0.2637098431587219,0.13646827638149261,0.9548999071121216,0,0.0014400000218302011,0.04484400153160095,0,1,0.9971601366996765,0.0038850586861371994,-0.07520882785320282,0,-0.007053665816783905,0.9990963935852051,-0.04191112145781517,0,0.0749780535697937,0.04232260212302208,0.9962866306304932,0,0,0.052345000207424164,0,1,0.9971535205841064,0.004867843352258205,-0.07524222135543823,0,-0.008127045817673206,0.9990387558937073,-0.04307087883353233,0,0.07496020942926407,0.043559763580560684,0.9962342977523804,0,0,0.05982299894094467,0,1,0.9704679846763611,0.24054235219955444,0.018186552450060844,0,-0.23957403004169464,0.969883143901825,-0.043936051428318024,0,-0.028207333758473396,0.03828153759241104,0.9988690614700317,0,0,0.06730099767446518,0,1,0.8951761722564697,0.4365099370479584,0.09010189771652222,0,-0.4300190210342407,0.8989969491958618,-0.08299814909696579,0,-0.11723078787326813,0.03555241972208023,0.9924677610397339,0,-0.13123999536037445,0.09945400059223175,0,1,-0.9663320183753967,0.09927584230899811,0.2373732179403305,0,-0.25023728609085083,-0.14799155294895172,-0.9568068385124207,0,-0.05985865369439125,-0.9839937090873718,0.1678515374660492,0,-0.0036909999325871468,0.0479619987308979,-0.0578249990940094,1,-0.8522302508354187,-0.039069727063179016,0.521705150604248,0,0.2853498160839081,0.8011037111282349,0.526125967502594,0,-0.43849557638168335,0.5972490310668945,-0.6715762615203857,0,0,0.11626599729061127,0,1,0.39085933566093445,-0.9180918335914612,0.06585150212049484,0,0.9185041189193726,0.3843831717967987,-0.09273670613765717,0,0.05982857197523117,0.09673184156417847,0.993510365486145,0,0,0.22424599528312683,0,1,0.9924038052558899,-0.036395322531461716,0.1175139769911766,0,-0.12219760566949844,-0.18130117654800415,0.9758060574531555,0,-0.01420935895293951,-0.9827543497085571,-0.18437154591083527,0,-0.004825999960303307,0.047926001250743866,0.0578249990940094,1,0.47415265440940857,-0.8745608329772949,-0.1016024649143219,0,0.7185660600662231,0.31770676374435425,0.6186476349830627,0,-0.5087651014328003,-0.3663414418697357,0.7790710926055908,0,0,0.11645600199699402,0,1,-0.21462008357048035,-0.963036835193634,-0.1627807319164276,0,0.963786244392395,-0.23583060503005981,0.12449680268764496,0,-0.15828381478786469,-0.1301664412021637,0.9787763953208923,0,0,0.224604994058609,0,1,-0.411040723323822,-0.9116071462631226,0.004342991858720779,0,0.9116058349609375,-0.41105467081069946,-0.0030585736967623234,0,0.00457342341542244,0.0027018976397812366,0.9999862313270569,0,0.007242000196129084,-0.025092000141739845,-0.07581000030040741,1,0.40276065468788147,-0.9149367809295654,0.025978943333029747,0,0.9151959419250488,0.40298935770988464,0.004036331549286842,0,-0.014162227511405945,0.022150147706270218,0.9996547102928162,0,0,0.390720009803772,0,1,0.07092384994029999,-0.06778164207935333,0.9951759576797485,0,-0.9566461443901062,0.2779211103916168,0.08710722625255585,0,-0.2824847102165222,-0.958209216594696,-0.04513183981180191,0,0,0.3791869878768921,0,1,0.9943037033081055,-0.008260601200163364,-0.10626444965600967,0,0.05112951993942261,0.9117568135261536,0.40753620862960815,0,0.09352079033851624,-0.41064783930778503,0.9069850444793701,0,0,0.10404700040817261,0,1,-0.8784729242324829,0.401943176984787,-0.2583148777484894,0,-0.43439680337905884,-0.8970268368721008,0.08149745315313339,0,-0.19895820319652557,0.18380461633205414,0.9626172780990601,0,0.0063299997709691525,-0.025092000141739845,0.07581000030040741,1,0.9955070614814758,-0.09410367161035538,-0.010521398857235909,0,0.09462937712669373,0.9926831722259521,0.07499748468399048,0,0.003386877477169037,-0.07565618306398392,0.9971283078193665,0,0,0.39068400859832764,0,1,-0.04469526559114456,0.23114991188049316,0.971890926361084,0,-0.6626393795013428,0.7211841940879822,-0.20199644565582275,0,-0.7476038336753845,-0.653041422367096,0.12093549966812134,0,0,0.3790229856967926,0,1,0.9930633902549744,-0.014569108374416828,0.1166771799325943,0,-0.050310589373111725,0.8442268371582031,0.5336196422576904,0,-0.10627629607915878,-0.53578782081604,0.8376372456550598,0,0,0.10548900067806244,0,1
K0.173,0.9449617862701416,-0.2903037667274475,0.15089811384677887,0,0.2869764268398285,0.956932544708252,0.04386605694890022,0,-0.15713393688201904,0.0018524628831073642,0.987575888633728,0,-0.039724208414554596,0.8787674307823181,-0.004077593330293894,1,0.9563997983932495,-0.2003955841064453,-0.21246390044689178,0,0.16805656254291534,0.9725700616836548,-0.16082492470741272,0,0.23886452615261078,0.1181069165468216,0.9638431668281555,0,0.0014400000218302011,0.04484400153160095,0,1,0.9976783394813538,-0.008206658065319061,-0.06761134415864944,0,0.005886157508939505,0.9993892312049866,-0.03444916382431984,0,0.06785274296998978,0.03397120535373688,0.9971170425415039,0,0,0.052345000207424164,0,1,0.9976687431335449,-0.007294486276805401,-0.06784936785697937,0,0.004917896818369627,0.9993709325790405,-0.03512879088521004,0,0.06806294620037079,0.034713223576545715,0.9970771670341492,0,0,0.05982299894094467,0,1,0.97044837474823,0.24082864820957184,0.015223710797727108,0,-0.24003581702709198,0.9698768854141235,-0.04149879887700081,0,-0.024759210646152496,0.0366181842982769,0.999022364616394,0,0,0.06730099767446518,0,1,0.893410325050354,0.4425686001777649,0.0771428719162941,0,-0.43830013275146484,0.8963711261749268,-0.0664202868938446,0,-0.09854421019554138,0.02552884817123413,0.9948053956031799,0,-0.13123999536037445,0.09945400059223175,0,1,-0.9693202972412109,0.10759061574935913,0.22100134193897247,0,-0.23813383281230927,-0.18826480209827423,-0.9528107047080994,0,-0.06090674549341202,-0.9762071967124939,0.2081099897623062,0,-0.0036909999325871468,0.0479619987308979,-0.0578249990940094,1,-0.9013414978981018,-0.025290079414844513,0.43236950039863586,0,0.24148261547088623,0.7993778586387634,0.5501651167869568,0,-0.3595404624938965,0.6002964973449707,-0.7144055962562561,0,0,0.11626599729061127,0,1,0.43670928478240967,-0.8975173234939575,0.06122206524014473,0,0.8979199528694153,0.4307211637496948,-0.09065870940685272,0,0.054998114705085754,0.09456399083137512,0.9939984083175659,0,0,0.22424599528312683,0,1,0.99299556016922,-0.03448419272899628,0.11300628632307053,0,-0.11730186641216278,-0.17329485714435577,0.9778597354888916,0,-0.01413730252534151,-0.984266459941864,-0.1761261224746704,0,-0.004825999960303307,0.047926001250743866,0.0578249990940094,1,0.5033922791481018,-0.8593254685401917,-0.09031140059232712,0,0.6723223328590393,0.3238900303840637,0.6656405925750732,0,-0.5427509546279907,-0.3957967460155487,0.7407875061035156,0,0,0.11645600199699402,0,1,-0.1921014040708542,-0.968265950679779,-0.15987209975719452,0,0.9690189361572266,-0.2129182368516922,0.1251724511384964,0,-0.15523982048034668,-0.13087321817874908,0.9791693687438965,0,0,0.224604994058609,0,1,-0.5601488351821899,-0.8283909559249878,0.0012347575975582004,0,0.8281789422035217,-0.5600380897521973,-0.021823754534125328,0,0.018770119175314903,-0.011201955378055573,0.9997610449790955,0,0.007242000196129084,-0.025092000141739845,-0.07581000030040741,1,0.7311385273933411,-0.6792147755622864,0.06406079232692719,0,0.681094229221344,0.7321114540100098,-0.011134342290461063,0,-0.039337024092674255,0.05177217349410057,0.9978839755058289,0,0,0.390720009803772,0,1,0.06673576682806015,-0.07175551354885101,0.995186984539032,0,-0.9408490061759949,0.3275441527366638,0.0867086723446846,0,-0.3321894109249115,-0.942107081413269,-0.04565216600894928,0,0,0.3791869878768921,0,1,0.994213879108429,-0.0060539948754012585,-0.1072491928935051,0,0.05094415321946144,0.9055632948875427,0.42114168405532837,0,0.09457129240036011,-0.4241684377193451,0.9006315469741821,0,0,0.10404700040817261,0,1,-0.8847424983978271,0.41876935958862305,-0.2046058475971222,0,-0.4398716390132904,-0.8953668475151062,0.06950405240058899,0,-0.15409106016159058,0.15149343013763428,0.9763734340667725,0,0.0063299997709691525,-0.025092000141739845,0.07581000030040741,1,0.9330801367759705,-0.3594454526901245,0.012644996866583824,0,0.3559289574623108,0.9278658628463745,0.11126317828893661,0,-0.05172589048743248,-0.09931672364473343,0.9937100410461426,0,0,0.39068400859832764,0,1,-0.06723843514919281,0.13500215113162994,0.9885609745979309,0,-0.6654493808746338,0.7321745753288269,-0.14525043964385986,0,-0.7434085011482239,-0.6676038503646851,0.04060683026909828,0,0,0.3790229856967926,0,1,0.9920119047164917,-0.03561384603381157,0.12101440876722336,0,-0.05069998279213905,0.7658639550209045,0.6410009264945984,0,-0.1155090406537056,-0.6420157551765442,0.7579402327537537,0,0,0.10548900067806244,0,1
K0.208,0.9578706622123718,-0.261100709438324,0.11962362378835678,0,0.2612631022930145,0.9651567935943604,0.014602442272007465,0,-0.11926832050085068,0.01726600155234337,0.9927118420600891,0,-0.038377795368433,0.8679901361465454,-0.005376885645091534,1,0.963648796081543,-0.2069266438484192,-0.16900616884231567,0,0.1846979558467865,0.9730259776115417,-0.1382259875535965,0,0.19304999709129333,0.10198618471622467,0.975874125957489,0,0.0014400000218302011,0.04484400153160095,0,1,0.9983660578727722,-0.015534181147813797,-0.05499890074133873,0,0.013948018662631512,0.9994791150093079,-0.029107151553034782,0,0.055422376841306686,0.028292449191212654,0.9980620741844177,0,0,0.052345000207424164,0,1,0.9983569383621216,-0.014722364954650402,-0.05537642538547516,0,0.013101570308208466,0.9994779229164124,-0.02951861172914505,0,0.05578214302659035,0.028744617477059364,0.9980294704437256,0,0,0.05982299894094467,0,1,0.9719855189323425,0.2347021996974945,0.012581164948642254,0,-0.2341102510690689,0.9715108871459961,-0.036877382546663284,0,-0.020877936854958534,0.03289889544248581,0.999240517616272,0,0,0.06730099767446518,0,1,0.8972054719924927,0.43654611706733704,0.0667073056101799,0,-0.4343920052051544,0.8996126651763916,-0.044725704938173294,0,-0.0795355811715126,0.01115102507174015,0.9967696666717529,0,-0.13123999536037445,0.09945400059223175,0,1,-0.9731484651565552,0.10948731005191803,0.20247066020965576,0,-0.22135929763317108,-0.2040107399225235,-0.9536141157150269,0,-0.06310248374938965,-0.9728269577026367,0.2227686494588852,0,-0.0036909999325871468,0.0479619987308979,-0.0578249990940094,1,-0.9333643913269043,-0.035867612808942795,0.3571331799030304,0,0.1960517019033432,0.7825086116790771,0.5909683704376221,0,-0.3006565570831299,0.621605634689331,-0.7233341336250305,0,0,0.11626599729061127,0,1,0.46236762404441833,-0.8847477436065674,0.05863179266452789,0,0.8851448893547058,0.4566527307033539,-0.08936922252178192,0,0.052294835448265076,0.09321905672550201,0.9942712187767029,0,0,0.22424599528312683,0,1,0.993985652923584,-0.03601130470633507,0.10342346876859665,0,-0.10833411663770676,-0.18510296940803528,0.9767295122146606,0,-0.01602930761873722,-0.9820591807365417,-0.1878909170627594,0,-0.004825999960303307,0.047926001250743866,0.0578249990940094,1,0.5600345134735107,-0.827223002910614,-0.045428428798913956,0,0.5818367004394531,0.353687047958374,0.7323737144470215,0,-0.5897689461708069,-0.43658655881881714,0.6793857216835022,0,0,0.11645600199699402,0,1,-0.12215450406074524,-0.9809827208518982,-0.15083704888820648,0,0.981745719909668,-0.1417490839958191,0.1268172413110733,0,-0.14578647911548615,-0.1325923055410385,0.9803905487060547,0,0,0.224604994058609,0,1,-0.7090466022491455,-0.7050380706787109,0.01319907233119011,0,0.7045677900314331,-0.7090932130813599,-0.027753494679927826,0,0.028926655650138855,-0.01037888415157795,0.9995277523994446,0,0.007242000196129084,-0.025092000141739845,-0.07581000030040741,1,0.925865650177002,-0.3730757236480713,0.059891004115343094,0,0.3747005760669708,0.9269660711288452,-0.018264567479491234,0,-0.04870285838842392,0.039351727813482285,0.9980376362800598,0,0,0.390720009803772,0,1,0.059028252959251404,-0.12166029959917068,0.9908152222633362,0,-0.910967230796814,0.3993328809738159,0.1033046618103981,0,-0.4082331359386444,-0.9086978435516357,-0.08725663274526596,0,0,0.3791869878768921,0,1,0.9941384196281433,-0.004228326492011547,-0.10803412646055222,0,0.05080375447869301,0.9003153443336487,0.4322627782821655,0,0.09543700516223907,-0.4352174401283264,0.8952526450157166,0,0,0.10404700040817261,0,1,-0.9143486022949219,0.37447500228881836,-0.15406210720539093,0,-0.3880942761898041,-0.9189921021461487,0.0695425346493721,0,-0.11553995311260223,0.12337677925825119,0.9856109619140625,0,0.0063299997709691525,-0.025092000141739845,0.07581000030040741,1,0.7055268287658691,-0.7080321907997131,0.030372506007552147,0,0.7012224197387695,0.7036601901054382,0.11467090249061584,0,-0.10256259888410568,-0.05960550531744957,0.9929390549659729,0,0,0.39068400859832764,0,1,-0.0850900188088417,0.04379526898264885,0.9954098463058472,0,-0.709551215171814,0.6987023949623108,-0.09139511734247208,0,-0.6994978189468384,-0.7140710353851318,-0.028377603739500046,0,0,0.3790229856967926,0,1,0.9906614422798157,-0.05989599972963333,0.12248092144727707,0,-0.052624110132455826,0.6607481837272644,0.7487602829933167,0,-0.12577694654464722,-0.7482142448425293,0.6514265537261963,0,0,0.10548900067806244,0,1
