3.133,30,94,25
B0,mixamorig_Hips,-1,-0.7576662302017212,-0.13152813911437988,0.6392507553100586,0,-0.12567013502120972,0.9905539751052856,0.05486064776778221,0,-0.640428364276886,-0.03876869007945061,-0.7670387029647827,0,0.00855099968612194,0.7253479957580566,-0.0032870001159608364,1
B1,mixamorig_Spine,0,0.9742339849472046,-0.2210310846567154,-0.04485924541950226,0,0.21963295340538025,0.9749870300292969,-0.03407478332519531,0,0.0512688085436821,0.023344263434410095,0.998412013053894,0,0.0013680000556632876,0.043097998946905136,0,1
B2,mixamorig_Spine1,1,0.9898719787597656,-0.10585290193557739,-0.09459401667118073,0,0.09869509935379028,0.9921029806137085,-0.07739890366792679,0,0.10203999280929565,0.06727909296751022,0.9925029277801514,0,0,0.05030699819326401,0,1
B3,mixamorig_Spine2,2,0.989046037197113,0.100092314183712,-0.10849174112081528,0,-0.10663672536611557,0.9927039742469788,-0.056286223232746124,0,0.10206631571054459,0.06723883748054504,0.9925029873847961,0,0,0.057493001222610474,0,1
B4,mixamorig_Neck,3,0.9866390228271484,-0.008623589761555195,-0.1626952588558197,0,0.007986376993358135,0.9999580383300781,-0.004570238292217255,0,0.16272775828838348,0.0032098281662911177,0.9866660237312317,0,0,0.06468000262975693,0,1
B5,mixamorig_Head,4,0.9169899225234985,0.06647861003875732,-0.3933311700820923,0,-0.09627832472324371,0.9937499761581421,-0.05649981647729874,0,0.38711676001548767,0.08967901766300201,0.9176590442657471,0,-0.12554900348186493,0.09467499703168869,0,1
B6,mixamorig_HeadTop_End,5,1,0,0,0,0,1,0,0,0,0,1,0,-0.020670000463724136,0.01558700017631054,0,1
B7,mixamorig_LeftShoulder,3,-0.9772171974182129,-0.046012066304683685,-0.20719581842422485,0,0.2078712284564972,-0.010364335961639881,-0.9781010150909424,0,0.042857009917497635,-0.9988870620727539,0.019692696630954742,0,-0.003713000100106001,0.04665999859571457,-0.05871399864554405,1
B8,mixamorig_LeftArm,7,-0.9640468955039978,0.042275864630937576,-0.2623462975025177,0,-0.1669376939535141,0.6717739701271057,0.7217010855674744,0,0.2067478895187378,0.7395489811897278,-0.6405640244483948,0,0,0.11573699861764908,0,1
B9,mixamorig_LeftForeArm,8,0.8375731706619263,-0.40726980566978455,0.364146888256073,0,0.4807242155075073,0.8660948872566223,-0.13705295324325562,0,-0.25956809520721436,0.2898460030555725,0.9212019443511963,0,0,0.2276410013437271,0,1
B10,mixamorig_LeftHand,9,1,0,0,0,0,1,0,0,0,0,1,0,0,0.2570990025997162,0,1
B11,mixamorig_RightShoulder,3,0.9082858562469482,0.07647470384836197,-0.41130122542381287,0,0.40848878026008606,0.050087787210941315,0.911388099193573,0,0.0902993306517601,-0.9958130717277527,0.014254971407353878,0,0.0005259999888949096,0.04679400101304054,0.05871399864554405,1
B12,mixamorig_RightArm,11,0.8182819485664368,0.5690760612487793,0.08103684335947037,0,-0.3733600378036499,0.41899800300598145,0.827673077583313,0,0.4370548129081726,-0.7075261473655701,0.5553290247917175,0,0,0.11541900038719177,0,1
B13,mixamorig_RightForeArm,12,0.6622778177261353,-0.7037881016731262,-0.25704115629196167,0,0.7407618165016174,0.6665493249893188,0.08356888592243195,0,0.11251579970121384,-0.24575205147266388,0.9627800583839417,0,0,0.22726300358772278,0,1
B14,mixamorig_RightHand,13,1,0,0,0,0,1,0,0,0,0,1,0,0,0.25710898637771606,0,1
B15,mixamorig_LeftUpLeg,0,-0.4131561517715454,-0.757343053817749,0.5057008266448975,0,0.5004831552505493,-0.6527650952339172,-0.5686947703361511,0,0.7608013153076172,0.018135013058781624,0.6487316489219666,0,0.006874999962747097,-0.024018999189138412,-0.07578299939632416,1
B16,mixamorig_LeftLeg,15,0.654981255531311,-0.6645428538322449,-0.35969793796539307,0,0.7027521729469299,0.7106558084487915,-0.033282797783613205,0,0.2777392268180847,-0.2309788316488266,0.9324749112129211,0,0,0.39323899149894714,0,1
B17,mixamorig_LeftFoot,16,0.04540332779288292,-0.13207395374774933,0.9901999235153198,0,-0.8890209197998047,0.44673311710357666,0.10034970194101334,0,-0.4556088149547577,-0.8848650455474854,-0.09713336080312729,0,0,0.3824959993362427,0,1
B18,mixamorig_LeftToeBase,17,0.9804490208625793,-0.08001402765512466,-0.1797688603401184,0,0.15654903650283813,0.8706781268119812,0.4662759304046631,0,0.11921211332082748,-0.48530206084251404,0.866180956363678,0,0,0.10404700040817261,0,1
B19,mixamorig_LeftToe_End,18,1,0,0,0,0,1,0,0,0,0,1,0,0,0.04368500038981438,0,1
B20,mixamorig_RightUpLeg,0,-0.8486679792404175,-0.5274151563644409,-0.039946164935827255,0,0.47402793169021606,-0.7919161319732666,0.3849240839481354,0,-0.23464876413345337,0.3077370524406433,0.9220830202102661,0,0.006289000157266855,-0.024018999189138412,0.07578299939632416,1
B21,mixamorig_RightLeg,20,0.5900699496269226,-0.806265115737915,0.0418839231133461,0,0.79743492603302,0.5901432037353516,0.12581178545951843,0,-0.12615519762039185,-0.04083806648850441,0.9911699295043945,0,0,0.3932250142097473,0,1
B22,mixamorig_RightFoot,21,-0.1936347633600235,0.3249870240688324,0.9256830215454102,0,-0.9809719324111938,-0.07769694924354553,-0.17792242765426636,0,0.014100250788033009,-0.9425209760665894,0.33384793996810913,0,0,0.38236498832702637,0,1
B23,mixamorig_RightToeBase,22,0.9917359352111816,0.058625344187021255,0.11412112414836884,0,-0.10370264947414398,0.8900109529495239,0.4439883232116699,0,-0.07554005831480026,-0.45215368270874023,0.8887351751327515,0,0,0.10548900067806244,0,1
B24,mixamorig_RightToe_End,23,1,0,0,0,0,1,0,0,0,0,1,0,0,0.044149000197649,0,1
@20,0,1,2,3,4,5,7,8,9,11,12,13,15,16,17,18,20,21,22,23
K0,0.639250636100769,-0.13152801990509033,0.7576662302017212,0,0.05486061051487923,0.9905540347099304,0.12567000091075897,0,-0.7670387029647827,-0.03876861557364464,0.6404282450675964,0,-0.003286999650299549,0.7253479957580566,-0.00855099968612194,1,0.9742339849472046,-0.2210310697555542,-0.04485922306776047,0,0.21963293850421906,0.9749870300292969,-0.03407475724816322,0,0.05126878246665001,0.023344242945313454,0.998412013053894,0,0.0013680000556632876,0.043097998946905136,0,1,0.9898719787597656,-0.10585290193557739,-0.09459400922060013,0,0.09869509935379028,0.9921029806137085,-0.07739890366792679,0,0.10203998535871506,0.06727909296751022,0.9925029277801514,0,0,0.05030699819326401,0,1,0.989046037197113,0.10009229183197021,-0.10849171131849289,0,-0.10663670301437378,0.9927039742469788,-0.056286197155714035,0,0.1020662933588028,0.06723880767822266,0.9925029873847961,0,0,0.057493001222610474,0,1,0.9866390228271484,-0.008623603731393814,-0.1626952588558197,0,0.007986396551132202,0.9999580383300781,-0.004570206627249718,0,0.16272775828838348,0.003209793707355857,0.9866660237312317,0,0,0.06468000262975693,0,1,0.9169899225234985,0.06647861748933792,-0.3933311998844147,0,-0.09627837687730789,0.9937499761581421,-0.056499894708395004,0,0.38711678981781006,0.08967911452054977,0.9176590442657471,0,-0.12554900348186493,0.09467499703168869,0,1,-0.9772171974182129,-0.046011827886104584,-0.20719577372074127,0,0.2078711837530136,-0.010364352725446224,-0.9781010150909424,0,0.04285677149891853,-0.9988870620727539,0.01969268172979355,0,-0.003713000100106001,0.04665999859571457,-0.05871399864554405,1,-0.964046835899353,0.04227573052048683,-0.26234620809555054,0,-0.1669377237558365,0.6717740297317505,0.7217010259628296,0,0.20674775540828705,0.739548921585083,-0.6405640244483948,0,0,0.11573699861764908,0,1,0.8375731706619263,-0.40726980566978455,0.364146888256073,0,0.4807242155075073,0.8660948872566223,-0.1370529681444168,0,-0.25956809520721436,0.2898460030555725,0.9212019443511963,0,0,0.2276410013437271,0,1,0.9082859754562378,0.07647443562746048,-0.411300927400589,0,0.4084884524345398,0.050087958574295044,0.911388099193573,0,0.09029912203550339,-0.9958130121231079,0.014255271293222904,0,0.0005259999888949096,0.04679400101304054,0.05871399864554405,1,0.8182819485664368,0.5690760016441345,0.08103679120540619,0,-0.3733599781990051,0.4189980924129486,0.8276730179786682,0,0.4370547831058502,-0.7075260877609253,0.5553290843963623,0,0,0.11541900038719177,0,1,0.6622778177261353,-0.703788161277771,-0.25704121589660645,0,0.7407618761062622,0.6665492653846741,0.08356890082359314,0,0.11251581460237503,-0.24575211107730865,0.9627799987792969,0,0,0.22726300358772278,0,1,-0.4131562113761902,-0.7573429346084595,0.5057007670402527,0,0.500482976436615,-0.6527650356292725,-0.5686948299407959,0,0.7608013153076172,0.018134798854589462,0.6487316489219666,0,0.006874999962747097,-0.024018999189138412,-0.07578299939632416,1,0.654981255531311,-0.6645427942276001,-0.3596978187561035,0,0.7027521133422852,0.7106558084487915,-0.03328279033303261,0,0.27773913741111755,-0.23097877204418182,0.9324749708175659,0,0,0.39323899149894714,0,1,0.045403219759464264,-0.13207419216632843,0.9901999235153198,0,-0.8890210390090942,0.4467329978942871,0.10034975409507751,0,-0.4556087851524353,-0.8848651051521301,-0.09713365137577057,0,0,0.3824959993362427,0,1,0.9804490208625793,-0.08001399785280228,-0.1797688752412796,0,0.15654902160167694,0.8706781268119812,0.4662759304046631,0,0.11921213567256927,-0.48530206084251404,0.866180956363678,0,0,0.10404700040817261,0,1,-0.8486679792404175,-0.5274150967597961,-0.039946239441633224,0,0.4740278720855713,-0.7919161319732666,0.3849240243434906,0,-0.23464876413345337,0.30773696303367615,0.9220830202102661,0,0.006289000157266855,-0.024018999189138412,0.07578299939632416,1,0.5900699496269226,-0.806265115737915,0.04188382998108864,0,0.79743492603302,0.5901432037353516,0.12581183016300201,0,-0.12615516781806946,-0.04083816334605217,0.9911699295043945,0,0,0.3932250142097473,0,1,-0.19363471865653992,0.32498660683631897,0.9256831407546997,0,-0.9809719324111938,-0.07769706845283508,-0.1779223531484604,0,0.01410047709941864,-0.9425210952758789,0.3338475823402405,0,0,0.38236498832702637,0,1,0.9917359352111816,0.058625366538763046,0.11412102729082108,0,-0.10370262712240219,0.8900109529495239,0.4439883232116699,0,-0.0755399614572525,-0.45215368270874023,0.8887351751327515,0,0,0.10548900067806244,0,1
K0.033,0.5989827513694763,-0.11227380484342575,0.7928521633148193,0,0.040812116116285324,0.9931150078773499,0.10979984700679779,0,-0.7997215986251831,-0.033410269767045975,0.5994413495063782,0,0.00010004187788581476,0.7248209714889526,-0.008640988729894161,1,0.9739239811897278,-0.22222104668617249,-0.0457179956138134,0,0.22081801295280457,0.9747290015220642,-0.033801380544900894,0,0.05207401514053345,0.02282460778951645,0.9983819723129272,0,0.0013680000556632876,0.043097998946905136,0,1,0.9894300103187561,-0.10831528902053833,-0.09642118960618973,0,0.10103284567594528,0.9918630123138428,-0.07746224105358124,0,0.1040269136428833,0.06690173596143723,0.9923220276832581,0,0,0.05030699819326401,0,1,0.9887539148330688,0.09748192876577377,-0.11341726779937744,0,-0.10412494093179703,0.9930870532989502,-0.05418839678168297,0,0.10735084116458893,0.06538856029510498,0.9920691251754761,0,0,0.057493001222610474,0,1,0.9868650436401367,-0.014257778413593769,-0.1609179675579071,0,0.013845321722328663,0.9998970031738281,-0.003684148658066988,0,0.16095395386219025,0.0014077966334298253,0.9869610071182251,0,0,0.06468000262975693,0,1,0.9185450673103333,0.05902855470776558,-0.3908839225769043,0,-0.0896562859416008,0.99413001537323,-0.06055835261940956,0,0.38501498103141785,0.09067083895206451,0.9184460639953613,0,-0.12554900348186493,0.09467499703168869,0,1,-0.9811208844184875,-0.04488687589764595,-0.1881149858236313,0,0.1885988563299179,-0.006761989090591669,-0.982030987739563,0,0.04280824586749077,-0.9989689588546753,0.015100016258656979,0,-0.003713000100106001,0.04665999859571457,-0.05871399864554405,1,-0.968533992767334,0.036191243678331375,-0.24623678624629974,0,-0.1576399952173233,0.676399290561676,0.7194676995277405,0,0.19259265065193176,0.735645055770874,-0.6494099497795105,0,0,0.11573699861764908,0,1,0.8332989811897278,-0.418853223323822,0.36079683899879456,0,0.4926459789276123,0.8587499856948853,-0.1408858746290207,0,-0.25082382559776306,0.2951452136039734,0.9219419360160828,0,0,0.2276410013437271,0,1,0.903600811958313,0.0813230499625206,-0.4205852746963501,0,0.4188012480735779,0.03871104121208191,0.9072529673576355,0,0.09006186574697495,-0.9959360361099243,0.0009211339056491852,0,0.0005259999888949096,0.04679400101304054,0.05871399864554405,1,0.8513142466545105,0.521723747253418,0.055395469069480896,0,-0.3353153467178345,0.45983967185020447,0.8222599029541016,0,0.4035194218158722,-0.7185763716697693,0.5664099454879761,0,0,0.11541900038719177,0,1,0.658214271068573,-0.7053738236427307,-0.2630626857280731,0,0.745229959487915,0.660024106502533,0.09487193077802658,0,0.10670752823352814,-0.2584882080554962,0.960102915763855,0,0,0.22726300358772278,0,1,-0.44790026545524597,-0.7489743232727051,0.48828545212745667,0,0.47194191813468933,-0.6619009971618652,-0.58237224817276,0,0.7593788504600525,-0.030402295291423798,0.6499382257461548,0,0.006874999962747097,-0.024018999189138412,-0.07578299939632416,1,0.6333863735198975,-0.6928216814994812,-0.3447016775608063,0,0.7273308038711548,0.6850902438163757,-0.04051019623875618,0,0.2642183303833008,-0.22505375742912292,0.9378382563591003,0,0,0.39323899149894714,0,1,0.030465826392173767,-0.1282188892364502,0.9912779331207275,0,-0.9101762175559998,0.4063173234462738,0.08052919059991837,0,-0.4130987524986267,-0.9046911001205444,-0.10432299971580505,0,0,0.3824959993362427,0,1,0.984935998916626,-0.0768885612487793,-0.15488606691360474,0,0.14117878675460815,0.8747683763504028,0.46351736783981323,0,0.09985027462244034,-0.47840172052383423,0.8724460601806641,0,0,0.10404700040817261,0,1,-0.8524010181427002,-0.5223197937011719,-0.024399641901254654,0,0.4754889905452728,-0.7936990857124329,0.37941089272499084,0,-0.21753951907157898,0.3118080496788025,0.9249061346054077,0,0.006289000157266855,-0.024018999189138412,0.07578299939632416,1,0.5893277525901794,-0.8049702644348145,0.06867280602455139,0,0.7954677939414978,0.5930142402648926,0.12475907057523727,0,-0.1411513388156891,-0.018896987661719322,0.9898080229759216,0,0,0.3932250142097473,0,1,-0.2039640098810196,0.309465229511261,0.9287789463996887,0,-0.9789440631866455,-0.07242503762245178,-0.19084873795509338,0,0.008205762133002281,-0.9481489658355713,0.3177212178707123,0,0,0.38236498832702637,0,1,0.9916430115699768,0.05794105678796768,0.11526791006326675,0,-0.10380293428897858,0.8888951539993286,0.44619470834732056,0,-0.07660813629627228,-0.45443135499954224,0.8874817490577698,0,0,0.10548900067806244,0,1
K0.067,0.5599294304847717,-0.09241602569818497,0.823369562625885,0,0.025281362235546112,0.9952029585838318,0.09451030194759369,0,-0.8281547427177429,-0.03210322558879852,0.5595803260803223,0,0.004214960150420666,0.7237319946289062,-0.007662008982151747,1,0.9731730222702026,-0.22539718449115753,-0.04615906625986099,0,0.22402077913284302,0.9740200638771057,-0.03315502405166626,0,0.05243292450904846,0.02192499302327633,0.9983839988708496,0,0.0013680000556632876,0.043097998946905136,0,1,0.9882400035858154,-0.11480288207530975,-0.10100173205137253,0,0.1072240024805069,0.991208016872406,-0.07752828299999237,0,0.10901419073343277,0.06578674167394638,0.9918609857559204,0,0,0.05030699819326401,0,1,0.9888330101966858,0.09067119657993317,-0.1182720810174942,0,-0.09736593067646027,0.9938840270042419,-0.05210007727146149,0,0.11282479763031006,0.06303396821022034,0.9916139841079712,0,0,0.057493001222610474,0,1,0.9875500202178955,-0.019030211493372917,-0.156150683760643,0,0.019056690856814384,0.9998180270195007,-0.0013276477111503482,0,0.15614739060401917,-0.001664594979956746,0.98773193359375,0,0,0.06468000262975693,0,1,0.921899139881134,0.04949971288442612,-0.38425585627555847,0,-0.08307944238185883,0.9939910173416138,-0.07127697765827179,0,0.37841829657554626,0.09763385355472565,0.9204709529876709,0,-0.12554900348186493,0.09467499703168869,0,1,-0.9857280254364014,-0.04315980151295662,-0.16272035241127014,0,0.16296745836734772,-0.0022467609960585833,-0.9866289496421814,0,0.042217135429382324,-0.9990660548210144,0.009248225949704647,0,-0.003713000100106001,0.04665999859571457,-0.05871399864554405,1,-0.9763208627700806,0.034653179347515106,-0.2135324329137802,0,-0.13166742026805878,0.6879999041557312,0.7136669158935547,0,0.17164109647274017,0.7248830795288086,-0.667145848274231,0,0,0.11573699861764908,0,1,0.8304150104522705,-0.43272387981414795,0.3509443998336792,0,0.5057048797607422,0.8497731685638428,-0.1488206684589386,0,-0.23382487893104553,0.30105721950531006,0.9244949817657471,0,0,0.2276410013437271,0,1,0.897564172744751,0.08224886655807495,-0.43314364552497864,0,0.43172773718833923,0.03520990163087845,0.9013161063194275,0,0.08938323706388474,-0.995989978313446,-0.003905973397195339,0,0.0005259999888949096,0.04679400101304054,0.05871399864554405,1,0.8816989064216614,0.47088322043418884,0.029596177861094475,0,-0.2898307740688324,0.491056352853775,0.8215001821517944,0,0.3722972273826599,-0.7328936457633972,0.5694402456283569,0,0,0.11541900038719177,0,1,0.6657558679580688,-0.6941291689872742,-0.27377793192863464,0,0.7374790906906128,0.6679458618164062,0.09986308962106705,0,0.11355090141296387,-0.2683897912502289,0.9565940499305725,0,0,0.22726300358772278,0,1,-0.4864448606967926,-0.7541400790214539,0.44118422269821167,0,0.47911885380744934,-0.6525073051452637,-0.5870949625968933,0,0.7306275963783264,-0.07420960813760757,0.678731381893158,0,0.006874999962747097,-0.024018999189138412,-0.07578299939632416,1,0.5701833963394165,-0.7667283415794373,-0.2949899137020111,0,0.7900504469871521,0.6102027893066406,-0.058937929570674896,0,0.22519290447235107,-0.19945135712623596,0.9536809325218201,0,0,0.39323899149894714,0,1,-0.005056554917246103,-0.14190416038036346,0.9898679852485657,0,-0.9373108744621277,0.34560832381248474,0.044757191091775894,0,-0.3484575152397156,-0.9275868535041809,-0.13475577533245087,0,0,0.3824959993362427,0,1,0.9856770634651184,-0.04453127458691597,-0.1626618653535843,0,0.11027433723211288,0.899931788444519,0.42185530066490173,0,0.1275988221168518,-0.4337505102157593,0.8919527530670166,0,0,0.10404700040817261,0,1,-0.8623149991035461,-0.5062000751495361,0.013236799277365208,0,0.4758971035480499,-0.801207959651947,0.3627501428127289,0,-0.17301858961582184,0.3191039562225342,0.9317919611930847,0,0.006289000157266855,-0.024018999189138412,0.07578299939632416,1,0.588659942150116,-0.8049430251121521,0.07447108626365662,0,0.7944038510322571,0.5930792093276978,0.1310746669769287,0,-0.14967478811740875,-0.01799827814102173,0.988571047782898,0,0,0.3932250142097473,0,1,-0.20664536952972412,0.31151172518730164,0.9275009632110596,0,-0.9783649444580078,-0.07543149590492249,-0.19264325499534607,0,0.009952172636985779,-0.9472430944442749,0.3203596770763397,0,0,0.38236498832702637,0,1,0.9913849830627441,0.05604691058397293,0.11838512122631073,0,-0.10407812148332596,0.8858232498168945,0.452200710773468,0,-0.07952382415533066,-0.46062618494033813,0.8840249180793762,0,0,0.10548900067806244,0,1
K0.100,0.5191619396209717,-0.07235638797283173,0.8516069650650024,0,0.009985986165702343,0.9968550205230713,0.07860959321260452,0,-0.8546169996261597,-0.03230699151754379,0.5182520151138306,0,0.00901700183749199,0.7221220135688782,-0.00627199886366725,1,0.9720949530601501,-0.22989711165428162,-0.046666186302900314,0,0.22857987880706787,0.9730020761489868,-0.031907662749290466,0,0.05274181440472603,0.020350344479084015,0.9984010457992554,0,0.0013680000556632876,0.043097998946905136,0,1,0.9865019917488098,-0.12396471202373505,-0.10698801279067993,0,0.1160372942686081,0.9902239441871643,-0.07740873843431473,0,0.11553799360990524,0.06394924968481064,0.9912419319152832,0,0,0.05030699819326401,0,1,0.9890999794006348,0.08098501712083817,-0.12297498434782028,0,-0.0876619890332222,0.9949010014533997,-0.04988327994942665,0,0.11830803751945496,0.06011973321437836,0.9911550283432007,0,0,0.057493001222610474,0,1,0.9885289669036865,-0.02331206575036049,-0.14922219514846802,0,0.023883942514657974,0.9997130036354065,0.002041201340034604,0,0.14913180470466614,-0.005581801291555166,0.9888020753860474,0,0,0.06468000262975693,0,1,0.9264159202575684,0.038742389529943466,-0.37450215220451355,0,-0.0764906033873558,0.9933149814605713,-0.08645803481340408,0,0.3686489164829254,0.10874196887016296,0.9231860041618347,0,-0.12554900348186493,0.09467499703168869,0,1,-0.9920050501823425,-0.04018373787403107,-0.11963292956352234,0,0.11954271793365479,0.004646915942430496,-0.9928179383277893,0,0.04045107588171959,-0.9991819858551025,0.00019384542247280478,0,-0.003713000100106001,0.04665999859571457,-0.05871399864554405,1,-0.985412061214447,0.024548564106225967,-0.16840389370918274,0,-0.10340656340122223,0.6995550394058228,0.707056999206543,0,0.13516511023044586,0.7141570448875427,-0.6868119835853577,0,0,0.11573699861764908,0,1,0.8277109861373901,-0.44910404086112976,0.3364528715610504,0,0.5199609994888306,0.8392869830131531,-0.15886403620243073,0,-0.21103408932685852,0.3064359724521637,0.9282039403915405,0,0,0.2276410013437271,0,1,0.887403130531311,0.08297637850046158,-0.45346391201019287,0,0.45250341296195984,0.031127063557505608,0.8912192583084106,0,0.08806516975164413,-0.9960650205612183,-0.009924842044711113,0,0.0005259999888949096,0.04679400101304054,0.05871399864554405,1,0.911793053150177,0.41022491455078125,0.0186770036816597,0,-0.25326305627822876,0.5259530544281006,0.8119310140609741,0,0.32325097918510437,-0.7450429797172546,0.583454966545105,0,0,0.11541900038719177,0,1,0.6719759106636047,-0.6840991973876953,-0.2836485505104065,0,0.7303319573402405,0.675625205039978,0.10072605311870575,0,0.1227334514260292,-0.2748429775238037,0.9536229372024536,0,0,0.22726300358772278,0,1,-0.502792239189148,-0.7640320658683777,0.4042956829071045,0,0.4922468960285187,-0.6375430822372437,-0.592648983001709,0,0.7105583548545837,-0.09896595031023026,0.6966437101364136,0,0.006874999962747097,-0.024018999189138412,-0.07578299939632416,1,0.48760300874710083,-0.8480719327926636,-0.20740509033203125,0,0.8552300333976746,0.5117409229278564,-0.08187068998813629,0,0.17556990683078766,-0.1374586522579193,0.9748230576515198,0,0,0.39323899149894714,0,1,0.02749589830636978,-0.20226319134235382,0.9789450168609619,0,-0.9657052159309387,0.2475624978542328,0.07827382534742355,0,-0.25818195939064026,-0.9475241899490356,-0.18851962685585022,0,0,0.3824959993362427,0,1,0.9655879735946655,-0.007122977636754513,-0.2599790096282959,0,0.0935940146446228,0.9421690702438354,0.3218036890029907,0,0.2426520138978958,-0.33506229519844055,0.910413920879364,0,0,0.10404700040817261,0,1,-0.8728298544883728,-0.4836181700229645,0.06543104350566864,0,0.4752707779407501,-0.8118950128555298,0.33903422951698303,0,-0.11084002256393433,0.32701680064201355,0.9384961724281311,0,0.006289000157266855,-0.024018999189138412,0.07578299939632416,1,0.5880560874938965,-0.8058269023895264,0.06951972097158432,0,0.7938459515571594,0.591495931148529,0.14121727645397186,0,-0.15491728484630585,-0.027855711057782173,0.9875349998474121,0,0,0.3932250142097473,0,1,-0.20558181405067444,0.32576584815979004,0.9228281378746033,0,-0.9785319566726685,-0.08243124186992645,-0.18889226019382477,0,0.014535225927829742,-0.9418500661849976,0.3357188105583191,0,0,0.38236498832702637,0,1,0.9909849762916565,0.05316246673464775,0.12297181040048599,0,-0.10448753088712692,0.8811869621276855,0.4610772132873535,0,-0.08384918421506882,-0.46976977586746216,0.8787981271743774,0,0,0.10548900067806244,0,1
K0.133,0.47351038455963135,-0.05229288712143898,0.8792343139648438,0,-0.0027251054998487234,0.9981440305709839,0.06083269789814949,0,-0.880784273147583,-0.031200949102640152,0.47248944640159607,0,0.014470061287283897,0.7200490236282349,-0.00479898601770401,1,0.9708160758018494,-0.23503577709197998,-0.04768102243542671,0,0.2338373064994812,0.9718309640884399,-0.029404325410723686,0,0.05324900522828102,0.017396602779626846,0.998430073261261,0,0.0013680000556632876,0.043097998946905136,0,1,0.984451949596405,-0.13445404171943665,-0.11303301900625229,0,0.1262451559305191,0.9890119433403015,-0.07691887766122818,0,0.12213306874036789,0.06145307049155235,0.9906089901924133,0,0,0.05030699819326401,0,1,0.9893900752067566,0.06974796950817108,-0.12744879722595215,0,-0.07631678879261017,0.9959560632705688,-0.04740067943930626,0,0.12362729758024216,0.05662424489855766,0.9907119870185852,0,0,0.057493001222610474,0,1,0.9896309971809387,-0.027465207502245903,-0.14098000526428223,0,0.02859189175069332,0.9995729923248291,0.0059720613062381744,0,0.14075583219528198,-0.009941025637090206,0.9899939894676208,0,0,0.06468000262975693,0,1,0.9314960241317749,0.027568913996219635,-0.36270594596862793,0,-0.06982792168855667,0.9921309947967529,-0.10392015427350998,0,0.35698679089546204,0.1221281886100769,0.9260910749435425,0,-0.12554900348186493,0.09467499703168869,0,1,-0.9961010813713074,-0.03775348886847496,-0.07972972840070724,0,0.07933709025382996,0.011789212003350258,-0.9967780709266663,0,0.038571830838918686,-0.9992180466651917,-0.008748019114136696,0,-0.003713000100106001,0.04665999859571457,-0.05871399864554405,1,-0.9932740330696106,0.023015372455120087,-0.11347813159227371,0,-0.0634029284119606,0.7119500041007996,0.6993618607521057,0,0.09688681364059448,0.7018527984619141,-0.7057020664215088,0,0,0.11573699861764908,0,1,0.8240188956260681,-0.4680773615837097,0.31921064853668213,0,0.5355020761489868,0.8274469375610352,-0.1690252721309662,0,-0.18501290678977966,0.31021788716316223,0.9324880838394165,0,0,0.2276410013437271,0,1,0.8734036684036255,0.08433213829994202,-0.47963955998420715,0,0.479301393032074,0.025541987270116806,0.8772788047790527,0,0.0862337276339531,-0.9961100816726685,-0.018112042918801308,0,0.0005259999888949096,0.04679400101304054,0.05871399864554405,1,0.9375002980232239,0.3475172221660614,0.018025672063231468,0,-0.21879036724567413,0.5483681559562683,0.8071080446243286,0,0.270599365234375,-0.7606082558631897,0.590129017829895,0,0,0.11541900038719177,0,1,0.6672220230102539,-0.689379870891571,-0.28208115696907043,0,0.7299568057060242,0.680544376373291,0.06342023611068726,0,0.14824819564819336,-0.24822255969047546,0.9572921395301819,0,0,0.22726300358772278,0,1,-0.5131305456161499,-0.7716188430786133,0.3759006857872009,0,0.503059446811676,-0.6252177953720093,-0.5966858863830566,0,0.6954337358474731,-0.11707732826471329,0.7089881896972656,0,0.006874999962747097,-0.024018999189138412,-0.07578299939632416,1,0.3898428678512573,-0.907493531703949,-0.1564568132162094,0,0.9086185097694397,0.40669378638267517,-0.0949370414018631,0,0.1497846096754074,-0.10514891892671585,0.9831110835075378,0,0,0.39323899149894714,0,1,0.05512572452425957,-0.2370968461036682,0.9699209928512573,0,-0.985257089138031,0.14464539289474487,0.09135586023330688,0,-0.16195470094680786,-0.9606571197509766,-0.22562755644321442,0,0,0.3824959993362427,0,1,0.9665752053260803,-0.014892226085066795,-0.25594907999038696,0,0.09718073159456253,0.9450967311859131,0.3120069205760956,0,0.23725010454654694,-0.3264513909816742,0.9149541258811951,0,0,0.10404700040817261,0,1,-0.8792268633842468,-0.4598318934440613,0.12455663830041885,0,0.474622905254364,-0.8228931427001953,0.3123774826526642,0,-0.04114433750510216,0.33376821875572205,0.9417569637298584,0,0.006289000157266855,-0.024018999189138412,0.07578299939632416,1,0.5862680673599243,-0.8072268962860107,0.06836733967065811,0,0.7936941981315613,0.5892409086227417,0.15114712715148926,0,-0.16229479014873505,-0.034349966794252396,0.9861440658569336,0,0,0.3932250142097473,0,1,-0.20475813746452332,0.3538852632045746,0.9126009345054626,0,-0.9787390232086182,-0.08546189218759537,-0.18645721673965454,0,0.012008072808384895,-0.931376039981842,0.36385995149612427,0,0,0.38236498832702637,0,1,0.9904680252075195,0.04951661825180054,0.12853215634822845,0,-0.1050003319978714,0.87538081407547,0.47189414501190186,0,-0.08914797753095627,-0.48089203238487244,0.8722360730171204,0,0,0.10548900067806244,0,1
K0.167,0.4196486175060272,-0.03221603482961655,0.9071146249771118,0,-0.011515798978507519,0.9991010427474976,0.040810342878103256,0,-0.9076137542724609,-0.027572153136134148,0.4189003109931946,0,0.020380942150950432,0.717739999294281,-0.0035690106451511383,1,0.9694769978523254,-0.24020421504974365,-0.04914872348308563,0,0.2391536980867386,0.970625102519989,-0.02633296512067318,0,0.05403025075793266,0.013775098137557507,0.9984439611434937,0,0.0013680000556632876,0.043097998946905136,0,1,0.9824029803276062,-0.14494448900222778,-0.1177939772605896,0,0.13663028180599213,0.9877119660377502,-0.07587320357561111,0,0.12734392285346985,0.058443836867809296,0.9901350140571594,0,0,0.05030699819326401,0,1,0.9895859956741333,0.05829008296132088,-0.1316118687391281,0,-0.06464213877916336,0.9969149827957153,-0.044514987617731094,0,0.12861105799674988,0.052559077739715576,0.9903009533882141,0,0,0.057493001222610474,0,1,0.9907029271125793,-0.03182453289628029,-0.13226741552352905,0,0.03343837708234787,0.9993910193443298,0.009997528046369553,0,0.13186873495578766,-0.014327391982078552,0.9911640286445618,0,0,0.06468000262975693,0,1,0.9365991353988647,0.016702156513929367,-0.3500036299228668,0,-0.06305701285600662,0.99058997631073,-0.12146777659654617,0,0.34468165040016174,0.13583692908287048,0.9288398027420044,0,-0.12554900348186493,0.09467499703168869,0,1,-0.9985800385475159,-0.035689759999513626,-0.03954405337572098,0,0.03885912522673607,0.019685791805386543,-0.999051034450531,0,0.036434341222047806,-0.9991689324378967,-0.01827097125351429,0,-0.003713000100106001,0.04665999859571457,-0.05871399864554405,1,-0.9982729554176331,0.022707059979438782,-0.05418166145682335,0,-0.02120145969092846,0.7208758592605591,0.6927402019500732,0,0.05478830263018608,0.6926920413970947,-0.7191488742828369,0,0,0.11573699861764908,0,1,0.818336009979248,-0.48952487111091614,0.3011491298675537,0,0.5524618625640869,0.8144571185112,-0.17732878029346466,0,-0.15846629440784454,0.3114880919456482,0.9369438886642456,0,0,0.2276410013437271,0,1,0.8584511280059814,0.08816066384315491,-0.5052618980407715,0,0.5059544444084167,0.01595834642648697,0.8624122738838196,0,0.08409393578767776,-0.9959779381752014,-0.03090580552816391,0,0.0005259999888949096,0.04679400101304054,0.05871399864554405,1,0.9614956378936768,0.27481818199157715,-0.0006406965549103916,0,-0.1613190621137619,0.5662850141525269,0.8082680106163025,0,0.22248956561088562,-0.777042806148529,0.5888139605522156,0,0,0.11541900038719177,0,1,0.6828218698501587,-0.677638053894043,-0.273058146238327,0,0.7045992612838745,0.7096046805381775,0.0009546500514261425,0,0.1931164562702179,-0.19304846227169037,0.9619969725608826,0,0,0.22726300358772278,0,1,-0.5389840006828308,-0.7691040635108948,0.3434757590293884,0,0.5150586366653442,-0.6235880851745605,-0.5880931615829468,0,0.6664917469024658,-0.14006255567073822,0.7322372198104858,0,0.006874999962747097,-0.024018999189138412,-0.07578299939632416,1,0.28433123230934143,-0.9501796364784241,-0.12772586941719055,0,0.9500957727432251,0.29709577560424805,-0.09514497965574265,0,0.1283515989780426,-0.0942990854382515,0.9872349500656128,0,0,0.39323899149894714,0,1,0.06445671617984772,-0.1955636441707611,0.9785709381103516,0,-0.9909369349479675,0.10326789319515228,0.08590901643037796,0,-0.11785564571619034,-0.9752390384674072,-0.18713489174842834,0,0,0.3824959993362427,0,1,0.98487788438797,-0.021461686119437218,-0.1719137728214264,0,0.08582337200641632,0.9224250912666321,0.3765186667442322,0,0.15049688518047333,-0.3855792284011841,0.9103181958198547,0,0,0.10404700040817261,0,1,-0.879568874835968,-0.43978244066238403,0.1815187633037567,0,0.4750857949256897,-0.8323320746421814,0.2855112850666046,0,0.025521056726574898,0.33736392855644226,0.9410280585289001,0,0.006289000157266855,-0.024018999189138412,0.07578299939632416,1,0.5846759080886841,-0.8080571889877319,0.07210009545087814,0,0.7931708693504333,0.5880382061004639,0.15839871764183044,0,-0.17039279639720917,-0.035424210131168365,0.9847390055656433,0,0,0.3932250142097473,0,1,-0.20725007355213165,0.3759065568447113,0.9031841158866882,0,-0.9782459139823914,-0.08814480155706406,-0.1877882331609726,0,0.009020207449793816,-0.9224562048912048,0.3859975039958954,0,0,0.38236498832702637,0,1,0.9898660182952881,0.04534761607646942,0.1345728486776352,0,-0.10556640475988388,0.8688249588012695,0.4837339222431183,0,-0.0949840322136879,-0.4930379092693329,0.8648070693016052,0,0,0.10548900067806244,0,1
K0.200,0.3537319600582123,-0.011863045394420624,0.9352718591690063,0,-0.017315970733761787,0.9996650218963623,0.01922893337905407,0,-0.9351860284805298,-0.022997014224529266,0.3534078001976013,0,0.0261090025305748,0.7163509726524353,-0.0026220015715807676,1,0.968216061592102,-0.24494370818138123,-0.05060884729027748,0,0.2438952475786209,0.969451904296875,-0.026039954274892807,0,0.05544113740324974,0.012869034893810749,0.9983789324760437,0,0.0013680000556632876,0.043097998946905136,0,1,0.980743944644928,-0.15413837134838104,-0.1199280172586441,0,0.14598464965820312,0.9865091443061829,-0.0740891695022583,0,0.1297299712896347,0.05515481159090996,0.9900140166282654,0,0,0.05030699819326401,0,1,0.9896320700645447,0.047941140830516815,-0.13538570702075958,0,-0.05395285412669182,0.9976980090141296,-0.04108775779604912,0,0.1331043243408203,0.047966230660676956,0.9899410009384155,0,0,0.057493001222610474,0,1,0.9916110038757324,-0.03671196848154068,-0.12393680214881897,0,0.03870103508234024,0.9991570115089417,0.013679137453436852,0,0.12333016097545624,-0.018360869958996773,0.9921960830688477,0,0,0.06468000262975693,0,1,0.9412659406661987,0.006688655819743872,-0.3375991880893707,0,-0.056146327406167984,0.9889859557151794,-0.13694830238819122,0,0.33296477794647217,0.14785969257354736,0.9312741160392761,0,-0.12554900348186493,0.09467499703168869,0,1,-0.9994120597839355,-0.03421437740325928,-0.0022937755566090345,0,0.0013343525351956487,0.028038010001182556,-0.9996060132980347,0,0.034265197813510895,-0.9990209937095642,-0.027975909411907196,0,-0.003713000100106001,0.04665999859571457,-0.05871399864554405,1,-0.9997610449790955,0.02155897207558155,0.0035586555022746325,0,0.018080048263072968,0.7247359752655029,0.6887890100479126,0,0.012270502746105194,0.6886890530586243,-0.7249529957771301,0,0,0.11573699861764908,0,1,0.8098881244659424,-0.513124942779541,0.28422579169273376,0,0.5710150599479675,0.8005560040473938,-0.18180282413959503,0,-0.13425111770629883,0.3095371723175049,0.9413629174232483,0,0,0.2276410013437271,0,1,0.8408207297325134,0.09326619654893875,-0.5332193970680237,0,0.53549724817276,0.000710502325091511,0.8445369005203247,0,0.07914556562900543,-0.9956409931182861,-0.04934636130928993,0,0.0005259999888949096,0.04679400101304054,0.05871399864554405,1,0.9808982014656067,0.19159650802612305,-0.0336158461868763,0,-0.08910039812326431,0.5961531400680542,0.7979108095169067,0,0.17291711270809174,-0.7796740531921387,0.6018368601799011,0,0,0.11541900038719177,0,1,0.7202548980712891,-0.6441020369529724,-0.2576141953468323,0,0.6561428904533386,0.7530820965766907,-0.04841185733675957,0,0.2251868098974228,-0.13416284322738647,0.9650340676307678,0,0,0.22726300358772278,0,1,-0.6229929327964783,-0.7416619658470154,0.24863199889659882,0,0.5514610409736633,-0.6418519020080566,-0.5328390002250671,0,0.554770827293396,-0.19484390318393707,0.8088661432266235,0,0.006874999962747097,-0.024018999189138412,-0.07578299939632416,1,0.12777724862098694,-0.9757219552993774,-0.1778760552406311,0,0.9889200329780579,0.1390056163072586,-0.05211136117577553,0,0.07557190954685211,-0.16924640536308289,0.9826719164848328,0,0,0.39323899149894714,0,1,0.09853772073984146,-0.02134113758802414,0.9949040412902832,0,-0.9767979979515076,0.18896040320396423,0.10079775750637054,0,-0.1901487112045288,-0.9817530512809753,-0.002226266311481595,0,0,0.3824959993362427,0,1,0.9963010549545288,0.020076008513569832,-0.08355788886547089,0,0.027549955993890762,0.846390962600708,0.5318492650985718,0,0.08140004426240921,-0.5321838855743408,0.8427069783210754,0,0,0.10404700040817261,0,1,-0.8742310404777527,-0.4280451536178589,0.22912096977233887,0,0.4790579080581665,-0.8371942043304443,0.26383599638938904,0,0.0788850411772728,0.3404160141944885,0.936959981918335,0,0.006289000157266855,-0.024018999189138412,0.07578299939632416,1,0.5848960876464844,-0.8060079216957092,0.09081408381462097,0,0.7904279828071594,0.5915210247039795,0.1591428965330124,0,-0.18198895454406738,-0.0213000625371933,0.9830699563026428,0,0,0.3932250142097473,0,1,-0.21551285684108734,0.38663652539253235,0.8966972231864929,0,-0.9764998555183411,-0.08416761457920074,-0.19840140640735626,0,-0.0012363684363663197,-0.918383002281189,0.39568984508514404,0,0,0.38236498832702637,0,1,0.9892139434814453,0.04095219820737839,0.14063332974910736,0,-0.10615678876638412,0.8619828820228577,0.49569815397262573,0,-0.10092363506555557,-0.5052808523178101,0.8570330739021301,0,0,0.10548900067806244,0,1
