0.600,30,17,25
B0,mixamorig_Hips,-1,-0.12272912263870239,-0.13284318149089813,0.9835088849067688,0,0.0005849580629728734,0.9909909963607788,0.13392677903175354,0,-0.9924399852752686,0.017012039199471474,-0.12154577672481537,0,0.005450999829918146,1.2911829948425293,-0.013825999572873116,1
B1,mixamorig_Spine,0,0.9261619448661804,-0.2817830741405487,-0.2506430149078369,0,0.27732592821121216,0.9592739939689636,-0.05369579792022705,0,0.25556594133377075,-0.01977880671620369,0.9665889739990234,0,0.003358999965712428,0.07134199887514114,0,1
B2,mixamorig_Spine1,1,0.9977099895477295,0.059552088379859924,-0.0320817232131958,0,-0.05886290222406387,0.9980229735374451,0.02201390638947487,0,0.033329274505376816,-0.020075075328350067,0.9992430210113525,0,0,0.08332499861717224,0,1
B3,mixamorig_Spine2,2,0.9977570176124573,0.058776672929525375,-0.03204615041613579,0,-0.05816132575273514,0.9981110095977783,0.019808156415820122,0,0.0331498458981514,-0.01789986528456211,0.9992899894714355,0,0,0.09522899985313416,0,1
B4,mixamorig_Neck,3,0.9986270070075989,-0.029448969289660454,0.043326012790203094,0,0.031745024025440216,0.9980740547180176,-0.05329791456460953,0,-0.04167298227548599,0.05460009351372719,0.9976379871368408,0,0,0.10713200271129608,0,1
B5,mixamorig_Head,4,0.9345129728317261,0.3364810049533844,0.11603985726833344,0,-0.3382270336151123,0.9410520792007446,-0.0048998091369867325,0,-0.11084820330142975,-0.03466887027025223,0.993232011795044,0,-0.011768000200390816,0.1778700053691864,0,1
B6,mixamorig_HeadTop_End,5,1,0,0,0,0,1,0,0,0,0,1,0,-0.02562900073826313,0.3873699903488159,0,1
B7,mixamorig_LeftShoulder,3,-0.989876925945282,0.044701918959617615,-0.13470208644866943,0,0.13037189841270447,-0.08869481831789017,-0.9874900579452515,0,-0.05609007552266121,-0.9950550198554993,0.08196908980607986,0,-0.00001700000029813964,0.07867500185966492,-0.08636900037527084,1
B8,mixamorig_LeftArm,7,-0.519696831703186,0.09122777730226517,0.8494662046432495,0,0.7828328609466553,0.44907334446907043,0.4307031035423279,0,-0.34218060970306396,0.8888251185417175,-0.3047982156276703,0,0,0.18251700699329376,0,1
B9,mixamorig_LeftForeArm,8,0.3026440143585205,-0.953004002571106,0.013763867318630219,0,0.952996015548706,0.30236107110977173,-0.019412972033023834,0,0.014338986948132515,0.01899213343858719,0.9997170567512512,0,0,0.34862300753593445,0,1
B10,mixamorig_LeftHand,9,1,0,0,0,0,1,0,0,0,0,1,0,0,0.3664630055427551,0,1
B11,mixamorig_RightShoulder,3,0.9966560006141663,-0.024632975459098816,-0.07790722697973251,0,0.07546977698802948,-0.087897889316082,0.9932659268379211,0,-0.03131500631570816,-0.995824933052063,-0.08574499189853668,0,0.000450999999884516,0.07869700342416763,0.08636900037527084,1
B12,mixamorig_RightArm,11,0.9473540782928467,-0.16150198876857758,-0.2764739990234375,0,0.31552404165267944,0.6177299618721008,0.7203149795532227,0,0.054454006254673004,-0.7696279287338257,0.636167049407959,0,0,0.18250499665737152,0,1
B13,mixamorig_RightForeArm,12,-0.0424659438431263,-0.9990261197090149,-0.01200400572270155,0,0.9990271329879761,-0.04260331392288208,0.011428860947489738,0,-0.011929137632250786,-0.011506986804306507,0.9998629689216614,0,0,0.34860101342201233,0,1
B14,mixamorig_RightHand,13,1,0,0,0,0,1,0,0,0,0,1,0,0,0.36646199226379395,0,1
B15,mixamorig_LeftUpLeg,0,-0.7689298987388611,-0.631509006023407,0.09971311688423157,0,0.6203110218048096,-0.7746838331222534,-0.12279414385557175,0,0.15479180216789246,-0.03256695717573166,0.9874100089073181,0,0.01632699929177761,-0.0397769995033741,-0.12068600207567215,1
B16,mixamorig_LeftLeg,15,-0.5627090334892273,-0.8133770823478699,0.14756923913955688,0,0.8234890103340149,-0.5671589970588684,0.014030886813998222,0,0.07228278368711472,0.12941688299179077,0.9889520406723022,0,0,0.6271420121192932,0,1
B17,mixamorig_LeftFoot,16,0.015356245450675488,0.0784296989440918,0.9968010783195496,0,-0.9158799648284912,0.40107324719429016,-0.017447354272007942,0,-0.4011586606502533,-0.9126821160316467,0.07799115031957626,0,0,0.6080729961395264,0,1
B18,mixamorig_LeftToeBase,17,0.9937259554862976,-6.3786828263801e-8,-0.11184024065732956,0,0.0516318716108799,0.8870587944984436,0.45876041054725647,0,0.09920882433652878,-0.4616565406322479,0.8814932107925415,0,0,0.16479900479316711,0,1
B19,mixamorig_LeftToe_End,18,1,0,0,0,0,1,0,0,0,0,1,0,0,0.06949199736118317,0,1
B20,mixamorig_RightUpLeg,0,-0.9884220361709595,0.1390550434589386,-0.06071338802576065,0,-0.13736596703529358,-0.9900290369987488,-0.031178995966911316,0,-0.06444361805915833,-0.02247805707156658,0.9976680278778076,0,0.01592100039124489,-0.0397769995033741,0.12068600207567215,1
B21,mixamorig_RightLeg,20,0.9303750395774841,-0.3210510015487671,0.1769987940788269,0,0.3197120428085327,0.9467989802360535,0.03682888671755791,0,-0.17940624058246613,0.022323964163661003,0.9835219979286194,0,0,0.6270520091056824,0,1
B22,mixamorig_RightFoot,21,-0.17732803523540497,-0.12762518227100372,0.9758419990539551,0,-0.9060339331626892,0.40832433104515076,-0.11124003678560257,0,-0.38426271080970764,-0.9038711786270142,-0.18803995847702026,0,0,0.6076499819755554,0,1
B23,mixamorig_RightToeBase,22,0.9879050850868225,-0.08952677249908447,0.12660105526447296,0,-0.059881772845983505,0.532853364944458,0.8440858125686646,0,-0.1430281400680542,-0.8414581418037415,0.5210477709770203,0,0,0.16967399418354034,0,1
B24,mixamorig_RightToe_End,23,1,0,0,0,0,1,0,0,0,0,1,0,0,0.07060900330543518,0,1
@20,0,1,2,3,4,5,7,8,9,11,12,13,15,16,17,18,20,21,22,23
K0,0.983508825302124,-0.1328432559967041,0.12272913753986359,0,0.13392680883407593,0.9909909963607788,-0.0005847403663210571,0,-0.12154582142829895,0.01701183430850506,0.9924399256706238,0,-0.013825998641550541,1.2911829948425293,-0.005450999829918146,1,0.9261619448661804,-0.2817830741405487,-0.2506430149078369,0,0.27732592821121216,0.9592739939689636,-0.05369580164551735,0,0.25556594133377075,-0.01977880299091339,0.9665889739990234,0,0.003358999965712428,0.07134199887514114,0,1,0.9977099895477295,0.05955209210515022,-0.0320817269384861,0,-0.05886290594935417,0.9980229735374451,0.022013917565345764,0,0.033329278230667114,-0.020075084641575813,0.9992430210113525,0,0,0.08332499861717224,0,1,0.9977570176124573,0.058776676654815674,-0.032046154141426086,0,-0.058161329478025436,0.9981110095977783,0.019808147102594376,0,0.033149849623441696,-0.017899855971336365,0.9992899894714355,0,0,0.09522899985313416,0,1,0.9986270070075989,-0.029448973014950752,0.04332601651549339,0,0.031745027750730515,0.9980740547180176,-0.05329791456460953,0,-0.04167298600077629,0.05460009351372719,0.9976379871368408,0,0,0.10713200271129608,0,1,0.9345129728317261,0.3364810049533844,0.11603982746601105,0,-0.3382270336151123,0.9410520792007446,-0.004899834748357534,0,-0.11084818094968796,-0.03466883674263954,0.993232011795044,0,-0.011768000200390816,0.1778700053691864,0,1,-0.989876925945282,0.04470183327794075,-0.13470201194286346,0,0.1303718388080597,-0.08869480341672897,-0.9874900579452515,0,-0.05608998239040375,-0.9950550198554993,0.08196910470724106,0,-0.00001700000029813964,0.07867500185966492,-0.08636900037527084,1,-0.5196965336799622,0.0912279561161995,0.8494663834571838,0,0.7828330397605896,0.44907331466674805,0.43070274591445923,0,-0.34218063950538635,0.8888251185417175,-0.3047981858253479,0,0,0.18251700699329376,0,1,0.3026440143585205,-0.953004002571106,0.01376388780772686,0,0.952996015548706,0.30236107110977173,-0.019412875175476074,0,0.01433888915926218,0.018992124125361443,0.9997170567512512,0,0,0.34862300753593445,0,1,0.9966560006141663,-0.024633215740323067,-0.0779072567820549,0,0.07546978443861008,-0.0878979042172432,0.9932659268379211,0,-0.03131524845957756,-0.995824933052063,-0.08574498444795609,0,0.000450999999884516,0.07869700342416763,0.08636900037527084,1,0.9473540782928467,-0.16150197386741638,-0.2764739990234375,0,0.31552404165267944,0.6177299618721008,0.7203149199485779,0,0.054454006254673004,-0.7696279287338257,0.636167049407959,0,0,0.18250499665737152,0,1,-0.0424659438431263,-0.9990261197090149,-0.01200415100902319,0,0.9990271329879761,-0.04260331392288208,0.011428868398070335,0,-0.01192915067076683,-0.011507131159305573,0.9998629689216614,0,0,0.34860101342201233,0,1,-0.7689298987388611,-0.631509006023407,0.09971316903829575,0,0.6203110218048096,-0.7746838927268982,-0.12279409915208817,0,0.15479181706905365,-0.03256689012050629,0.9874100089073181,0,0.01632699929177761,-0.0397769995033741,-0.12068600207567215,1,-0.5627090334892273,-0.8133770823478699,0.14756929874420166,0,0.8234890103340149,-0.5671589970588684,0.014031008817255497,0,0.07228271663188934,0.12941700220108032,0.9889520406723022,0,0,0.6271420121192932,0,1,0.015355546027421951,0.07842943072319031,0.9968010187149048,0,-0.9158801436424255,0.4010728597640991,-0.01744789257645607,0,-0.40115827322006226,-0.912682294845581,0.07799065113067627,0,0,0.6080729961395264,0,1,0.9937259554862976,0,-0.11184021830558777,0,0.05163189768791199,0.8870587944984436,0.45876041054725647,0,0.0992087870836258,-0.4616565406322479,0.8814932107925415,0,0,0.16479900479316711,0,1,-0.9884220361709595,0.1390550434589386,-0.06071338802576065,0,-0.13736596703529358,-0.9900290369987488,-0.031178969889879227,0,-0.06444361805915833,-0.022478030994534492,0.9976680278778076,0,0.01592100039124489,-0.0397769995033741,0.12068600207567215,1,0.9303750395774841,-0.3210510015487671,0.1769987940788269,0,0.3197120428085327,0.9467989802360535,0.03682892397046089,0,-0.17940624058246613,0.02232392691075802,0.9835219979286194,0,0,0.6270520091056824,0,1,-0.17732857167720795,-0.1276252269744873,0.9758418798446655,0,-0.9060338735580444,0.4083241820335388,-0.11124057322740555,0,-0.38426244258880615,-0.9038712382316589,-0.18804018199443817,0,0,0.6076499819755554,0,1,0.9879050850868225,-0.08952674269676208,0.1266009509563446,0,-0.059881724417209625,0.5328532457351685,0.8440858125686646,0,-0.14302805066108704,-0.8414582014083862,0.5210476517677307,0,0,0.16967399418354034,0,1
K0.035,0.9855600595474243,-0.1444282978773117,0.08837892860174179,0,0.14214356243610382,0.9893400073051453,0.03165513277053833,0,-0.09200873225927353,-0.01863553747534752,0.9955838322639465,0,-0.016544220969080925,1.30532705783844,-0.0018905580509454012,1,0.9419015645980835,-0.20803473889827728,-0.26370930671691895,0,0.19177165627479553,0.97763991355896,-0.0862806886434555,0,0.2757622003555298,0.030695948749780655,0.9607360363006592,0,0.003358999965712428,0.07134199887514114,0,1,0.9987800717353821,0.033918142318725586,-0.0358913317322731,0,-0.033265888690948486,0.9992728233337402,0.018616456538438797,0,0.03649669140577316,-0.017399797216057777,0.9991826415061951,0,0,0.08332499861717224,0,1,0.9987670183181763,0.03445827215909958,-0.0357234925031662,0,-0.03388788551092148,0.9992907047271729,0.016452116891741753,0,0.0362650528550148,-0.01522123347967863,0.999225914478302,0,0,0.09522899985313416,0,1,0.9971016645431519,-0.052758682519197464,0.05482301861047745,0,0.05545445904135704,0.9972640872001648,-0.048873499035835266,0,-0.05209454149007797,0.051772039383649826,0.9972996115684509,0,0,0.10713200271129608,0,1,0.937261164188385,0.3011583089828491,0.17562955617904663,0,-0.30488452315330505,0.9523700475692749,-0.006022752728313208,0,-0.16907820105552673,-0.047901857644319534,0.9844383597373962,0,-0.011768000200390816,0.1778700053691864,0,1,-0.9906706213951111,0.042969267815351486,-0.12932941317558289,0,0.12608712911605835,-0.07112673670053482,-0.9894659519195557,0,-0.051715362817049026,-0.996540904045105,0.06504513323307037,0,-0.00001700000029813964,0.07867500185966492,-0.08636900037527084,1,-0.4115056097507477,0.1723930835723877,0.8949546217918396,0,0.8420422077178955,0.44765710830688477,0.300944983959198,0,-0.34875190258026123,0.8774299025535583,-0.32937559485435486,0,0,0.18251700699329376,0,1,0.14683708548545837,-0.9890158772468567,0.016937699168920517,0,0.9890068173408508,0.14649073779582977,-0.02014579251408577,0,0.01744328811764717,0.019709650427103043,0.9996535778045654,0,0,0.34862300753593445,0,1,0.9975267648696899,-0.022481882944703102,-0.06659724563360214,0,0.06483539938926697,-0.07164057344198227,0.9953212738037109,0,-0.027147749438881874,-0.9971768856048584,-0.07000572979450226,0,0.000450999999884516,0.07869700342416763,0.08636900037527084,1,0.9588501453399658,-0.160103902220726,-0.23446352779865265,0,0.28072693943977356,0.6580166220664978,0.6987186670303345,0,0.04241327568888664,-0.7357863187789917,0.6758844256401062,0,0,0.18250499665737152,0,1,-0.38497552275657654,-0.9227898120880127,-0.01592167466878891,0,0.9227906465530396,-0.3851580023765564,0.010556107386946678,0,-0.015873420983552933,-0.010628524236381054,0.9998177289962769,0,0,0.34860101342201233,0,1,-0.5787802338600159,-0.815055787563324,-0.026413487270474434,0,0.8146343231201172,-0.5763959884643555,-0.06433610618114471,0,0.03721287101507187,-0.05875377357006073,0.9975785613059998,0,0.01632699929177761,-0.0397769995033741,-0.12068600207567215,1,-0.18371914327144623,-0.972862720489502,0.14066153764724731,0,0.9813956022262573,-0.17341750860214233,0.08239450305700302,0,-0.05576537549495697,0.15318208932876587,0.9866235256195068,0,0,0.6271420121192932,0,1,0.08457174897193909,0.16418883204460144,0.9827966094017029,0,-0.838187575340271,0.5450531244277954,-0.01893034763634205,0,-0.5387847423553467,-0.8221673965454102,0.18371723592281342,0,0,0.6080729961395264,0,1,0.993726909160614,-0.000012935573067807127,-0.11183483153581619,0,0.051632050424814224,0.8870992064476013,0.4586825370788574,0,0.09920260310173035,-0.46157920360565186,0.8815345764160156,0,0,0.16479900479316711,0,1,-0.9063329100608826,0.4189203679561615,-0.05537250638008118,0,-0.4187425971031189,-0.9079757332801819,-0.015338433906435966,0,-0.05670248717069626,0.009285105392336845,0.9983482956886292,0,0.01592100039124489,-0.0397769995033741,0.12068600207567215,1,0.9856483936309814,-0.0589718259871006,0.1581774652004242,0,0.04868185520172119,0.9964863061904907,0.06816034018993378,0,-0.16164112091064453,-0.059481728821992874,0.9850555062294006,0,0,0.6270520091056824,0,1,-0.08296972513198853,0.12055151909589767,0.9892342686653137,0,-0.6068764328956604,0.7812514305114746,-0.14610633254051208,0,-0.7904538512229919,-0.6124651432037354,0.008339641615748405,0,0,0.6076499819755554,0,1,0.9881682395935059,-0.09005536884069443,0.1241484135389328,0,-0.0606684572994709,0.5139237642288208,0.8556874990463257,0,-0.14086219668388367,-0.8530958294868469,0.5023800730705261,0,0,0.16967399418354034,0,1
K0.071,0.9836824536323547,-0.1719723790884018,0.05286116525530815,0,0.17205248773097992,0.9850825071334839,0.0030637490563094616,0,-0.05259951576590538,0.006081137806177139,0.9985971450805664,0,-0.007479790598154068,1.3266043663024902,0.0021246604155749083,1,0.9549432396888733,-0.12143606692552567,-0.27080756425857544,0,0.11337914317846298,0.9925200939178467,-0.04526125267148018,0,0.2742784321308136,0.012518002651631832,0.9615691304206848,0,0.003358999965712428,0.07134199887514114,0,1,0.9992452263832092,0.008231905288994312,-0.037968892604112625,0,-0.007991185411810875,0.9999471306800842,0.006487331353127956,0,0.03802028298377991,-0.0061790174804627895,0.9992581009864807,0,0,0.08332499861717224,0,1,0.999235987663269,0.009357938542962074,-0.037937961518764496,0,-0.009156912565231323,0.9999430775642395,0.005469178315252066,0,0.03798699006438255,-0.005117606371641159,0.9992650151252747,0,0,0.09522899985313416,0,1,0.9972761273384094,-0.04022662714123726,0.061818234622478485,0,0.043083131313323975,0.9980306029319763,-0.045591335743665695,0,-0.059862520545721054,0.04813048616051674,0.9970454573631287,0,0,0.10713200271129608,0,1,0.937795102596283,0.27479228377342224,0.21220099925994873,0,-0.2795547544956207,0.9600974917411804,-0.007833520881831646,0,-0.20588631927967072,-0.05197558179497719,0.9771945476531982,0,-0.011768000200390816,0.1778700053691864,0,1,-0.9907791614532471,0.042629074305295944,-0.12860339879989624,0,0.12572766840457916,-0.06440234929323196,-0.9899719953536987,0,-0.05048396438360214,-0.9970130324363708,0.058448806405067444,0,-0.00001700000029813964,0.07867500185966492,-0.08636900037527084,1,-0.4276658296585083,0.21548302471637726,0.8778778910636902,0,0.8526911735534668,0.4185178577899933,0.3126669228076935,0,-0.3000330328941345,0.8822753429412842,-0.3627261817455292,0,0,0.18251700699329376,0,1,0.14196409285068512,-0.9897252917289734,0.017037156969308853,0,0.9897162318229675,0.14161576330661774,-0.020160283893346786,0,0.01754041761159897,0.01972399652004242,0.9996519684791565,0,0,0.34862300753593445,0,1,0.9977834224700928,-0.021737702190876007,-0.06290193647146225,0,0.061264097690582275,-0.06920614093542099,0.9957194924354553,0,-0.025997834280133247,-0.9973651170730591,-0.0677209347486496,0,0.000450999999884516,0.07869700342416763,0.08636900037527084,1,0.9746030569076538,-0.16217656433582306,-0.15442533791065216,0,0.22297883033752441,0.6390133500099182,0.7361672520637512,0,-0.020709220319986343,-0.7519043684005737,0.6589462757110596,0,0,0.18250499665737152,0,1,-0.5219382643699646,-0.8528040647506714,-0.01748834364116192,0,0.8528041839599609,-0.5221384763717651,0.009755847975611687,0,-0.017451172694563866,-0.009822186082601547,0.9997994899749756,0,0,0.34860101342201233,0,1,-0.5739225149154663,-0.8100365400314331,-0.12022462487220764,0,0.8185689449310303,-0.571700930595398,-0.05569956451654434,0,-0.02361384779214859,-0.13037936389446259,0.9911828637123108,0,0.01632699929177761,-0.0397769995033741,-0.12068600207567215,1,0.3136422336101532,-0.9340721368789673,0.1706981062889099,0,0.9298385977745056,0.33856162428855896,0.1441393792629242,0,-0.19242841005325317,0.11351349204778671,0.9747235774993896,0,0,0.6271420121192932,0,1,0.07146234065294266,0.14068330824375153,0.9874721169471741,0,-0.8865505456924438,0.4626292586326599,-0.001751147210597992,0,-0.45707979798316956,-0.875318706035614,0.1577833890914917,0,0,0.6080729961395264,0,1,0.9937069416046143,0.00043650760198943317,-0.11201051622629166,0,0.051616448909044266,0.8857049942016602,0.4613695442676544,0,0.09940966218709946,-0.46424761414527893,0.8801085948944092,0,0,0.16479900479316711,0,1,-0.91399085521698,0.3972971439361572,-0.08231814950704575,0,-0.3921680152416229,-0.9170817732810974,-0.07186703383922577,0,-0.10404500365257263,-0.033403247594833374,0.9940113425254822,0,0.01592100039124489,-0.0397769995033741,0.12068600207567215,1,0.9102786183357239,-0.4033193290233612,0.09341882914304733,0,0.3900620937347412,0.9111447930335999,0.1329188495874405,0,-0.13872669637203217,-0.08455397933721542,0.9867143034934998,0,0,0.6270520091056824,0,1,0.014226680621504784,0.23926354944705963,0.9708501100540161,0,-0.5553133487701416,0.8093352317810059,-0.19132114946842194,0,-0.8315194845199585,-0.5364042520523071,0.14438042044639587,0,0,0.6076499819755554,0,1,0.9932612180709839,0.004872956313192844,0.11579551547765732,0,-0.05291152000427246,0.9079846143722534,0.4156498610973358,0,-0.1031150370836258,-0.4189755916595459,0.9021231532096863,0,0,0.16967399418354034,0,1
K0.106,0.9844321608543396,-0.1733415126800537,0.029098371043801308,0,0.17409633100032806,0.9843909740447998,-0.025782205164432526,0,-0.02417503297328949,0.030446728691458702,0.9992435574531555,0,0.0003728822339326143,1.3279868364334106,0.006887999828904867,1,0.9596039056777954,-0.10240739583969116,-0.2620558440685272,0,0.10431830585002899,0.9945213794708252,-0.0066477712243795395,0,0.2613009512424469,-0.02095799706876278,0.965029776096344,0,0.003358999965712428,0.07134199887514114,0,1,0.9993067383766174,-0.000359979341737926,-0.03722622990608215,0,0.00020515067444648594,0.9999910593032837,-0.0041628628969192505,0,0.037227410823106766,0.004152340814471245,0.9992982149124146,0,0,0.08332499861717224,0,1,0.9993127584457397,-0.0006531901890411973,-0.03706119582056999,0,0.0005041068652644753,0.9999920129776001,-0.0040318313986063,0,0.03706350922584534,0.004010375589132309,0.9993045926094055,0,0,0.09522899985313416,0,1,0.9979272484779358,-0.01162121631205082,0.06329762190580368,0,0.014943955466151237,0.99852055311203,-0.05227618291974068,0,-0.06259648501873016,0.05311376228928566,0.9966248273849487,0,0,0.10713200271129608,0,1,0.9359846711158752,0.27375656366348267,0.22133557498455048,0,-0.27994662523269653,0.9600090384483337,-0.003537822514772415,0,-0.2134527862071991,-0.05865084007382393,0.9751916527748108,0,-0.011768000200390816,0.1778700053691864,0,1,-0.9885022640228271,0.046961504966020584,-0.14372976124286652,0,0.13891984522342682,-0.09328172355890274,-0.9859004020690918,0,-0.059706736356019974,-0.9945318102836609,0.0856853649020195,0,-0.00001700000029813964,0.07867500185966492,-0.08636900037527084,1,-0.551946759223938,0.23053233325481415,0.8013799786567688,0,0.8068755269050598,0.39023590087890625,0.44347286224365234,0,-0.2104923576116562,0.891386866569519,-0.40140026807785034,0,0,0.18251700699329376,0,1,0.21810783445835114,-0.9758016467094421,0.015486102551221848,0,0.9757927060127258,0.2177903950214386,-0.019876565784215927,0,0.016022874042391777,0.01944647543132305,0.9996827244758606,0,0,0.34862300753593445,0,1,0.9973234534263611,-0.02280174009501934,-0.06947318464517593,0,0.06771650165319443,-0.07041537761688232,0.9952162504196167,0,-0.027584658935666084,-0.99725741147995,-0.06868287920951843,0,0.000450999999884516,0.07869700342416763,0.08636900037527084,1,0.9827612042427063,-0.17976585030555725,-0.04318375885486603,0,0.13906152546405792,0.5648380517959595,0.8134003281593323,0,-0.12182977050542831,-0.8053834438323975,0.5800994634628296,0,0,0.18250499665737152,0,1,-0.4784846305847168,-0.8779321908950806,-0.01699192076921463,0,0.8779322504997253,-0.4786790609359741,0.01004295889288187,0,-0.016950709745287895,-0.01011235173791647,0.9998053312301636,0,0,0.34860101342201233,0,1,-0.6566824316978455,-0.7423479557037354,-0.1329946368932724,0,0.7529037594795227,-0.6555123329162598,-0.058652348816394806,0,-0.04363914951682091,-0.13864804804325104,0.989379346370697,0,0.01632699929177761,-0.0397769995033741,-0.12068600207567215,1,0.7446160912513733,-0.6559860706329346,0.12340598553419113,0,0.6424465775489807,0.7544909119606018,0.13418681919574738,0,-0.18113340437412262,-0.02063591405749321,0.9832422733306885,0,0,0.6271420121192932,0,1,0.06664206832647324,0.04462452605366707,0.9967783689498901,0,-0.9243066906929016,0.37900832295417786,0.044829096645116806,0,-0.3757869303226471,-0.9243165850639343,0.06650464236736298,0,0,0.6080729961395264,0,1,0.9936915636062622,0.000779545574914664,-0.1121431216597557,0,0.05160442367196083,0.8846389651298523,0.46341225504875183,0,0.0995674654841423,-0.4662761390209198,0.8790184259414673,0,0,0.16479900479316711,0,1,-0.9226254224777222,0.36981913447380066,-0.10952579975128174,0,-0.3614538609981537,-0.9281277656555176,-0.08904637396335602,0,-0.13458505272865295,-0.04256794601678848,0.9899874329566956,0,0.01592100039124489,-0.0397769995033741,0.12068600207567215,1,0.6479786038398743,-0.7488216161727905,0.13924932479858398,0,0.7337216138839722,0.6627519130706787,0.1497102975845337,0,-0.2043939232826233,0.005161172244697809,0.9788750410079956,0,0,0.6270520091056824,0,1,-0.020583074539899826,0.24134060740470886,0.9702221155166626,0,-0.6391893625259399,0.7430208325386047,-0.198385089635849,0,-0.7687739729881287,-0.6242392659187317,0.13896876573562622,0,0,0.6076499819755554,0,1,0.9930055737495422,-0.0009703689138405025,0.11806368082761765,0,-0.05270858108997345,0.8911464810371399,0.45064371824264526,0,-0.10564928501844406,-0.453714519739151,0.884861946105957,0,0,0.16967399418354034,0,1
K0.141,0.98971027135849,-0.14062277972698212,-0.026449622586369514,0,0.13987822830677032,0.9897679090499878,-0.028166580945253372,0,0.030139829963445663,0.02417702227830887,0.9992527961730957,0,0.0009953486733138561,1.3128411769866943,0.010640003718435764,1,0.9668969511985779,-0.16576193273067474,-0.19399212300777435,0,0.16573120653629303,0.9860328435897827,-0.016504360362887383,0,0.1940184086561203,-0.01619253307580948,0.9808640480041504,0,0.003358999965712428,0.07134199887514114,0,1,0.9995457530021667,0.0076520564034581184,-0.029161879792809486,0,-0.007502254098653793,0.9999584555625916,0.005242873914539814,0,0.029200755059719086,-0.005021707154810429,0.9995605945587158,0,0,0.08332499861717224,0,1,0.9995554089546204,0.0072306739166378975,-0.028929783031344414,0,-0.007085524499416351,0.9999620318412781,0.0051167067140340805,0,0.028965672478079796,-0.004909446928650141,0.9995683431625366,0,0,0.09522899985313416,0,1,0.9982947707176208,0.0043011256493628025,0.058209825307130814,0,-0.00003389419362065382,0.9973238110542297,-0.07311099767684937,0,-0.05836854875087738,0.07298440486192703,0.9956240057945251,0,0,0.10713200271129608,0,1,0.9334419965744019,0.2950134575366974,0.2040916085243225,0,-0.30223333835601807,0.9532235860824585,0.00442688399925828,0,-0.19323892891407013,-0.0658155232667923,0.978941798210144,0,-0.011768000200390816,0.1778700053691864,0,1,-0.9836580753326416,0.05433078482747078,-0.17165641486644745,0,0.1622534990310669,-0.1457902193069458,-0.9759195446968079,0,-0.07804830372333527,-0.9878231287002563,0.1345922350883484,0,-0.00001700000029813964,0.07867500185966492,-0.08636900037527084,1,-0.705374538898468,0.22029933333396912,0.6737321019172668,0,0.6981216073036194,0.3805348873138428,0.6064808368682861,0,-0.12277127802371979,0.8981429934501648,-0.42221540212631226,0,0,0.18251700699329376,0,1,0.21548599004745483,-0.9763831496238708,0.015539762564003468,0,0.9763748645782471,0.21516761183738708,-0.01988830603659153,0,0.016074957326054573,0.019458290189504623,0.9996818900108337,0,0,0.34862300753593445,0,1,0.9967725276947021,-0.023930732160806656,-0.07663101702928543,0,0.07474707067012787,-0.07160444557666779,0.9946281909942627,0,-0.029289307072758675,-0.9971462488174438,-0.06958460062742233,0,0.000450999999884516,0.07869700342416763,0.08636900037527084,1,0.9757588505744934,-0.18347199261188507,0.11929842084646225,0,-0.014551195316016674,0.4895246624946594,0.8718684911727905,0,-0.218362957239151,-0.852469265460968,0.47498825192451477,0,0,0.18250499665737152,0,1,-0.3604319989681244,-0.9326547980308533,-0.015640951693058014,0,0.9326550364494324,-0.3606110215187073,0.010669178329408169,0,-0.015590962022542953,-0.010742099024355412,0.999821126461029,0,0,0.34860101342201233,0,1,-0.759531557559967,-0.6480726599693298,-0.055798694491386414,0,0.650009274482727,-0.7594246864318848,-0.027602404356002808,0,-0.024486538022756577,-0.05723455175757408,0.9980599880218506,0,0.01632699929177761,-0.0397769995033741,-0.12068600207567215,1,0.9329673051834106,-0.35745641589164734,0.04239029809832573,0,0.3514322340488434,0.9300068616867065,0.10762215405702591,0,-0.07789351046085358,-0.08551066368818283,0.993287980556488,0,0,0.6271420121192932,0,1,0.06594869494438171,-0.019231626763939857,0.9976380467414856,0,-0.9319220781326294,0.35613664984703064,0.06846985220909119,0,-0.35661202669143677,-0.9342358112335205,0.005564373917877674,0,0,0.6080729961395264,0,1,0.9936488270759583,0.001743240631185472,-0.11251121014356613,0,0.05157287418842316,0.8816226124763489,0.4691283702850342,0,0.10001028329133987,-0.47195157408714294,0.8759337663650513,0,0,0.16479900479316711,0,1,-0.944214940071106,0.31421610713005066,-0.09862056374549866,0,-0.3014783561229706,-0.9452223181724548,-0.12516343593597412,0,-0.1325467824935913,-0.08844926208257675,0.9872229099273682,0,0.01592100039124489,-0.0397769995033741,0.12068600207567215,1,0.23288725316524506,-0.9724979400634766,-0.0033334067557007074,0,0.9664862155914307,0.23106417059898376,0.11186805367469788,0,-0.10802121460437775,-0.029274331405758858,0.993717610836029,0,0,0.6270520091056824,0,1,-0.01208524126559496,0.21521128714084625,0.9764926433563232,0,-0.6755667924880981,0.7182183265686035,-0.16665062308311462,0,-0.737199604511261,-0.661699652671814,0.13670970499515533,0,0,0.6076499819755554,0,1,0.9930625557899475,0.0003136166778858751,0.11758777499198914,0,-0.0527447946369648,0.894939661026001,0.4430580139160156,0,-0.10509506613016129,-0.44618669152259827,0.888748049736023,0,0,0.16967399418354034,0,1
K0.176,0.9873559474945068,-0.11535011976957321,-0.10873457789421082,0,0.11618906259536743,0.9932258129119873,0.0013911211863160133,0,0.10783752053976059,-0.01400730013847351,0.9940697550773621,0,-0.0011110779596492648,1.2834906578063965,0.011622765101492405,1,0.9668412208557129,-0.2450319528579712,-0.07195428013801575,0,0.24084390699863434,0.9685709476470947,-0.06216469034552574,0,0.08492517471313477,0.042773641645908356,0.9954689145088196,0,0.003358999965712428,0.07134199887514114,0,1,0.9994622468948364,0.029453027993440628,-0.014438505284488201,0,-0.02897089347243309,0.9990508556365967,0.032535068690776825,0,0.015383051708340645,-0.03209926187992096,0.9993665218353271,0,0,0.08332499861717224,0,1,0.9994192123413086,0.030832231044769287,-0.014506866224110126,0,-0.030365129932761192,0.9990463256835938,0.03138726204633713,0,0.015460764989256859,-0.030928518623113632,0.9994019865989685,0,0,0.09522899985313416,0,1,0.9988613724708557,0.0009742920519784093,0.047697145491838455,0,0.003399141365662217,0.995797336101532,-0.09152473509311676,0,-0.04758583754301071,0.09158261865377426,0.9946597218513489,0,0,0.10713200271129608,0,1,0.9278236627578735,0.3333785831928253,0.1673366278409958,0,-0.3401699960231781,0.9402765035629272,0.012846789322793484,0,-0.15305982530117035,-0.06884244084358215,0.9858160018920898,0,-0.011768000200390816,0.1778700053691864,0,1,-0.9785311222076416,0.0605093315243721,-0.19701601564884186,0,0.18321417272090912,-0.1824052631855011,-0.9660025835037231,0,-0.094388946890831,-0.9813600778579712,0.16740299761295319,0,-0.00001700000029813964,0.07867500185966492,-0.08636900037527084,1,-0.8438184857368469,0.16149106621742249,0.5117524862289429,0,0.5290691256523132,0.409862756729126,0.743033230304718,0,-0.08975504338741302,0.8977375626564026,-0.4312897324562073,0,0,0.18251700699329376,0,1,0.08327064663171768,-0.9963603019714355,0.018233096227049828,0,0.9963513016700745,0.08289849758148193,-0.020295685157179832,0,0.018710318952798843,0.019856607541441917,0.9996280074119568,0,0,0.34862300753593445,0,1,0.9957679510116577,-0.025632493197917938,-0.08825279027223587,0,0.08601921796798706,-0.07803986221551895,0.9932324290275574,0,-0.032346274703741074,-0.9966208934783936,-0.07550473511219025,0,0.000450999999884516,0.07869700342416763,0.08636900037527084,1,0.9420105814933777,-0.12973637878894806,0.30949050188064575,0,-0.22306695580482483,0.4469321370124817,0.8663102984428406,0,-0.25071316957473755,-0.8851104378700256,0.392074853181839,0,0,0.18250499665737152,0,1,-0.1626923531293869,-0.9865863919258118,-0.013378757983446121,0,0.986587405204773,-0.16284555196762085,0.011285972781479359,0,-0.013313249684870243,-0.011363164521753788,0.9998467564582825,0,0,0.34860101342201233,0,1,-0.8122103214263916,-0.5826144218444824,0.02957295998930931,0,0.5833392143249512,-0.8106582164764404,0.05048231780529022,0,-0.005438168067485094,0.05825334042310715,0.9982870221138,0,0.01632699929177761,-0.0397769995033741,-0.12068600207567215,1,0.9264153838157654,-0.37542638182640076,0.028452670201659203,0,0.37083718180656433,0.922926127910614,0.10338252782821655,0,-0.065072201192379,-0.08522380143404007,0.9942343831062317,0,0,0.6271420121192932,0,1,0.06428733468055725,0.01957562565803528,0.9977396726608276,0,-0.9122452735900879,0.4064825773239136,0.05080350115895271,0,-0.404569149017334,-0.9134489297866821,0.043989431113004684,0,0,0.6080729961395264,0,1,0.9935128688812256,0.004772125277668238,-0.11362076550722122,0,0.051493387669324875,0.8719462752342224,0.4868861734867096,0,0.1013946533203125,-0.4895782172679901,0.8660438060760498,0,0,0.16479900479316711,0,1,-0.9676966667175293,0.2150978147983551,-0.1315169632434845,0,-0.2045464664697647,-0.9747822880744934,-0.08922508358955383,0,-0.14739246666431427,-0.0594414584338665,0.9872905611991882,0,0.01592100039124489,-0.0397769995033741,0.12068600207567215,1,-0.23741307854652405,-0.9664671421051025,-0.0978611633181572,0,0.971086323261261,-0.238724023103714,0.0017406116239726543,0,-0.025044027715921402,-0.0946183055639267,0.9951982498168945,0,0,0.6270520091056824,0,1,-0.049500126391649246,0.09335903078317642,0.9944009184837341,0,-0.772816002368927,0.6271202564239502,-0.09734687954187393,0,-0.6326971650123596,-0.7733076810836792,0.04110682010650635,0,0,0.6076499819755554,0,1,0.9930616021156311,0.0002860827371478081,0.11759787052869797,0,-0.052743442356586456,0.8948612213134766,0.443217933177948,0,-0.1051069051027298,-0.44634494185447693,0.8886668086051941,0,0,0.16967399418354034,0,1
K0.212,0.9783848524093628,-0.12213099747896194,-0.16687440872192383,0,0.13088974356651306,0.9904856085777283,0.04249657317996025,0,0.16009648144245148,-0.0634201318025589,0.9850614666938782,0,-0.016873829066753387,1.2669569253921509,0.008530997671186924,1,0.9558008909225464,-0.28931137919425964,0.05237652361392975,0,0.2932961881160736,0.9506574273109436,-0.10112834721803665,0,-0.020534565672278404,0.11202050000429153,0.9934939742088318,0,0.003358999965712428,0.07134199887514114,0,1,0.9985761046409607,0.05334419384598732,0.0006205791723914444,0,-0.05328892543911934,0.9968600869178772,0.05857417359948158,0,0.002505960175767541,-0.05852381885051727,0.9982829689979553,0,0,0.08332499861717224,0,1,0.9985546469688416,0.053737156093120575,0.0005930409533903003,0,-0.05367998033761978,0.9968473315238953,0.0584341436624527,0,0.002548912540078163,-0.058381497859954834,0.9982907772064209,0,0,0.09522899985313416,0,1,0.9994527697563171,-0.0036941920407116413,0.03288201242685318,0,0.006650147959589958,0.9958975315093994,-0.09024607390165329,0,-0.03241370990872383,0.09041529893875122,0.9953765273094177,0,0,0.10713200271129608,0,1,0.9209153652191162,0.3726250231266022,0.11430104076862335,0,-0.3770847022533417,0.9259750843048096,0.019436737522482872,0,-0.09859732538461685,-0.06100078672170639,0.9932562112808228,0,-0.011768000200390816,0.1778700053691864,0,1,-0.9784757494926453,0.06086304411292076,-0.19718222320079803,0,0.18291325867176056,-0.1865847408771515,-0.9652608633041382,0,-0.09553994238376617,-0.9805518984794617,0.17143605649471283,0,-0.00001700000029813964,0.07867500185966492,-0.08636900037527084,1,-0.9622249007225037,0.04527629166841507,0.2684643864631653,0,0.25738006830215454,0.472758948802948,0.8427662253379822,0,-0.08876160532236099,0.8800278902053833,-0.46655359864234924,0,0,0.18251700699329376,0,1,-0.11757280677556992,-0.9928134679794312,0.022324049845337868,0,0.9928044080734253,-0.11802646517753601,-0.02022325061261654,0,0.02271273359656334,0.019785704091191292,0.9995458126068115,0,0,0.34862300753593445,0,1,0.9949052929878235,-0.027016226202249527,-0.097124382853508,0,0.0945252999663353,-0.08489540219306946,0.9918959140777588,0,-0.035042714327573776,-0.9960237741470337,-0.08190921694040298,0,0.000450999999884516,0.07869700342416763,0.08636900037527084,1,0.8886532783508301,-0.013214384205639362,0.45839008688926697,0,-0.4111938774585724,0.41956081986427307,0.8092519044876099,0,-0.20301614701747894,-0.9076308608055115,0.36741018295288086,0,0,0.18250499665737152,0,1,0.06324118375778198,-0.9979398250579834,-0.010794760659337044,0,0.9979407787322998,0.06311775743961334,0.011416004039347172,0,-0.010711139999330044,-0.011494489386677742,0.999876081943512,0,0,0.34860101342201233,0,1,-0.840742290019989,-0.5407902002334595,0.026421375572681427,0,0.5405740141868591,-0.8356537222862244,0.09727302938699722,0,-0.03052518703043461,0.09606429189443588,0.9949069619178772,0,0.01632699929177761,-0.0397769995033741,-0.12068600207567215,1,0.8037624955177307,-0.5946610569953918,-0.018527504056692123,0,0.5923197269439697,0.7968965172767639,0.11880121380090714,0,-0.05588195100426674,-0.10646218061447144,0.9927451014518738,0,0,0.6271420121192932,0,1,0.059621553868055344,0.17322927713394165,0.9830753803253174,0,-0.946771502494812,0.3219054341316223,0.0006963687483221292,0,-0.3163367807865143,-0.9307894706726074,0.18320104479789734,0,0,0.6080729961395264,0,1,0.9936102628707886,0.002602851018309593,-0.1128329262137413,0,0.051547374576330185,0.8789052963256836,0.47420254349708557,0,0.10040377080440521,-0.47698885202407837,0.8731553554534912,0,0,0.16479900479316711,0,1,-0.9840872883796692,0.00018660012574400753,-0.1776866763830185,0,-0.003729242831468582,-0.9998010396957397,0.019603818655014038,0,-0.17764762043952942,0.01995449885725975,0.9838918447494507,0,0.01592100039124489,-0.0397769995033741,0.12068600207567215,1,-0.6152661442756653,-0.780863344669342,-0.10816764086484909,0,0.787519097328186,-0.6150088906288147,-0.03971623629331589,0,-0.03551110625267029,-0.10962013155221939,0.9933388829231262,0,0,0.6270520091056824,0,1,-0.0701737105846405,-0.06356281787157059,0.9955074191093445,0,-0.8856074213981628,0.46327218413352966,-0.03284705430269241,0,-0.45910295844078064,-0.8839336037635803,-0.08880121260881424,0,0,0.6076499819755554,0,1,0.9930809736251831,0.0007315165130421519,0.1174301877617836,0,-0.05275717377662659,0.8961655497550964,0.440573126077652,0,-0.10491453111171722,-0.4437197744846344,0.890002965927124,0,0,0.16967399418354034,0,1
