16.600,30,497,33
B0,mixamorig_Hips,-1,0.9853970408439636,-0.16127605736255646,0.054618749767541885,0,0.16442397236824036,0.9846180081367493,-0.059093184769153595,0,-0.044248275458812714,0.067210853099823,0.9967569708824158,0,-0.0014019999653100967,0.8312780261039734,-0.001588999992236495,1
B1,mixamorig_Spine,0,0.9857710599899292,0.16779303550720215,0.010072174482047558,0,-0.1675969660282135,0.9856929779052734,-0.017889324575662613,0,-0.012929773889482021,0.015946708619594574,0.9997889995574951,0,0,0.043939001858234406,0.0021619999315589666,1
B2,mixamorig_Spine1,1,0.9989590644836426,0.04561088606715202,0.0008539269911125302,0,-0.04561712220311165,0.998581051826477,0.027485834434628487,0,0.00040093788993544877,-0.02749617025256157,0.9996219277381897,0,0,0.05132399871945381,0,1
B3,mixamorig_Spine2,2,0.998989999294281,0.04469290003180504,0.00462054368108511,0,-0.04480511322617531,0.9986029267311096,0.02800513617694378,0,-0.0033624586649239063,-0.02818388119339943,0.9995970129966736,0,0,0.05865500122308731,0,1
B4,mixamorig_Neck,3,0.9941970109939575,-0.1075529232621193,0.0022690382320433855,0,0.10736706852912903,0.9933540225028992,0.04147716239094734,0,-0.006714947056025267,-0.04099284112453461,0.9991369843482971,0,0,0.0659869983792305,0,1
B5,mixamorig_Head,4,0.9997249841690063,0.011322926729917526,0.020519312471151352,0,-0.0075411261059343815,0.9843979477882385,-0.1757960021495819,0,-0.022189702838659286,0.17559298872947693,0.9842129945755005,0,0,0.09993699938058853,-0.1356460005044937,1
B6,mixamorig_HeadTop_End,5,1,0,0,0,0,1,0,0,0,0,1,0,0,0.006678999867290258,-0.009065000340342522,1
B7,mixamorig_LeftShoulder,3,0.23219400644302368,0.020297043025493622,-0.9724580645561218,0,0.9575449824333191,-0.18039067089557648,0.22486811876296997,0,-0.17085829377174377,-0.9833859205245972,-0.06132100522518158,0,0.0588110014796257,0.04830100014805794,0.0075090001337230206,1
B8,mixamorig_LeftArm,7,0.9939420223236084,-0.10138300806283951,-0.04243101924657822,0,0.060356009751558304,0.18087723851203918,0.9816519618034363,0,-0.09184802323579788,-0.9782661199569702,0.18590055406093597,0,0,0.11882500350475311,0,1
B9,mixamorig_LeftForeArm,8,0.9307249188423157,0.3655420243740082,-0.011409387923777103,0,-0.365605890750885,0.9292020201683044,-0.05400433763861656,0,-0.009139232337474823,0.054434534162282944,0.998475968837738,0,0,0.21592900156974792,0,1
B10,mixamorig_LeftHand,9,0.9569600224494934,0.12079520523548126,-0.26388680934906006,0,-0.11263376474380493,0.992576003074646,0.04590000584721565,0,0.26747211813926697,-0.014201908372342587,0.9634609222412109,0,0,0.2517389953136444,0,1
B11,mixamorig_LeftHandIndex1,10,0.9995429515838623,0.02929106540977955,0.007524862885475159,0,-0.030173959210515022,0.9826260209083557,0.18312689661979675,0,-0.0020301425829529762,-0.18327009677886963,0.9830599427223206,0,0,0.04984600096940994,0,1
B12,mixamorig_LeftHandIndex2,11,0.7369430065155029,-0.6569560170173645,-0.15913380682468414,0,0.6759200096130371,0.7138181328773499,0.18328872323036194,0,-0.006820059381425381,-0.2426353245973587,0.9700939655303955,0,0,0.02498600073158741,0,1
B13,mixamorig_LeftHandIndex3,12,0.7529959678649902,0.6574310660362244,0.02796918712556362,0,-0.6535008549690247,0.7421661615371704,0.14874881505966187,0,0.07703424245119095,-0.13028502464294434,0.98847895860672,0,-0.024601999670267105,0.026453999802470207,-0.0006960000027902424,1
B14,mixamorig_LeftHandIndex4,13,1,0,0,0,0,1,0,0,0,0,1,0,-0.000610999995842576,0.021688999608159065,0.002326000016182661,1
B15,mixamorig_RightShoulder,3,-0.0466109998524189,-0.003530146786943078,0.9989070296287537,0,-0.9764559864997864,-0.2106853425502777,-0.04630790650844574,0,0.21061870455741882,-0.9775481820106506,0.006373171228915453,0,-0.0588110014796257,0.047621000558137894,-0.006304999813437462,1
B16,mixamorig_RightArm,15,0.9975979328155518,-0.0009970407700166106,0.06926032155752182,0,-0.06098371744155884,0.4615251421928406,0.8850289583206177,0,-0.032847799360752106,-0.8871270418167114,0.46035584807395935,0,0,0.11895699799060822,0,1
B17,mixamorig_RightForeArm,16,0.8868861198425293,-0.4615696370601654,-0.019658014178276062,0,0.4616582989692688,0.8838428258895874,0.07545696943998337,0,-0.01745404489338398,-0.075996994972229,0.9969549775123596,0,0,0.21626399457454681,0,1
B18,mixamorig_RightHand,17,0.957256019115448,-0.021456951275467873,0.2884449362754822,0,0.01848006621003151,0.9997439980506897,0.013039935380220413,0,-0.2886510193347931,-0.007152080070227385,0.95740807056427,0,0,0.25174200534820557,0,1
B19,mixamorig_RightHandIndex1,18,0.2458808273077011,0.3770748972892761,-0.8929480314254761,0,-0.12482291460037231,0.9258769750595093,0.3566091060638428,0,0.9612289667129517,0.023777049034833908,0.2747231721878052,0,0,0.0776820033788681,0,1
B20,mixamorig_RightHandIndex2,19,0.809257984161377,0.5808128714561462,-0.08808289468288422,0,-0.5672990679740906,0.7337200045585632,-0.37393495440483093,0,-0.15255796909332275,0.3525790572166443,0.9232630133628845,0,0,0.02130099944770336,0,1
B21,mixamorig_RightHandIndex3,20,0.9122470617294312,-0.4085299074649811,-0.030141789466142654,0,0.21108412742614746,0.4057386517524719,0.8892801403999329,0,-0.3510679304599762,-0.8176059126853943,0.45636820793151855,0,0.007861999794840813,0.015324000269174576,0.006858000066131353,1
B22,mixamorig_RightHandIndex4,21,1,0,0,0,0,1,0,0,0,0,1,0,-0.004530999809503555,0.014836999587714672,-0.012617000378668308,1
B23,mixamorig_LeftUpLeg,0,-0.97331303358078,-0.17816884815692902,0.14462916553020477,0,0.20404113829135895,-0.9603250026702881,0.19011303782463074,0,0.10501883178949356,0.21454991400241852,0.971051037311554,0,0.07289200276136398,-0.024589000269770622,0.004608999937772751,1
B24,mixamorig_LeftLeg,23,0.991087019443512,0.064877949655056,0.11634603887796402,0,0.009306945838034153,0.8375300168991089,-0.5463119149208069,0,-0.13288700580596924,0.5425259470939636,0.8294621109962463,0,0,0.3951509892940521,0,1
B25,mixamorig_LeftFoot,24,0.9975800514221191,-0.013397849164903164,-0.06822594255208969,0,0.06952808052301407,0.1972479224205017,0.9778850078582764,0,0.00035586737794801593,-0.9802619218826294,0.1977020651102066,0,0,0.3791869878768921,0,1
B26,mixamorig_LeftToeBase,25,0.9941859245300293,-0.0009057613788172603,-0.10766912996768951,0,0.05040014535188675,0.8875669836997986,0.45791396498680115,0,0.09514877945184708,-0.4606780409812927,0.8824520707130432,0,0,0.10323599725961685,0,1
B27,mixamorig_LeftToe_End,26,1,0,0,0,0,1,0,0,0,0,1,0,0,0.04325700178742409,0,1
B28,mixamorig_RightUpLeg,0,-0.9754539728164673,-0.17378880083560944,-0.13522693514823914,0,0.17444220185279846,-0.984641969203949,0.007094723172485828,0,-0.13438309729099274,-0.016668708994984627,0.990788996219635,0,-0.07289200276136398,-0.024589000269770622,0.01001999992877245,1
B29,mixamorig_RightLeg,28,0.9948540329933167,-0.01180581096559763,-0.10063102096319199,0,-0.014604838564991951,0.9661069512367249,-0.2577272653579712,0,0.10026302188634872,0.25787073373794556,0.9609630703926086,0,0,0.3952440023422241,0,1
B30,mixamorig_RightFoot,29,0.9922919869422913,-0.04730381816625595,0.1145409494638443,0,-0.09464601427316666,0.3073617219924927,0.9468740820884705,0,-0.07999621331691742,-0.9504159092903137,0.3005152940750122,0,0,0.3790229856967926,0,1
B31,mixamorig_RightToeBase,30,0.9937570095062256,-0.0012208337429910898,0.1115589514374733,0,-0.050408847630023956,0.8871371150016785,0.45874571800231934,0,-0.09952811151742935,-0.4615052044391632,0.8815369606018066,0,0,0.10582800209522247,0,1
B32,mixamorig_RightToe_End,31,1,0,0,0,0,1,0,0,0,0,1,0,0,0.044158998876810074,0,1
@28,0,1,2,3,4,5,7,8,9,10,11,12,13,15,16,17,18,19,20,21,23,24,25,26,28,29,30,31
K0,0.05461876466870308,-0.16127605736255646,-0.9853969812393188,0,-0.059093162417411804,0.9846180081367493,-0.16442395746707916,0,0.996756911277771,0.0672108381986618,0.044248294085264206,0,-0.001588999992236495,0.8312780261039734,0.001401999848894775,1,0.9857710599899292,0.16779305040836334,0.010072203353047371,0,-0.1675969809293747,0.9856929779052734,-0.01788930967450142,0,-0.012929799035191536,0.01594668999314308,0.9997889995574951,0,0,0.043939001858234406,0.0021619999315589666,1,0.9989590644836426,0.045610882341861725,0.0008539324044249952,0,-0.04561711847782135,0.998581051826477,0.027485832571983337,0,0.00040093233110383153,-0.02749616838991642,0.9996219277381897,0,0,0.05132399871945381,0,1,0.998989999294281,0.04469289630651474,0.004620542284101248,0,-0.04480510950088501,0.9986029267311096,0.028005128726363182,0,-0.0033624579664319754,-0.028183873742818832,0.9995970129966736,0,0,0.05865500122308731,0,1,0.9941970109939575,-0.1075529232621193,0.0022690456826239824,0,0.10736706852912903,0.9933540225028992,0.04147715866565704,0,-0.006714954506605864,-0.04099283739924431,0.9991369843482971,0,0,0.0659869983792305,0,1,0.9997249841690063,0.011322899721562862,0.020519306883215904,0,-0.007541100960224867,0.9843980073928833,-0.1757960021495819,0,-0.02218969352543354,0.17559298872947693,0.9842129945755005,0,0,0.09993699938058853,-0.1356460005044937,1,0.2321942299604416,0.02029728703200817,-0.972458004951477,0,0.9575449824333191,-0.18039074540138245,0.2248682975769043,0,-0.17085827887058258,-0.9833859205245972,-0.06132129207253456,0,0.0588110014796257,0.04830100014805794,0.0075090001337230206,1,0.9939420223236084,-0.10138299316167831,-0.04243100434541702,0,0.06035599857568741,0.18087738752365112,0.9816519021987915,0,-0.09184800833463669,-0.9782660007476807,0.1859007179737091,0,0,0.11882500350475311,0,1,0.9307249188423157,0.3655420243740082,-0.011409319937229156,0,-0.365605890750885,0.9292020201683044,-0.05400440841913223,0,-0.009139321744441986,0.054434578865766525,0.998475968837738,0,0,0.21592900156974792,0,1,0.9569600224494934,0.12079522013664246,-0.26388680934906006,0,-0.11263377219438553,0.9925759434700012,0.045900050550699234,0,0.26747217774391174,-0.014201944693922997,0.9634609222412109,0,0,0.2517389953136444,0,1,0.9995429515838623,0.029291052371263504,0.007524858694523573,0,-0.030173946171998978,0.9826260209083557,0.18312689661979675,0,-0.0020301404874771833,-0.18327009677886963,0.9830599427223206,0,0,0.04984600096940994,0,1,0.7369430661201477,-0.6569559574127197,-0.1591339111328125,0,0.6759200096130371,0.7138181924819946,0.18328864872455597,0,-0.006819917820394039,-0.2426353394985199,0.9700939655303955,0,0,0.02498600073158741,0,1,0.7529959082603455,0.6574311256408691,0.027969250455498695,0,-0.6535009145736694,0.7421661019325256,0.14874888956546783,0,0.07703424990177155,-0.1302851140499115,0.98847895860672,0,-0.024601999670267105,0.026453999802470207,-0.0006960000027902424,1,-0.04661046341061592,-0.0035303947515785694,0.9989069700241089,0,-0.9764559268951416,-0.21068505942821503,-0.046307522803545,0,0.2106185257434845,-0.9775481224060059,0.006372915115207434,0,-0.0588110014796257,0.047621000558137894,-0.006304999813437462,1,0.9975979328155518,-0.0009968398371711373,0.06926035135984421,0,-0.06098384037613869,0.4615251421928406,0.8850288987159729,0,-0.03284763544797897,-0.8871271014213562,0.46035584807395935,0,0,0.11895699799060822,0,1,0.8868861198425293,-0.4615696370601654,-0.019658032804727554,0,0.4616582989692688,0.8838428258895874,0.07545697689056396,0,-0.017454033717513084,-0.0759970098733902,0.9969549775123596,0,0,0.21626399457454681,0,1,0.957256019115448,-0.021456941962242126,0.28844496607780457,0,0.018480058759450912,0.9997439980506897,0.013039926998317242,0,-0.2886510491371155,-0.007152072619646788,0.9574080109596252,0,0,0.25174200534820557,0,1,0.24588079750537872,0.3770749568939209,-0.8929480314254761,0,-0.12482303380966187,0.9258769154548645,0.35660913586616516,0,0.9612289667129517,0.023777155205607414,0.2747231721878052,0,0,0.0776820033788681,0,1,0.809257984161377,0.5808128118515015,-0.0880829393863678,0,-0.5672990679740906,0.7337200045585632,-0.37393495440483093,0,-0.15255793929100037,0.3525790572166443,0.9232630133628845,0,0,0.02130099944770336,0,1,0.9122470617294312,-0.4085298180580139,-0.03014184907078743,0,0.21108415722846985,0.4057386815547943,0.8892801403999329,0,-0.35106784105300903,-0.8176059126853943,0.45636820793151855,0,0.007861999794840813,0.015324000269174576,0.006858000066131353,1,-0.97331303358078,-0.17816884815692902,0.14462916553020477,0,0.20404113829135895,-0.9603250026702881,0.19011305272579193,0,0.10501883178949356,0.2145499289035797,0.971051037311554,0,0.07289200276136398,-0.024589000269770622,0.004608999937772751,1,0.991087019443512,0.064877949655056,0.11634602397680283,0,0.009306945838034153,0.8375300168991089,-0.5463119745254517,0,-0.13288700580596924,0.5425260066986084,0.8294620513916016,0,0,0.3951509892940521,0,1,0.9975800514221191,-0.013397806324064732,-0.06822606176137924,0,0.06952819228172302,0.1972479224205017,0.9778850078582764,0,0.0003559341421350837,-0.9802619218826294,0.1977020651102066,0,0,0.3791869878768921,0,1,0.9941859245300293,-0.0009057908901013434,-0.10766919702291489,0,0.050400204956531525,0.8875669836997986,0.45791399478912354,0,0.09514882415533066,-0.4606781005859375,0.8824520707130432,0,0,0.10323599725961685,0,1,-0.9754539728164673,-0.17378878593444824,-0.13522690534591675,0,0.17444218695163727,-0.984641969203949,0.007094711996614933,0,-0.13438306748867035,-0.016668712720274925,0.990788996219635,0,-0.07289200276136398,-0.024589000269770622,0.01001999992877245,1,0.9948540329933167,-0.011805822141468525,-0.1006309986114502,0,-0.014604821801185608,0.9661069512367249,-0.2577272653579712,0,0.10026299953460693,0.25787073373794556,0.9609630703926086,0,0,0.3952440023422241,0,1,0.992292046546936,-0.047303855419158936,0.11454079300165176,0,-0.09464585036039352,0.3073617219924927,0.9468740820884705,0,-0.07999620586633682,-0.9504159092903137,0.3005153238773346,0,0,0.3790229856967926,0,1,0.9937570095062256,-0.0012208357220515609,0.11155892163515091,0,-0.05040883272886276,0.8871371150016785,0.45874571800231934,0,-0.09952808916568756,-0.4615052044391632,0.8815369606018066,0,0,0.10582800209522247,0,1
K0.033,0.05387558788061142,-0.16153231263160706,-0.9853959083557129,0,-0.05953225493431091,0.984553873538971,-0.1646491289138794,0,0.9967709183692932,0.06753338128328323,0.043427012860774994,0,-0.0018845053855329752,0.8312139511108398,0.0014640645822510123,1,0.9857649207115173,0.16782225668430328,0.010133440606296062,0,-0.16765791177749634,0.9857260584831238,-0.01534452848136425,0,-0.012563953176140785,0.013427149504423141,0.9998311400413513,0,0,0.043939001858234406,0.0021619999315589666,1,0.998960018157959,0.045586779713630676,0.0011855482589453459,0,-0.04560215771198273,0.9986411333084106,0.02521914429962635,0,-0.000034277516533620656,-0.02524697221815586,0.9996811151504517,0,0,0.05132399871945381,0,1,0.9989870190620422,0.04473315179347992,0.004829781595617533,0,-0.044843025505542755,0.998663067817688,0.025726264342665672,0,-0.0036725064273923635,-0.025916777551174164,0.9996570944786072,0,0,0.05865500122308731,0,1,0.9941949844360352,-0.10757588595151901,0.002106372034177184,0,0.10738906264305115,0.9933028817176819,0.042617589235305786,0,-0.006676888559013605,-0.04214398190379143,0.9990889430046082,0,0,0.0659869983792305,0,1,0.9997190237045288,0.011486693285405636,0.020723383873701096,0,-0.007711756508797407,0.9847488403320312,-0.17380934953689575,0,-0.02240382507443428,0.1736006885766983,0.9845607876777649,0,0,0.09993699938058853,-0.1356460005044937,1,0.23221814632415771,0.020213857293128967,-0.9724540114402771,0,0.9574768543243408,-0.18073558807373047,0.2248847931623459,0,-0.17121118307113647,-0.9833239316940308,-0.06132432073354721,0,0.0588110014796257,0.04830100014805794,0.0075090001337230206,1,0.9936713576316833,-0.10297773778438568,-0.04486958310008049,0,0.06304017454385757,0.18062523007392883,0.9815300107002258,0,-0.0929710865020752,-0.978145956993103,0.18597368896007538,0,0,0.11882500350475311,0,1,0.9309710264205933,0.36491453647613525,-0.011372783221304417,0,-0.36497849225997925,0.92945396900177,-0.053911954164505005,0,-0.009102781303226948,0.05434131249785423,0.998481035232544,0,0,0.21592900156974792,0,1,0.9574785232543945,0.12097308039665222,-0.26191446185112,0,-0.11307954043149948,0.9925639629364014,0.04506158456206322,0,0.26541826128959656,-0.013528338633477688,0.9640388488769531,0,0,0.2517389953136444,0,1,0.9995429515838623,0.029291098937392235,0.0075243571773171425,0,-0.030173899605870247,0.9826260805130005,0.1831268072128296,0,-0.0020296440925449133,-0.1832701861858368,0.9830609560012817,0,0,0.04984600096940994,0,1,0.7369427680969238,-0.6569563150405884,-0.15913395583629608,0,0.6759207248687744,0.7138183116912842,0.18328869342803955,0,-0.006819947622716427,-0.2426353096961975,0.9700939655303955,0,0,0.02498600073158741,0,1,0.7529958486557007,0.6574311852455139,0.027969062328338623,0,-0.6535008549690247,0.7421659827232361,0.14874869585037231,0,0.07703428715467453,-0.1302848607301712,0.9884790182113647,0,-0.024601999670267105,0.026453999802470207,-0.0006960000027902424,1,-0.046156179159879684,-0.003521751379594207,0.9989281892776489,0,-0.9763428568840027,-0.21130803227424622,-0.04585755243897438,0,0.21124297380447388,-0.9774128198623657,0.006314693950116634,0,-0.0588110014796257,0.047621000558137894,-0.006304999813437462,1,0.9974346160888672,-0.0011692707194015384,0.07157713174819946,0,-0.06293148547410965,0.46226030588150024,0.8845080137252808,0,-0.034121498465538025,-0.886743426322937,0.46100088953971863,0,0,0.11895699799060822,0,1,0.8869819641113281,-0.4613851010799408,-0.019642053171992302,0,0.46147406101226807,0.8839418888092041,0.0754261165857315,0,-0.01743805594742298,-0.07596591860055923,0.9969580173492432,0,0,0.21626399457454681,0,1,0.9575089812278748,-0.021633142605423927,0.28759101033210754,0,0.018541032448410988,0.999737024307251,0.013471381738781929,0,-0.28780698776245117,-0.007566738873720169,0.9576589465141296,0,0,0.25174200534820557,0,1,0.24588079750537872,0.3770749568939209,-0.8929480314254761,0,-0.12482303380966187,0.9258769154548645,0.35660913586616516,0,0.9612289667129517,0.023777155205607414,0.2747231721878052,0,0,0.0776820033788681,0,1,0.809257984161377,0.5808129906654358,-0.0880824476480484,0,-0.5672990083694458,0.7337200045585632,-0.3739350736141205,0,-0.15255844593048096,0.35257887840270996,0.9232630133628845,0,0,0.02130099944770336,0,1,0.9122471213340759,-0.40852972865104675,-0.030141832306981087,0,0.2110842913389206,0.4057391583919525,0.889279842376709,0,-0.35106784105300903,-0.8176060914993286,0.45636892318725586,0,0.007861999794840813,0.015324000269174576,0.006858000066131353,1,-0.9733179211616516,-0.17863571643829346,0.14402179419994354,0,0.20439545810222626,-0.9602018594741821,0.19035610556602478,0,0.10428548604249954,0.21471421420574188,0.9710929989814758,0,0.07289200276136398,-0.024589000269770622,0.004608999937772751,1,0.9918038249015808,0.06284160166978836,0.111250139772892,0,0.008264348842203617,0.8373193740844727,-0.5466519594192505,0,-0.12750427424907684,0.5430904626846313,0.8299365639686584,0,0,0.3951509892940521,0,1,0.9975820183753967,-0.012908981181681156,-0.06828762590885162,0,0.06949099898338318,0.19826525449752808,0.9776819348335266,0,0.0009181871428154409,-0.9800629019737244,0.19868282973766327,0,0,0.3791869878768921,0,1,0.994162917137146,-0.00035072947503067553,-0.1078929454088211,0,0.05036398395895958,0.8858702778816223,0.46119144558906555,0,0.09541728347539902,-0.4639328122138977,0.8807160258293152,0,0,0.10323599725961685,0,1,-0.9753690361976624,-0.17431439459323883,-0.13516353070735931,0,0.17490270733833313,-0.9845569133758545,0.007603944279253483,0,-0.13440163433551788,-0.016223810613155365,0.9907940626144409,0,-0.07289200276136398,-0.024589000269770622,0.01001999992877245,1,0.9947628974914551,-0.012404912151396275,-0.1014561653137207,0,-0.014340754598379135,0.9658506512641907,-0.2587023079395294,0,0.10120067000389099,0.2588023841381073,0.9606143832206726,0,0,0.3952440023422241,0,1,0.9922981262207031,-0.04717874899506569,0.11453965306282043,0,-0.09470199048519135,0.30713075399398804,0.9469441771507263,0,-0.07985420525074005,-0.9504969120025635,0.3002970218658447,0,0,0.3790229856967926,0,1,0.9937569499015808,-0.0012207218678668141,0.11155839264392853,0,-0.05040872097015381,0.8871359825134277,0.4587459862232208,0,-0.09952758997678757,-0.46150603890419006,0.8815370798110962,0,0,0.10582800209522247,0,1
K0.067,0.05355291813611984,-0.16164281964302063,-0.9853947758674622,0,-0.05996141582727432,0.9845098257064819,-0.16475634276866913,0,0.9967628121376038,0.067908875644207,0.04303105175495148,0,-0.0021349312737584114,0.8311738967895508,0.0014962246641516685,1,0.9857599139213562,0.16784541308879852,0.010220495983958244,0,-0.1677149087190628,0.9857562184333801,-0.012526041828095913,0,-0.012177356518805027,0.010633540339767933,0.9998691082000732,0,0,0.043939001858234406,0.0021619999315589666,1,0.998960018157959,0.04556683450937271,0.0015821827109903097,0,-0.0455910749733448,0.9987012147903442,0.02276013232767582,0,-0.0005430201417766511,-0.022808577865362167,0.9997392296791077,0,0,0.05132399871945381,0,1,0.9989839196205139,0.044782306998968124,0.00509441876783967,0,-0.04488911107182503,0.9987212419509888,0.023251749575138092,0,-0.004046635702252388,-0.023456797003746033,0.9997162222862244,0,0,0.05865500122308731,0,1,0.9941970109939575,-0.1075577512383461,0.0018620059126988053,0,0.10737401247024536,0.9932557940483093,0.043737564235925674,0,-0.006553761661052704,-0.043283820152282715,0.9990408420562744,0,0,0.0659869983792305,0,1,0.9997169971466064,0.011579373851418495,0.02077466994524002,0,-0.007844704203307629,0.9851366281509399,-0.17159266769886017,0,-0.0224528219550848,0.1713811308145523,0.9849486351013184,0,0,0.09993699938058853,-0.1356460005044937,1,0.232198104262352,0.020188311114907265,-0.9724594950675964,0,0.9574576020240784,-0.1808670461177826,0.2248612493276596,0,-0.17134614288806915,-0.9833000898361206,-0.06132638454437256,0,0.0588110014796257,0.04830100014805794,0.0075090001337230206,1,0.9933659434318542,-0.10489467531442642,-0.047132186591625214,0,0.06554612517356873,0.1796979308128357,0.9815360307693481,0,-0.09448828548192978,-0.9781131148338318,0.18538111448287964,0,0,0.11882500350475311,0,1,0.9314518570899963,0.3636881411075592,-0.0113019198179245,0,-0.3637516498565674,0.9299447536468506,-0.05373033508658409,0,-0.009030924178659916,0.05415831506252289,0.9984910488128662,0,0,0.21592900156974792,0,1,0.9577609300613403,0.12140360474586487,-0.2606830596923828,0,-0.11395370960235596,0.9925305843353271,0.04356393590569496,0,0.2640244960784912,-0.012018024921417236,0.9644405245780945,0,0,0.2517389953136444,0,1,0.9995429515838623,0.02929106168448925,0.007524863351136446,0,-0.030173955485224724,0.9826260209083557,0.18312710523605347,0,-0.0020301395561546087,-0.18327049911022186,0.983060896396637,0,0,0.04984600096940994,0,1,0.7369430065155029,-0.6569558382034302,-0.15913459658622742,0,0.6759200096130371,0.7138178944587708,0.18328973650932312,0,-0.006820152048021555,-0.24263641238212585,0.9700928926467896,0,0,0.02498600073158741,0,1,0.7529970407485962,0.6574299931526184,0.027964109554886818,0,-0.6534869074821472,0.742146909236908,0.14890769124031067,0,0.07714284956455231,-0.1304011344909668,0.9884557723999023,0,-0.024601999670267105,0.026453999802470207,-0.0006960000027902424,1,-0.04530620947480202,-0.003539162687957287,0.9989670515060425,0,-0.9763011336326599,-0.2116818130016327,-0.04502822831273079,0,0.211622416973114,-0.9773320555686951,0.006135258823633194,0,-0.0588110014796257,0.047621000558137894,-0.006304999813437462,1,0.99723219871521,-0.001400774926878512,0.0743355005979538,0,-0.0652487576007843,0.4628113806247711,0.8840520977973938,0,-0.03564167395234108,-0.8864556550979614,0.4614390730857849,0,0,0.11895699799060822,0,1,0.8869538307189941,-0.46143949031829834,-0.019646307453513145,0,0.46152815222740173,0.8839124441146851,0.07543548941612244,0,-0.017443301156163216,-0.07597513496875763,0.996957004070282,0,0,0.21626399457454681,0,1,0.9579631686210632,-0.021289341151714325,0.2861010730266571,0,0.01798826828598976,0.9997379183769226,0.01416164729744196,0,-0.286327600479126,-0.008419872261583805,0.9580950140953064,0,0,0.25174200534820557,0,1,0.24588117003440857,0.377074658870697,-0.8929480314254761,0,-0.12482231110334396,0.9258778095245361,0.3566093146800995,0,0.9612289071083069,0.023776331916451454,0.27472323179244995,0,0,0.0776820033788681,0,1,0.809257984161377,0.5808128118515015,-0.0880829393863678,0,-0.5672990679740906,0.7337200045585632,-0.37393495440483093,0,-0.15255795419216156,0.3525790572166443,0.9232630133628845,0,0,0.02130099944770336,0,1,0.9122471809387207,-0.4085295498371124,-0.030141733586788177,0,0.21108393371105194,0.4057387709617615,0.8892800807952881,0,-0.3510676622390747,-0.8176059722900391,0.45636823773384094,0,0.007861999794840813,0.015324000269174576,0.006858000066131353,1,-0.9732823967933655,-0.178945854306221,0.1438756287097931,0,0.2046772688627243,-0.9601266384124756,0.19042901694774628,0,0.10406237095594406,0.21478934586048126,0.9711008071899414,0,0.07289200276136398,-0.024589000269770622,0.004608999937772751,1,0.9921854138374329,0.06157907843589783,0.10851602256298065,0,0.0078651811927557,0.8371261954307556,-0.5469530820846558,0,-0.12452253699302673,0.54353266954422,0.8301004767417908,0,0,0.3951509892940521,0,1,0.9975879788398743,-0.012503277510404587,-0.06827102601528168,0,0.06939378380775452,0.19856221973896027,0.9776290655136108,0,0.001332481624558568,-0.9800090193748474,0.19895103573799133,0,0,0.3791869878768921,0,1,0.9941569566726685,-0.00021627102978527546,-0.10794607549905777,0,0.050354741513729095,0.8854591250419617,0.46198081970214844,0,0.09548190236091614,-0.46471694111824036,0.8802960515022278,0,0,0.10323599725961685,0,1,-0.9753488898277283,-0.1746063083410263,-0.13493269681930542,0,0.17515526711940765,-0.9845086932182312,0.007884901948273182,0,-0.1342191994190216,-0.01594364643096924,0.9908230900764465,0,-0.07289200276136398,-0.024589000269770622,0.01001999992877245,1,0.99468994140625,-0.012820030562579632,-0.1021137610077858,0,-0.01418292336165905,0.9656684398651123,-0.2593922019004822,0,0.10193339735269547,0.25946298241615295,0.9603584408760071,0,0,0.3952440023422241,0,1,0.9923010468482971,-0.047096848487854004,0.114540696144104,0,-0.09473589062690735,0.3070337474346161,0.9469720721244812,0,-0.07976729422807693,-0.950532853603363,0.3002082407474518,0,0,0.3790229856967926,0,1,0.9937569499015808,-0.0012207137187942863,0.11155840754508972,0,-0.05040870979428291,0.8871371150016785,0.45874571800231934,0,-0.09952758997678757,-0.4615052044391632,0.8815370202064514,0,0,0.10582800209522247,0,1
K0.100,0.05370156094431877,-0.16177362203598022,-0.985365092754364,0,-0.06036493927240372,0.9844587445259094,-0.16491463780403137,0,0.9967306852340698,0.06833772361278534,0.04310154169797897,0,-0.0023676177952438593,0.8311417102813721,0.0015521387103945017,1,0.9857560396194458,0.1678658276796341,0.010334743186831474,0,-0.16777069866657257,0.9857800602912903,-0.009464742615818977,0,-0.011776597239077091,0.007596063427627087,0.9999021291732788,0,0,0.043939001858234406,0.0021619999315589666,1,0.998960018157959,0.04555187374353409,0.0020493471529334784,0,-0.0455840565264225,0.9987562894821167,0.020215744152665138,0,-0.0011259325547143817,-0.020288122817873955,0.999793291091919,0,0,0.05132399871945381,0,1,0.9989799857139587,0.04483732581138611,0.005419407971203327,0,-0.04494038596749306,0.9987753033638,0.020690565928816795,0,-0.004485060460865498,-0.020913006737828255,0.9997713565826416,0,0,0.05865500122308731,0,1,0.9942010045051575,-0.10752496123313904,0.0015340367099270225,0,0.10734985768795013,0.9932188391685486,0.04464323818683624,0,-0.006323894951492548,-0.044219665229320526,0.9990017414093018,0,0,0.0659869983792305,0,1,0.99972003698349,0.011911104433238506,0.020439650863409042,0,-0.008280141279101372,0.9855262637138367,-0.16932204365730286,0,-0.022160612046718597,0.16910529136657715,0.9853484034538269,0,0,0.09993699938058853,-0.1356460005044937,1,0.23179593682289124,0.02030741609632969,-0.9725521802902222,0,0.9575824737548828,-0.1807054877281189,0.2244548350572586,0,-0.17118754982948303,-0.9833272695541382,-0.06133284792304039,0,0.0588110014796257,0.04830100014805794,0.0075090001337230206,1,0.9930956959724426,-0.1063719093799591,-0.04944650083780289,0,0.06801125407218933,0.17868788540363312,0.9815520644187927,0,-0.09557412564754486,-0.9781386256217957,0.1846887618303299,0,0,0.11882500350475311,0,1,0.9318963885307312,0.362549751996994,-0.011235523037612438,0,-0.36261308193206787,0.9303992986679077,-0.05356241390109062,0,-0.008965517394244671,0.05398877337574959,0.9985010623931885,0,0,0.21592900156974792,0,1,0.9579871296882629,0.1222892552614212,-0.25943395495414734,0,-0.11514488607645035,0.9924345016479492,0.04261874780058861,0,0.2626829445362091,-0.01095571555197239,0.9648202657699585,0,0,0.2517389953136444,0,1,0.9995430111885071,0.029292847961187363,0.007526671979576349,0,-0.030176205560564995,0.9826127886772156,0.18319997191429138,0,-0.0020293525885790586,-0.18334321677684784,0.98304682970047,0,0,0.04984600096940994,0,1,0.7369459867477417,-0.6569257378578186,-0.15924571454524994,0,0.675916850566864,0.7137898802757263,0.18341001868247986,0,-0.006818796508014202,-0.24280036985874176,0.9700527191162109,0,0,0.02498600073158741,0,1,0.752998948097229,0.6574282050132751,0.027955839410424232,0,-0.65346360206604,0.7421148419380188,0.14917048811912537,0,0.07732240855693817,-0.13059328496456146,0.9884167313575745,0,-0.024601999670267105,0.026453999802470207,-0.0006960000027902424,1,-0.044678524136543274,-0.003533547045662999,0.9989950060844421,0,-0.9763454794883728,-0.21160529553890228,-0.044414062052965164,0,0.21154959499835968,-0.9773485064506531,0.006004293914884329,0,-0.0588110014796257,0.047621000558137894,-0.006304999813437462,1,0.9970285296440125,-0.0018270941218361259,0.0770065039396286,0,-0.06741463392972946,0.4629386365413666,0.8838232755661011,0,-0.03726410120725632,-0.8863880634307861,0.46143972873687744,0,0,0.11895699799060822,0,1,0.8871058225631714,-0.4611484110355377,-0.019621795043349266,0,0.46123722195625305,0.8840689659118652,0.07538750022649765,0,-0.017417795956134796,-0.07592695206403732,0.9969609975814819,0,0,0.21626399457454681,0,1,0.9582263231277466,-0.02166919782757759,0.2851872146129608,0,0.018249399960041046,0.9997259974479675,0.014643734320998192,0,-0.2854267358779907,-0.008827528916299343,0.9583603739738464,0,0,0.25174200534820557,0,1,0.2458806037902832,0.3770754933357239,-0.8929478526115417,0,-0.1248227134346962,0.925877034664154,0.35660991072654724,0,0.9612290263175964,0.023776717483997345,0.2747228741645813,0,0,0.0776820033788681,0,1,0.809257984161377,0.5808129906654358,-0.0880824476480484,0,-0.5672990083694458,0.7337200045585632,-0.3739350736141205,0,-0.15255844593048096,0.35257887840270996,0.9232630133628845,0,0,0.02130099944770336,0,1,0.912277340888977,-0.4084651470184326,-0.03011281043291092,0,0.21102997660636902,0.40576058626174927,0.8892829418182373,0,-0.35102251172065735,-0.8176274299621582,0.45636454224586487,0,0.007861999794840813,0.015324000269174576,0.006858000066131353,1,-0.9731720089912415,-0.17930515110492706,0.14417143166065216,0,0.2050958126783371,-0.9600391387939453,0.1904229372739792,0,0.10426642745733261,0.21488326787948608,0.9710581302642822,0,0.07289200276136398,-0.024589000269770622,0.004608999937772751,1,0.9922940731048584,0.06110379099845886,0.10778932273387909,0,0.007912547327578068,0.836916446685791,-0.5472744107246399,0,-0.12365113943815231,0.5439097881317139,0.8299832940101624,0,0,0.3951509892940521,0,1,0.9975930452346802,-0.012337123975157738,-0.06823601573705673,0,0.06932628899812698,0.19862350821495056,0.9776214361190796,0,0.0014922433765605092,-0.9799982905387878,0.19900059700012207,0,0,0.3791869878768921,0,1,0.994157075881958,-0.00022130431898403913,-0.10794422030448914,0,0.05035499483346939,0.885475754737854,0.46194982528686523,0,0.09547971189022064,-0.46468600630760193,0.8803126811981201,0,0,0.10323599725961685,0,1,-0.9753260016441345,-0.17494428157806396,-0.13465909659862518,0,0.17547112703323364,-0.9844520688056946,0.008040322922170162,0,-0.13397198915481567,-0.01578683964908123,0.9908590316772461,0,-0.07289200276136398,-0.024589000269770622,0.01001999992877245,1,0.9946746826171875,-0.013130607083439827,-0.10222306102514267,0,-0.013966790400445461,0.9655275344848633,-0.2599254846572876,0,0.10211222618818283,0.25996917486190796,0.9602030515670776,0,0,0.3952440023422241,0,1,0.9923021197319031,-0.047089144587516785,0.1145409494638443,0,-0.09473803639411926,0.3070375621318817,0.946970522403717,0,-0.07976034283638,-0.9505314230918884,0.30021268129348755,0,0,0.3790229856967926,0,1,0.9937570095062256,-0.0012208357220515609,0.11155892163515091,0,-0.05040883272886276,0.8871371150016785,0.45874571800231934,0,-0.09952808916568756,-0.4615052044391632,0.8815369606018066,0,0,0.10582800209522247,0,1
K0.134,0.05327168107032776,-0.16171039640903473,-0.9853992462158203,0,-0.06121312081813812,0.9844164252281189,-0.16485832631587982,0,0.9967025518417358,0.06910164654254913,0.0425427183508873,0,-0.002636280609294772,0.8310957551002502,0.0015750158345326781,1,0.9857499599456787,0.16789039969444275,0.010479911230504513,0,-0.16783325374126434,0.9857961535453796,-0.0061146910302340984,0,-0.011357654817402363,0.004268679302185774,0.9999261498451233,0,0,0.043939001858234406,0.0021619999315589666,1,0.9989590048789978,0.04554257169365883,0.002597477287054062,0,-0.045581500977277756,0.9988033771514893,0.01770166866481304,0,-0.001788190915249288,-0.017801649868488312,0.9998403191566467,0,0,0.05132399871945381,0,1,0.9989749789237976,0.04489809647202492,0.0058180466294288635,0,-0.04499697685241699,0.9988223910331726,0.018155356869101524,0,-0.004996051546186209,-0.018398532643914223,0.9998183846473694,0,0,0.05865500122308731,0,1,0.9942041635513306,-0.10750065743923187,0.0011566479224711657,0,0.10733789950609207,0.9931869506835938,0.04536129906773567,0,-0.00602513924241066,-0.04497426003217697,0.9989698529243469,0,0,0.0659869983792305,0,1,0.9997271299362183,0.012115436606109142,0.019949838519096375,0,-0.008613214828073978,0.9859014749526978,-0.1671072095632553,0,-0.021693149581551552,0.1668897569179535,0.9857367277145386,0,0,0.09993699938058853,-0.1356460005044937,1,0.23094063997268677,0.02037818357348442,-0.9727541208267212,0,0.9578337669372559,-0.1804128736257553,0.22361892461776733,0,-0.17094044387340546,-0.9833795428276062,-0.061183564364910126,0,0.0588110014796257,0.04830100014805794,0.0075090001337230206,1,0.9928829669952393,-0.1071411594748497,-0.0520082488656044,0,0.07058681547641754,0.17766709625720978,0.9815556406974792,0,-0.09592483192682266,-0.9782407283782959,0.18396534025669098,0,0,0.11882500350475311,0,1,0.9322928786277771,0.3615313768386841,-0.011177275329828262,0,-0.36159437894821167,0.9308039546012878,-0.05341198295354843,0,-0.008906260132789612,0.05383727699518204,0.9985101222991943,0,0,0.21592900156974792,0,1,0.9580198526382446,0.1231430247426033,-0.2589091956615448,0,-0.11631322652101517,0.9923416376113892,0.04159591346979141,0,0.26204848289489746,-0.009735142812132835,0.96500563621521,0,0,0.2517389953136444,0,1,0.9995419979095459,0.02929622493684292,0.0075318654999136925,0,-0.030180862173438072,0.9825775623321533,0.18338410556316376,0,-0.0020281821489334106,-0.1835276186466217,0.9830127358436584,0,0,0.04984600096940994,0,1,0.7369498610496521,-0.656883716583252,-0.15940041840076447,0,0.6759127974510193,0.7137507200241089,0.18357889354228973,0,-0.006817822344601154,-0.24302919209003448,0.9699944257736206,0,0,0.02498600073158741,0,1,0.7530012130737305,0.6574257016181946,0.027944549918174744,0,-0.6534308195114136,0.7420693635940552,0.14953477680683136,0,0.07757122069597244,-0.13085970282554626,0.9883614778518677,0,-0.024601999670267105,0.026453999802470207,-0.0006960000027902424,1,-0.044627707451581955,-0.0035243246238678694,0.9989978075027466,0,-0.9764441847801208,-0.21115773916244507,-0.04436511918902397,0,0.2111024707555771,-0.9774454832077026,0.005982177797704935,0,-0.0588110014796257,0.047621000558137894,-0.006304999813437462,1,0.9967840909957886,-0.003069918369874358,0.08007647097110748,0,-0.06956429034471512,0.462900847196579,0.8836759328842163,0,-0.03978029265999794,-0.886404812335968,0.4611987769603729,0,0,0.11895699799060822,0,1,0.887253999710083,-0.4608652889728546,-0.019597772508859634,0,0.4609535038471222,0.8842199444770813,0.07534200698137283,0,-0.017393773421645164,-0.07588114589452744,0.9969651103019714,0,0,0.21626399457454681,0,1,0.9581414461135864,-0.0213333610445261,0.2854987382888794,0,0.017516737803816795,0.99972003698349,0.01591557264328003,0,-0.285758376121521,-0.010248364880681038,0.9582470059394836,0,0,0.25174200534820557,0,1,0.2458769977092743,0.3771141469478607,-0.8929336071014404,0,-0.12482871860265732,0.925861656665802,0.3566480576992035,0,0.9612300992012024,0.023772181943058968,0.27472275495529175,0,0,0.0776820033788681,0,1,0.8092578053474426,0.5808131694793701,-0.0880829468369484,0,-0.5672993659973145,0.7337197661399841,-0.37393495440483093,0,-0.1525580734014511,0.3525790274143219,0.9232630133628845,0,0,0.02130099944770336,0,1,0.9123527407646179,-0.4083026349544525,-0.030040157958865166,0,0.2108943611383438,0.4058157801628113,0.8892899751663208,0,-0.3509087562561035,-0.8176816701889038,0.4563559293746948,0,0.007861999794840813,0.015324000269174576,0.006858000066131353,1,-0.9731746315956116,-0.1793130338191986,0.14414392411708832,0,0.20508171617984772,-0.9600713849067688,0.1902751475572586,0,0.10426964610815048,0.21473227441310883,0.9710910320281982,0,0.07289200276136398,-0.024589000269770622,0.004608999937772751,1,0.9923098087310791,0.06104341149330139,0.10768003016710281,0,0.00796691793948412,0.8366349339485168,-0.547703206539154,0,-0.12352249026298523,0.5443488955497742,0.8297143578529358,0,0,0.3951509892940521,0,1,0.9976000785827637,-0.012184769846498966,-0.06815806031227112,0,0.06921990215778351,0.19839447736740112,0.9776743054389954,0,0.0016094485763460398,-0.9800464510917664,0.19876188039779663,0,0,0.3791869878768921,0,1,0.9941661357879639,-0.00042397662764415145,-0.10786329209804535,0,0.0503683015704155,0.8860957622528076,0.4607570767402649,0,0.09538184106349945,-0.46350187063217163,0.8809475302696228,0,0,0.10323599725961685,0,1,-0.9753186702728271,-0.17498095333576202,-0.13466313481330872,0,0.17550310492515564,-0.9844459295272827,0.008078143000602722,0,-0.13398213684558868,-0.01575503870844841,0.9908586144447327,0,-0.07289200276136398,-0.024589000269770622,0.01001999992877245,1,0.994619607925415,-0.013567505404353142,-0.10270172357559204,0,-0.013773523271083832,0.9652657508850098,-0.2609076201915741,0,0.10267432034015656,0.26091840863227844,0.95988529920578,0,0,0.3952440023422241,0,1,0.9923069477081299,-0.046991027891635895,0.11454051733016968,0,-0.09478724747896194,0.3067980408668518,0.9470429420471191,0,-0.07964332401752472,-0.9506141543388367,0.2999836206436157,0,0,0.3790229856967926,0,1,0.9937570095062256,-0.0012208339758217335,0.11155891418457031,0,-0.050408829003572464,0.8871371150016785,0.45874571800231934,0,-0.09952808171510696,-0.4615052044391632,0.8815369606018066,0,0,0.10582800209522247,0,1
