1.367,30,40,25
B0,mixamorig_Hips,-1,0.10830967128276825,-0.11769760400056839,0.987125039100647,0,-0.11568889766931534,0.9847279787063599,0.13010543584823608,0,-0.9873629212379456,-0.12829110026359558,0.09303927421569824,0,0.0351720005273819,1.3318430185317993,-0.029311999678611755,1
B1,mixamorig_Spine,0,0.9895550608634949,-0.14301797747612,-0.018101006746292114,0,0.14245600998401642,0.9893689155578613,-0.02925107255578041,0,0.022091984748840332,0.026366926729679108,0.9994080066680908,0,0.003358999965712428,0.07134199887514114,0,1
B2,mixamorig_Spine1,1,0.9816070795059204,-0.18711958825588226,-0.03787485137581825,0,0.1856393963098526,0.9818259477615356,-0.039443764835596085,0,0.044567208737134933,0.031687211245298386,0.9985039830207825,0,0,0.08332499861717224,0,1
B3,mixamorig_Spine2,2,0.9815999269485474,-0.18713024258613586,-0.038003940135240555,0,0.18565474450588226,0.9818311333656311,-0.03924890235066414,0,0.04465806484222412,0.03147107735276222,0.9985060095787048,0,0,0.09522899985313416,0,1
B4,mixamorig_Neck,3,0.9919059872627258,0.1220049187541008,0.03517213091254234,0,-0.12150806933641434,0.9924619793891907,-0.015940368175506592,0,-0.03685182332992554,0.011537653394043446,0.9992539882659912,0,0,0.10713200271129608,0,1
B5,mixamorig_Head,4,0.9268999695777893,0.3279321789741516,0.18252980709075928,0,-0.32563379406929016,0.9445041418075562,-0.043298959732055664,0,-0.18659916520118713,-0.019304055720567703,0.9822459816932678,0,-0.011768000200390816,0.1778700053691864,0,1
B6,mixamorig_HeadTop_End,5,1,0,0,0,0,1,0,0,0,0,1,0,-0.02562900073826313,0.3873699903488159,0,1
B7,mixamorig_LeftShoulder,3,-0.9999341368675232,0.008862154558300972,-0.007249356247484684,0,0.006341659463942051,-0.09847838431596756,-0.9951189756393433,0,-0.009532810188829899,-0.9951001405715942,0.09841568022966385,0,-0.00001700000029813964,0.07867500185966492,-0.08636900037527084,1
B8,mixamorig_LeftArm,7,-0.8480731248855591,-0.3762732744216919,-0.3730827569961548,0,-0.529869019985199,0.6066282987594604,0.5926557183265686,0,0.0033220823388546705,0.7003003358840942,-0.7138407230377197,0,0,0.18251700699329376,0,1
B9,mixamorig_LeftForeArm,8,0.6807952523231506,-0.7324486970901489,0.006060942076146603,0,0.7324422597885132,0.6806657910346985,-0.014920210465788841,0,0.006802809424698353,0.014596892520785332,0.9998700022697449,0,0,0.34862300753593445,0,1
B10,mixamorig_LeftHand,9,1,0,0,0,0,1,0,0,0,0,1,0,0,0.3664630055427551,0,1
B11,mixamorig_RightShoulder,3,0.997655987739563,-0.01721881702542305,-0.06621985882520676,0,0.06254810839891434,-0.1628107726573944,0.984673023223877,0,-0.02773621305823326,-0.9865068793296814,-0.16135214269161224,0,0.000450999999884516,0.07869700342416763,0.08636900037527084,1
B12,mixamorig_RightArm,11,0.8642968535423279,-0.32216888666152954,-0.38626235723495483,0,0.4966668486595154,0.6679601073265076,0.5542129874229431,0,0.07945762574672699,-0.6708479523658752,0.7373260259628296,0,0,0.18250499665737152,0,1
B13,mixamorig_RightForeArm,12,0.8877460360527039,-0.46033185720443726,-0.0013620436657220125,0,0.46033212542533875,0.8877309560775757,0.005266065709292889,0,-0.0012150091351941228,-0.005301920231431723,0.9999849796295166,0,0,0.34860101342201233,0,1
B14,mixamorig_RightHand,13,1,0,0,0,0,1,0,0,0,0,1,0,0,0.36646199226379395,0,1
B15,mixamorig_LeftUpLeg,0,-0.8488771915435791,-0.5132976770401001,0.12622584402561188,0,0.5199602842330933,-0.8538347482681274,0.024646617472171783,0,0.09512493014335632,0.08655434846878052,0.9916949272155762,0,0.01632699929177761,-0.0397769995033741,-0.12068600207567215,1
B16,mixamorig_LeftLeg,15,0.4874252378940582,-0.873161792755127,0.0023637081030756235,0,0.87313312292099,0.48742881417274475,0.00723910890519619,0,-0.007473047822713852,-0.0014646913623437285,0.9999709725379944,0,0,0.6271420121192932,0,1
B17,mixamorig_LeftFoot,16,0.06458865851163864,0.003954806365072727,0.9979040026664734,0,-0.9624300599098206,0.2645348906517029,0.06124425306916237,0,-0.26373806595802307,-0.9643679857254028,0.02089216373860836,0,0,0.6080729961395264,0,1
B18,mixamorig_LeftToeBase,17,0.9937250018119812,0.00003555775401764549,-0.11185408383607864,0,0.05163056030869484,0.8869480490684509,0.4589739441871643,0,0.09922511130571365,-0.46186909079551697,0.8813808560371399,0,0,0.16479900479316711,0,1
B19,mixamorig_LeftToe_End,18,1,0,0,0,0,1,0,0,0,0,1,0,0,0.06949199736118317,0,1
B20,mixamorig_RightUpLeg,0,-0.9420042037963867,-0.31504493951797485,-0.11564993858337402,0,0.29109707474708557,-0.9385220408439636,0.18557704985141754,0,-0.16700507700443268,0.14114893972873688,0.9757999777793884,0,0.01592100039124489,-0.0397769995033741,0.12068600207567215,1
B21,mixamorig_RightLeg,20,0.8663758039474487,-0.4800853729248047,-0.13751691579818726,0,0.4883425533771515,0.8720582127571106,0.032183609902858734,0,0.1044718474149704,-0.09503844380378723,0.9899759292602539,0,0,0.6270520091056824,0,1
B22,mixamorig_RightFoot,21,-0.06546883285045624,0.08900477737188339,0.9938769340515137,0,-0.9816129803657532,0.17322786152362823,-0.08017410337924957,0,-0.1793031096458435,-0.9808518886566162,0.0760272890329361,0,0,0.6076499819755554,0,1
B23,mixamorig_RightToeBase,22,0.9930480122566223,-0.00001204965064971475,0.11770989745855331,0,-0.05273508280515671,0.8939830660820007,0.44498592615127563,0,-0.10523607581853867,-0.4481000602245331,0.8877679705619812,0,0,0.16967399418354034,0,1
B24,mixamorig_RightToe_End,23,1,0,0,0,0,1,0,0,0,0,1,0,0,0.07060900330543518,0,1
@20,0,1,2,3,4,5,7,8,9,11,12,13,15,16,17,18,20,21,22,23
K0,0.9871249794960022,-0.11769748479127884,-0.1083097904920578,0,0.13010528683662415,0.9847280383110046,0.1156884953379631,0,0.09303946048021317,-0.12829071283340454,0.9873628616333008,0,-0.029311995953321457,1.3318430185317993,-0.0351720005273819,1,0.9895550608634949,-0.14301797747612,-0.018101010471582413,0,0.14245600998401642,0.9893689155578613,-0.02925107255578041,0,0.02209198847413063,0.026366926729679108,0.9994080066680908,0,0.003358999965712428,0.07134199887514114,0,1,0.9816070795059204,-0.18711958825588226,-0.037874821573495865,0,0.1856393963098526,0.9818259477615356,-0.03944377228617668,0,0.044567178934812546,0.03168722614645958,0.9985039830207825,0,0,0.08332499861717224,0,1,0.9815999269485474,-0.18713024258613586,-0.038003936409950256,0,0.18565474450588226,0.9818311333656311,-0.039248909801244736,0,0.04465806484222412,0.03147108480334282,0.9985060095787048,0,0,0.09522899985313416,0,1,0.9919059872627258,0.1220049262046814,0.035172153264284134,0,-0.12150807678699493,0.9924619793891907,-0.015940358862280846,0,-0.03685184568166733,0.01153764221817255,0.9992539882659912,0,0,0.10713200271129608,0,1,0.9268999695777893,0.3279322385787964,0.18252982199192047,0,-0.32563382387161255,0.9445041418075562,-0.04329901561141014,0,-0.18659918010234833,-0.01930401287972927,0.9822459816932678,0,-0.011768000200390816,0.1778700053691864,0,1,-0.9999341368675232,0.008861832320690155,-0.0072494978085160255,0,0.006341832224279642,-0.09847837686538696,-0.9951189756393433,0,-0.00953250378370285,-0.9951001405715942,0.09841568768024445,0,-0.00001700000029813964,0.07867500185966492,-0.08636900037527084,1,-0.8480731248855591,-0.37627315521240234,-0.3730827867984772,0,-0.5298689007759094,0.60662841796875,0.5926556587219238,0,0.0033222201745957136,0.7003002762794495,-0.7138406038284302,0,0,0.18251700699329376,0,1,0.6807952523231506,-0.7324486970901489,0.006060853134840727,0,0.7324422001838684,0.6806657910346985,-0.01492018811404705,0,0.006802854128181934,0.01459681149572134,0.9998700022697449,0,0,0.34862300753593445,0,1,0.997655987739563,-0.017218638211488724,-0.06622007489204407,0,0.06254835426807404,-0.16281096637248993,0.9846730828285217,0,-0.027736078947782516,-0.986506998538971,-0.16135233640670776,0,0.000450999999884516,0.07869700342416763,0.08636900037527084,1,0.8642967343330383,-0.32216906547546387,-0.3862624168395996,0,0.4966669976711273,0.6679600477218628,0.5542129278182983,0,0.07945756614208221,-0.6708479523658752,0.7373260259628296,0,0,0.18250499665737152,0,1,0.8877460360527039,-0.46033185720443726,-0.0013620280660688877,0,0.46033212542533875,0.8877309560775757,0.005266077350825071,0,-0.0012150282273069024,-0.005301923491060734,0.9999849796295166,0,0,0.34860101342201233,0,1,-0.8488771915435791,-0.5132976770401001,0.12622594833374023,0,0.5199602842330933,-0.8538347482681274,0.02464660257101059,0,0.09512502700090408,0.0865543931722641,0.9916949272155762,0,0.01632699929177761,-0.0397769995033741,-0.12068600207567215,1,0.4874252378940582,-0.873161792755127,0.0023637712001800537,0,0.87313312292099,0.48742881417274475,0.007239280268549919,0,-0.00747322803363204,-0.0014647198840975761,0.9999709129333496,0,0,0.6271420121192932,0,1,0.06458868831396103,0.003955156542360783,0.9979040622711182,0,-0.9624300599098206,0.26453500986099243,0.06124420464038849,0,-0.2637381851673126,-0.9643679857254028,0.02089250274002552,0,0,0.6080729961395264,0,1,0.9937250018119812,0.00003553137503331527,-0.11185398697853088,0,0.05163053423166275,0.8869480490684509,0.4589739143848419,0,0.0992250144481659,-0.4618690609931946,0.8813809156417847,0,0,0.16479900479316711,0,1,-0.9420042037963867,-0.31504493951797485,-0.11564992368221283,0,0.29109707474708557,-0.9385220408439636,0.18557704985141754,0,-0.16700507700443268,0.14114896953105927,0.9757999777793884,0,0.01592100039124489,-0.0397769995033741,0.12068600207567215,1,0.866375744342804,-0.48008543252944946,-0.1375170350074768,0,0.48834261298179626,0.8720581531524658,0.03218355029821396,0,0.10447196662425995,-0.09503844380378723,0.9899759292602539,0,0,0.6270520091056824,0,1,-0.0654689371585846,0.089004747569561,0.9938769340515137,0,-0.981613039970398,0.1732274740934372,-0.08017417788505554,0,-0.17930272221565247,-0.980851948261261,0.0760272666811943,0,0,0.6076499819755554,0,1,0.9930480122566223,-0.000012072782737959642,0.11770991235971451,0,-0.05273507535457611,0.8939830660820007,0.444985955953598,0,-0.10523609817028046,-0.44810009002685547,0.8877679705619812,0,0,0.16967399418354034,0,1
K0.034,0.9901787042617798,-0.0962313786149025,-0.10141332447528839,0,0.10848452895879745,0.9864363670349121,0.12318829447031021,0,0.08818318694829941,-0.13298018276691437,0.9871876835823059,0,-0.03825445473194122,1.3332083225250244,-0.03121972270309925,1,0.9887877702713013,-0.14704205095767975,-0.026035280898213387,0,0.14614692330360413,0.9886965155601501,-0.03348115459084511,0,0.030664116144180298,0.029300767928361893,0.9991003274917603,0,0.003358999965712428,0.07134199887514114,0,1,0.9789395928382874,-0.1958906650543213,-0.05747807398438454,0,0.192862868309021,0.9797252416610718,-0.05424560606479645,0,0.06693895906209946,0.042017802596092224,0.9968723058700562,0,0,0.08332499861717224,0,1,0.9789265394210815,-0.19589608907699585,-0.05768151581287384,0,0.1928774118423462,0.9797364473342896,-0.053981177508831024,0,0.06708740442991257,0.04171815887093544,0.996874213218689,0,0,0.09522899985313416,0,1,0.9910255670547485,0.12752670049667358,0.040060125291347504,0,-0.12684962153434753,0.9917398691177368,-0.019023675471544266,0,-0.042155250906944275,0.01377133559435606,0.999016284942627,0,0,0.10713200271129608,0,1,0.9202591776847839,0.3274030387401581,0.21431466937065125,0,-0.3286350667476654,0.9439512491226196,-0.030903464183211327,0,-0.21242038905620575,-0.041992105543613434,0.9762753844261169,0,-0.011768000200390816,0.1778700053691864,0,1,-0.9999300241470337,0.00952630490064621,-0.006982637103646994,0,0.005843222141265869,-0.11479220539331436,-0.9933723211288452,0,-0.010264725424349308,-0.9933441877365112,0.11472857743501663,0,-0.00001700000029813964,0.07867500185966492,-0.08636900037527084,1,-0.8737677931785583,-0.3713807761669159,-0.3140166699886322,0,-0.4862876832485199,0.6769446730613708,0.552513062953949,0,0.007379130460321903,0.6354702115058899,-0.7720898389816284,0,0,0.18251700699329376,0,1,0.6307034492492676,-0.7759913802146912,0.007082129362970591,0,0.7759846448898315,0.6305537223815918,-0.015807393938302994,0,0.007800737861543894,0.015465399250388145,0.9998496174812317,0,0,0.34862300753593445,0,1,0.9972994923591614,-0.017221268266439438,-0.07139267772436142,0,0.06783275306224823,-0.15656225383281708,0.9853359460830688,0,-0.02814614772796631,-0.9875184893608093,-0.1549714058637619,0,0.000450999999884516,0.07869700342416763,0.08636900037527084,1,0.8632974624633789,-0.35300737619400024,-0.3606972396373749,0,0.5016924738883972,0.6780789494514465,0.5371346473693848,0,0.05496871471405029,-0.6446660757064819,0.7624849677085876,0,0,0.18250499665737152,0,1,0.8686480522155762,-0.4954278767108917,-0.0015803322894498706,0,0.4954278767108917,0.8686299324035645,0.005667939316481352,0,-0.001435331767424941,-0.00570638757199049,0.9999829530715942,0,0,0.34860101342201233,0,1,-0.8316214680671692,-0.5432054996490479,0.11547191441059113,0,0.5499323010444641,-0.8344748020172119,0.03502307087182999,0,0.07733365148305893,0.0926276370882988,0.9926930069923401,0,0.01632699929177761,-0.0397769995033741,-0.12068600207567215,1,0.5698086619377136,-0.8212008476257324,0.030788175761699677,0,0.8208566308021545,0.5705435872077942,0.025973720476031303,0,-0.038895610719919205,0.010472620837390423,0.9991881251335144,0,0,0.6271420121192932,0,1,0.06417181342840195,0.0014658168656751513,0.9979380369186401,0,-0.9616221189498901,0.2674083411693573,0.061443787068128586,0,-0.2667669355869293,-0.9635822176933289,0.018569620326161385,0,0,0.6080729961395264,0,1,0.9937240481376648,0.00005670816608471796,-0.11186277121305466,0,0.051630135625600815,0.8868822455406189,0.4591017961502075,0,0.09923505783081055,-0.46199557185173035,0.8813125491142273,0,0,0.16479900479316711,0,1,-0.9624162316322327,-0.23802517354488373,-0.13076214492321014,0,0.21260547637939453,-0.9599310755729675,0.18256664276123047,0,-0.16897809505462646,0.14790433645248413,0.9744586944580078,0,0.01592100039124489,-0.0397769995033741,0.12068600207567215,1,0.8849199414253235,-0.4485643208026886,-0.12532943487167358,0,0.45576781034469604,0.8894195556640625,0.03475737199187279,0,0.09587951004505157,-0.08787858486175537,0.9915059804916382,0,0,0.6270520091056824,0,1,-0.064730204641819,0.08868441730737686,0.9939541816711426,0,-0.9857621788978577,0.14921514689922333,-0.07751020789146423,0,-0.15518705546855927,-0.9848198890686035,0.07776298373937607,0,0,0.6076499819755554,0,1,0.9930479526519775,-0.000007036279384919908,0.11770746111869812,0,-0.05273483693599701,0.8939986228942871,0.44495490193367004,0,-0.10523347556591034,-0.4480689764022827,0.887783408164978,0,0,0.16967399418354034,0,1
K0.068,0.9920073747634888,-0.08606574684381485,-0.0922713354229927,0,0.09713082760572433,0.9876375198364258,0.12303642183542252,0,0.08054140210151672,-0.13101543486118317,0.9881032705307007,0,-0.047319114208221436,1.3286209106445312,-0.02840341441333294,1,0.9881062507629395,-0.1502382755279541,-0.03277638927102089,0,0.14913366734981537,0.9882357120513916,-0.03389398753643036,0,0.03748299926519394,0.02860281616449356,0.9988881945610046,0,0.003358999965712428,0.07134199887514114,0,1,0.976375937461853,-0.20334847271442413,-0.07306718081235886,0,0.19885069131851196,0.9779125452041626,-0.06437885016202927,0,0.08454468846321106,0.04832853004336357,0.9952467083930969,0,0,0.08332499861717224,0,1,0.9763599038124084,-0.20333218574523926,-0.07333178073167801,0,0.19884537160396576,0.977932870388031,-0.0640999898314476,0,0.08474709838628769,0.0480029433965683,0.9952454566955566,0,0,0.09522899985313416,0,1,0.9899436831474304,0.13449981808662415,0.043824803084135056,0,-0.13368447124958038,0.990800678730011,-0.02104753814637661,0,-0.04625251889228821,0.01497717760503292,0.9988170862197876,0,0,0.10713200271129608,0,1,0.9122661352157593,0.3324151039123535,0.23931296169757843,0,-0.33793729543685913,0.9409801363945007,-0.018834145739674568,0,-0.23144958913326263,-0.06369104981422424,0.97076016664505,0,-0.011768000200390816,0.1778700053691864,0,1,-0.999949038028717,0.01009526476264,-0.0003601513453759253,0,-0.0010405563516542315,-0.1384003609418869,-0.9903760552406311,0,-0.010047953575849533,-0.9903252124786377,0.13840387761592865,0,-0.00001700000029813964,0.07867500185966492,-0.08636900037527084,1,-0.8984569311141968,-0.35043299198150635,-0.264521062374115,0,-0.43871191143989563,0.7405667901039124,0.5090128779411316,0,0.017520610243082047,0.573374330997467,-0.8191061019897461,0,0,0.18251700699329376,0,1,0.592612087726593,-0.805449903011322,0.007857472635805607,0,0.805442750453949,0.5924468040466309,-0.016407305374741554,0,0.008560124784708023,0.01605190895497799,0.9998347759246826,0,0,0.34862300753593445,0,1,0.996368944644928,-0.017568442970514297,-0.0833074301481247,0,0.07979335635900497,-0.14858593046665192,0.9856748580932617,0,-0.02969508245587349,-0.9887429475784302,-0.14664451777935028,0,0.000450999999884516,0.07869700342416763,0.08636900037527084,1,0.8531349897384644,-0.3907043933868408,-0.3457038998603821,0,0.5201588273048401,0.6877953410148621,0.506332278251648,0,0.03994728624820709,-0.611790657043457,0.7900105714797974,0,0,0.18250499665737152,0,1,0.8594732284545898,-0.5111775994300842,-0.0016855561407282948,0,0.5111780762672424,0.8594548106193542,0.005847802385687828,0,-0.0015406060265377164,-0.005887648090720177,0.9999810457229614,0,0,0.34860101342201233,0,1,-0.8096619248390198,-0.5786275863647461,0.0981699749827385,0,0.5840117335319519,-0.8108960390090942,0.03713138774037361,0,0.05812036618590355,0.08739622682332993,0.994476318359375,0,0.01632699929177761,-0.0397769995033741,-0.12068600207567215,1,0.6515905857086182,-0.7570171356201172,0.04852121323347092,0,0.7560756802558899,0.6533012986183167,0.03933284804224968,0,-0.06147463992238045,0.011056795716285706,0.9980476498603821,0,0,0.6271420121192932,0,1,0.06419701874256134,0.0026858006604015827,0.9979332685470581,0,-0.9602906107902527,0.2722412645816803,0.061042822897434235,0,-0.2715149521827698,-0.9622256755828857,0.020056210458278656,0,0,0.6080729961395264,0,1,0.9937260746955872,0.000001735930140966957,-0.11184118688106537,0,0.05163183435797691,0.887053370475769,0.4587705135345459,0,0.09920991957187653,-0.46166688203811646,0.8814881443977356,0,0,0.16479900479316711,0,1,-0.9733266234397888,-0.1798062026500702,-0.142495796084404,0,0.15381094813346863,-0.9722599387168884,0.17621634900569916,0,-0.17022782564163208,0.14959871768951416,0.9739830493927002,0,0.01592100039124489,-0.0397769995033741,0.12068600207567215,1,0.893271803855896,-0.43464040756225586,-0.11468393355607986,0,0.4408791959285736,0.8968877792358398,0.03488929197192192,0,0.08769440650939941,-0.08172746747732162,0.9927895069122314,0,0,0.6270520091056824,0,1,-0.06567306071519852,0.08928212523460388,0.9938390254974365,0,-0.9903983473777771,0.11558526009321213,-0.07582936435937881,0,-0.12164344638586044,-0.9892772436141968,0.08083409070968628,0,0,0.6076499819755554,0,1,0.9930461645126343,-0.00005117707041790709,0.11772411316633224,0,-0.05273372679948807,0.8938685059547424,0.44521698355674744,0,-0.1052527204155922,-0.44832929968833923,0.8876504898071289,0,0,0.16967399418354034,0,1
K0.102,0.9931381940841675,-0.08751297742128372,-0.07757841795682907,0,0.09626322239637375,0.9884145855903625,0.11734690517187119,0,0.06641022861003876,-0.12400960177183151,0.9900560975074768,0,-0.056094374507665634,1.3196182250976562,-0.026919350028038025,1,0.987652063369751,-0.15169747173786163,-0.03914090618491173,0,0.15050293505191803,0.988096296787262,-0.03186362236738205,0,0.04350859299302101,0.025579338893294334,0.9987257719039917,0,0.003358999965712428,0.07134199887514114,0,1,0.9743788242340088,-0.20761284232139587,-0.08650161325931549,0,0.20187526941299438,0.97686368227005,-0.07059355080127716,0,0.0991564467549324,0.051322340965270996,0.9937475919723511,0,0,0.08332499861717224,0,1,0.9743618965148926,-0.20757094025611877,-0.08679287880659103,0,0.20184409618377686,0.9768888354301453,-0.07033448666334152,0,0.09938639402389526,0.05101262032985687,0.9937403202056885,0,0,0.09522899985313416,0,1,0.9886770248413086,0.14269500970840454,0.04642454907298088,0,-0.1416921317577362,0.9896136522293091,-0.024236824363470078,0,-0.049400873482227325,0.01738440804183483,0.9986276626586914,0,0,0.10713200271129608,0,1,0.9035986661911011,0.34099990129470825,0.2592855989933014,0,-0.3508760929107666,0.936381459236145,-0.00869622640311718,0,-0.24575547873973846,-0.08311917632818222,0.9657610654830933,0,-0.011768000200390816,0.1778700053691864,0,1,-0.9998900890350342,0.010578988119959831,0.010397770442068577,0,-0.011961637064814568,-0.16051925718784332,-0.9869606494903564,0,-0.008772001601755619,-0.9869763255119324,0.16062802076339722,0,-0.00001700000029813964,0.07867500185966492,-0.08636900037527084,1,-0.9207442402839661,-0.31193527579307556,-0.23436228930950165,0,-0.3886397182941437,0.7863291501998901,0.4802562892436981,0,0.034477051347494125,0.5332759022712708,-0.8452388048171997,0,0,0.18251700699329376,0,1,0.5784285068511963,-0.815692663192749,0.008146262727677822,0,0.8156850934028625,0.5782572031021118,-0.016615290194749832,0,0.008842336013913155,0.016255546361207962,0.9998289942741394,0,0,0.34862300753593445,0,1,0.9948833584785461,-0.0181182362139225,-0.0993901789188385,0,0.09592929482460022,-0.13917244970798492,0.9856106638908386,0,-0.03168991953134537,-0.9901026487350464,-0.1367223560810089,0,0.000450999999884516,0.07869700342416763,0.08636900037527084,1,0.8364781737327576,-0.43059563636779785,-0.3389560878276825,0,0.5469667315483093,0.693994402885437,0.4681868553161621,0,0.03363444283604622,-0.5770259499549866,0.8160328269004822,0,0,0.18250499665737152,0,1,0.8604018092155457,-0.5096144080162048,-0.0016745366156101227,0,0.5096145868301392,0.8603829145431519,0.0058302972465753555,0,-0.0015304608969017863,-0.005869767162948847,0.9999820590019226,0,0,0.34860101342201233,0,1,-0.7842420339584351,-0.6155015826225281,0.07825193554162979,0,0.6189724802970886,-0.7848344445228577,0.030125996097922325,0,0.04287221282720566,0.07206187397241592,0.9964786767959595,0,0.01632699929177761,-0.0397769995033741,-0.12068600207567215,1,0.7312479019165039,-0.6788331866264343,0.06680329144001007,0,0.6772680282592773,0.7342153191566467,0.04728679358959198,0,-0.08114781230688095,0.010665365494787693,0.9966450333595276,0,0,0.6271420121192932,0,1,0.0665629506111145,-0.002503767842426896,0.9977792501449585,0,-0.9577449560165405,0.28027084469795227,0.0645955428481102,0,-0.27981022000312805,-0.9599177241325378,0.01625766046345234,0,0,0.6080729961395264,0,1,0.9937268495559692,-0.000017355701857013628,-0.11183372139930725,0,0.0516325905919075,0.887112021446228,0.45865678787231445,0,0.09920108318328857,-0.4615538716316223,0.8815479874610901,0,0,0.16479900479316711,0,1,-0.97874516248703,-0.13867953419685364,-0.15108433365821838,0,0.11275094002485275,-0.9792440533638,0.16842691600322723,0,-0.1713058203458786,0.1478121280670166,0.9740666151046753,0,0.01592100039124489,-0.0397769995033741,0.12068600207567215,1,0.8958123326301575,-0.4330814480781555,-0.09980319440364838,0,0.4380323588848114,0.8983347415924072,0.03349260985851288,0,0.07515169680118561,-0.07372017204761505,0.9944437146186829,0,0,0.6270520091056824,0,1,-0.06751345843076706,0.08929641544818878,0.9937140345573425,0,-0.9943775534629822,0.07541181147098541,-0.07433522492647171,0,-0.08157555013895035,-0.9931455254554749,0.08370313048362732,0,0,0.6076499819755554,0,1,0.9930481314659119,-0.000020919405869790353,0.11771300435066223,0,-0.05273464694619179,0.8939580321311951,0.4450379014015198,0,-0.10523965954780579,-0.4481510818004608,0.887741208076477,0,0,0.16967399418354034,0,1
K0.137,0.9938647150993347,-0.0950019434094429,-0.056635379791259766,0,0.10073975473642349,0.9889265894889832,0.10897362232208252,0,0.04565552622079849,-0.11401046812534332,0.9924296736717224,0,-0.06386923789978027,1.3074997663497925,-0.026603003963828087,1,0.9873390793800354,-0.15193666517734528,-0.04556220397353172,0,0.15070953965187073,0.988144040107727,-0.029276439920067787,0,0.049470238387584686,0.0220391396433115,0.9985326528549194,0,0.003358999965712428,0.07134199887514114,0,1,0.972788393497467,-0.20959481596946716,-0.09875968098640442,0,0.2028099149465561,0.9763830900192261,-0.07446067035198212,0,0.11203377693891525,0.05240499973297119,0.9923214316368103,0,0,0.08332499861717224,0,1,0.9727728366851807,-0.20954029262065887,-0.09902340918779373,0,0.20276568830013275,0.9764087200164795,-0.07424520701169968,0,0.11224467307329178,0.05214516818523407,0.9923113584518433,0,0,0.09522899985313416,0,1,0.987176239490509,0.15225911140441895,0.047966256737709045,0,-0.1510392725467682,0.9881274104118347,-0.028124669566750526,0,-0.05167902633547783,0.02051922306418419,0.9984532594680786,0,0,0.10713200271129608,0,1,0.8943968415260315,0.3532217741012573,0.27438896894454956,0,-0.3673246502876282,0.9300923943519592,0.000018606575395097025,0,-0.25520059466362,-0.10080648958683014,0.9616190791130066,0,-0.011768000200390816,0.1778700053691864,0,1,-0.999757707118988,0.010989359579980373,0.019074203446507454,0,-0.020713210105895996,-0.1762324422597885,-0.9841306209564209,0,-0.007453471887856722,-0.9842871427536011,0.17641723155975342,0,-0.00001700000029813964,0.07867500185966492,-0.08636900037527084,1,-0.9408258199691772,-0.25931233167648315,-0.21818184852600098,0,-0.3343774378299713,0.8150302767753601,0.47319939732551575,0,0.055118378251791,0.5181534290313721,-0.8535100221633911,0,0,0.18251700699329376,0,1,0.5812347531318665,-0.8136956095695496,0.008089280687272549,0,0.8136886358261108,0.5810648798942566,-0.01657496578991413,0,0.008786581456661224,0.016216106712818146,0.9998302459716797,0,0,0.34862300753593445,0,1,0.9928388595581055,-0.018918007612228394,-0.11795346438884735,0,0.11451154947280884,-0.1305532455444336,0.984806478023529,0,-0.0340297557413578,-0.9912604093551636,-0.12745191156864166,0,0.000450999999884516,0.07869700342416763,0.08636900037527084,1,0.8158367276191711,-0.46819043159484863,-0.33942362666130066,0,0.5772427320480347,0.694513738155365,0.4294665455818176,0,0.03466225787997246,-0.5463041663169861,0.836868941783905,0,0,0.18250499665737152,0,1,0.8693562150001526,-0.49418237805366516,-0.0015722822863608599,0,0.4941830635070801,0.8693394660949707,0.005653634667396545,0,-0.0014270809479057789,-0.005692022852599621,0.9999831318855286,0,0,0.34860101342201233,0,1,-0.7612984776496887,-0.6456851959228516,0.05929374322295189,0,0.6473934650421143,-0.7620282173156738,0.013987233862280846,0,0.036152128130197525,0.049034807831048965,0.9981424808502197,0,0.01632699929177761,-0.0397769995033741,-0.12068600207567215,1,0.8054332733154297,-0.5846948027610779,0.09700507670640945,0,0.582723081111908,0.8110985159873962,0.050518523901700974,0,-0.10821858048439026,0.015837790444493294,0.9940007328987122,0,0,0.6271420121192932,0,1,0.06826046109199524,-0.01975630596280098,0.9974716901779175,0,-0.9541077017784119,0.2909112274646759,0.07105476409196854,0,-0.2915794551372528,-0.9565457701683044,0.001008126069791615,0,0,0.6080729961395264,0,1,0.9937260150909424,-0.000004155807800998446,-0.111838698387146,0,0.05163194239139557,0.887071967124939,0.4587349593639374,0,0.09920710325241089,-0.4616314768791199,0.8815069794654846,0,0,0.16479900479316711,0,1,-0.9821395874023438,-0.10473689436912537,-0.15630990266799927,0,0.07942606508731842,-0.9838834404945374,0.16020362079143524,0,-0.17056991159915924,0.1449272185564041,0.9746296405792236,0,0.01592100039124489,-0.0397769995033741,0.12068600207567215,1,0.8965474367141724,-0.4355689287185669,-0.08051340281963348,0,0.43915629386901855,0.897797703742981,0.03318279609084129,0,0.057831328362226486,-0.06510788947343826,0.996200680732727,0,0,0.6270520091056824,0,1,-0.0695437341928482,0.08988529443740845,0.9935215711593628,0,-0.9968196153640747,0.03258999437093735,-0.07272301614284515,0,-0.03891561180353165,-0.9954185485839844,0.08733289688825607,0,0,0.6076499819755554,0,1,0.9930490851402283,0,0.11770522594451904,0,-0.0527351014316082,0.8940197229385376,0.44491341710090637,0,-0.10523079335689545,-0.4480278491973877,0.8878050446510315,0,0,0.16967399418354034,0,1
K0.171,0.9941848516464233,-0.10278583317995071,-0.0321146622300148,0,0.10551288723945618,0.9894049763679504,0.09972142428159714,0,0.0215244609862566,-0.10253005474805832,0.994496762752533,0,-0.06957284361124039,1.2925735712051392,-0.02705274149775505,1,0.9870545268058777,-0.15173929929733276,-0.05194949731230736,0,0.15051309764385223,0.9882451891899109,-0.026776202023029327,0,0.05540185794234276,0.018610496073961258,0.9982908964157104,0,0.003358999965712428,0.07134199887514114,0,1,0.9713752865791321,-0.2109735906124115,-0.10917812585830688,0,0.2033037394285202,0.9760602712631226,-0.07729315012693405,0,0.12287122756242752,0.05288432911038399,0.9910123944282532,0,0,0.08332499861717224,0,1,0.9713656306266785,-0.21092034876346588,-0.10936642438173294,0,0.20325565338134766,0.9760801196098328,-0.07716824114322662,0,0.1230267733335495,0.052729249000549316,0.9910016655921936,0,0,0.09522899985313416,0,1,0.9853922724723816,0.16320842504501343,0.04862665757536888,0,-0.1617737114429474,0.9863044023513794,-0.03213517740368843,0,-0.053205449134111404,0.02379925735294819,0.9983001947402954,0,0,0.10713200271129608,0,1,0.8847553730010986,0.3687518835067749,0.2850087285041809,0,-0.38687315583229065,0.9220990538597107,0.007937856949865818,0,-0.2598792314529419,-0.11728531867265701,0.9584925174713135,0,-0.011768000200390816,0.1778700053691864,0,1,-0.9996852874755859,0.011378781870007515,0.022375578060746193,0,-0.02411036565899849,-0.18709826469421387,-0.98204505443573,0,-0.006988042499870062,-0.9822750091552734,0.18731360137462616,0,-0.00001700000029813964,0.07867500185966492,-0.08636900037527084,1,-0.9590732455253601,-0.19803616404533386,-0.20238570868968964,0,-0.2736242711544037,0.8320815563201904,0.4824622571468353,0,0.07285641878843307,0.5180941224098206,-0.8522144556045532,0,0,0.18251700699329376,0,1,0.5867113471031189,-0.8097565770149231,0.007977854460477829,0,0.8097494840621948,0.5865436792373657,-0.016495496034622192,0,0.008677978999912739,0.016138162463903427,0.999832034111023,0,0,0.34862300753593445,0,1,0.9902108311653137,-0.020027609542012215,-0.13813313841819763,0,0.13460777699947357,-0.12470781803131104,0.9830204248428345,0,-0.03691381216049194,-0.9919911623001099,-0.12079114466905594,0,0.000450999999884516,0.07869700342416763,0.08636900037527084,1,0.7947339415550232,-0.49969539046287537,-0.34453174471855164,0,0.6056597828865051,0.6899926662445068,0.3963415026664734,0,0.03967435285449028,-0.5236550569534302,0.851006031036377,0,0,0.18250499665737152,0,1,0.8801812529563904,-0.4746357798576355,-0.0014490042813122272,0,0.4746362864971161,0.8801655769348145,0.005430200602859259,0,-0.0013020032783970237,-0.005467308219522238,0.9999841451644897,0,0,0.34860101342201233,0,1,-0.7463206052780151,-0.664146900177002,0.04376529902219772,0,0.6644612550735474,-0.7472680807113647,-0.00901780091226101,0,0.03869354724884033,0.022350167855620384,0.9990012645721436,0,0.01632699929177761,-0.0397769995033741,-0.12068600207567215,1,0.868933379650116,-0.4766996204853058,0.13308827579021454,0,0.474641889333725,0.8788224458694458,0.04885584115982056,0,-0.14025041460990906,0.02071678452193737,0.9898989200592041,0,0,0.6271420121192932,0,1,0.061571456491947174,-0.043369874358177185,0.9971597790718079,0,-0.9507375359535217,0.3015628159046173,0.07182099670171738,0,-0.30382129549980164,-0.9524597525596619,-0.02266569249331951,0,0,0.6080729961395264,0,1,0.9937260150909424,0.000003892348104272969,-0.11184202879667282,0,0.05163201689720154,0.887045681476593,0.458785742521286,0,0.09921073168516159,-0.4616817533969879,0.881479799747467,0,0,0.16479900479316711,0,1,-0.9850537776947021,-0.06833545863628387,-0.1581125110387802,0,0.04424671828746796,-0.987521231174469,0.1511411964893341,0,-0.1664677858352661,0.14188624918460846,0.9757851958274841,0,0.01592100039124489,-0.0397769995033741,0.12068600207567215,1,0.8975367546081543,-0.43652820587158203,-0.06221616640686989,0,0.43913060426712036,0.8976803421974182,0.03653513640165329,0,0.03990159556269646,-0.06011262908577919,0.9973936676979065,0,0,0.6270520091056824,0,1,-0.07256105542182922,0.09350693970918655,0.9929710626602173,0,-0.9973536729812622,-0.011344349011778831,-0.07181306183338165,0,0.0045496197417378426,-0.9955538511276245,0.09408265352249146,0,0,0.6076499819755554,0,1,0.9930461645126343,-0.00006519902672152966,0.11772947013378143,0,-0.052733324468135834,0.893827497959137,0.44529977440834045,0,-0.10525877773761749,-0.44841110706329346,0.887607753276825,0,0,0.16967399418354034,0,1
K0.205,0.994043231010437,-0.10879193991422653,-0.006548362784087658,0,0.10893905907869339,0.9899805188179016,0.0898316353559494,0,-0.003290205728262663,-0.09000992029905319,0.9959353804588318,0,-0.07211559265851974,1.2742160558700562,-0.028148101642727852,1,0.9867383241653442,-0.15148049592971802,-0.0583127923309803,0,0.1503351330757141,0.9883542656898499,-0.02357906848192215,0,0.06120545417070389,0.0144999073818326,0.9980196952819824,0,0.003358999965712428,0.07134199887514114,0,1,0.9700344800949097,-0.2130051851272583,-0.1168820783495903,0,0.20456530153751373,0.9755679965019226,-0.08012892305850983,0,0.1310943216085434,0.053817808628082275,0.9899082779884338,0,0,0.08332499861717224,0,1,0.9700384140014648,-0.2129373401403427,-0.11697336286306381,0,0.20448286831378937,0.975579023361206,-0.08019741624593735,0,0.13119381666183472,0.05387553572654724,0.9898913502693176,0,0,0.09522899985313416,0,1,0.9832993149757385,0.17538225650787354,0.04861868545413017,0,-0.17376896739006042,0.9841406345367432,-0.03566308319568634,0,-0.05410228669643402,0.026619065552949905,0.998180627822876,0,0,0.10713200271129608,0,1,0.8747935891151428,0.3868716359138489,0.2916621267795563,0,-0.40877795219421387,0.9124987721443176,0.015690870583057404,0,-0.2600710093975067,-0.13295133411884308,0.9563927054405212,0,-0.011768000200390816,0.1778700053691864,0,1,-0.9996893405914307,0.011806941591203213,0.021956386044621468,0,-0.023843305185437202,-0.1956740766763687,-0.9803791642189026,0,-0.007278981618583202,-0.9805976152420044,0.19589458405971527,0,-0.00001700000029813964,0.07867500185966492,-0.08636900037527084,1,-0.9739557504653931,-0.13479521870613098,-0.18231713771820068,0,-0.20981334149837494,0.8406204581260681,0.4993349313735962,0,0.08595158159732819,0.5245829224586487,-0.8470093011856079,0,0,0.18251700699329376,0,1,0.5911471247673035,-0.806524932384491,0.007887441664934158,0,0.8065180778503418,0.5909814834594727,-0.016428977251052856,0,0.008589044213294983,0.016073301434516907,0.9998335838317871,0,0,0.34862300753593445,0,1,0.9870775938034058,-0.02137015201151371,-0.15881164371967316,0,0.1550910472869873,-0.12188059091567993,0.9803531765937805,0,-0.04030634090304375,-0.9923146367073059,-0.11699124425649643,0,0.000450999999884516,0.07869700342416763,0.08636900037527084,1,0.7763354182243347,-0.5231658816337585,-0.35156941413879395,0,0.6286974549293518,0.6826972365379333,0.372376412153244,0,0.04520087316632271,-0.5101197361946106,0.8589150309562683,0,0,0.18250499665737152,0,1,0.8862811923027039,-0.46314576268196106,-0.0013790142256766558,0,0.46314603090286255,0.8862659335136414,0.00529895257204771,0,-0.0012320139212533832,-0.005335046909749508,0.9999849796295166,0,0,0.34860101342201233,0,1,-0.7423280477523804,-0.6692209243774414,0.033051010221242905,0,0.6682525277137756,-0.7430472373962402,-0.03631334379315376,0,0.04886014387011528,-0.0048699937760829926,0.99879390001297,0,0.01632699929177761,-0.0397769995033741,-0.12068600207567215,1,0.9194644689559937,-0.36040031909942627,0.1571497917175293,0,0.35815533995628357,0.9326532483100891,0.043381668627262115,0,-0.16220109164714813,0.016396140679717064,0.9866212606430054,0,0,0.6271420121192932,0,1,0.0466243252158165,-0.061305731534957886,0.9970298409461975,0,-0.9501315951347351,0.30537670850753784,0.06320833414793015,0,-0.30834460258483887,-0.9502561092376709,-0.04401050880551338,0,0,0.6080729961395264,0,1,0.9937260150909424,0.00000226408451453608,-0.11184096336364746,0,0.051631711423397064,0.8870512247085571,0.45877450704574585,0,0.0992097482085228,-0.4616708755493164,0.8814860582351685,0,0,0.16479900479316711,0,1,-0.9870119094848633,-0.02521480992436409,-0.15865349769592285,0,0.00257058790884912,-0.9899570345878601,0.14134186506271362,0,-0.16062422096729279,0.1390984058380127,0.9771652817726135,0,0.01592100039124489,-0.0397769995033741,0.12068600207567215,1,0.8995444178581238,-0.43448466062545776,-0.045204613357782364,0,0.4362799823284149,0.8987789154052734,0.04308249428868294,0,0.021910259500145912,-0.05847645923495293,0.9980480670928955,0,0,0.6270520091056824,0,1,-0.07638702541589737,0.09970536828041077,0.992080807685852,0,-0.9958416819572449,-0.05716259405016899,-0.07093169540166855,0,0.04963765665888786,-0.9933739304542542,0.10365726798772812,0,0,0.6076499819755554,0,1,0.993010401725769,-0.0008709392859600484,0.11802694946527481,0,-0.05271107330918312,0.8914421796798706,0.4500585198402405,0,-0.10560611635446548,-0.45313388109207153,0.8851649761199951,0,0,0.16967399418354034,0,1
