0.600,30,17,33
B0,mixamorig_Hips,-1,0.9926919341087341,-0.022093946114182472,0.11863715946674347,0,0.0059350887313485146,0.9908459782600403,0.13486486673355103,0,-0.12053084373474121,-0.13317514955997467,0.983735978603363,0,0.0029869999270886183,0.8072500228881836,-0.0046720001846551895,1
B1,mixamorig_Spine,0,0.9670319557189941,0.024950038641691208,-0.25343024730682373,0,0.048403963446617126,0.9590369462966919,0.2791149914264679,0,0.25001272559165955,-0.28217998147010803,0.9262111186981201,0,0,0.043939001858234406,0.0021619999315589666,1
B2,mixamorig_Spine1,1,0.9992430210113525,0.0200047604739666,-0.033371735364198685,0,-0.0219462588429451,0.9980250000953674,-0.05886409804224968,0,0.03212824836373329,0.059551894664764404,0.9977080225944519,0,0,0.05132399871945381,0,1
B3,mixamorig_Spine2,2,0.9992899894714355,0.017830191180109978,-0.0331878587603569,0,-0.019740819931030273,0.9981120824813843,-0.058162085711956024,0,0.03208814933896065,0.058775920420885086,0.9977549910545349,0,0,0.05865500122308731,0,1
B4,mixamorig_Neck,3,0.9976379871368408,-0.054512038826942444,0.04178806021809578,0,0.05329796299338341,0.9981390833854675,0.02963811159133911,0,-0.043325938284397125,-0.02734089270234108,0.9986870288848877,0,0,0.0659869983792305,0,1
B5,mixamorig_Head,4,0.993232011795044,0.03466887027025223,0.11084820330142975,0,0.0048998091369867325,0.9410520792007446,-0.3382270336151123,0,-0.11603985726833344,0.3364810049533844,0.9345129728317261,0,0,0.09993699938058853,-0.1356460005044937,1
B6,mixamorig_HeadTop_End,5,1,0,0,0,0,1,0,0,0,0,1,0,0,0.006678999867290258,-0.009065000340342522,1
B7,mixamorig_LeftShoulder,3,0.2593972086906433,0.07059500366449356,-0.9631869792938232,0,0.9646910429000854,-0.06608284264802933,0.2549589276313782,0,-0.045651283115148544,-0.9953140020370483,-0.08524415642023087,0,0.0588110014796257,0.04830100014805794,0.0075090001337230206,1
B8,mixamorig_LeftArm,7,0.4939750134944916,0.024305986240506172,-0.8691359758377075,0,0.8148959875106812,0.33564192056655884,0.47253403067588806,0,0.3032040297985077,-0.9416759610176086,0.1459919512271881,0,0,0.11882500350475311,0,1
B9,mixamorig_LeftForeArm,8,0.31737592816352844,0.9427979588508606,-0.10200725495815277,0,-0.9429619312286377,0.30236098170280457,-0.13928528130054474,0,-0.10047479718923569,0.1403946578502655,0.9849840402603149,0,0,0.21592900156974792,0,1
B10,mixamorig_LeftHand,9,0.9847970008850098,-0.06365229934453964,0.16162975132465363,0,0.05617170035839081,0.9971460700035095,0.050441913306713104,0,-0.16437922418117523,-0.04059602692723274,0.9855619668960571,0,0,0.2517389953136444,0,1
B11,mixamorig_LeftHandIndex1,10,0.9999929666519165,0.002733169589191675,0.002651282586157322,0,-0.0029948013834655285,0.9945409893989563,0.10430090874433517,0,-0.0023517366498708725,-0.1043080985546112,0.9945420026779175,0,0,0.04984600096940994,0,1
B12,mixamorig_LeftHandIndex2,11,0.7367561459541321,-0.6588518619537354,-0.1520020067691803,0,0.6761231422424316,0.715570867061615,0.17554202675819397,0,-0.006887983065098524,-0.23210392892360687,0.9726669788360596,0,0,0.02498600073158741,0,1
B13,mixamorig_LeftHandIndex3,12,0.7509961128234863,0.6594049334526062,0.034500859677791595,0,-0.6562440395355225,0.7511428594589233,-0.07161003351211548,0,-0.07313509285449982,0.031137874349951744,0.9968359470367432,0,-0.024601999670267105,0.026453999802470207,-0.0006960000027902424,1
B14,mixamorig_LeftHandIndex4,13,1,0,0,0,0,1,0,0,0,0,1,0,-0.000610999995842576,0.021688999608159065,0.002326000016182661,1
B15,mixamorig_RightShoulder,3,-0.036277998238801956,-0.00106536946259439,0.9993409514427185,0,-0.9969980120658875,-0.06840401142835617,-0.03626590222120285,0,0.0683976262807846,-0.9976570010185242,0.0014194274554029107,0,-0.0588110014796257,0.047621000558137894,-0.006304999813437462,1
B16,mixamorig_RightArm,15,0.92877596616745,-0.14217306673526764,-0.3422892689704895,0,0.3599097430706024,0.5665693283081055,0.741257905960083,0,0.08854375779628754,-0.8116561770439148,0.5773857235908508,0,0,0.11895699799060822,0,1
B17,mixamorig_RightForeArm,16,-0.015282349660992622,-0.9858189821243286,-0.16711406409740448,0,0.9860081076622009,-0.04260476306080818,0.16115978360176086,0,-0.1659942865371704,-0.16231298446655273,0.9726769328117371,0,0,0.21626399457454681,0,1
B18,mixamorig_RightHand,17,0.9632830023765564,-0.1545276790857315,-0.21956099569797516,0,0.06775137037038803,0.9312070608139038,-0.3581398129463196,0,0.2597990930080414,0.3301142454147339,0.9074848294258118,0,0,0.25174200534820557,0,1
B19,mixamorig_RightHandIndex1,18,0.2661091089248657,0.05585213005542755,-0.9623240232467651,0,-0.015637977048754692,0.9984390139579773,0.05362387001514435,0,0.9638160467147827,0.0007789978408254683,0.2665669023990631,0,0,0.0776820033788681,0,1
B20,mixamorig_RightHandIndex2,19,0.7405888438224792,0.6660332083702087,-0.08903982490301132,0,-0.6444099545478821,0.6664112210273743,-0.3750099241733551,0,-0.1904318928718567,0.33510622382164,0.9227349162101746,0,0,0.02130099944770336,0,1
B21,mixamorig_RightHandIndex3,20,0.7935090065002441,-0.5971108675003052,-0.11748197674751282,0,0.36980611085891724,0.3198082447052002,0.872333824634552,0,-0.4833081364631653,-0.7356500029563904,0.47458580136299133,0,0.007861999794840813,0.015324000269174576,0.006858000066131353,1
B22,mixamorig_RightHandIndex4,21,1,0,0,0,0,1,0,0,0,0,1,0,-0.004530999809503555,0.014836999587714672,-0.012617000378668308,1
B23,mixamorig_LeftUpLeg,0,-0.9876790046691895,-0.03735526278614998,0.15196900069713593,0,0.12492381036281586,-0.7730879783630371,0.6218750476837158,0,0.09425518661737442,0.6331980228424072,0.7682300806045532,0,0.07289200276136398,-0.024589000269770622,0.004608999937772751,1
B24,mixamorig_LeftLeg,23,0.9888259172439575,0.13017313182353973,-0.0726504847407341,0,0.01451826561242342,-0.5691186785697937,-0.822127103805542,0,-0.14836561679840088,0.8118858337402344,-0.5646491646766663,0,0,0.3951509892940521,0,1
B25,mixamorig_LeftFoot,24,0.996396005153656,0.08253728598356247,-0.019548770040273666,0,-0.015594668686389923,0.40480297803878784,0.9142711162567139,0,0.08337483555078506,-0.9106709957122803,0.4046310782432556,0,0,0.3791869878768921,0,1
B26,mixamorig_LeftToeBase,25,0.994147002696991,1.0445448594964546e-7,-0.10803292691707611,0,0.0503411702811718,0.8847947716712952,0.463253378868103,0,0.09558703750371933,-0.46598055958747864,0.8796162605285645,0,0,0.10323599725961685,0,1
B27,mixamorig_LeftToe_End,26,1,0,0,0,0,1,0,0,0,0,1,0,0,0.04325700178742409,0,1
B28,mixamorig_RightUpLeg,0,-0.9974399209022522,-0.027777351438999176,-0.06588870286941528,0,0.036807697266340256,-0.9894569516181946,-0.1400691419839859,0,-0.061303332448005676,-0.1421358734369278,0.9879469871520996,0,-0.07289200276136398,-0.024589000269770622,0.01001999992877245,1
B29,mixamorig_RightLeg,28,0.9837269186973572,0.022716667503118515,0.17823030054569244,0,0.03679656237363815,0.9454770088195801,-0.32360297441482544,0,-0.17586378753185272,0.32489511370658875,0.9292550086975098,0,0,0.3952440023422241,0,1
B30,mixamorig_RightFoot,29,0.9740339517593384,-0.1361648589372635,0.18087634444236755,0,-0.11130261421203613,0.40771207213401794,0.9063019752502441,0,-0.19715197384357452,-0.9029010534286499,0.38196995854377747,0,0,0.3790229856967926,0,1
B31,mixamorig_RightToeBase,30,0.9890950322151184,-0.08621060848236084,0.11940792948007584,0,-0.05601879954338074,0.5296083688735962,0.8463907837867737,0,-0.13620732724666595,-0.8438501358032227,0.5190036296844482,0,0,0.10582800209522247,0,1
B32,mixamorig_RightToe_End,31,1,0,0,0,0,1,0,0,0,0,1,0,0,0.044158998876810074,0,1
@28,0,1,2,3,4,5,7,8,9,10,11,12,13,15,16,17,18,19,20,21,23,24,25,26,28,29,30,31
K0,0.11863718926906586,-0.02209392748773098,-0.9926918745040894,0,0.13486485183238983,0.9908459782600403,-0.005935064982622862,0,0.9837359189987183,-0.13317514955997467,0.1205308735370636,0,-0.004671999718993902,0.8072500228881836,-0.0029869999270886183,1,0.9670319557189941,0.02495000511407852,-0.2534302771091461,0,0.04840400069952011,0.9590369462966919,0.2791149914264679,0,0.25001272559165955,-0.28217998147010803,0.9262111186981201,0,0,0.043939001858234406,0.0021619999315589666,1,0.9992430210113525,0.020004749298095703,-0.03337174281477928,0,-0.021946249529719353,0.9980250000953674,-0.05886410176753998,0,0.03212825953960419,0.0595518983900547,0.9977080225944519,0,0,0.05132399871945381,0,1,0.9992899894714355,0.01783018559217453,-0.033187855035066605,0,-0.019740814343094826,0.9981120824813843,-0.058162081986665726,0,0.03208814561367035,0.05877591669559479,0.9977549910545349,0,0,0.05865500122308731,0,1,0.9976379871368408,-0.05451204255223274,0.04178806394338608,0,0.053297966718673706,0.9981390833854675,0.02963811159133911,0,-0.043325942009687424,-0.02734089270234108,0.9986870288848877,0,0,0.0659869983792305,0,1,0.993232011795044,0.03466883674263954,0.11084818094968796,0,0.004899834748357534,0.9410520792007446,-0.3382270336151123,0,-0.11603982746601105,0.3364810049533844,0.9345129728317261,0,0,0.09993699938058853,-0.1356460005044937,1,0.2593970000743866,0.07059541344642639,-0.9631869792938232,0,0.9646911025047302,-0.06608293205499649,0.2549586594104767,0,-0.04565129801630974,-0.9953139424324036,-0.0852445587515831,0,0.0588110014796257,0.04830100014805794,0.0075090001337230206,1,0.49397507309913635,0.02430596388876438,-0.8691359758377075,0,0.8148959279060364,0.3356419503688812,0.4725341498851776,0,0.3032040596008301,-0.9416759610176086,0.1459919959306717,0,0,0.11882500350475311,0,1,0.31737592816352844,0.9427980184555054,-0.10200705379247665,0,-0.9429619312286377,0.30236098170280457,-0.13928547501564026,0,-0.10047505050897598,0.14039452373981476,0.9849840402603149,0,0,0.21592900156974792,0,1,0.9847970008850098,-0.06365229934453964,0.16162975132465363,0,0.05617169663310051,0.9971460700035095,0.050441939383745193,0,-0.16437922418117523,-0.04059605672955513,0.9855619668960571,0,0,0.2517389953136444,0,1,0.9999929666519165,0.0027331847231835127,0.002651273738592863,0,-0.0029948155861347914,0.9945409893989563,0.10430090874433517,0,-0.0023517264053225517,-0.1043080985546112,0.9945420026779175,0,0,0.04984600096940994,0,1,0.7367561459541321,-0.6588518619537354,-0.1520020067691803,0,0.6761231422424316,0.715570867061615,0.17554204165935516,0,-0.006887995172291994,-0.23210394382476807,0.9726669788360596,0,0,0.02498600073158741,0,1,0.7509961128234863,0.6594049334526062,0.03450086712837219,0,-0.6562440395355225,0.7511428594589233,-0.07161008566617966,0,-0.0731351301074028,0.03113790787756443,0.9968359470367432,0,-0.024601999670267105,0.026453999802470207,-0.0006960000027902424,1,-0.03627749904990196,-0.0010656457161530852,0.9993410110473633,0,-0.9969980716705322,-0.06840386986732483,-0.036265380680561066,0,0.06839745491743088,-0.997657060623169,0.0014190643560141325,0,-0.0588110014796257,0.047621000558137894,-0.006304999813437462,1,0.9287759065628052,-0.1421731561422348,-0.3422892987728119,0,0.3599098324775696,0.5665692687034607,0.7412577867507935,0,0.08854369074106216,-0.81165611743927,0.5773857235908508,0,0,0.11895699799060822,0,1,-0.015282180160284042,-0.9858189225196838,-0.1671142876148224,0,0.9860080480575562,-0.042604636400938034,0.16115978360176086,0,-0.1659942865371704,-0.16231322288513184,0.9726768732070923,0,0,0.21626399457454681,0,1,0.9632830023765564,-0.1545276641845703,-0.21956096589565277,0,0.06775136291980743,0.9312070608139038,-0.3581397831439972,0,0.259799063205719,0.3301142156124115,0.9074848890304565,0,0,0.25174200534820557,0,1,0.2661091089248657,0.055852122604846954,-0.9623240232467651,0,-0.015637876465916634,0.9984390139579773,0.05362389236688614,0,0.9638160467147827,0.0007788950460962951,0.2665669023990631,0,0,0.0776820033788681,0,1,0.740588903427124,0.666033148765564,-0.08903981745243073,0,-0.6444098949432373,0.666411280632019,-0.37500983476638794,0,-0.19043181836605072,0.33510616421699524,0.9227349758148193,0,0,0.02130099944770336,0,1,0.7935090661048889,-0.5971108078956604,-0.11748205870389938,0,0.36980611085891724,0.3198081851005554,0.8723338842391968,0,-0.4833080768585205,-0.7356501221656799,0.47458571195602417,0,0.007861999794840813,0.015324000269174576,0.006858000066131353,1,-0.9876789450645447,-0.03735525533556938,0.15196889638900757,0,0.12492373585700989,-0.7730879783630371,0.621874988079071,0,0.09425511956214905,0.6331979632377625,0.768230140209198,0,0.07289200276136398,-0.024589000269770622,0.004608999937772751,1,0.9888259768486023,0.13017290830612183,-0.07265054434537888,0,0.014518089592456818,-0.569118857383728,-0.8221272230148315,0,-0.14836546778678894,0.8118859529495239,-0.5646493434906006,0,0,0.3951509892940521,0,1,0.9963959455490112,0.082537442445755,-0.019548948854207993,0,-0.015594566240906715,0.40480297803878784,0.9142711162567139,0,0.08337505161762238,-0.9106709957122803,0.4046310782432556,0,0,0.3791869878768921,0,1,0.994147002696991,0,-0.10803293436765671,0,0.05034114047884941,0.8847947716712952,0.463253378868103,0,0.09558705985546112,-0.46598055958747864,0.8796162009239197,0,0,0.10323599725961685,0,1,-0.9974399209022522,-0.027777327224612236,-0.06588868051767349,0,0.03680766746401787,-0.9894569516181946,-0.1400691270828247,0,-0.061303313821554184,-0.1421358436346054,0.9879469871520996,0,-0.07289200276136398,-0.024589000269770622,0.01001999992877245,1,0.9837269186973572,0.022716602310538292,0.17823024094104767,0,0.03679659590125084,0.9454770088195801,-0.3236028850078583,0,-0.17586371302604675,0.32489505410194397,0.9292550086975098,0,0,0.3952440023422241,0,1,0.9740340113639832,-0.13616463541984558,0.18087626993656158,0,-0.11130264401435852,0.40771207213401794,0.9063019156455994,0,-0.19715173542499542,-0.9029010534286499,0.38196998834609985,0,0,0.3790229856967926,0,1,0.9890950322151184,-0.08621063828468323,0.11940775066614151,0,-0.056018635630607605,0.5296083092689514,0.8463908433914185,0,-0.13620725274085999,-0.8438501954078674,0.5190036296844482,0,0,0.10582800209522247,0,1
K0.035,0.09238133579492569,0.014579707756638527,-0.9956166744232178,0,0.14336009323596954,0.989280641078949,0.027789028361439705,0,0.9853495359420776,-0.14529892802238464,0.08930092304944992,0,-0.005931188818067312,0.8158923387527466,-0.0008869227021932602,1,0.9605871438980103,-0.027128582820296288,-0.2766520380973816,0,0.08314886689186096,0.977701723575592,0.19283457100391388,0,0.2652518153190613,-0.20823770761489868,0.9414233565330505,0,0,0.043939001858234406,0.0021619999315589666,1,0.9991826415061951,0.017322443425655365,-0.03653353080153465,0,-0.0185403935611248,0.999274730682373,-0.033266957849264145,0,0.03593073785305023,0.03391708433628082,0.998778223991394,0,0,0.05132399871945381,0,1,0.9992259740829468,0.015144440345466137,-0.0362965427339077,0,-0.016376439481973648,0.9992915391921997,-0.033888962119817734,0,0.035757601261138916,0.034457139670848846,0.9987660646438599,0,0,0.05865500122308731,0,1,0.9972996115684509,-0.05166201665997505,0.05220385640859604,0,0.048873525112867355,0.997378945350647,0.053349707275629044,0,-0.05482317879796028,-0.05065425485372543,0.9972105026245117,0,0,0.0659869983792305,0,1,0.9844384789466858,0.047901786863803864,0.16907773911952972,0,0.006022683810442686,0.9523700475692749,-0.30488455295562744,0,-0.17562904953956604,0.30115827918052673,0.9372609853744507,0,0,0.09993699938058853,-0.1356460005044937,1,0.25364577770233154,0.07111405581235886,-0.9646798968315125,0,0.9668659567832947,-0.04841176047921181,0.2506517171859741,0,-0.028877008706331253,-0.9962926506996155,-0.08103716373443604,0,0.0588110014796257,0.04830100014805794,0.0075090001337230206,1,0.37887707352638245,-0.04212269186973572,-0.9244883060455322,0,0.878552258014679,0.33033421635627747,0.34500032663345337,0,0.2908577620983124,-0.9429240226745605,0.16216304898262024,0,0,0.11882500350475311,0,1,0.16486044228076935,0.9784233570098877,-0.12453536689281464,0,-0.9785943627357483,0.14649087190628052,-0.1445486694574356,0,-0.12318640947341919,0.1456998586654663,0.9816294312477112,0,0,0.21592900156974792,0,1,0.9627324342727661,-0.1380574107170105,0.23256687819957733,0,0.11572634428739548,0.9874863624572754,0.1071360781788826,0,-0.2444474697113037,-0.07622922956943512,0.9666616916656494,0,0,0.2517389953136444,0,1,0.9999920129776001,0.003082401119172573,0.002689171815291047,0,-0.003377307904884219,0.9930534362792969,0.11761678010225296,0,-0.0023079479578882456,-0.11762485653162003,0.9930553436279297,0,0,0.04984600096940994,0,1,0.7369874715805054,-0.6564972996711731,-0.1608157455921173,0,0.6758729815483093,0.7133922576904297,0.18511730432510376,0,-0.006804292555898428,-0.2451198846101761,0.969468891620636,0,0,0.02498600073158741,0,1,0.7510713338851929,0.6593297719955444,0.03431260585784912,0,-0.6566489338874817,0.7513962984085083,-0.06492718309164047,0,-0.06859072297811508,0.026233583688735962,0.9972994923591614,0,-0.024601999670267105,0.026453999802470207,-0.0006960000027902424,1,-0.04724917188286781,0.002929066075012088,0.9988789558410645,0,-0.997513473033905,-0.0524931363761425,-0.04703063890337944,0,0.05229650437831879,-0.9986169338226318,0.005402027629315853,0,-0.0588110014796257,0.047621000558137894,-0.006304999813437462,1,0.9403356313705444,-0.14790284633636475,-0.3064224421977997,0,0.3305237889289856,0.6108543872833252,0.7194517850875854,0,0.08077047765254974,-0.7778056263923645,0.6232932209968567,0,0,0.11895699799060822,0,1,-0.34885933995246887,-0.910590648651123,-0.22163675725460052,0,0.9107648134231567,-0.38515886664390564,0.1488618701696396,0,-0.22091743350028992,-0.14992700517177582,0.963699460029602,0,0,0.21626399457454681,0,1,0.9718658924102783,0.23150528967380524,-0.043370671570301056,0,-0.23126661777496338,0.9030560851097107,-0.36194705963134766,0,-0.04462653398513794,0.36179444193840027,0.9311894178390503,0,0,0.25174200534820557,0,1,0.2661091089248657,0.055852632969617844,-0.9623240828514099,0,-0.015638377517461777,0.9984389543533325,0.05362427234649658,0,0.9638160467147827,0.0007792761316522956,0.2665669023990631,0,0,0.0776820033788681,0,1,0.7405887246131897,0.6660333275794983,-0.08903917670249939,0,-0.6444096565246582,0.6664111018180847,-0.3750094175338745,0,-0.1904321312904358,0.3351055383682251,0.9227351546287537,0,0,0.02130099944770336,0,1,0.7935091257095337,-0.5971107482910156,-0.11748191714286804,0,0.36980628967285156,0.3198086619377136,0.8723340630531311,0,-0.4833078980445862,-0.7356500029563904,0.47458600997924805,0,0.007861999794840813,0.015324000269174576,0.006858000066131353,1,-0.9973763823509216,-0.06286479532718658,0.035900406539440155,0,0.06567449122667313,-0.5770721435546875,0.8140482902526855,0,-0.030457844957709312,0.81427001953125,0.5796865224838257,0,0.07289200276136398,-0.024589000269770622,0.004608999937772751,1,0.9863643646240234,0.15487484633922577,0.05566151812672615,0,0.08282417058944702,-0.17488519847393036,-0.9810993075370789,0,-0.14221321046352386,0.9723312854766846,-0.18532787263393402,0,0,0.3951509892940521,0,1,0.9820502400398254,0.16626965999603271,-0.08905673772096634,0,-0.01667245291173458,0.5468270778656006,0.8370794653892517,0,0.1878795325756073,-0.8205692172050476,0.539783775806427,0,0,0.3791869878768921,0,1,0.9941478967666626,-0.000013567030691774562,-0.10802734643220901,0,0.05034225061535835,0.8848357200622559,0.4631756842136383,0,0.09558010846376419,-0.46590322256088257,0.8796577453613281,0,0,0.10323599725961685,0,1,-0.9983031153678894,0.006768043618649244,-0.05784374475479126,0,0.01813220977783203,-0.907737135887146,-0.41914722323417664,0,-0.055343691259622574,-0.41948461532592773,0.9060735702514648,0,-0.07289200276136398,-0.024589000269770622,0.01001999992877245,1,0.9847002625465393,-0.058820877224206924,0.16403111815452576,0,0.0680914968252182,0.9963500499725342,-0.051475197076797485,0,-0.1604045331478119,0.061856742948293686,0.9851110577583313,0,0,0.3952440023422241,0,1,0.9889907240867615,0.11779297143220901,0.08956640958786011,0,-0.14797373116016388,0.7829303741455078,0.6042551398277283,0,0.0010527512058615685,-0.6108558773994446,0.7917406558990479,0,0,0.3790229856967926,0,1,0.9888290166854858,-0.09024108946323395,0.11863357573747635,0,-0.056768935173749924,0.5079154372215271,0.8595341444015503,0,-0.13782113790512085,-0.856667160987854,0.49711868166923523,0,0,0.10582800209522247,0,1
K0.071,0.053501151502132416,-0.009483106434345245,-0.9985230565071106,0,0.17247487604618073,0.9850143790245056,-0.00011355776950949803,0,0.98356032371521,-0.17221403121948242,0.054334983229637146,0,-0.00010693365766201168,0.8297615051269531,0.00155420764349401,1,0.9611979722976685,-0.009516306221485138,-0.2756957411766052,0,0.04283209517598152,0.9924331307411194,0.1150755062699318,0,0.2725144326686859,-0.12241894006729126,0.9543321132659912,0,0,0.043939001858234406,0.0021619999315589666,1,0.9992581009864807,0.006098906509578228,-0.03803284838795662,0,-0.0064073242247104645,0.9999472498893738,-0.007992725819349289,0,0.037982091307640076,0.008230484090745449,0.9992443323135376,0,0,0.05132399871945381,0,1,0.9992650151252747,0.005037504713982344,-0.03799734637141228,0,-0.005389159545302391,0.9999436736106873,-0.00915796123445034,0,0.03794907405972481,0.009356005117297173,0.999235987663269,0,0,0.05865500122308731,0,1,0.9970454573631287,-0.048003826290369034,0.05996411666274071,0,0.04559117183089256,0.9981196522712708,0.04097606614232063,0,-0.061818357557058334,-0.03812115639448166,0.997359037399292,0,0,0.0659869983792305,0,1,0.9771945476531982,0.05197558179497719,0.20588631927967072,0,0.007833520881831646,0.9600974917411804,-0.2795547544956207,0,-0.21220099925994873,0.27479228377342224,0.937795102596283,0,0,0.09993699938058853,-0.1356460005044937,1,0.2527289092540741,0.07162963598966599,-0.9648825526237488,0,0.9672802090644836,-0.041688140481710434,0.25026214122772217,0,-0.022297954186797142,-0.9965595602989197,-0.07982166856527328,0,0.0588110014796257,0.04830100014805794,0.0075090001337230206,1,0.39708417654037476,-0.08677985519170761,-0.9136701226234436,0,0.8850299119949341,0.29978322982788086,0.3561638295650482,0,0.2429952323436737,-0.9500525593757629,0.1958419382572174,0,0,0.11882500350475311,0,1,0.16009080410003662,0.9791246652603149,-0.12524005770683289,0,-0.9792962670326233,0.1416163593530655,-0.14465226233005524,0,-0.12389656901359558,0.14580462872982025,0.981524646282196,0,0,0.21592900156974792,0,1,0.9479168653488159,-0.13385535776615143,0.2890266478061676,0,0.11929268389940262,0.9905610084533691,0.06751056015491486,0,-0.29533523321151733,-0.029515638947486877,0.9549376368522644,0,0,0.2517389953136444,0,1,0.9999922513961792,0.002889900002628565,0.002667345805093646,0,-0.003166403854265809,0.9938968420028687,0.11026573181152344,0,-0.002332410542294383,-0.11027336865663528,0.9938986897468567,0,0,0.04984600096940994,0,1,0.7368601560592651,-0.6578099727630615,-0.15596109628677368,0,0.6760109066963196,0.7146095037460327,0.17984162271022797,0,-0.006850315723568201,-0.23794932663440704,0.9712531566619873,0,0,0.02498600073158741,0,1,0.7510300874710083,0.6593710780143738,0.0344170518219471,0,-0.6564294099807739,0.7512606978416443,-0.06861181557178497,0,-0.07109679281711578,0.02893715910613537,0.9970495104789734,0,-0.024601999670267105,0.026453999802470207,-0.0006960000027902424,1,-0.050892509520053864,0.0039450074546039104,0.9986960291862488,0,-0.9974565505981445,-0.05016276240348816,-0.050631243735551834,0,0.049897681921720505,-0.9987331032752991,0.006487941835075617,0,-0.0588110014796257,0.047621000558137894,-0.006304999813437462,1,0.9626994729042053,-0.15168096125125885,-0.224060520529747,0,0.2698729336261749,0.5978477001190186,0.7548158764839172,0,0.01946285180747509,-0.787128210067749,0.6164819002151489,0,0,0.11895699799060822,0,1,-0.48225048184394836,-0.8415294289588928,-0.24343903362751007,0,0.8416904807090759,-0.5221397876739502,0.13757188618183136,0,-0.24288015067577362,-0.13855628669261932,0.960110068321228,0,0,0.21626399457454681,0,1,0.9262037873268127,0.36435380578041077,0.09691283851861954,0,-0.3093917965888977,0.8814182877540588,-0.35690075159072876,0,-0.21545898914337158,0.30057892203330994,0.9291014671325684,0,0,0.25174200534820557,0,1,0.26610907912254333,0.05585256963968277,-0.9623240232467651,0,-0.01563831977546215,0.9984389543533325,0.053624227643013,0,0.9638160467147827,0.0007792332908138633,0.2665669023990631,0,0,0.0776820033788681,0,1,0.7405887842178345,0.6660332679748535,-0.08903966099023819,0,-0.6444097757339478,0.6664111018180847,-0.3750092685222626,0,-0.19043166935443878,0.3351057469844818,0.9227351546287537,0,0,0.02130099944770336,0,1,0.7935090661048889,-0.5971108078956604,-0.11748204380273819,0,0.36980611085891724,0.3198082447052002,0.8723338842391968,0,-0.4833080470561981,-0.7356500625610352,0.47458577156066895,0,0.007861999794840813,0.015324000269174576,0.006858000066131353,1,-0.9907394647598267,-0.13353773951530457,-0.024570459499955177,0,0.05694826692342758,-0.5729465484619141,0.8176116943359375,0,-0.1232595294713974,0.8086406588554382,0.5752452611923218,0,0.07289200276136398,-0.024589000269770622,0.004608999937772751,1,0.9744582176208496,0.11628419160842896,0.19211871922016144,0,0.14318698644638062,0.33731788396835327,-0.9304376244544983,0,-0.17300014197826385,0.9341808557510376,0.3120516240596771,0,0,0.3951509892940521,0,1,0.9868424534797668,0.1428394466638565,-0.07575658708810806,0,0.0007270525675266981,0.464618057012558,0.8855107426643372,0,0.16168370842933655,-0.8739144802093506,0.4584008455276489,0,0,0.3791869878768921,0,1,0.9941280484199524,0.0004430534318089485,-0.10820771008729935,0,0.050313107669353485,0.8834296464920044,0.4658547639846802,0,0.09580033272504807,-0.46856367588043213,0.8782201409339905,0,0,0.10323599725961685,0,1,-0.9939159750938416,-0.03418941795825958,-0.10470118373632431,0,0.07316398620605469,-0.9155114889144897,-0.3955833911895752,0,-0.0823303833603859,-0.4008370339870453,0.9124429225921631,0,-0.07289200276136398,-0.024589000269770622,0.01001999992877245,1,0.986426830291748,-0.08372877538204193,0.14125365018844604,0,0.13270944356918335,0.9131104350090027,-0.3855089247226715,0,-0.09670199453830719,0.39902204275131226,0.9118282794952393,0,0,0.3952440023422241,0,1,0.9712767601013184,0.23781418800354004,-0.008133386261761189,0,-0.19450174272060394,0.8131433725357056,0.5486047267913818,0,0.13707958161830902,-0.5312649607658386,0.8360424637794495,0,0,0.3790229856967926,0,1,0.9940164685249329,0.0048653725534677505,0.10911877453327179,0,-0.05079976096749306,0.9049808979034424,0.422408789396286,0,-0.09669527411460876,-0.4254246950149536,0.8998135328292847,0,0,0.10582800209522247,0,1
K0.106,0.025122176855802536,-0.03232140466570854,-0.9991613626480103,0,0.17416076362133026,0.9843343496322632,-0.027462799102067947,0,0.9843961596488953,-0.17332474887371063,0.030357733368873596,0,0.004534117411822081,0.8312615156173706,0.004452588502317667,1,0.9646638035774231,0.02257573790848255,-0.2625153362751007,0,0.005661493167281151,0.9943164587020874,0.10631327331066132,0,0.26342350244522095,-0.10404283553361893,0.959053635597229,0,0,0.043939001858234406,0.0021619999315589666,1,0.9992983341217041,-0.004230644088238478,-0.03721850737929344,0,0.004241148941218853,0.9999911189079285,0.00020329974358901381,0,0.03721732273697853,-0.0003610063577070832,0.9993075132369995,0,0,0.05132399871945381,0,1,0.9993045926094055,-0.0040886737406253815,-0.037055037915706635,0,0.004110122565180063,0.9999911785125732,0.0005026732105761766,0,0.037052661180496216,-0.000654624484013766,0.9993127584457397,0,0,0.05865500122308731,0,1,0.996624767780304,-0.0529816709458828,0.06270916759967804,0,0.052276384085416794,0.9985504150390625,0.012835860252380371,0,-0.0632982924580574,-0.009514323435723782,0.9979492425918579,0,0,0.0659869983792305,0,1,0.9751916527748108,0.05865084007382393,0.2134527862071991,0,0.003537822514772415,0.9600090384483337,-0.27994662523269653,0,-0.22133557498455048,0.27375656366348267,0.9359846711158752,0,0,0.09993699938058853,-0.1356460005044937,1,0.268297404050827,0.072249636054039,-0.9606234431266785,0,0.9620842933654785,-0.0709104835987091,0.2633720934391022,0,-0.04908977076411247,-0.9948630928993225,-0.08853534609079361,0,0.0588110014796257,0.04830100014805794,0.0075090001337230206,1,0.528968334197998,-0.11908109486103058,-0.84024578332901,0,0.8309248089790344,0.273931086063385,0.48427852988243103,0,0.17250092327594757,-0.9543482661247253,0.24384808540344238,0,0,0.11882500350475311,0,1,0.23462556302547455,0.9653506875038147,-0.11423078924417496,0,-0.9655197262763977,0.2177906483411789,-0.14261706173419952,0,-0.11279700696468353,0.14375360310077667,0.9831637144088745,0,0,0.21592900156974792,0,1,0.9441527128219604,-0.03685203939676285,0.32744091749191284,0,0.0651373341679573,0.994990885257721,-0.07583703845739365,0,-0.3230058252811432,0.09293033182621002,0.9418233036994934,0,0,0.2517389953136444,0,1,0.9999943971633911,0.0022220301907509565,0.0026023739483207464,0,-0.0024346723221242428,0.996396541595459,0.08478239923715591,0,-0.002404605969786644,-0.08478821069002151,0.9963958263397217,0,0,0.04984600096940994,0,1,0.7364200949668884,-0.6620539426803589,-0.13917791843414307,0,0.67648845911026,0.7185001969337463,0.1616188883781433,0,-0.007001059595495462,-0.21317166090011597,0.9769899249076843,0,0,0.02498600073158741,0,1,0.7508865594863892,0.659515917301178,0.03477234020829201,0,-0.6556031703948975,0.7507175207138062,-0.08128703385591507,0,-0.07971429079771042,0.03824048116803169,0.9960842132568359,0,-0.024601999670267105,0.026453999802470207,-0.0006960000027902424,1,-0.04434024170041084,0.0027512346860021353,0.9990124702453613,0,-0.9977103471755981,-0.0512344166636467,-0.04414137080311775,0,0.05106240510940552,-0.9986825585365295,0.00501670129597187,0,-0.0588110014796257,0.047621000558137894,-0.006304999813437462,1,0.9809242486953735,-0.16558244824409485,-0.10183150321245193,0,0.1758212000131607,0.5323143005371094,0.8280873894691467,0,-0.08291035890579224,-0.8301950693130493,0.5512729287147522,0,0,0.11895699799060822,0,1,-0.43992939591407776,-0.8663254380226135,-0.23652127385139465,0,0.8664913773536682,-0.4786798357963562,0.14162574708461761,0,-0.23591196537017822,-0.14263831079006195,0.9612489342689514,0,0,0.21626399457454681,0,1,0.947573184967041,0.29696348309516907,0.11797687411308289,0,-0.23700754344463348,0.9008053541183472,-0.36383649706840515,0,-0.21432021260261536,0.3168001174926758,0.9239609837532043,0,0,0.25174200534820557,0,1,0.26610904932022095,0.05585210397839546,-0.9623231291770935,0,-0.015637898817658424,0.9984390139579773,0.053623903542757034,0,0.9638159275054932,0.0007789081428200006,0.26656705141067505,0,0,0.0776820033788681,0,1,0.7405887842178345,0.6660332679748535,-0.08903969824314117,0,-0.6444098353385925,0.6664111018180847,-0.37500935792922974,0,-0.19043171405792236,0.335105836391449,0.9227350950241089,0,0,0.02130099944770336,0,1,0.7935091257095337,-0.5971107482910156,-0.11748192459344864,0,0.3698062002658844,0.31980857253074646,0.8723340034484863,0,-0.48330792784690857,-0.7356500625610352,0.47458595037460327,0,0.007861999794840813,0.015324000269174576,0.006858000066131353,1,-0.9891601800918579,-0.13988737761974335,-0.044658295810222626,0,0.05890496447682381,-0.6565806269645691,0.7519519925117493,0,-0.134510338306427,0.7411702275276184,0.6577032208442688,0,0.07289200276136398,-0.024589000269770622,0.004608999937772751,1,0.9832818508148193,-0.017107287421822548,0.18128399550914764,0,0.13182507455348969,0.7536706924438477,-0.6438955664634705,0,-0.1256132423877716,0.6570292115211487,0.7433266043663025,0,0,0.3951509892940521,0,1,0.99636310338974,0.04729748144745827,-0.07087186723947525,0,0.047591641545295715,0.38100770115852356,0.9233461022377014,0,0.07067471742630005,-0.9233615398406982,0.37737128138542175,0,0,0.3791869878768921,0,1,0.9941136240959167,0.0007903982768766582,-0.10834421962499619,0,0.050291988998651505,0.8823538422584534,0.4678916931152344,0,0.09596768021583557,-0.4705859422683716,0.8771194815635681,0,0,0.10323599725961685,0,1,-0.9900774955749512,-0.042005330324172974,-0.13409769535064697,0,0.08869526535272598,-0.9269729256629944,-0.36449089646339417,0,-0.10899437218904495,-0.3727680444717407,0.9215006828308105,0,-0.07289200276136398,-0.024589000269770622,0.01001999992877245,1,0.9786185026168823,0.0063368333503603935,0.2055858075618744,0,0.14909067749977112,0.6667205095291138,-0.7302439212799072,0,-0.14169560372829437,0.7452806830406189,0.6515198349952698,0,0,0.3952440023422241,0,1,0.9706522226333618,0.23903438448905945,0.02637416683137417,0,-0.2014661282300949,0.748371958732605,0.631941556930542,0,0.13131824135780334,-0.6187096834182739,0.7745671272277832,0,0,0.3790229856967926,0,1,0.9937682747840881,-0.0009689893340691924,0.11146344244480133,0,-0.05042276531457901,0.8878973722457886,0.45727020502090454,0,-0.09941113740205765,-0.4600406885147095,0.8823149800300598,0,0,0.10582800209522247,0,1
K0.141,-0.029431521892547607,-0.02515956573188305,-0.9992501735687256,0,0.13972096145153046,0.9897651076316833,-0.029036030173301697,0,0.989753007888794,-0.1404707133769989,-0.025614961981773376,0,0.0045159962028265,0.8223872184753418,0.006594236474484205,1,0.980686366558075,0.017075346782803535,-0.19483903050422668,0,0.016193412244319916,0.9856731295585632,0.16788919270038605,0,0.19491435587406158,-0.16780173778533936,0.9663596749305725,0,0,0.043939001858234406,0.0021619999315589666,1,0.9995605945587158,0.0049601346254348755,-0.02921126037836075,0,-0.00518138287588954,0.9999588131904602,-0.007503124885261059,0,0.029172852635383606,0.007651185616850853,0.9995454549789429,0,0,0.05132399871945381,0,1,0.9995683431625366,0.004847995936870575,-0.0289757177233696,0,-0.005055329296737909,0.9999624490737915,-0.0070863887667655945,0,0.028940269723534584,0.007229810580611229,0.9995551109313965,0,0,0.05865500122308731,0,1,0.9956238269805908,-0.07286131381988525,0.058522313833236694,0,0.07311131805181503,0.9973214864730835,-0.0021395699586719275,0,-0.05820966139435768,0.006408849265426397,0.9982839226722717,0,0,0.0659869983792305,0,1,0.9789418578147888,0.06581556797027588,0.19323919713497162,0,-0.004426848143339157,0.9532235860824585,-0.30223333835601807,0,-0.2040918469429016,0.2950134575366974,0.9334419369697571,0,0,0.09993699938058853,-0.1356460005044937,1,0.296678751707077,0.07278978079557419,-0.9521992206573486,0,0.9500116109848022,-0.12404244393110275,0.28651487827301025,0,-0.09725780785083771,-0.9896037578582764,-0.1059519574046135,0,0.0588110014796257,0.04830100014805794,0.0075090001337230206,1,0.6899861097335815,-0.13205261528491974,-0.7116749882698059,0,0.7154519557952881,0.27352094650268555,0.6428956389427185,0,0.10976190865039825,-0.9527579545974731,0.2832028567790985,0,0,0.11882500350475311,0,1,0.2320588380098343,0.965925931930542,-0.11460928618907928,0,-0.9660947918891907,0.21516747772693634,-0.14270204305648804,0,-0.11317943781614304,0.14383873343467712,0.9831076860427856,0,0,0.21592900156974792,0,1,0.9119189381599426,0.034583088010549545,0.40890955924987793,0,0.05233113095164299,0.9785077571868896,-0.19946114718914032,0,-0.40701916813850403,0.20329110324382782,0.8905100226402283,0,0,0.2517389953136444,0,1,0.9999960660934448,0.0011566663160920143,0.0025337839033454657,0,-0.0012674139579758048,0.9990241527557373,0.04415188357234001,0,-0.002480241470038891,-0.04415490850806236,0.9990213513374329,0,0,0.04984600096940994,0,1,0.7357061505317688,-0.6679851412773132,-0.11194703727960587,0,0.6772624850273132,0.723787248134613,0.13208970427513123,0,-0.007208120543509722,-0.17299674451351166,0.9848961234092712,0,0,0.02498600073158741,0,1,0.7506495118141174,0.659755527973175,0.035339657217264175,0,-0.6540423035621643,0.7495949268341064,-0.10166577994823456,0,-0.0935649499297142,0.053201716393232346,0.9941905736923218,0,-0.024601999670267105,0.026453999802470207,-0.0006960000027902424,1,-0.03719215840101242,0.0014941301196813583,0.9993066787719727,0,-0.9979442358016968,-0.052279215306043625,-0.03706326708197594,0,0.05218759924173355,-0.9986312985420227,0.003435414517298341,0,-0.0588110014796257,0.047621000558137894,-0.006304999813437462,1,0.983299970626831,-0.16593055427074432,0.07475770264863968,0,0.013004290871322155,0.473781019449234,0.8805463910102844,0,-0.181528240442276,-0.864868700504303,0.46802645921707153,0,0,0.11895699799060822,0,1,-0.32495570182800293,-0.9203246235847473,-0.21772995591163635,0,0.9205009341239929,-0.3606121838092804,0.15045365691184998,0,-0.21698229014873505,-0.15152987837791443,0.9643427133560181,0,0,0.21626399457454681,0,1,0.977749228477478,0.15714022517204285,0.138971209526062,0,-0.09800521284341812,0.9279085993766785,-0.3596949279308319,0,-0.185475155711174,0.3380715847015381,0.922662615776062,0,0,0.25174200534820557,0,1,0.26610904932022095,0.05585223808884621,-0.962323784828186,0,-0.015638001263141632,0.9984389543533325,0.0536239854991436,0,0.9638160467147827,0.0007789897499606013,0.2665669023990631,0,0,0.0776820033788681,0,1,0.740588903427124,0.6660332083702087,-0.08903977274894714,0,-0.6444098353385925,0.6664112210273743,-0.3750097453594208,0,-0.19043178856372833,0.33510610461235046,0.9227349758148193,0,0,0.02130099944770336,0,1,0.7935090661048889,-0.5971108078956604,-0.11748205870389938,0,0.36980611085891724,0.3198081851005554,0.8723338842391968,0,-0.4833080768585205,-0.7356501221656799,0.47458571195602417,0,0.007861999794840813,0.015324000269174576,0.006858000066131353,1,-0.997940719127655,-0.059232015162706375,-0.024620870128273964,0,0.02909057028591633,-0.7599998116493225,0.6492725610733032,0,-0.05716952681541443,0.6472187638282776,0.7601571679115295,0,0.07289200276136398,-0.024589000269770622,0.004608999937772751,1,0.9931763410568237,-0.0852661058306694,0.07956409454345703,0,0.10806050896644592,0.9294106364250183,-0.3528716564178467,0,-0.04385974630713463,0.35906165838241577,0.9322829842567444,0,0,0.3951509892940521,0,1,0.9974074363708496,-0.01586821675300598,-0.07018639892339706,0,0.07120495289564133,0.3583777844905853,0.9308575391769409,0,0.01038220152258873,-0.9334420561790466,0.3585786521434784,0,0,0.3791869878768921,0,1,0.9940707087516785,0.0017673098482191563,-0.10872320085763931,0,0.05023413896560669,0.8793113231658936,0.4735907018184662,0,0.09643851965665817,-0.4762442111968994,0.8740087747573853,0,0,0.10323599725961685,0,1,-0.9874534010887146,-0.0877746045589447,-0.13126590847969055,0,0.12432825565338135,-0.944654643535614,-0.3035949766635895,0,-0.09735306352376938,-0.31610605120658875,0.9437156915664673,0,-0.07289200276136398,-0.024589000269770622,0.01001999992877245,1,0.9937281608581543,-0.028132280334830284,0.10822396725416183,0,0.11180843412876129,0.23566694557666779,-0.9653809070587158,0,0.0016535531030967832,0.9714269042015076,0.23733440041542053,0,0,0.3952440023422241,0,1,0.9768632650375366,0.21313337981700897,0.017652688547968864,0,-0.170115128159523,0.724360466003418,0.6681038737297058,0,0.1296084076166153,-0.6556495428085327,0.7438587546348572,0,0,0.3790229856967926,0,1,0.9938235878944397,0.00031281972769647837,0.1109711229801178,0,-0.05049612745642662,0.8917441368103027,0.44971418380737305,0,-0.0988171398639679,-0.45254001021385193,0.8862518072128296,0,0,0.10582800209522247,0,1
