1.000,30,29,33
B0,mixamorig_Hips,-1,0.9992379546165466,0.02203494869172573,-0.032217275351285934,0,-0.020908072590827942,0.9991719722747803,0.034905608743429184,0,0.03295972943305969,-0.034205399453639984,0.9988710284233093,0,-0.000195999993593432,0.8507609963417053,-0.007961999624967575,1
B1,mixamorig_Spine,0,0.9994490146636963,-0.025321001186966896,0.02145303785800934,0,0.021673006936907768,0.9875360131263733,0.15589089691638947,0,-0.02513296715915203,-0.15534009039402008,0.9875409603118896,0,0,0.043939001858234406,0.0021619999315589666,1
B2,mixamorig_Spine1,1,0.9988769888877869,0.021740978583693504,0.0420849584043026,0,-0.02353602647781372,0.9988129734992981,0.04263816401362419,0,-0.04110804945230484,-0.04358084127306938,0.9982040524482727,0,0,0.05132399871945381,0,1
B3,mixamorig_Spine2,2,0.9988669753074646,0.023670006543397903,0.041290897876024246,0,-0.02540900744497776,0.9987899661064148,0.04211229085922241,0,-0.04024410620331764,-0.04311370849609375,0.9982590079307556,0,0,0.05865500122308731,0,1
B4,mixamorig_Neck,3,0.999301016330719,-0.006272768601775169,-0.036853086203336716,0,0.004142237361520529,0.9983310699462891,-0.05760597065091133,0,0.03715292364358902,0.05741304159164429,0.9976590871810913,0,0,0.0659869983792305,0,1
B5,mixamorig_Head,4,0.9963399767875671,-0.037096258252859116,-0.07700992375612259,0,0.03264676034450531,0.9977680444717407,-0.0582546666264534,0,0.07899904996156693,0.05552731081843376,0.9953269362449646,0,0,0.09993699938058853,-0.1356460005044937,1
B6,mixamorig_HeadTop_End,5,1,0,0,0,0,1,0,0,0,0,1,0,0,0.006678999867290258,-0.009065000340342522,1
B7,mixamorig_LeftShoulder,3,0.28394874930381775,0.010394945740699768,-0.9587830305099487,0,0.9334638714790344,-0.23151996731758118,0.27394023537635803,0,-0.21912997961044312,-0.9727749228477478,-0.07544313371181488,0,0.0588110014796257,0.04830100014805794,0.0075090001337230206,1
B8,mixamorig_LeftArm,7,0.8939930200576782,0.4268610179424286,-0.1362602710723877,0,-0.10300814360380173,0.49173682928085327,0.8646301031112671,0,0.43608084321022034,-0.7589370012283325,0.48357921838760376,0,0,0.11882500350475311,0,1
B9,mixamorig_LeftForeArm,8,0.9818209409713745,0.18976740539073944,-0.0038621004205197096,0,-0.18980060517787933,0.9814221262931824,-0.028036313131451607,0,-0.001530027948319912,0.028259675949811935,0.9995989799499512,0,0,0.21592900156974792,0,1
B10,mixamorig_LeftHand,9,0.9978650212287903,-0.03431757539510727,-0.05556522309780121,0,0.044243380427360535,0.9810499548912048,0.1886371374130249,0,0.04803870618343353,-0.19069284200668335,0.9804739952087402,0,0,0.2517389953136444,0,1
B11,mixamorig_LeftHandIndex1,10,0.992139995098114,0.11589938402175903,0.047181129455566406,0,-0.12458658963441849,0.9501430988311768,0.28584176301956177,0,-0.011699947528541088,-0.289473295211792,0.9571149349212646,0,0,0.04984600096940994,0,1
B12,mixamorig_LeftHandIndex2,11,0.7407749891281128,-0.6460369825363159,-0.18409007787704468,0,0.6717279553413391,0.7100080251693726,0.21135221421718597,0,-0.005835912190377712,-0.2802228033542633,0.9599170684814453,0,0,0.02498600073158741,0,1
B13,mixamorig_LeftHandIndex3,12,0.7498147487640381,0.6610221862792969,0.028769994154572487,0,-0.6577848196029663,0.7400401830673218,0.14020997285842896,0,0.07139099389314651,-0.12405606359243393,0.9897040724754333,0,-0.024601999670267105,0.026453999802470207,-0.0006960000027902424,1
B14,mixamorig_LeftHandIndex4,13,1,0,0,0,0,1,0,0,0,0,1,0,-0.000610999995842576,0.021688999608159065,0.002326000016182661,1
B15,mixamorig_RightShoulder,3,-0.040135618299245834,-0.009602883830666542,0.9991480708122253,0,-0.9628479480743408,-0.26687514781951904,-0.04124240204691887,0,0.2670438587665558,-0.9636830687522888,0.0014650743687525392,0,-0.0588110014796257,0.047621000558137894,-0.006304999813437462,1
B16,mixamorig_RightArm,15,0.8780480027198792,-0.47188517451286316,-0.07972966134548187,0,0.35525810718536377,0.5310627818107605,0.7692621946334839,0,-0.32066166400909424,-0.7037731409072876,0.6339391469955444,0,0,0.11895699799060822,0,1
B17,mixamorig_RightForeArm,16,0.9212620258331299,-0.3886891305446625,-0.014039172790944576,0,0.3887638747692108,0.9191440939903259,0.06354212760925293,0,-0.011794102378189564,-0.063996821641922,0.9978799819946289,0,0,0.21626399457454681,0,1
B18,mixamorig_RightHand,17,0.999750018119812,0.0004927584086544812,-0.022332072257995605,0,0.0018357516964897513,0.9945619702339172,0.10412698984146118,0,0.022261951118707657,-0.10414202511310577,0.9943130016326904,0,0,0.25174200534820557,0,1
B19,mixamorig_RightHandIndex1,18,0.23910775780677795,0.3446108102798462,-0.9077841639518738,0,0.02334081009030342,0.9325918555259705,0.3601761758327484,0,0.970711886882782,-0.1073092371225357,0.21494626998901367,0,0,0.0776820033788681,0,1
B20,mixamorig_RightHandIndex2,19,0.6519151329994202,0.7540249228477478,-0.08032931387424469,0,-0.7233589291572571,0.5866008996963501,-0.3642122745513916,0,-0.22750400006771088,0.29554256796836853,0.9278451204299927,0,0,0.02130099944770336,0,1
B21,mixamorig_RightHandIndex3,20,0.876107931137085,-0.47803497314453125,-0.06258726865053177,0,0.26715388894081116,0.37330424785614014,0.8884099125862122,0,-0.4013271629810333,-0.7950639128684998,0.4547640383243561,0,0.007861999794840813,0.015324000269174576,0.006858000066131353,1
B22,mixamorig_RightHandIndex4,21,1,0,0,0,0,1,0,0,0,0,1,0,-0.004530999809503555,0.014836999587714672,-0.012617000378668308,1
B23,mixamorig_LeftUpLeg,0,-0.9835049510002136,0.019676994532346725,0.17980524897575378,0,0.05781887471675873,-0.9077100157737732,0.4155949652194977,0,0.17138876020908356,0.41913604736328125,0.8916000127792358,0,0.07289200276136398,-0.024589000269770622,0.004608999937772751,1
B24,mixamorig_LeftLeg,23,0.996052086353302,-0.08301595598459244,-0.031457897275686264,0,0.018803926184773445,0.5435959696769714,-0.8391361236572266,0,0.08676210790872574,0.8352319598197937,0.5430110692977905,0,0,0.3951509892940521,0,1
B25,mixamorig_LeftFoot,24,0.9975210428237915,-0.006773858331143856,-0.07004857063293457,0,0.06570644676685333,0.44614818692207336,0.8925438523292542,0,0.025206055492162704,-0.8949330449104309,0.4454868733882904,0,0,0.3791869878768921,0,1
B26,mixamorig_LeftToeBase,25,0.9931239485740662,0.021947355940937996,-0.11498820036649704,0,0.049720194190740585,0.8101878762245178,0.5840581655502319,0,0.10598063468933105,-0.5857597589492798,0.8035262227058411,0,0,0.10323599725961685,0,1
B27,mixamorig_LeftToe_End,26,1,0,0,0,0,1,0,0,0,0,1,0,0,0.04325700178742409,0,1
B28,mixamorig_RightUpLeg,0,-0.9921669960021973,-0.02500791661441326,-0.12239003926515579,0,0.009683068841695786,-0.9922050833702087,0.12424017488956451,0,-0.1245429739356041,0.12208185344934464,0.9846749901771545,0,-0.07289200276136398,-0.024589000269770622,0.01001999992877245,1
B29,mixamorig_RightLeg,28,0.996944010257721,-0.04203036427497864,0.065846748650074,0,0.054325707256793976,0.9787409901618958,-0.19777515530586243,0,-0.056134335696697235,0.20074787735939026,0.9780330061912537,0,0,0.3952440023422241,0,1
B30,mixamorig_RightFoot,29,0.997562050819397,-0.010944036766886711,0.06891579926013947,0,-0.060428209602832794,0.3583849370479584,0.9316160082817078,0,-0.03489404916763306,-0.9335099458694458,0.35685014724731445,0,0,0.3790229856967926,0,1
B31,mixamorig_RightToeBase,30,0.9932129979133606,-0.013212786056101322,0.11555419862270355,0,-0.049981702119112015,0.8486201167106628,0.5266368985176086,0,-0.1050199344754219,-0.5288380980491638,0.8421999216079712,0,0,0.10582800209522247,0,1
B32,mixamorig_RightToe_End,31,1,0,0,0,0,1,0,0,0,0,1,0,0,0.044158998876810074,0,1
@28,0,1,2,3,4,5,7,8,9,10,11,12,13,15,16,17,18,19,20,21,23,24,25,26,28,29,30,31
K0,-0.03221723437309265,0.022034937515854836,-0.9992378950119019,0,0.03490560129284859,0.999172031879425,0.020908061414957047,0,0.9988709688186646,-0.034205395728349686,-0.03295968845486641,0,-0.007961998693645,0.8507609963417053,0.00019599970255512744,1,0.9994490146636963,-0.02532099559903145,0.02145303599536419,0,0.02167300134897232,0.9875360131263733,0.15589091181755066,0,-0.02513296529650688,-0.15534010529518127,0.9875409603118896,0,0,0.043939001858234406,0.0021619999315589666,1,0.9988769888877869,0.021740974858403206,0.0420849546790123,0,-0.023536022752523422,0.9988129734992981,0.04263816401362419,0,-0.04110804572701454,-0.04358084127306938,0.9982040524482727,0,0,0.05132399871945381,0,1,0.9988669753074646,0.023669999092817307,0.041290897876024246,0,-0.025408999994397163,0.9987899661064148,0.04211229085922241,0,-0.04024410620331764,-0.04311370477080345,0.9982590079307556,0,0,0.05865500122308731,0,1,0.999301016330719,-0.006272765342146158,-0.03685308247804642,0,0.004142234567552805,0.9983310699462891,-0.05760596692562103,0,0.03715291991829872,0.05741303786635399,0.9976590871810913,0,0,0.0659869983792305,0,1,0.9963399767875671,-0.03709625080227852,-0.07700993120670319,0,0.032646749168634415,0.9977680444717407,-0.058254677802324295,0,0.07899905741214752,0.05552732199430466,0.9953269362449646,0,0,0.09993699938058853,-0.1356460005044937,1,0.2839486002922058,0.010395159013569355,-0.9587831497192383,0,0.933463990688324,-0.23152011632919312,0.2739401161670685,0,-0.2191299945116043,-0.9727749824523926,-0.07544342428445816,0,0.0588110014796257,0.04830100014805794,0.0075090001337230206,1,0.8939930200576782,0.4268609285354614,-0.1362602561712265,0,-0.10300812125205994,0.49173685908317566,0.8646301031112671,0,0.43608078360557556,-0.7589370608329773,0.48357924818992615,0,0,0.11882500350475311,0,1,0.9818209409713745,0.18976740539073944,-0.0038620647974312305,0,-0.18980060517787933,0.9814221262931824,-0.028036322444677353,0,-0.0015300647355616093,0.028259679675102234,0.9995989799499512,0,0,0.21592900156974792,0,1,0.9978650212287903,-0.03431759029626846,-0.05556526035070419,0,0.044243402779102325,0.9810499548912048,0.1886371523141861,0,0.04803873598575592,-0.19069285690784454,0.9804739952087402,0,0,0.2517389953136444,0,1,0.992139995098114,0.11589939892292023,0.04718109220266342,0,-0.12458659708499908,0.9501430988311768,0.2858417332172394,0,-0.011699908412992954,-0.2894732654094696,0.9571149945259094,0,0,0.04984600096940994,0,1,0.740774929523468,-0.6460370421409607,-0.1840900033712387,0,0.6717280149459839,0.7100080251693726,0.21135224401950836,0,-0.00583600252866745,-0.2802227735519409,0.9599170684814453,0,0,0.02498600073158741,0,1,0.7498147487640381,0.6610221266746521,0.02876998670399189,0,-0.6577847599983215,0.7400401830673218,0.14020995795726776,0,0.07139098644256592,-0.12405604124069214,0.9897040724754333,0,-0.024601999670267105,0.026453999802470207,-0.0006960000027902424,1,-0.04013544321060181,-0.009602688252925873,0.9991480112075806,0,-0.9628478288650513,-0.26687541604042053,-0.04124220088124275,0,0.26704415678977966,-0.9636829495429993,0.0014652565587311983,0,-0.0588110014796257,0.047621000558137894,-0.006304999813437462,1,0.8780480623245239,-0.4718850553035736,-0.07972956448793411,0,0.3552579879760742,0.5310629606246948,0.7692620754241943,0,-0.3206615746021271,-0.703773021697998,0.6339392066001892,0,0,0.11895699799060822,0,1,0.9212619662284851,-0.38868916034698486,-0.014039143919944763,0,0.3887639045715332,0.9191440939903259,0.06354216486215591,0,-0.011794144287705421,-0.06399684399366379,0.9978799819946289,0,0,0.21626399457454681,0,1,0.999750018119812,0.0004927543923258781,-0.02233206108212471,0,0.0018357542576268315,0.9945619702339172,0.10412698239088058,0,0.02226193994283676,-0.10414201766252518,0.9943130016326904,0,0,0.25174200534820557,0,1,0.23910775780677795,0.34461066126823425,-0.9077841639518738,0,0.023340657353401184,0.9325919151306152,0.3601759672164917,0,0.970711886882782,-0.10730904340744019,0.21494634449481964,0,0,0.0776820033788681,0,1,0.6519150733947754,0.7540249228477478,-0.08032920211553574,0,-0.7233588695526123,0.5866008400917053,-0.36421239376068115,0,-0.2275041788816452,0.29554253816604614,0.9278450608253479,0,0,0.02130099944770336,0,1,0.8761078715324402,-0.4780351221561432,-0.06258729845285416,0,0.26715388894081116,0.3733040690422058,0.8884100317955017,0,-0.40132731199264526,-0.7950639724731445,0.45476388931274414,0,0.007861999794840813,0.015324000269174576,0.006858000066131353,1,-0.9835049510002136,0.0196769330650568,0.17980524897575378,0,0.057818930596113205,-0.9077100157737732,0.4155949652194977,0,0.17138874530792236,0.41913604736328125,0.8916000127792358,0,0.07289200276136398,-0.024589000269770622,0.004608999937772751,1,0.996052086353302,-0.08301602303981781,-0.03145786374807358,0,0.018803978338837624,0.5435959100723267,-0.8391361236572266,0,0.08676214516162872,0.8352319598197937,0.5430110096931458,0,0,0.3951509892940521,0,1,0.9975210428237915,-0.006773581728339195,-0.07004866003990173,0,0.06570640951395035,0.4461480677127838,0.8925438523292542,0,0.02520633302628994,-0.8949331045150757,0.44548672437667847,0,0,0.3791869878768921,0,1,0.9931239485740662,0.021947303786873817,-0.1149883046746254,0,0.04972030594944954,0.810187816619873,0.5840582251548767,0,0.10598068684339523,-0.5857598185539246,0.8035261631011963,0,0,0.10323599725961685,0,1,-0.9921669960021973,-0.02500792220234871,-0.1223900318145752,0,0.009683077223598957,-0.9922050833702087,0.12424016743898392,0,-0.1245429664850235,0.12208184599876404,0.9846749901771545,0,-0.07289200276136398,-0.024589000269770622,0.01001999992877245,1,0.9969440698623657,-0.04203033819794655,0.06584670394659042,0,0.05432567372918129,0.9787409901618958,-0.19777515530586243,0,-0.05613430216908455,0.20074786245822906,0.9780330657958984,0,0,0.3952440023422241,0,1,0.997562050819397,-0.010944178327918053,0.06891581416130066,0,-0.060428179800510406,0.3583848178386688,0.9316161274909973,0,-0.0348941832780838,-0.9335100650787354,0.3568499982357025,0,0,0.3790229856967926,0,1,0.9932129979133606,-0.013212724588811398,0.11555414646863937,0,-0.049981728196144104,0.8486201167106628,0.5266368985176086,0,-0.10501985251903534,-0.5288380980491638,0.8421999216079712,0,0,0.10582800209522247,0,1
K0.034,-0.024516282603144646,0.021112309768795967,-0.9994769096374512,0,0.04538201168179512,0.9987699389457703,0.01998419314622879,0,0.9986692667007446,-0.044868338853120804,-0.025444243103265762,0,-0.012903513386845589,0.8532415628433228,-0.0013963980600237846,1,0.9997056126594543,-0.02340683899819851,0.006375908851623535,0,0.022196603938937187,0.988593578338623,0.14896410703659058,0,-0.009789965115487576,-0.1487787961959839,0.9888224005699158,0,0,0.043939001858234406,0.0021619999315589666,1,0.9994304180145264,0.011706157587468624,0.031643062829971313,0,-0.012921007350087166,0.9991763830184937,0.03846441209316254,0,-0.031166739761829376,-0.038851380348205566,0.998758852481842,0,0,0.05132399871945381,0,1,0.9994347095489502,0.01332815457135439,0.030871400609612465,0,-0.014502325095236301,0.9991680979728699,0.03812786191701889,0,-0.030337532982230186,-0.038554005324840546,0.9987962245941162,0,0,0.05865500122308731,0,1,0.9994449615478516,-0.008144349791109562,-0.03230157494544983,0,0.006294929888099432,0.9983574748039246,-0.05694882199168205,0,0.03271232172846794,0.05671386420726776,0.9978544116020203,0,0,0.0659869983792305,0,1,0.9978252649307251,-0.035517368465662,-0.05552901327610016,0,0.03267408907413483,0.9981491565704346,-0.05129928141832352,0,0.05724821612238884,0.0493733249604702,0.9971383213996887,0,0,0.09993699938058853,-0.1356460005044937,1,0.2669282555580139,0.01145833358168602,-0.9636485576629639,0,0.9387628436088562,-0.22916279733181,0.25731009244918823,0,-0.21788407862186432,-0.9733209013938904,-0.07192669063806534,0,0.0588110014796257,0.04830100014805794,0.0075090001337230206,1,0.912074863910675,0.3714085817337036,-0.173709899187088,0,-0.023111822083592415,0.4695539176464081,0.8826016187667847,0,0.40937164425849915,-0.8009833693504333,0.4368518888950348,0,0,0.11882500350475311,0,1,0.9818969368934631,0.1893751621246338,-0.003850280772894621,0,-0.1894083470106125,0.9815000891685486,-0.02797796204686165,0,-0.0015192808350548148,0.028200754895806313,0.9996012449264526,0,0,0.21592900156974792,0,1,0.9988439679145813,-0.0041665020398795605,-0.047889381647109985,0,0.015577739104628563,0.9705318212509155,0.2404709905385971,0,0.04547620192170143,-0.24093876779079437,0.9694737792015076,0,0,0.2517389953136444,0,1,0.9909343719482422,0.12583862245082855,0.047046586871147156,0,-0.13387267291545868,0.9542790055274963,0.26726430654525757,0,-0.011263384483754635,-0.2711395025253296,0.9624736309051514,0,0,0.04984600096940994,0,1,0.7407810091972351,-0.6459875702857971,-0.18423911929130554,0,0.6717214584350586,0.7099658250808716,0.2115154266357422,0,-0.005832853727042675,-0.28044393658638,0.9598526954650879,0,0,0.02498600073158741,0,1,0.7498131990432739,0.6610237956047058,0.028764160349965096,0,-0.6577696204185486,0.7400108575820923,0.1404375582933426,0,0.07154681533575058,-0.12422219663858414,0.9896718263626099,0,-0.024601999670267105,0.026453999802470207,-0.0006960000027902424,1,-0.03469569981098175,-0.008785713464021683,0.9993587732315063,0,-0.9644138216972351,-0.2619624137878418,-0.03578547015786171,0,0.2621091306209564,-0.9650381803512573,0.0006158834439702332,0,-0.0588110014796257,0.047621000558137894,-0.006304999813437462,1,0.857225239276886,-0.5073521733283997,-0.08808077871799469,0,0.39466506242752075,0.537447452545166,0.745244562625885,0,-0.3307628631591797,-0.6736052632331848,0.6609480977058411,0,0,0.11895699799060822,0,1,0.9003409743309021,-0.4348347783088684,-0.017458615824580193,0,0.4349183738231659,0.897659957408905,0.07108648121356964,0,-0.015238966792821884,-0.07159510254859924,0.9973170757293701,0,0,0.21626399457454681,0,1,0.9982470870018005,0.056831687688827515,-0.016548044979572296,0,-0.05407537519931793,0.9892961978912354,0.13553188741207123,0,0.024073408916592598,-0.1343993842601776,0.9906346797943115,0,0,0.25174200534820557,0,1,0.23822148144245148,0.35147687792778015,-0.9053809642791748,0,0.02284170687198639,0.9299336075782776,0.3670184314250946,0,0.9709419012069702,-0.10811203718185425,0.2135016769170761,0,0,0.0776820033788681,0,1,0.6518812775611877,0.7540544271469116,-0.08032838255167007,0,-0.7233858108520508,0.5865692496299744,-0.36421167850494385,0,-0.22751721739768982,0.29553109407424927,0.9278454780578613,0,0,0.02130099944770336,0,1,0.8761296272277832,-0.4779987037181854,-0.06257060170173645,0,0.2671228051185608,0.3733181953430176,0.8884143829345703,0,-0.4013018012046814,-0.7950795292854309,0.4547591209411621,0,0.007861999794840813,0.015324000269174576,0.006858000066131353,1,-0.9851747155189514,0.04154350608587265,0.16644679009914398,0,0.04011959210038185,-0.887538731098175,0.4589832127094269,0,0.1667957454919815,0.458856463432312,0.872714102268219,0,0.07289200276136398,-0.024589000269770622,0.004608999937772751,1,0.9980220794677734,-0.06283542513847351,-0.0018203703220933676,0,0.045340996235609055,0.7396098971366882,-0.671506941318512,0,0.043540772050619125,0.6700959801673889,0.7409958243370056,0,0,0.3951509892940521,0,1,0.9970162510871887,-0.03692331165075302,-0.06778363138437271,0,0.07716355472803116,0.4547804296016693,0.8872541785240173,0,-0.00193369563203305,-0.8898373246192932,0.4562726616859436,0,0,0.3791869878768921,0,1,0.9933705925941467,0.016930045560002327,-0.11369924247264862,0,0.049730055034160614,0.8284557461738586,0.5578416585922241,0,0.1036391481757164,-0.5597981214523315,0.8221222162246704,0,0,0.10323599725961685,0,1,-0.9899470806121826,-0.025584790855646133,-0.13910681009292603,0,0.024154044687747955,-0.9996365904808044,0.011963953264057636,0,-0.13936232030391693,0.008483687415719032,0.9902051091194153,0,-0.07289200276136398,-0.024589000269770622,0.01001999992877245,1,0.9944846630096436,-0.06089248135685921,0.08539246767759323,0,0.06643315404653549,0.9957605600357056,-0.06361714750528336,0,-0.08115670830011368,0.0689392164349556,0.9943145513534546,0,0,0.3952440023422241,0,1,0.9975958466529846,-0.00286493101157248,0.06924276798963547,0,-0.06385290622711182,0.35035303235054016,0.934438943862915,0,-0.026936519891023636,-0.9366137385368347,0.34932780265808105,0,0,0.3790229856967926,0,1,0.9932518601417542,-0.012387421913444996,0.11531197279691696,0,-0.04999690130352974,0.851407527923584,0.5221162438392639,0,-0.10464518517255783,-0.524358332157135,0.8450430035591125,0,0,0.10582800209522247,0,1
K0.069,-0.013208100572228432,0.005509236361831427,-0.9998972415924072,0,0.05620075762271881,0.9984083771705627,0.004758650902658701,0,0.9983324408531189,-0.05613216012716293,-0.013496707193553448,0,-0.016391949728131294,0.8483047485351562,-0.0035637342371046543,1,0.9999367594718933,-0.0002203830808866769,-0.011275609023869038,0,0.0018102010944858193,0.9899819493293762,0.1411818563938141,0,0.011131538078188896,-0.14119337499141693,0.9899199604988098,0,0,0.043939001858234406,0.0021619999315589666,1,0.9997777938842773,-0.001502940896898508,0.02102087438106537,0,0.0007647249731235206,0.999383807182312,0.035082265734672546,0,-0.02106066420674324,-0.03505842387676239,0.9991636872291565,0,0,0.05132399871945381,0,1,0.9997904300689697,-0.00015354248171206564,0.020472710952162743,0,-0.0005579104763455689,0.9993963241577148,0.03474104031920433,0,-0.020465683192014694,-0.03474517911672592,0.999186635017395,0,0,0.05865500122308731,0,1,0.999640166759491,-0.005177411716431379,-0.02630707249045372,0,0.003630494000390172,0.9982796311378479,-0.05851343646645546,0,0.02656478062272072,0.05839691311120987,0.9979398846626282,0,0,0.0659869983792305,0,1,0.9986861348152161,-0.03498797118663788,-0.037450261414051056,0,0.03305288404226303,0.9981462955474854,-0.05109868571162224,0,0.03916868567466736,0.04979371652007103,0.9979915618896484,0,0,0.09993699938058853,-0.1356460005044937,1,0.2515994608402252,0.012227890081703663,-0.9677537679672241,0,0.9430508613586426,-0.22791770100593567,0.24229729175567627,0,-0.2176055610179901,-0.973603367805481,-0.0688755139708519,0,0.0588110014796257,0.04830100014805794,0.0075090001337230206,1,0.9257896542549133,0.31513530015945435,-0.20881585776805878,0,0.05112910270690918,0.4429126977920532,0.8951053619384766,0,0.3745662271976471,-0.8393552303314209,0.39393115043640137,0,0,0.11882500350475311,0,1,0.9823374152183533,0.1870790272951126,-0.0037850956432521343,0,-0.18711169064044952,0.9819496870040894,-0.027639275416731834,0,-0.0014539551921188831,0.02785932458937168,0.9996103644371033,0,0,0.21592900156974792,0,1,0.9986757040023804,0.029637577012181282,-0.042045097798109055,0,-0.01756248064339161,0.9646776914596558,0.2628483772277832,0,0.048350147902965546,-0.2617618143558502,0.9639204144477844,0,0,0.2517389953136444,0,1,0.9911825060844421,0.1242058202624321,0.046158503741025925,0,-0.13203269243240356,0.9551815986633301,0.26494327187538147,0,-0.011182256042957306,-0.2687014937400818,0.9631582498550415,0,0,0.04984600096940994,0,1,0.7407872080802917,-0.6459388732910156,-0.18438366055488586,0,0.671714186668396,0.7099248170852661,0.21167393028736115,0,-0.00582987442612648,-0.28065863251686096,0.959790050983429,0,0,0.02498600073158741,0,1,0.7498122453689575,0.6610247492790222,0.028758084401488304,0,-0.6577542424201965,0.7399829626083374,0.14065954089164734,0,0.07169894874095917,-0.12438398599624634,0.9896400570869446,0,-0.024601999670267105,0.026453999802470207,-0.0006960000027902424,1,-0.02912282757461071,-0.007089793216437101,0.9995502829551697,0,-0.9681361317634583,-0.2486223429441452,-0.02997106872498989,0,0.24872323870658875,-0.9685742259025574,0.0003767620073631406,0,-0.0588110014796257,0.047621000558137894,-0.006304999813437462,1,0.8386503458023071,-0.5362635254859924,-0.09532848745584488,0,0.43221765756607056,0.5487269163131714,0.7156022191047668,0,-0.33144181966781616,-0.641342282295227,0.6919720768928528,0,0,0.11895699799060822,0,1,0.8651281595230103,-0.5010143518447876,-0.023213764652609825,0,0.5011101961135864,0.8614987134933472,0.08190474659204483,0,-0.021036818623542786,-0.08249072730541229,0.9963697791099548,0,0,0.21626399457454681,0,1,0.9938360452651978,0.11083436757326126,0.0022579787764698267,0,-0.10966460406780243,0.9799591898918152,0.16629280149936676,0,0.016218241304159164,-0.16551552712917328,0.9860740900039673,0,0,0.25174200534820557,0,1,0.23521289229393005,0.37404054403305054,-0.8970887064933777,0,0.02093912847340107,0.9208200573921204,0.3894255459308624,0,0.9717182517051697,-0.11038219183683395,0.208756685256958,0,0,0.0776820033788681,0,1,0.6528779864311218,0.7531887292861938,-0.08035456389188766,0,-0.722608745098114,0.5875122547149658,-0.3642317056655884,0,-0.22712606191635132,0.29586392641067505,0.9278351664543152,0,0,0.02130099944770336,0,1,0.8755140900611877,-0.479060560464859,-0.06305451691150665,0,0.2680279314517975,0.3729179799556732,0.8883098363876343,0,-0.4020400047302246,-0.7946280241012573,0.454896479845047,0,0.007861999794840813,0.015324000269174576,0.006858000066131353,1,-0.9882416129112244,0.04449040815234184,0.14628611505031586,0,0.0266945231705904,-0.89183509349823,0.4515721797943115,0,0.15055374801158905,0.45016753673553467,0.880160927772522,0,0.07289200276136398,-0.024589000269770622,0.004608999937772751,1,0.998762309551239,-0.03887070715427399,0.031028782948851585,0,0.047433920204639435,0.9320534467697144,-0.35920313000679016,0,-0.014958002604544163,0.36023032665252686,0.9327436089515686,0,0,0.3951509892940521,0,1,0.9959468245506287,-0.06255175173282623,-0.06463503837585449,0,0.08763466775417328,0.5129305720329285,0.8539449572563171,0,-0.020262461155653,-0.8561481237411499,0.5163333415985107,0,0,0.3791869878768921,0,1,0.9934946894645691,0.0143641522154212,-0.11297294497489929,0,0.049764517694711685,0.8375285863876343,0.5441229939460754,0,0.10243388265371323,-0.5462050437927246,0.8313649296760559,0,0,0.10323599725961685,0,1,-0.9853211641311646,-0.027479877695441246,-0.16848181188106537,0,0.032117411494255066,-0.9991748332977295,-0.024861810728907585,0,-0.16765962541103363,-0.0299080740660429,0.9853910803794861,0,-0.07289200276136398,-0.024589000269770622,0.01001999992877245,1,0.9918488264083862,-0.04894811660051346,0.11764555424451828,0,0.059188295155763626,0.9946056008338928,-0.08518613874912262,0,-0.1128411740064621,0.09145497530698776,0.9893950819969177,0,0,0.3952440023422241,0,1,0.9972658753395081,-0.01962478645145893,0.07124561071395874,0,-0.062275391072034836,0.2958587408065796,0.9531995058059692,0,-0.039784952998161316,-0.9550296664237976,0.29382753372192383,0,0,0.3790229856967926,0,1,0.9932734370231628,-0.011918559670448303,0.11517263203859329,0,-0.05000666528940201,0.8529824018478394,0.5195384621620178,0,-0.10443245619535446,-0.5218035578727722,0.8466493487358093,0,0,0.10582800209522247,0,1
K0.103,0.008102684281766415,-0.029102088883519173,-0.9995431303977966,0,0.06376752257347107,0.9975565671920776,-0.02852732315659523,0,0.9979314804077148,-0.06350728124380112,0.009938658215105534,0,-0.017336446791887283,0.8368115425109863,-0.006097619887441397,1,0.99807208776474,0.04900898411870003,-0.03807440772652626,0,-0.04355273023247719,0.9901769757270813,0.13286617398262024,0,0.044212039560079575,-0.13095179200172424,0.9904025197029114,0,0,0.043939001858234406,0.0021619999315589666,1,0.9997594952583313,-0.019271479919552803,0.010439679026603699,0,0.018902834504842758,0.9992318749427795,0.03432963415980339,0,-0.011093240231275558,-0.03412402793765068,0.9993556141853333,0,0,0.05132399871945381,0,1,0.999780535697937,-0.018212392926216125,0.01035294309258461,0,0.01785535179078579,0.9992759227752686,0.0335916243493557,0,-0.010957232676446438,-0.03339940309524536,0.9993820190429688,0,0,0.05865500122308731,0,1,0.9998037219047546,0.005905157886445522,-0.018900690600275993,0,-0.007028020918369293,0.9981794953346252,-0.05990435928106308,0,0.0185125470161438,0.06002546474337578,0.9980255365371704,0,0,0.0659869983792305,0,1,0.9989213347434998,-0.04008353129029274,-0.02345687709748745,0,0.03866277262568474,0.9975576996803284,-0.05817322060465813,0,0.025731375440955162,0.05720355734229088,0.9980313777923584,0,0,0.09993699938058853,-0.1356460005044937,1,0.24268430471420288,0.01299378089606762,-0.970018208026886,0,0.9459013342857361,-0.22513410449028015,0.2336348444223404,0,-0.21534843742847443,-0.9742412567138672,-0.06692735850811005,0,0.0588110014796257,0.04830100014805794,0.0075090001337230206,1,0.9354303479194641,0.2604988217353821,-0.23897884786128998,0,0.11663695424795151,0.4107297956943512,0.9042657613754272,0,0.3337157070636749,-0.8737509846687317,0.3538251519203186,0,0,0.11882500350475311,0,1,0.9840258955955505,0.17798961699008942,-0.0035357987508177757,0,-0.17802077531814575,0.9836757779121399,-0.026296226307749748,0,-0.0012023746967315674,0.026505598798394203,0.9996476769447327,0,0,0.21592900156974792,0,1,0.9980400800704956,0.05681002512574196,-0.026251189410686493,0,-0.04783160984516144,0.962948739528656,0.26540815830230713,0,0.040356382727622986,-0.26363229751586914,0.9637784361839294,0,0,0.2517389953136444,0,1,0.9914945363998413,0.12195467948913574,0.045439958572387695,0,-0.12966673076152802,0.9555907249450684,0.264636754989624,0,-0.01114831492304802,-0.268278032541275,0.963276743888855,0,0,0.04984600096940994,0,1,0.7407886981964111,-0.6459283232688904,-0.18441477417945862,0,0.6717127561569214,0.7099162340164185,0.21170862019062042,0,-0.005829561036080122,-0.28070515394210815,0.9597763419151306,0,0,0.02498600073158741,0,1,0.7498126029968262,0.6610254645347595,0.02875642105937004,0,-0.6577504277229309,0.7399765253067017,0.14070728421211243,0,0.0717320442199707,-0.12441867589950562,0.9896337389945984,0,-0.024601999670267105,0.026453999802470207,-0.0006960000027902424,1,-0.020760461688041687,-0.0053353081457316875,0.999769926071167,0,-0.9717977643013,-0.2348383218050003,-0.021432824432849884,0,0.2348988801240921,-0.972020149230957,-0.00030950168729759753,0,-0.0588110014796257,0.047621000558137894,-0.006304999813437462,1,0.8207238912582397,-0.5613152980804443,-0.10647642612457275,0,0.47346705198287964,0.563928484916687,0.676619291305542,0,-0.3197516202926636,-0.6057306528091431,0.7285938262939453,0,0,0.11895699799060822,0,1,0.8397586345672607,-0.5422700643539429,-0.02736043743789196,0,0.5423739552497864,0.8354466557502747,0.08864963799715042,0,-0.02521386556327343,-0.08928389102220535,0.9956867694854736,0,0,0.21626399457454681,0,1,0.9936903119087219,0.11111237853765488,0.01527464110404253,0,-0.11198514699935913,0.975375771522522,0.19000385701656342,0,0.006213265471160412,-0.19051554799079895,0.9816645383834839,0,0,0.25174200534820557,0,1,0.2324231117963791,0.3940015137195587,-0.8892372250556946,0,0.019825225695967674,0.9121655821800232,0.4093424081802368,0,0.9724131226539612,-0.1127699688076973,0.20419718325138092,0,0,0.0776820033788681,0,1,0.6526932120323181,0.7533501386642456,-0.08034947514533997,0,-0.7227532267570496,0.5873372554779053,-0.3642279803752899,0,-0.2271990180015564,0.2958019971847534,0.9278374314308167,0,0,0.02130099944770336,0,1,0.8756284117698669,-0.47886282205581665,-0.06296411901712418,0,0.2678591310977936,0.3729923963546753,0.888329029083252,0,-0.4019026458263397,-0.794711709022522,0.4548705816268921,0,0.007861999794840813,0.015324000269174576,0.006858000066131353,1,-0.9919168949127197,0.020877443253993988,0.1251642107963562,0,0.041947782039642334,-0.8769697546958923,0.478711873292923,0,0.1197594478726387,0.48009249567985535,0.8690047860145569,0,0.07289200276136398,-0.024589000269770622,0.004608999937772751,1,0.9985285997390747,-0.007554065901786089,0.05369022861123085,0,0.013485406525433064,0.9937304854393005,-0.1109858974814415,0,-0.05251525342464447,0.11154669523239136,0.9923707842826843,0,0,0.3951509892940521,0,1,0.993797242641449,-0.09315857291221619,-0.060731686651706696,0,0.10134555399417877,0.5338675379753113,0.8394726514816284,0,-0.045781396329402924,-0.8404205441474915,0.539997398853302,0,0,0.3791869878768921,0,1,0.9934115409851074,0.016091417521238327,-0.11346741765737534,0,0.04973951727151871,0.8314408659934998,0.553382396697998,0,0.10324615240097046,-0.5553802847862244,0.8251625895500183,0,0,0.10323599725961685,0,1,-0.9791632890701294,-0.03657795861363411,-0.19975170493125916,0,0.045057110488414764,-0.9982587695121765,-0.0380672849714756,0,-0.19801156222820282,-0.046274345368146896,0.9791069030761719,0,-0.07289200276136398,-0.024589000269770622,0.01001999992877245,1,0.9936026334762573,-0.026723423972725868,0.10972663015127182,0,0.04559126868844032,0.9838253259658813,-0.17323437333106995,0,-0.10332230478525162,0.17712849378585815,0.9787486791610718,0,0,0.3952440023422241,0,1,0.9913891553878784,-0.040772758424282074,0.12443818151950836,0,-0.11304284632205963,0.21317708492279053,0.9704518914222717,0,-0.06609536707401276,-0.9761623740196228,0.2067323923110962,0,0,0.3790229856967926,0,1,0.9932607412338257,-0.012198008596897125,0.115256167948246,0,-0.05000092461705208,0.8520447015762329,0.5210757851600647,0,-0.10455949604511261,-0.523327112197876,0.8456926345825195,0,0,0.10582800209522247,0,1
K0.138,0.03612060472369194,-0.0625290721654892,-0.997389018535614,0,0.06820202618837357,0.9958677291870117,-0.05996374413371086,0,0.997016966342926,-0.06585802137851715,0.04023594781756401,0,-0.01519857905805111,0.8200643062591553,-0.008659496903419495,1,0.9943022131919861,0.08683697879314423,-0.06182944029569626,0,-0.07868301123380661,0.9891684055328369,0.12391665577888489,0,0.071920245885849,-0.11834564059972763,0.9903646111488342,0,0,0.043939001858234406,0.0021619999315589666,1,0.9995105266571045,-0.03122538886964321,-0.002109913155436516,0,0.03128005564212799,0.9989005923271179,0.034922920167446136,0,0.0010171112371608615,-0.034971803426742554,0.999387800693512,0,0,0.05132399871945381,0,1,0.9995307326316833,-0.030574999749660492,-0.0017992225475609303,0,0.030618229880928993,0.9989648461341858,0.03363286331295967,0,0.0007690357160754502,-0.03367219120264053,0.9994328618049622,0,0,0.05865500122308731,0,1,0.9997990131378174,0.016614645719528198,-0.011249844916164875,0,-0.01725294627249241,0.9980944991111755,-0.05924444645643234,0,0.010244076140224934,0.05942659452557564,0.9981799125671387,0,0,0.0659869983792305,0,1,0.9989053606987,-0.04332501441240311,-0.017655691131949425,0,0.041970230638980865,0.9965941309928894,-0.07097822427749634,0,0.02067069336771965,0.07015952467918396,0.9973217248916626,0,0,0.09993699938058853,-0.1356460005044937,1,0.23088257014751434,0.014559496194124222,-0.9728732109069824,0,0.9503980278968811,-0.21755510568618774,0.222292959690094,0,-0.2084169089794159,-0.9759396910667419,-0.06406698375940323,0,0.0588110014796257,0.04830100014805794,0.0075090001337230206,1,0.9410018920898438,0.2118922621011734,-0.2638486921787262,0,0.17040346562862396,0.37692344188690186,0.9104352593421936,0,0.29236510396003723,-0.9016823768615723,0.3185786306858063,0,0,0.11882500350475311,0,1,0.9868136644363403,0.16183032095432281,-0.0031245104037225246,0,-0.16185860335826874,0.9865245223045349,-0.023908812552690506,0,-0.0007867644308134913,0.024099258705973625,0.9997089505195618,0,0,0.21592900156974792,0,1,0.9973269701004028,0.07164067029953003,-0.014403206296265125,0,-0.06494887918233871,0.9593710899353027,0.2745714485645294,0,0.03348846733570099,-0.2729017734527588,0.9614586234092712,0,0,0.2517389953136444,0,1,0.9924365878105164,0.11351276189088821,0.04672831669449806,0,-0.12224181741476059,0.9486441016197205,0.2917724847793579,0,-0.011208646930754185,-0.29527804255485535,0.9553457498550415,0,0,0.04984600096940994,0,1,0.7408053278923035,-0.6458024978637695,-0.18478849530220032,0,0.6716945171356201,0.7098109722137451,0.2121191769838333,0,-0.005822202656418085,-0.28126052021980286,0.9596140384674072,0,0,0.02498600073158741,0,1,0.7498092651367188,0.661029040813446,0.028741182759404182,0,-0.6577109694480896,0.7399028539657593,0.14127984642982483,0,0.07212439924478531,-0.12483634799718857,0.9895521998405457,0,-0.024601999670267105,0.026453999802470207,-0.0006960000027902424,1,-0.002789484104141593,-0.004420408513396978,0.9999861717224121,0,-0.9728363156318665,-0.23146547377109528,-0.0037369467318058014,0,0.2314787209033966,-0.972832977771759,-0.0036546490155160427,0,-0.0588110014796257,0.047621000558137894,-0.006304999813437462,1,0.8013131618499756,-0.5880560278892517,-0.10994386672973633,0,0.5151110887527466,0.5847496390342712,0.6266809105873108,0,-0.30423372983932495,-0.5588007569313049,0.7714815735816956,0,0,0.11895699799060822,0,1,0.8289061188697815,-0.5586288571357727,-0.029134178534150124,0,0.5587360262870789,0.8243023157119751,0.09132353216409683,0,-0.027000591158866882,-0.09197693318128586,0.9953951239585876,0,0,0.21626399457454681,0,1,0.99652498960495,0.08256182074546814,0.011042356491088867,0,-0.08319316804409027,0.9798825979232788,0.1814091056585312,0,0.004157254472374916,-0.1816973239183426,0.9833458662033081,0,0,0.25174200534820557,0,1,0.23113073408603668,0.4029555320739746,-0.885553240776062,0,0.019425395876169205,0.9081069827079773,0.4182882606983185,0,0.9727290868759155,-0.11388152092695236,0.20206394791603088,0,0,0.0776820033788681,0,1,0.6532556414604187,0.7528601884841919,-0.08036421984434128,0,-0.7223143577575684,0.5878701210021973,-0.36423999071121216,0,-0.2269781231880188,0.29599010944366455,0.9278313517570496,0,0,0.02130099944770336,0,1,0.8752803802490234,-0.4794638156890869,-0.06323719024658203,0,0.26837030053138733,0.37276551127433777,0.8882697224617004,0,-0.4023207128047943,-0.794456422328949,0.454948365688324,0,0.007861999794840813,0.015324000269174576,0.006858000066131353,1,-0.9942651987075806,-0.010726477019488811,0.1064068004488945,0,0.0676828920841217,-0.8334651589393616,0.5484104752540588,0,0.08280382305383682,0.5524671673774719,0.8294112086296082,0,0.07289200276136398,-0.024589000269770622,0.004608999937772751,1,0.9973669052124023,0.04618719220161438,0.05591012164950371,0,-0.044901859015226364,0.9987022876739502,-0.024031853303313255,0,-0.056947529315948486,0.021458106115460396,0.9981464743614197,0,0,0.3951509892940521,0,1,0.9931327700614929,-0.09813666343688965,-0.06368784606456757,0,0.10251083225011826,0.4676269292831421,0.8779621124267578,0,-0.0563780777156353,-0.8784610033035278,0.47447535395622253,0,0,0.3791869878768921,0,1,0.9931872487068176,0.02068043127655983,-0.11467911303043365,0,0.049715589731931686,0.814866304397583,0.5775130391120911,0,0.10539142042398453,-0.5792802572250366,0.8082870841026306,0,0,0.10323599725961685,0,1,-0.974407970905304,-0.040216825902462006,-0.22116060554981232,0,0.05767899006605148,-0.9956569671630859,-0.07307226955890656,0,-0.2172613888978958,-0.08395853638648987,0.972495973110199,0,-0.07289200276136398,-0.024589000269770622,0.01001999992877245,1,0.9972728490829468,-0.025236492976546288,0.06934952735900879,0,0.04093857854604721,0.9710496068000793,-0.23534472286701202,0,-0.06140255182981491,0.23754195868968964,0.9694344997406006,0,0,0.3952440023422241,0,1,0.9765942692756653,-0.05650399625301361,0.20753487944602966,0,-0.19813209772109985,0.13918669521808624,0.970242977142334,0,-0.08370870351791382,-0.9886530637741089,0.12473367899656296,0,0,0.3790229856967926,0,1,0.9931891560554504,-0.013730980455875397,0.11570340394973755,0,-0.04997296258807182,0.8468595147132874,0.5294642448425293,0,-0.10525453835725784,-0.5316399335861206,0.8404051065444946,0,0,0.10582800209522247,0,1
