2.700,30,80,25
B0,mixamorig_Hips,-1,-0.7578181028366089,-0.1315280944108963,0.6390706896781921,0,-0.12532001733779907,0.9905760288238525,0.05526584014296532,0,-0.6403172612190247,-0.038206905126571655,-0.7671598196029663,0,0.015304000116884708,1.4593919515609741,-0.004550000187009573,1
B1,mixamorig_Spine,0,0.9761599898338318,-0.21222597360610962,-0.045507874339818954,0,0.2108510285615921,0.97695392370224,-0.033195860683918,0,0.05150415003299713,0.02280910313129425,0.9984119534492493,0,0.0019039999460801482,0.08382300287485123,0,1
B2,mixamorig_Spine1,1,0.9898080229759216,-0.10583227127790451,-0.09528720378875732,0,0.09871571511030197,0.9921669960021973,-0.07654421031475067,0,0.102641761302948,0.06635778397321701,0.9925030469894409,0,0,0.0978190004825592,0,1
B3,mixamorig_Spine2,2,0.9889870285987854,0.1001257672905922,-0.10899423807859421,0,-0.1066032126545906,0.99276202917099,-0.05530693382024765,0,0.10266774892807007,0.06631701439619064,0.9925030469894409,0,0,0.11179299652576447,0,1
B4,mixamorig_Neck,3,0.9865209460258484,-0.017511745914816856,-0.16269603371620178,0,0.016994206234812737,0.999845027923584,-0.004572278819978237,0,0.1627509593963623,0.0017457592766731977,0.9866660237312317,0,0,0.12576699256896973,0,1
B5,mixamorig_Head,4,0.916991114616394,0.06648086756467819,-0.3933298587799072,0,-0.09628015011548996,0.9937489628791809,-0.056498996913433075,0,0.38711515069007874,0.08967895060777664,0.9176599383354187,0,-0.014254000037908554,0.24727000296115875,0,1
B6,mixamorig_HeadTop_End,5,1,0,0,0,0,1,0,0,0,0,1,0,-0.026902999728918076,0.4666840136051178,0,1
B7,mixamorig_LeftShoulder,3,-0.9757880568504333,-0.045144759118556976,-0.2140105813741684,0,0.21539540588855743,-0.028387632220983505,-0.9761139154434204,0,0.03799115866422653,-0.9985769391059875,0.037424299865961075,0,-0.006889999844133854,0.08881700038909912,-0.11453399807214737,1
B8,mixamorig_LeftArm,7,-0.9669189453125,0.04080291464924812,-0.25179699063301086,0,-0.15646395087242126,0.6847409009933472,0.7117931246757507,0,0.20145903527736664,0.7276437878608704,-0.6557050943374634,0,0,0.23068900406360626,0,1
B9,mixamorig_LeftForeArm,8,0.8383169770240784,-0.41040515899658203,0.3588748574256897,0,0.4814978837966919,0.8660960793495178,-0.13430187106132507,0,-0.25570207834243774,0.28538522124290466,0.9236728549003601,0,0,0.45370998978614807,0,1
B10,mixamorig_LeftHand,9,1,0,0,0,0,1,0,0,0,0,1,0,0,0.46660301089286804,0,1
B11,mixamorig_RightShoulder,3,0.9452300667762756,0.10956912487745285,-0.3074647784233093,0,0.30737727880477905,0.018110448494553566,0.9514148831367493,0,0.10981405526399612,-0.9938139915466309,-0.016560522839426994,0,-0.012136000208556652,0.08869700133800507,0.11453399807214737,1
B12,mixamorig_RightArm,11,0.8129971027374268,0.5820798277854919,0.014792915433645248,0,-0.35448819398880005,0.4746430814266205,0.8056378364562988,0,0.46192410588264465,-0.660224974155426,0.5922238230705261,0,0,0.23162899911403656,0,1
B13,mixamorig_RightForeArm,12,0.6905401945114136,-0.6594489216804504,-0.29712384939193726,0,0.7198660969734192,0.666549801826477,0.19365985691547394,0,0.07033903151750565,-0.34761911630630493,0.9349939227104187,0,0,0.4552069902420044,0,1
B14,mixamorig_RightHand,13,1,0,0,0,0,1,0,0,0,0,1,0,0,0.4665910005569458,0,1
B15,mixamorig_LeftUpLeg,0,-0.41029974818229675,-0.7608501315116882,0.5027540922164917,0,0.5070407390594482,-0.6485550403594971,-0.5677019357681274,0,0.7579998970031738,0.02198883332312107,0.6518840789794922,0,0.010546999983489513,-0.047040000557899475,-0.15385299921035767,1
B16,mixamorig_LeftLeg,15,0.6529322266578674,-0.6694068312644958,-0.3543660044670105,0,0.7034752368927002,0.7093667387962341,-0.04383401945233345,0,0.2807180881500244,-0.22066694498062134,0.9340789318084717,0,0,0.7855859994888306,0,1
B17,mixamorig_LeftFoot,16,0.05053917318582535,-0.13563881814479828,0.9894689917564392,0,-0.8827990293502808,0.4572211802005768,0.10776781290769577,0,-0.4670238792896271,-0.8789491057395935,-0.09663429856300354,0,0,0.7789809703826904,0,1
B18,mixamorig_LeftToeBase,17,0.9812579154968262,-0.07921695709228516,-0.1756601780653,0,0.15455390512943268,0.867988109588623,0.47192180156707764,0,0.11508680135011673,-0.49022620916366577,0.8639639616012573,0,0,0.20650699734687805,0,1
B19,mixamorig_LeftToe_End,18,1,0,0,0,0,1,0,0,0,0,1,0,0,0.08651299774646759,0,1
B20,mixamorig_RightUpLeg,0,-0.8467399477958679,-0.5306321978569031,-0.0382298044860363,0,0.4787598252296448,-0.7913571000099182,0.38018718361854553,0,-0.23199301958084106,0.30361682176589966,0.9241190552711487,0,0.010521999560296535,-0.047040000557899475,0.15385299921035767,1
B21,mixamorig_RightLeg,20,0.5898611545562744,-0.8066948652267456,0.03615911677479744,0,0.7971231341362,0.5888507962226868,0.13360176980495453,0,-0.12906812131404877,-0.049983203411102295,0.9903749227523804,0,0,0.7856550216674805,0,1
B22,mixamorig_RightFoot,21,-0.19533906877040863,0.32646477222442627,0.9248049259185791,0,-0.9807209372520447,-0.07019872218370438,-0.18236897885799408,0,0.005383122246712446,-0.942598819732666,0.33388325572013855,0,0,0.7788980007171631,0,1
B23,mixamorig_RightToeBase,22,0.9922239780426025,0.05861686170101166,0.10979505628347397,0,-0.10177310556173325,0.8899160027503967,0.44462499022483826,0,-0.07164588570594788,-0.4523419737815857,0.8889620304107666,0,0,0.21162700653076172,0,1
B24,mixamorig_RightToe_End,23,1,0,0,0,0,1,0,0,0,0,1,0,0,0.08831799775362015,0,1
@20,0,1,2,3,4,5,7,8,9,11,12,13,15,16,17,18,20,21,22,23
K0,0.6390706896781921,-0.13152804970741272,0.7578181028366089,0,0.05526585131883621,0.9905760288238525,0.1253199577331543,0,-0.7671598196029663,-0.038206856697797775,0.6403172612190247,0,-0.004549999255686998,1.4593919515609741,-0.015303999185562134,1,0.9761599898338318,-0.21222597360610962,-0.04550785943865776,0,0.2108510285615921,0.97695392370224,-0.03319587558507919,0,0.051504138857126236,0.022809119895100594,0.9984119534492493,0,0.0019039999460801482,0.08382300287485123,0,1,0.9898080229759216,-0.10583227872848511,-0.09528721868991852,0,0.09871572256088257,0.9921669960021973,-0.07654421776533127,0,0.10264177620410919,0.06635779142379761,0.9925030469894409,0,0,0.0978190004825592,0,1,0.9889870285987854,0.10012578219175339,-0.1089942529797554,0,-0.1066032275557518,0.99276202917099,-0.05530695989727974,0,0.10266776382923126,0.06631704419851303,0.9925030469894409,0,0,0.11179299652576447,0,1,0.9865209460258484,-0.017511768266558647,-0.16269603371620178,0,0.016994232311844826,0.999845027923584,-0.004572261590510607,0,0.1627509593963623,0.001745738205499947,0.9866660237312317,0,0,0.12576699256896973,0,1,0.916991114616394,0.066480852663517,-0.3933298587799072,0,-0.09628015011548996,0.9937489628791809,-0.05649902671575546,0,0.38711515069007874,0.08967898041009903,0.9176599383354187,0,-0.014254000037908554,0.24727000296115875,0,1,-0.975787878036499,-0.04514439404010773,-0.2140107899904251,0,0.21539559960365295,-0.028387511149048805,-0.9761137962341309,0,0.03799080848693848,-0.9985769391059875,0.037424247711896896,0,-0.006889999844133854,0.08881700038909912,-0.11453399807214737,1,-0.9669189453125,0.04080291464924812,-0.2517969310283661,0,-0.15646390616893768,0.6847409009933472,0.7117931246757507,0,0.20145900547504425,0.7276437878608704,-0.6557050943374634,0,0,0.23068900406360626,0,1,0.8383169770240784,-0.41040515899658203,0.3588748872280121,0,0.4814978539943695,0.8660960793495178,-0.1343018263578415,0,-0.25570210814476013,0.2853851616382599,0.9236728549003601,0,0,0.45370998978614807,0,1,0.9452300667762756,0.10956928133964539,-0.3074647784233093,0,0.30737727880477905,0.01811046339571476,0.951414942741394,0,0.10981421172618866,-0.9938139915466309,-0.01656055822968483,0,-0.012136000208556652,0.08869700133800507,0.11453399807214737,1,0.8129971623420715,0.5820797681808472,0.014792991802096367,0,-0.35448822379112244,0.4746430814266205,0.8056378960609436,0,0.4619240164756775,-0.6602251529693604,0.5922237634658813,0,0,0.23162899911403656,0,1,0.6905401945114136,-0.6594489216804504,-0.29712390899658203,0,0.7198660969734192,0.666549801826477,0.19365982711315155,0,0.07033910602331161,-0.3476191461086273,0.9349939227104187,0,0,0.4552069902420044,0,1,-0.41029971837997437,-0.7608501315116882,0.5027540922164917,0,0.5070408582687378,-0.6485550403594971,-0.5677019357681274,0,0.7579998970031738,0.02198893018066883,0.651884138584137,0,0.010546999983489513,-0.047040000557899475,-0.15385299921035767,1,0.6529322862625122,-0.6694067716598511,-0.3543659746646881,0,0.7034751772880554,0.7093667387962341,-0.04383396357297897,0,0.28071802854537964,-0.22066694498062134,0.9340789318084717,0,0,0.7855859994888306,0,1,0.05053906515240669,-0.1356390118598938,0.989469051361084,0,-0.8827990889549255,0.457221120595932,0.10776783525943756,0,-0.4670238494873047,-0.8789491057395935,-0.09663453698158264,0,0,0.7789809703826904,0,1,0.9812579154968262,-0.07921701669692993,-0.17566020786762238,0,0.15455396473407745,0.867988109588623,0.47192180156707764,0,0.11508680135011673,-0.49022626876831055,0.8639639616012573,0,0,0.20650699734687805,0,1,-0.8467397689819336,-0.5306321978569031,-0.03822987899184227,0,0.478759765625,-0.7913568615913391,0.3801872134208679,0,-0.23199309408664703,0.3036167621612549,0.9241190552711487,0,0.010521999560296535,-0.047040000557899475,0.15385299921035767,1,0.5898611545562744,-0.8066948652267456,0.03615898638963699,0,0.7971231341362,0.5888507962226868,0.13360171020030975,0,-0.12906800210475922,-0.04998327046632767,0.9903749227523804,0,0,0.7856550216674805,0,1,-0.1953394114971161,0.3264646828174591,0.9248049855232239,0,-0.9807209968566895,-0.07019906491041183,-0.1823691874742508,0,0.005383322946727276,-0.9425989389419556,0.3338831663131714,0,0,0.7788980007171631,0,1,0.9922239780426025,0.05861687660217285,0.10979509353637695,0,-0.10177313536405563,0.889915943145752,0.44462502002716064,0,-0.07164590805768967,-0.4523420035839081,0.8889620304107666,0,0,0.21162700653076172,0,1
K0.034,0.651652455329895,-0.13477686047554016,0.7464479804039001,0,0.05170030891895294,0.9896905422210693,0.13356153666973114,0,-0.7567540407180786,-0.04844413697719574,0.6519026756286621,0,-0.015598832629621029,1.4528748989105225,-0.00907836388796568,1,0.9764142036437988,-0.2108766734600067,-0.04632297530770302,0,0.20946018397808075,0.9772394895553589,-0.03361411392688751,0,0.05235704407095909,0.02311846986413002,0.9983603358268738,0,0.0019039999460801482,0.08382300287485123,0,1,0.9899057149887085,-0.1032596006989479,-0.09708151966333389,0,0.09589037299156189,0.9923514127731323,-0.07774275541305542,0,0.10436659306287766,0.06764876842498779,0.9922352433204651,0,0,0.0978190004825592,0,1,0.9884892702102661,0.10274088382720947,-0.1110515370965004,0,-0.10945022106170654,0.9924085736274719,-0.056095022708177567,0,0.10444524884223938,0.0676039457321167,0.992230236530304,0,0,0.11179299652576447,0,1,0.9859195351600647,-0.013936796225607395,-0.1666416972875595,0,0.012627377174794674,0.9998809099197388,-0.008914691396057606,0,0.16674593091011047,0.006684914231300354,0.985977053642273,0,0,0.12576699256896973,0,1,0.9161241054534912,0.06670565903186798,-0.3953067660331726,0,-0.0975797027349472,0.9935075640678406,-0.05849263817071915,0,0.38883844017982483,0.0921604186296463,0.9166852831840515,0,-0.014254000037908554,0.24727000296115875,0,1,-0.976800799369812,-0.04591186344623566,-0.20916973054409027,0,0.21086043119430542,-0.035677775740623474,-0.9768651723861694,0,0.03738695755600929,-0.9983079433441162,0.044531192630529404,0,-0.006889999844133854,0.08881700038909912,-0.11453399807214737,1,-0.9678586721420288,0.045354168862104416,-0.2473732978105545,0,-0.15074369311332703,0.6827179789543152,0.7149627804756165,0,0.20131269097328186,0.7292726635932922,-0.6539374589920044,0,0,0.23068900406360626,0,1,0.8364512324333191,-0.41238024830818176,0.3609594702720642,0,0.48430389165878296,0.8644762635231018,-0.13465121388435364,0,-0.256513386964798,0.2874431908130646,0.9228094816207886,0,0,0.45370998978614807,0,1,0.9494824409484863,0.10591243207454681,-0.2954064905643463,0,0.29383155703544617,0.03053906559944153,0.9553696513175964,0,0.11020699143409729,-0.9939067959785461,-0.002124106977134943,0,-0.012136000208556652,0.08869700133800507,0.11453399807214737,1,0.8130336999893188,0.582179069519043,0.0066351876594126225,0,-0.3425178825855255,0.4690605700016022,0.8140420317649841,0,0.470805823802948,-0.6641160845756531,0.5807686448097229,0,0,0.23162899911403656,0,1,0.6881625652313232,-0.6612929105758667,-0.298536479473114,0,0.722175121307373,0.6639670133590698,0.19393675029277802,0,0.06996934860944748,-0.34905552864074707,0.9344862699508667,0,0,0.4552069902420044,0,1,-0.40504515171051025,-0.7632203698158264,0.5034217834472656,0,0.5128599405288696,-0.6454896330833435,-0.5659655332565308,0,0.7569101452827454,0.02894333191215992,0.6528777480125427,0,0.010546999983489513,-0.047040000557899475,-0.15385299921035767,1,0.6568375825881958,-0.664331316947937,-0.3566904067993164,0,0.7014032602310181,0.7119362950325012,-0.03435342386364937,0,0.27676284313201904,-0.22761915624141693,0.9335904717445374,0,0,0.7855859994888306,0,1,0.06188565865159035,-0.1337088793516159,0.9890868663787842,0,-0.8756768107414246,0.46823665499687195,0.11808792501688004,0,-0.47891610860824585,-0.8734284043312073,-0.08810862898826599,0,0,0.7789809703826904,0,1,0.981257975101471,-0.07921715080738068,-0.17565970122814178,0,0.1545538306236267,0.867988109588623,0.4719218611717224,0,0.11508626490831375,-0.490226149559021,0.8639639616012573,0,0,0.20650699734687805,0,1,-0.8409014344215393,-0.5403212904930115,-0.030598372220993042,0,0.49013999104499817,-0.7843369841575623,0.38023504614830017,0,-0.2294485718011856,0.3047427833080292,0.9243834018707275,0,0.010521999560296535,-0.047040000557899475,0.15385299921035767,1,0.5646918416023254,-0.8249712586402893,0.023348376154899597,0,0.8156159520149231,0.5621628761291504,0.13690532743930817,0,-0.1260686218738556,-0.0582660511136055,0.9903091788291931,0,0,0.7856550216674805,0,1,-0.1910918653011322,0.3273768424987793,0.9253696799278259,0,-0.9812556505203247,-0.0876644104719162,-0.17161864042282104,0,0.024938013404607773,-0.9408182501792908,0.3379920423030853,0,0,0.7788980007171631,0,1,0.9922239780426025,0.05861687660217285,0.10979509353637695,0,-0.10177313536405563,0.889915943145752,0.44462502002716064,0,-0.07164590805768967,-0.4523420035839081,0.8889620304107666,0,0,0.21162700653076172,0,1
K0.067,0.653408944606781,-0.14043238759040833,0.7438659071922302,0,0.04825953021645546,0.9883704781532288,0.14420075714588165,0,-0.7554656863212585,-0.0583234578371048,0.652587354183197,0,-0.02691945992410183,1.447464108467102,-0.003954090178012848,1,0.9765891432762146,-0.20990166068077087,-0.047056399285793304,0,0.20843666791915894,0.9774377346038818,-0.034188877791166306,0,0.05317104980349541,0.02358022890985012,0.9983072280883789,0,0.0019039999460801482,0.08382300287485123,0,1,0.9900380373001099,-0.10147242248058319,-0.09760760515928268,0,0.09395153820514679,0.9924538731575012,-0.07879622280597687,0,0.10486669838428497,0.0688408762216568,0.992100715637207,0,0,0.0978190004825592,0,1,0.9881922602653503,0.10469388961791992,-0.11187287420034409,0,-0.1115550845861435,0.9921264052391052,-0.056924428790807724,0,0.10503237694501877,0.06873226165771484,0.99209064245224,0,0,0.11179299652576447,0,1,0.984742283821106,-0.004656102042645216,-0.1739589422941208,0,0.0018618132453411818,0.999866783618927,-0.016222652047872543,0,0.17401112616062164,0.015651237219572067,0.9846187829971313,0,0,0.12576699256896973,0,1,0.9148963689804077,0.06689698994159698,-0.3981066346168518,0,-0.09771136194467545,0.9935465455055237,-0.05759890004992485,0,0.39168447256088257,0.09159661829471588,0.9155292510986328,0,-0.014254000037908554,0.24727000296115875,0,1,-0.9779857993125916,-0.046737801283597946,-0.20336900651454926,0,0.20539478957653046,-0.04359820857644081,-0.9777080416679382,0,0.03682935982942581,-0.997954785823822,0.052238233387470245,0,-0.006889999844133854,0.08881700038909912,-0.11453399807214737,1,-0.9685359001159668,0.05149604007601738,-0.24348750710487366,0,-0.14361445605754852,0.6833831071853638,0.7157955765724182,0,0.203255757689476,0.7282415628433228,-0.6544850468635559,0,0,0.23068900406360626,0,1,0.8347788453102112,-0.41537970304489136,0.3613923490047455,0,0.48789846897125244,0.8622516989707947,-0.13593386113643646,0,-0.25514668226242065,0.28979718685150146,0.9224516153335571,0,0,0.45370998978614807,0,1,0.9534882307052612,0.10159869492053986,-0.2837938070297241,0,0.28041303157806396,0.04644131287932396,0.958755612373352,0,0.1105879694223404,-0.9937407374382019,0.015791630372405052,0,-0.012136000208556652,0.08869700133800507,0.11453399807214737,1,0.8155633807182312,0.578662633895874,-0.0024867295287549496,0,-0.3258344531059265,0.46277180314064026,0.82442307472229,0,0.4782135784626007,-0.6715589165687561,0.5659679174423218,0,0,0.23162899911403656,0,1,0.6870075464248657,-0.66205233335495,-0.2995113134384155,0,0.7232475876808167,0.6628435850143433,0.1937803030014038,0,0.07023652642965317,-0.3497495949268341,0.9342069029808044,0,0,0.4552069902420044,0,1,-0.40341633558273315,-0.7642608284950256,0.5031503438949585,0,0.5160505175590515,-0.6441188454627991,-0.5646255612373352,0,0.7556100487709045,0.03187182545661926,0.6542455554008484,0,0.010546999983489513,-0.047040000557899475,-0.15385299921035767,1,0.6648703217506409,-0.6606367230415344,-0.34857746958732605,0,0.6973777413368225,0.7161881923675537,-0.02718035876750946,0,0.26760339736938477,-0.22501873970031738,0.9368855357170105,0,0,0.7855859994888306,0,1,0.06948474794626236,-0.1388174444437027,0.987876832485199,0,-0.86979079246521,0.47649285197257996,0.1281360685825348,0,-0.48850366473197937,-0.8681496381759644,-0.08763311803340912,0,0,0.7789809703826904,0,1,0.9812589883804321,-0.07921739667654037,-0.17565929889678955,0,0.1545536071062088,0.8679879307746887,0.47192126512527466,0,0.11508578062057495,-0.49022576212882996,0.8639642596244812,0,0,0.20650699734687805,0,1,-0.8316946029663086,-0.5549681782722473,-0.017157312482595444,0,0.508389949798584,-0.7735859751701355,0.3782910108566284,0,-0.22321222722530365,0.30590009689331055,0.9255279302597046,0,0.010521999560296535,-0.047040000557899475,0.15385299921035767,1,0.5412804484367371,-0.8406928777694702,0.01583997905254364,0,0.8314235210418701,0.5379341244697571,0.13914750516414642,0,-0.12550121545791626,-0.06214810535311699,0.9901453256607056,0,0,0.7856550216674805,0,1,-0.18849033117294312,0.3247622847557068,0.9268231391906738,0,-0.9812766313552856,-0.10033168643712997,-0.16440805792808533,0,0.039596185088157654,-0.9404594302177429,0.3375932574272156,0,0,0.7788980007171631,0,1,0.9922239780426025,0.05861683189868927,0.10979509353637695,0,-0.10177319496870041,0.8899160027503967,0.44462597370147705,0,-0.07164587080478668,-0.4523429274559021,0.8889619708061218,0,0,0.21162700653076172,0,1
K0.101,0.6462389826774597,-0.1481548547744751,0.7486159205436707,0,0.044724300503730774,0.9866408705711365,0.15665310621261597,0,-0.7618235945701599,-0.06775399297475815,0.6442315578460693,0,-0.03836273401975632,1.4430921077728271,0.00009621143544791266,1,0.9765905737876892,-0.20970284938812256,-0.04790792986750603,0,0.2081645131111145,0.9774610996246338,-0.03516934812068939,0,0.05420329049229622,0.024373343214392662,0.9982327818870544,0,0.0019039999460801482,0.08382300287485123,0,1,0.9900737404823303,-0.10132583975791931,-0.09739714860916138,0,0.09366264194250107,0.9923616647720337,-0.0802791640162468,0,0.10478765517473221,0.07035987824201584,0.9920026659965515,0,0,0.0978190004825592,0,1,0.9881258010864258,0.10509710758924484,-0.11208359152078629,0,-0.11211605370044708,0.9919854402542114,-0.0582597441971302,0,0.10506238043308258,0.07013433426618576,0.9919895529747009,0,0,0.11179299652576447,0,1,0.9830989241600037,0.007963289506733418,-0.18290044367313385,0,-0.011985016986727715,0.9997096061706543,-0.020893773064017296,0,0.1826811283826828,0.02273273468017578,0.9829098582267761,0,0,0.12576699256896973,0,1,0.9127222299575806,0.06367892771959305,-0.40358778834342957,0,-0.09661649912595749,0.9934033751487732,-0.06175895780324936,0,0.3969928026199341,0.09536202996969223,0.9128538966178894,0,-0.014254000037908554,0.24727000296115875,0,1,-0.978607177734375,-0.04727015271782875,-0.20023539662361145,0,0.20247896015644073,-0.04869940131902695,-0.9780755639076233,0,0.036482393741607666,-0.9976940751075745,0.05722874402999878,0,-0.006889999844133854,0.08881700038909912,-0.11453399807214737,1,-0.9692307114601135,0.05965655297040939,-0.238815575838089,0,-0.13417567312717438,0.6853444576263428,0.7157509922981262,0,0.20637017488479614,0.7257711887359619,-0.6562525033950806,0,0,0.23068900406360626,0,1,0.8334100246429443,-0.4175952076911926,0.3619978129863739,0,0.4901163876056671,0.8611446022987366,-0.13496772944927216,0,-0.2553706169128418,0.28990456461906433,0.9223569631576538,0,0,0.45370998978614807,0,1,0.9573209881782532,0.09766071289777756,-0.2720268964767456,0,0.2667921781539917,0.06341443210840225,0.9616654515266418,0,0.11116737872362137,-0.9931972026824951,0.03465285152196884,0,-0.012136000208556652,0.08869700133800507,0.11453399807214737,1,0.8200226426124573,0.5721877813339233,-0.012855002656579018,0,-0.3055659234523773,0.45668819546699524,0.835503339767456,0,0.4839352071285248,-0.6812032461166382,0.5493354201316833,0,0,0.23162899911403656,0,1,0.6872897744178772,-0.6608276963233948,-0.3015627861022949,0,0.7225311994552612,0.6646460294723511,0.19024816155433655,0,0.07471123337745667,-0.34864383935928345,0.9342722296714783,0,0,0.4552069902420044,0,1,-0.4046694338321686,-0.7641712427139282,0.5022802352905273,0,0.5170040726661682,-0.6442391276359558,-0.5636160969734192,0,0.7542875409126282,0.031602755188941956,0.6557831764221191,0,0.010546999983489513,-0.047040000557899475,-0.15385299921035767,1,0.6759846210479736,-0.6580052375793457,-0.3317756652832031,0,0.6916719079017639,0.7218644618988037,-0.02239784225821495,0,0.25423485040664673,-0.2143392115831375,0.9430925846099854,0,0,0.7855859994888306,0,1,0.0740075632929802,-0.14959073066711426,0.9859740734100342,0,-0.8650405406951904,0.4823191165924072,0.13810713589191437,0,-0.49621352553367615,-0.8631281852722168,-0.09370677173137665,0,0,0.7789809703826904,0,1,0.9812580347061157,-0.07921665161848068,-0.17566004395484924,0,0.1545533835887909,0.8679879903793335,0.47192081809043884,0,0.11508689820766449,-0.490225225687027,0.8639639019966125,0,0,0.20650699734687805,0,1,-0.8193255066871643,-0.5733277201652527,0.0008673621341586113,0,0.5318793058395386,-0.7595263719558716,0.3744657039642334,0,-0.214032843708992,0.30727076530456543,0.927240788936615,0,0.010521999560296535,-0.047040000557899475,0.15385299921035767,1,0.5197603702545166,-0.8542141914367676,0.012935402803122997,0,0.8448672294616699,0.5162004232406616,0.14048442244529724,0,-0.12668107450008392,-0.06208955496549606,0.9899984002113342,0,0,0.7856550216674805,0,1,-0.18721027672290802,0.31893831491470337,0.9291021823883057,0,-0.9810503125190735,-0.10877829045057297,-0.1603366583585739,0,0.04992864280939102,-0.9415125250816345,0.33325889706611633,0,0,0.7788980007171631,0,1,0.9922239780426025,0.058617983013391495,0.10979485511779785,0,-0.10177401453256607,0.889915943145752,0.44462502002716064,0,-0.07164518535137177,-0.4523419737815857,0.888961911201477,0,0,0.21162700653076172,0,1
K0.135,0.6317877769470215,-0.15754027664661407,0.7589628100395203,0,0.04088223725557327,0.9845387935638428,0.1703319102525711,0,-0.7740618586540222,-0.07658548653125763,0.6284596920013428,0,-0.04976794123649597,1.4396814107894897,0.0031036159489303827,1,0.9764491319656372,-0.21004699170589447,-0.04926319420337677,0,0.20839889347553253,0.977360725402832,-0.03655381500720978,0,0.055825937539339066,0.025426549836993217,0.9981167316436768,0,0.0019039999460801482,0.08382300287485123,0,1,0.9899678826332092,-0.10237263143062592,-0.09738532453775406,0,0.09449726343154907,0.9921159148216248,-0.08231493085622787,0,0.10504437983036041,0.07228653132915497,0.9918373227119446,0,0,0.0978190004825592,0,1,0.9881418347358704,0.10436639934778214,-0.11261982470750809,0,-0.111611008644104,0.9919365644454956,-0.06004859879612923,0,0.10544461756944656,0.07190611213445663,0.9918220043182373,0,0,0.11179299652576447,0,1,0.9804316759109497,0.023867329582571983,-0.19540740549564362,0,-0.029729990288615227,0.9991897940635681,-0.02712400071322918,0,0.19460169970989227,0.03240269050002098,0.9803469181060791,0,0,0.12576699256896973,0,1,0.9099297523498535,0.057414766401052475,-0.4107704162597656,0,-0.09272196888923645,0.9934660792350769,-0.0665355995297432,0,0.40426647663116455,0.09863020479679108,0.9093083143234253,0,-0.014254000037908554,0.24727000296115875,0,1,-0.9796746373176575,-0.047773245722055435,-0.19481869041919708,0,0.1973014771938324,-0.054332781583070755,-0.9788362979888916,0,0.0361771397292614,-0.9973790645599365,0.06265421211719513,0,-0.006889999844133854,0.08881700038909912,-0.11453399807214737,1,-0.9692078828811646,0.0645318403840065,-0.23763711750507355,0,-0.12871621549129486,0.6899416446685791,0.7123297452926636,0,0.20992371439933777,0.7209835648536682,-0.6603906750679016,0,0,0.23068900406360626,0,1,0.8359792828559875,-0.41522136330604553,0.35878902673721313,0,0.4872414171695709,0.8624211549758911,-0.1372060477733612,0,-0.2524564266204834,0.2895183563232422,0.9232795238494873,0,0,0.45370998978614807,0,1,0.9614896178245544,0.09407978504896164,-0.25823652744293213,0,0.25125494599342346,0.07992987334728241,0.964614987373352,0,0.11139160394668579,-0.9923506379127502,0.05321374163031578,0,-0.012136000208556652,0.08869700133800507,0.11453399807214737,1,0.8247379064559937,0.5649943947792053,-0.024272948503494263,0,-0.2837202847003937,0.45052042603492737,0.8464834094047546,0,0.48919346928596497,-0.6912397146224976,0.5318613052368164,0,0,0.23162899911403656,0,1,0.6858212351799011,-0.6601946949958801,-0.3062551021575928,0,0.722995936870575,0.6661807298660278,0.18297486007213593,0,0.08322223275899887,-0.3469093143939972,0.9341992139816284,0,0,0.4552069902420044,0,1,-0.4066537618637085,-0.7630122303962708,0.5024402141571045,0,0.5136601328849792,-0.6457624435424805,-0.5649284720420837,0,0.7555039525032043,0.028353294357657433,0.6545302271842957,0,0.010546999983489513,-0.047040000557899475,-0.15385299921035767,1,0.6895207166671753,-0.6544744968414307,-0.31020066142082214,0,0.6846204400062561,0.7287306189537048,-0.01571766473352909,0,0.2363395392894745,-0.20153208076953888,0.9505414962768555,0,0,0.7855859994888306,0,1,0.07723136991262436,-0.1617484837770462,0.9838054180145264,0,-0.8605126142501831,0.48754578828811646,0.14771051704883575,0,-0.5035417079925537,-0.8579841256141663,-0.1015327125787735,0,0,0.7789809703826904,0,1,0.9812589883804321,-0.07921721786260605,-0.17565979063510895,0,0.15455378592014313,0.867988109588623,0.4719218313694,0,0.11508620530366898,-0.4902261197566986,0.8639639616012573,0,0,0.20650699734687805,0,1,-0.8040763735771179,-0.5941154360771179,0.022098805755376816,0,0.5589132308959961,-0.7427170276641846,0.36876413226127625,0,-0.20267535746097565,0.30886587500572205,0.9292603731155396,0,0.010521999560296535,-0.047040000557899475,0.15385299921035767,1,0.5003515481948853,-0.8657100796699524,0.013910283334553242,0,0.8561548590660095,0.49709540605545044,0.1410520225763321,0,-0.1290249526500702,-0.05866626650094986,0.9899048209190369,0,0,0.7856550216674805,0,1,-0.186982661485672,0.3103739023208618,0.9320434927940369,0,-0.9807424545288086,-0.11344967782497406,-0.1589733213186264,0,0.05639893561601639,-0.9438201189041138,0.3256101608276367,0,0,0.7788980007171631,0,1,0.9922239184379578,0.05861787497997284,0.10979532450437546,0,-0.10177412629127502,0.889915943145752,0.44462496042251587,0,-0.07164566218852997,-0.4523420035839081,0.8889620304107666,0,0,0.21162700653076172,0,1
K0.169,0.6116454005241394,-0.16812321543693542,0.7730614542961121,0,0.036552805453538895,0.9821204543113708,0.18466816842556,0,-0.7902871966362,-0.08469396084547043,0.6068553328514099,0,-0.06098264083266258,1.4371684789657593,0.005101174581795931,1,0.9764164686203003,-0.20987068116664886,-0.05065249651670456,0,0.20812876522541046,0.9773797392845154,-0.03756994009017944,0,0.05739154294133186,0.026141660287976265,0.9980095624923706,0,0.0019039999460801482,0.08382300287485123,0,1,0.9900181889533997,-0.10232546925544739,-0.09691541641950607,0,0.09436651319265366,0.9920353889465332,-0.08343276381492615,0,0.1046808585524559,0.07345441728830338,0.9917895793914795,0,0,0.0978190004825592,0,1,0.9881033897399902,0.10479749739170074,-0.11255621910095215,0,-0.11214007437229156,0.9918181300163269,-0.06100000441074371,0,0.10524271428585052,0.07289641350507736,0.991771399974823,0,0,0.11179299652576447,0,1,0.9773259162902832,0.033148933202028275,-0.20912940800189972,0,-0.04236455261707306,0.9983119964599609,-0.0397409163415432,0,0.20745901763439178,0.047699496150016785,0.9770804643630981,0,0,0.12576699256896973,0,1,0.9074622988700867,0.05398673936724663,-0.4166495203971863,0,-0.09104681760072708,0.9934130907058716,-0.06957986205816269,0,0.41014885902404785,0.10107574611902237,0.9064005017280579,0,-0.014254000037908554,0.24727000296115875,0,1,-0.980654776096344,-0.04836481064558029,-0.1896761953830719,0,0.1924445480108261,-0.06101895123720169,-0.9794085621833801,0,0.03579510375857353,-0.9969645738601685,0.06914602965116501,0,-0.006889999844133854,0.08881700038909912,-0.11453399807214737,1,-0.9687605500221252,0.06627798825502396,-0.2389766424894333,0,-0.12679430842399597,0.6957870721817017,0.7069674134254456,0,0.213133305311203,0.7151831984519958,-0.665647566318512,0,0,0.23068900406360626,0,1,0.8416094779968262,-0.4079079031944275,0.35398489236831665,0,0.4785463511943817,0.8670504689216614,-0.13862848281860352,0,-0.25037500262260437,0.2860690951347351,0.9249203205108643,0,0,0.45370998978614807,0,1,0.9652436971664429,0.09008897095918655,-0.24533459544181824,0,0.23617689311504364,0.1013074740767479,0.9664146304130554,0,0.11191750317811966,-0.990767776966095,0.07650944590568542,0,-0.012136000208556652,0.08869700133800507,0.11453399807214737,1,0.824438750743866,0.5652649402618408,-0.02785792201757431,0,-0.27048227190971375,0.4367802143096924,0.8579404354095459,0,0.49713191390037537,-0.6997849941253662,0.5129931569099426,0,0,0.23162899911403656,0,1,0.680674135684967,-0.6622563004493713,-0.3132067322731018,0,0.7268571853637695,0.6638810634613037,0.17590132355690002,0,0.09144020080566406,-0.3473879396915436,0.9332521557807922,0,0,0.4552069902420044,0,1,-0.4107988178730011,-0.7607713341712952,0.5024648308753967,0,0.5087214112281799,-0.6486104130744934,-0.5661331415176392,0,0.7566021680831909,0.023047825321555138,0.6534693837165833,0,0.010546999983489513,-0.047040000557899475,-0.15385299921035767,1,0.7040761113166809,-0.650494396686554,-0.28484097123146057,0,0.6762171387672424,0.7366243004798889,-0.010748537257313728,0,0.21681246161460876,-0.18504641950130463,0.9585141539573669,0,0,0.7855859994888306,0,1,0.07664339244365692,-0.17696863412857056,0.9812276363372803,0,-0.8568602800369263,0.49151527881622314,0.15557603538036346,0,-0.5098201036453247,-0.8526983261108398,-0.11396593600511551,0,0,0.7789809703826904,0,1,0.981257975101471,-0.07921712100505829,-0.17565979063510895,0,0.15455375611782074,0.867987871170044,0.4719213545322418,0,0.11508641391992569,-0.4902259111404419,0.8639640808105469,0,0,0.20650699734687805,0,1,-0.7863888144493103,-0.6160824298858643,0.045115552842617035,0,0.5878134965896606,-0.7238494157791138,0.3612729609012604,0,-0.1899169534444809,0.31062036752700806,0.9313682317733765,0,0.010521999560296535,-0.047040000557899475,0.15385299921035767,1,0.48329707980155945,-0.8752711415290833,0.017996186390519142,0,0.8654409050941467,0.48076775670051575,0.14097806811332703,0,-0.13204605877399445,-0.052559662610292435,0.9898493885993958,0,0,0.7856550216674805,0,1,-0.18758024275302887,0.2996709942817688,0.935420036315918,0,-0.9804509282112122,-0.11472662538290024,-0.15985646843910217,0,0.05941321328282356,-0.9471197724342346,0.3153332471847534,0,0,0.7788980007171631,0,1,0.9922239184379578,0.05861780792474747,0.10979530960321426,0,-0.10177405923604965,0.889915943145752,0.44462496042251587,0,-0.07164568454027176,-0.4523420035839081,0.8889620304107666,0,0,0.21162700653076172,0,1
K0.202,0.5874657034873962,-0.17938974499702454,0.789115846157074,0,0.03165552392601967,0.979468047618866,0.1990962028503418,0,-0.8086296319961548,-0.09198234975337982,0.5810826420783997,0,-0.07184454798698425,1.4354814291000366,0.006120322272181511,1,0.9764699935913086,-0.20942363142967224,-0.05145563557744026,0,0.20759457349777222,0.9774497151374817,-0.03869748115539551,0,0.058399420231580734,0.027105001732707024,0.9979249238967896,0,0.0019039999460801482,0.08382300287485123,0,1,0.9902746677398682,-0.10172517597675323,-0.09490986913442612,0,0.09378711134195328,0.9919859766960144,-0.08465877175331116,0,0.10276118665933609,0.07493411004543304,0.9918790459632874,0,0,0.0978190004825592,0,1,0.9881673455238342,0.10581734776496887,-0.11103128641843796,0,-0.1131921038031578,0.9916146993637085,-0.062349140644073486,0,0.10350264608860016,0.0741792544722557,0.9918591380119324,0,0,0.11179299652576447,0,1,0.9741145968437195,0.04065592214465141,-0.2223682850599289,0,-0.05386165902018547,0.9971058964729309,-0.05364598333835602,0,0.21954379975795746,0.06423448771238327,0.9734855890274048,0,0,0.12576699256896973,0,1,0.9054330587387085,0.04830833524465561,-0.4217309355735779,0,-0.08819488435983658,0.9932318329811096,-0.07557707279920578,0,0.41522571444511414,0.10562451183795929,0.9035657644271851,0,-0.014254000037908554,0.24727000296115875,0,1,-0.9810802936553955,-0.04874032363295555,-0.1873663067817688,0,0.19030822813510895,-0.06502843648195267,-0.979568600654602,0,0.03556034341454506,-0.9966925978660583,0.07307376712560654,0,-0.006889999844133854,0.08881700038909912,-0.11453399807214737,1,-0.9686271548271179,0.07104339450597763,-0.23814693093299866,0,-0.12133803963661194,0.701090931892395,0.7026720643043518,0,0.21688291430473328,0.7095237374305725,-0.6704756617546082,0,0,0.23068900406360626,0,1,0.844126284122467,-0.40436914563179016,0.3520449101924896,0,0.4745246171951294,0.8691152334213257,-0.13951431214809418,0,-0.24955260753631592,0.2848219871520996,0.9255272746086121,0,0,0.45370998978614807,0,1,0.9693601727485657,0.08574745804071426,-0.2301938682794571,0,0.2186545580625534,0.12586212158203125,0.9676511883735657,0,0.11194630712270737,-0.9883352518081665,0.10325664281845093,0,-0.012136000208556652,0.08869700133800507,0.11453399807214737,1,0.8208214640617371,0.5705190300941467,-0.027570752426981926,0,-0.2623956799507141,0.41951093077659607,0.8689991235733032,0,0.5073466300964355,-0.7060585618019104,0.4940451979637146,0,0,0.23162899911403656,0,1,0.6713646650314331,-0.6669432520866394,-0.32319673895835876,0,0.7341184020042419,0.6582823395729065,0.16653695702552795,0,0.10168404132127762,-0.3490718901157379,0.9315632581710815,0,0,0.4552069902420044,0,1,-0.4155268669128418,-0.7574388980865479,0.5036105513572693,0,0.5014687776565552,-0.6526954174041748,-0.5679053664207458,0,0.7588584423065186,0.016565043479204178,0.6510449051856995,0,0.010546999983489513,-0.047040000557899475,-0.15385299921035767,1,0.7190630435943604,-0.645033597946167,-0.25861266255378723,0,0.6666210293769836,0.7453753352165222,-0.005605286918580532,0,0.19637906551361084,-0.16836604475975037,0.9659645557403564,0,0,0.7855859994888306,0,1,0.07355128973722458,-0.1926049292087555,0.9785155057907104,0,-0.8534733653068542,0.49542638659477234,0.16166895627975464,0,-0.5159206390380859,-0.8470280170440674,-0.12794390320777893,0,0,0.7789809703826904,0,1,0.981257975101471,-0.07921569794416428,-0.1756611317396164,0,0.1545533537864685,0.8679868578910828,0.4719230532646179,0,0.11508796364068985,-0.4902278482913971,0.8639630079269409,0,0,0.20650699734687805,0,1,-0.7668794393539429,-0.6381358504295349,0.0683969259262085,0,0.6169856190681458,-0.7036983370780945,0.3523319363594055,0,-0.17670492827892303,0.3123961091041565,0.9333726763725281,0,0.010521999560296535,-0.047040000557899475,0.15385299921035767,1,0.4687918722629547,-0.882969319820404,0.02449391968548298,0,0.872870147228241,0.4673241078853607,0.14037711918354034,0,-0.13539525866508484,-0.04442763328552246,0.9897950887680054,0,0,0.7856550216674805,0,1,-0.18884804844856262,0.287453830242157,0.9389926195144653,0,-0.9802095890045166,-0.11299300938844681,-0.16254699230194092,0,0.059374868869781494,-0.951106071472168,0.303103506565094,0,0,0.7788980007171631,0,1,0.9922239780426025,0.05861683934926987,0.10979508608579636,0,-0.10177309811115265,0.889915943145752,0.44462502002716064,0,-0.07164591550827026,-0.4523420035839081,0.8889620304107666,0,0,0.21162700653076172,0,1
