2.700,30,80,25
B0,mixamorig_Hips,-1,-0.7576662302017212,-0.13152813911437988,0.6392507553100586,0,-0.12567013502120972,0.9905539751052856,0.05486064776778221,0,-0.640428364276886,-0.03876869007945061,-0.7670387029647827,0,0.00855099968612194,0.7253479957580566,-0.0032870001159608364,1
B1,mixamorig_Spine,0,0.9742351174354553,-0.22103072702884674,-0.04485917091369629,0,0.21963228285312653,0.9749869108200073,-0.034075260162353516,0,0.05126878619194031,0.023344794288277626,0.998412013053894,0,0.0013680000556632876,0.043097998946905136,0,1
B2,mixamorig_Spine1,1,0.9898719787597656,-0.10585290193557739,-0.09459401667118073,0,0.09869509935379028,0.9921029806137085,-0.07739890366792679,0,0.10203999280929565,0.06727909296751022,0.9925029277801514,0,0,0.05030699819326401,0,1
B3,mixamorig_Spine2,2,0.989046037197113,0.100092314183712,-0.10849174112081528,0,-0.10663672536611557,0.9927039742469788,-0.056286223232746124,0,0.10206631571054459,0.06723883748054504,0.9925029873847961,0,0,0.057493001222610474,0,1
B4,mixamorig_Neck,3,0.9866390824317932,-0.00862821750342846,-0.16269473731517792,0,0.007990770041942596,0.9999579787254333,-0.004572052974253893,0,0.1627272516489029,0.0032109078019857407,0.9866659641265869,0,0,0.06468000262975693,0,1
B5,mixamorig_Head,4,0.9169910550117493,0.06648151576519012,-0.3933298885822296,0,-0.09628065675497055,0.9937490224838257,-0.05649850144982338,0,0.3871151804924011,0.08967868983745575,0.9176599979400635,0,-0.12554900348186493,0.09467499703168869,0,1
B6,mixamorig_HeadTop_End,5,1,0,0,0,0,1,0,0,0,0,1,0,-0.020670000463724136,0.01558700017631054,0,1
B7,mixamorig_LeftShoulder,3,-0.9772170782089233,-0.046011924743652344,-0.20719368755817413,0,0.2078692764043808,-0.010363837704062462,-0.9781019687652588,0,0.04285702854394913,-0.9988870024681091,0.01969219744205475,0,-0.003713000100106001,0.04665999859571457,-0.05871399864554405,1
B8,mixamorig_LeftArm,7,-0.9640469551086426,0.042275022715330124,-0.26234596967697144,0,-0.16693797707557678,0.6717732548713684,0.7217007875442505,0,0.20674695074558258,0.7395491600036621,-0.6405637264251709,0,0,0.11573699861764908,0,1
B9,mixamorig_LeftForeArm,8,0.8375729322433472,-0.40727001428604126,0.364145964384079,0,0.4807240068912506,0.8660950064659119,-0.1370519995689392,0,-0.2595680356025696,0.28984498977661133,0.921203076839447,0,0,0.2276410013437271,0,1
B10,mixamorig_LeftHand,9,1,0,0,0,0,1,0,0,0,0,1,0,0,0.2570990025997162,0,1
B11,mixamorig_RightShoulder,3,0.9082861542701721,0.07647587358951569,-0.41129955649375916,0,0.4084874391555786,0.05008488893508911,0.9113886952400208,0,0.09029915928840637,-0.9958128929138184,0.014251988381147385,0,0.0005259999888949096,0.04679400101304054,0.05871399864554405,1
B12,mixamorig_RightArm,11,0.8182830810546875,0.5690749287605286,0.0810370072722435,0,-0.3733610510826111,0.41900119185447693,0.8276709318161011,0,0.43705207109451294,-0.7075250744819641,0.5553319454193115,0,0,0.11541900038719177,0,1
B13,mixamorig_RightForeArm,12,0.66227787733078,-0.703788161277771,-0.2570410370826721,0,0.7407618165016174,0.6665493249893188,0.08356885612010956,0,0.11251585185527802,-0.24575218558311462,0.9627810120582581,0,0,0.22726300358772278,0,1
B14,mixamorig_RightHand,13,1,0,0,0,0,1,0,0,0,0,1,0,0,0.25710898637771606,0,1
B15,mixamorig_LeftUpLeg,0,-0.41315609216690063,-0.7573437690734863,0.5057000517845154,0,0.5004830360412598,-0.6527647376060486,-0.5686960816383362,0,0.7608009576797485,0.01813400536775589,0.648730993270874,0,0.006874999962747097,-0.024018999189138412,-0.07578299939632416,1
B16,mixamorig_LeftLeg,15,0.6549797654151917,-0.6645442843437195,-0.3596979081630707,0,0.7027536630630493,0.7106543183326721,-0.03328308090567589,0,0.27773889899253845,-0.23097921907901764,0.9324749112129211,0,0,0.39323899149894714,0,1
B17,mixamorig_LeftFoot,16,0.045403145253658295,-0.13207422196865082,0.9901989698410034,0,-0.889022171497345,0.44673168659210205,0.10034965723752975,0,-0.45560723543167114,-0.8848658204078674,-0.09713396430015564,0,0,0.3824959993362427,0,1
B18,mixamorig_LeftToeBase,17,0.9804490208625793,-0.08001210540533066,-0.17977216839790344,0,0.15654881298542023,0.87067711353302,0.46627581119537354,0,0.11921588331460953,-0.48530313372612,0.8661808967590332,0,0,0.10404700040817261,0,1
B19,mixamorig_LeftToe_End,18,1,0,0,0,0,1,0,0,0,0,1,0,0,0.04368500038981438,0,1
B20,mixamorig_RightUpLeg,0,-0.8486690521240234,-0.5274130702018738,-0.039945948868989944,0,0.474026083946228,-0.7919171452522278,0.3849247395992279,0,-0.23464815318584442,0.30773821473121643,0.9220828413963318,0,0.006289000157266855,-0.024018999189138412,0.07578299939632416,1
B21,mixamorig_RightLeg,20,0.5900749564170837,-0.8062610626220703,0.041883405297994614,0,0.7974309921264648,0.5901480913162231,0.12581193447113037,0,-0.1261547952890396,-0.04083937779068947,0.9911700487136841,0,0,0.3932250142097473,0,1
B22,mixamorig_RightFoot,21,-0.19363391399383545,0.3249891400337219,0.9256829023361206,0,-0.9809730052947998,-0.07769589126110077,-0.17792198061943054,0,0.014099056832492352,-0.9425210356712341,0.3338499665260315,0,0,0.38236498832702637,0,1
B23,mixamorig_RightToeBase,22,0.9917359352111816,0.05862491577863693,0.11412031948566437,0,-0.10370193421840668,0.8900120854377747,0.4439879357814789,0,-0.07553965598344803,-0.4521530270576477,0.8887360095977783,0,0,0.10548900067806244,0,1
B24,mixamorig_RightToe_End,23,1,0,0,0,0,1,0,0,0,0,1,0,0,0.044149000197649,0,1
@20,0,1,2,3,4,5,7,8,9,11,12,13,15,16,17,18,20,21,22,23
K0,0.639250636100769,-0.13152801990509033,0.7576662302017212,0,0.05486061051487923,0.9905540347099304,0.12567000091075897,0,-0.7670387029647827,-0.03876861557364464,0.6404282450675964,0,-0.003286999650299549,0.7253479957580566,-0.00855099968612194,1,0.9742351174354553,-0.22103072702884674,-0.04485919699072838,0,0.21963228285312653,0.9749869108200073,-0.034075234085321426,0,0.0512688048183918,0.02334476262331009,0.998412013053894,0,0.0013680000556632876,0.043097998946905136,0,1,0.9898719787597656,-0.10585290193557739,-0.09459400922060013,0,0.09869509935379028,0.9921029806137085,-0.07739890366792679,0,0.10203998535871506,0.06727909296751022,0.9925029277801514,0,0,0.05030699819326401,0,1,0.989046037197113,0.10009229183197021,-0.10849171131849289,0,-0.10663670301437378,0.9927039742469788,-0.056286197155714035,0,0.1020662933588028,0.06723880767822266,0.9925029873847961,0,0,0.057493001222610474,0,1,0.9866390824317932,-0.008628224954009056,-0.1626947522163391,0,0.00799077469855547,0.9999579787254333,-0.004572072997689247,0,0.1627272665500641,0.0032109268940985203,0.9866659641265869,0,0,0.06468000262975693,0,1,0.9169910550117493,0.06648144870996475,-0.3933298587799072,0,-0.0962805524468422,0.9937490224838257,-0.05649842694401741,0,0.38711515069007874,0.0896785780787468,0.9176599979400635,0,-0.12554900348186493,0.09467499703168869,0,1,-0.9772171974182129,-0.046011652797460556,-0.2071937620639801,0,0.20786933600902557,-0.010363864712417126,-0.9781020283699036,0,0.04285677149891853,-0.9988871216773987,0.019692005589604378,0,-0.003713000100106001,0.04665999859571457,-0.05871399864554405,1,-0.9640469551086426,0.04227501526474953,-0.2623459994792938,0,-0.16693802177906036,0.6717732548713684,0.7217007875442505,0,0.20674698054790497,0.7395491600036621,-0.6405637264251709,0,0,0.11573699861764908,0,1,0.8375729322433472,-0.40727001428604126,0.364145964384079,0,0.4807240068912506,0.8660950064659119,-0.1370519995689392,0,-0.2595680356025696,0.28984498977661133,0.921203076839447,0,0,0.2276410013437271,0,1,0.9082862138748169,0.07647635787725449,-0.4112994074821472,0,0.4084872901439667,0.0500846765935421,0.9113889336585999,0,0.0902995690703392,-0.9958130121231079,0.01425160001963377,0,0.0005259999888949096,0.04679400101304054,0.05871399864554405,1,0.8182830214500427,0.5690749287605286,0.08103708922863007,0,-0.37336108088493347,0.41900110244750977,0.8276709318161011,0,0.43705207109451294,-0.7075250744819641,0.5553318858146667,0,0,0.11541900038719177,0,1,0.6622778177261353,-0.7037882208824158,-0.2570410966873169,0,0.7407618761062622,0.6665492653846741,0.08356880396604538,0,0.11251591891050339,-0.24575220048427582,0.9627810120582581,0,0,0.22726300358772278,0,1,-0.41315609216690063,-0.7573438286781311,0.5057000517845154,0,0.5004830956459045,-0.6527646780014038,-0.5686960816383362,0,0.7608008980751038,0.01813403144478798,0.6487310528755188,0,0.006874999962747097,-0.024018999189138412,-0.07578299939632416,1,0.6549797058105469,-0.6645442843437195,-0.35969796776771545,0,0.7027536034584045,0.7106543183326721,-0.03328320011496544,0,0.277739018201828,-0.23097918927669525,0.9324748516082764,0,0,0.39323899149894714,0,1,0.04540343955159187,-0.13207431137561798,0.9901989698410034,0,-0.8890223503112793,0.4467313885688782,0.10034999251365662,0,-0.4556070566177368,-0.8848659992218018,-0.09713397175073624,0,0,0.3824959993362427,0,1,0.9804490208625793,-0.08001215755939484,-0.17977215349674225,0,0.15654884278774261,0.87067711353302,0.46627581119537354,0,0.11921584606170654,-0.48530313372612,0.8661808967590332,0,0,0.10404700040817261,0,1,-0.8486690521240234,-0.527413010597229,-0.03994589298963547,0,0.47402602434158325,-0.7919171452522278,0.3849247395992279,0,-0.23464809358119965,0.3077382743358612,0.9220828413963318,0,0.006289000157266855,-0.024018999189138412,0.07578299939632416,1,0.5900749564170837,-0.8062610626220703,0.04188338667154312,0,0.7974309921264648,0.5901481509208679,0.12581172585487366,0,-0.12615461647510529,-0.04083926975727081,0.9911701083183289,0,0,0.3932250142097473,0,1,-0.19363386929035187,0.32498905062675476,0.9256829023361206,0,-0.9809730052947998,-0.07769574224948883,-0.17792201042175293,0,0.014098950661718845,-0.9425210356712341,0.33384984731674194,0,0,0.38236498832702637,0,1,0.9917359352111816,0.0586249940097332,0.11412034183740616,0,-0.10370201617479324,0.8900120854377747,0.44398796558380127,0,-0.07553964853286743,-0.4521530568599701,0.8887359499931335,0,0,0.10548900067806244,0,1
K0.034,0.6518353223800659,-0.13477467000484467,0.7462880611419678,0,0.051328811794519424,0.9896655082702637,0.13389454782009125,0,-0.7566210031509399,-0.048971112817525864,0.6520166993141174,0,-0.008789477869868279,0.7221248149871826,-0.005440288223326206,1,0.9745023250579834,-0.2196817398071289,-0.04567137733101845,0,0.21824315190315247,0.9752857089042664,-0.03446366637945175,0,0.05211363732814789,0.02361743524670601,0.998361349105835,0,0.0013680000556632876,0.043097998946905136,0,1,0.9899717569351196,-0.10328151285648346,-0.09637753665447235,0,0.09586942195892334,0.99228435754776,-0.07861382514238358,0,0.10375331342220306,0.0685858204960823,0.9922353029251099,0,0,0.05030699819326401,0,1,0.9885503053665161,0.1027056872844696,-0.11054211109876633,0,-0.10948441922664642,0.9923474788665771,-0.0570925809442997,0,0.10383246839046478,0.06854154169559479,0.992230236530304,0,0,0.057493001222610474,0,1,0.9860044717788696,-0.005059162154793739,-0.16663961112499237,0,0.003624132601544261,0.9999536275863647,-0.00891454890370369,0,0.16667698323726654,0.008185861632227898,0.985977053642273,0,0,0.06468000262975693,0,1,0.916124165058136,0.06670615822076797,-0.395306795835495,0,-0.097580187022686,0.9935075044631958,-0.05849254131317139,0,0.38883838057518005,0.09216051548719406,0.9166852831840515,0,-0.12554900348186493,0.09467499703168869,0,1,-0.9781862497329712,-0.04673644155263901,-0.20240341126918793,0,0.2034042328596115,-0.01770344004034996,-0.9789352416992188,0,0.04216870665550232,-0.9987506866455078,0.026823701336979866,0,-0.003713000100106001,0.04665999859571457,-0.05871399864554405,1,-0.9650543332099915,0.04675419256091118,-0.25784552097320557,0,-0.16122879087924957,0.6697396636009216,0.7248824238777161,0,0.2065805345773697,0.7411226630210876,-0.6387965679168701,0,0,0.11573699861764908,0,1,0.8357108235359192,-0.409221887588501,0.3662320077419281,0,0.4835267961025238,0.8644753098487854,-0.13741657137870789,0,-0.26036471128463745,0.29192352294921875,0.9203212261199951,0,0,0.2276410013437271,0,1,0.9140691757202148,0.07151658833026886,-0.39920204877853394,0,0.39538732171058655,0.06191077083349228,0.9164258241653442,0,0.09025456011295319,-0.9955158829689026,0.02831396833062172,0,0.0005259999888949096,0.04679400101304054,0.05871399864554405,1,0.8193162083625793,0.5689041018486023,0.07120233029127121,0,-0.36052897572517395,0.414651095867157,0.8355139493942261,0,0.4458031952381134,-0.7102206349372864,0.5448367595672607,0,0,0.11541900038719177,0,1,0.6596781015396118,-0.7058262228965759,-0.25813591480255127,0,0.743086576461792,0.6639660596847534,0.08349592238664627,0,0.11245984584093094,-0.24689768254756927,0.9624935388565063,0,0,0.22726300358772278,0,1,-0.4079519510269165,-0.7597236037254333,0.5063554644584656,0,0.5062981247901917,-0.6497631669044495,-0.5669833421707153,0,0.7597615718841553,0.025064827874302864,0.649718701839447,0,0.006874999962747097,-0.024018999189138412,-0.07578299939632416,1,0.6589662432670593,-0.659320056438446,-0.3620242476463318,0,0.7005733847618103,0.7131887078285217,-0.023659786209464073,0,0.2737906277179718,-0.2380332201719284,0.9318680763244629,0,0,0.39323899149894714,0,1,0.0566958524286747,-0.13001129031181335,0.9898906946182251,0,-0.882044792175293,0.45798343420028687,0.11067011952400208,0,-0.46774181723594666,-0.8794023394584656,-0.08871001750230789,0,0,0.3824959993362427,0,1,0.9804490804672241,-0.0800122395157814,-0.17977160215377808,0,0.15654878318309784,0.8706780672073364,0.4662761092185974,0,0.11921535432338715,-0.4853028655052185,0.8661810159683228,0,0,0.10404700040817261,0,1,-0.8429545760154724,-0.537006139755249,-0.03242314234375954,0,0.48530831933021545,-0.7850448489189148,0.3849426209926605,0,-0.2321702092885971,0.30875396728515625,0.9223708510398865,0,0.006289000157266855,-0.024018999189138412,0.07578299939632416,1,0.564886212348938,-0.824654757976532,0.02911509945988655,0,0.8159393072128296,0.5634828209877014,0.12934336066246033,0,-0.12306956201791763,-0.049308162182569504,0.9911725521087646,0,0,0.3932250142097473,0,1,-0.18953081965446472,0.32596948742866516,0.9261872172355652,0,-0.9812897443771362,-0.0954335629940033,-0.1672191023826599,0,0.03388100489974022,-0.9405514001846313,0.3379581868648529,0,0,0.38236498832702637,0,1,0.9917359948158264,0.05862489715218544,0.11412087082862854,0,-0.1037021055817604,0.8900109529495239,0.4439881145954132,0,-0.07554012537002563,-0.45215389132499695,0.8887360692024231,0,0,0.10548900067806244,0,1
K0.067,0.6535915732383728,-0.14042861759662628,0.7437052130699158,0,0.04790721833705902,0.9883413910865784,0.1445191651582718,0,-0.7553296089172363,-0.05882769823074341,0.6526994705200195,0,-0.01441406924277544,0.7194502949714661,-0.0028868450317531824,1,0.9746862649917603,-0.21870775520801544,-0.04640454053878784,0,0.21722154319286346,0.975493848323822,-0.03502266854047775,0,0.052927058190107346,0.02405603975057602,0.9983082413673401,0,0.0013680000556632876,0.043097998946905136,0,1,0.9901059865951538,-0.10149356722831726,-0.09689360857009888,0,0.09393040835857391,0.992385983467102,-0.07967227697372437,0,0.10424208641052246,0.06978274136781693,0.992100715637207,0,0,0.05030699819326401,0,1,0.9882542490959167,0.10465899109840393,-0.11135656386613846,0,-0.11158999800682068,0.9920644164085388,-0.05792945623397827,0,0.10441002994775772,0.06967529654502869,0.9920905828475952,0,0,0.057493001222610474,0,1,0.9847443699836731,0.00421070447191596,-0.17395704984664917,0,-0.007141003850847483,0.9998427629470825,-0.0162225142121315,0,0.17386144399642944,0.017217259854078293,0.9846198558807373,0,0,0.06468000262975693,0,1,0.9148963689804077,0.06689698994159698,-0.3981066346168518,0,-0.09771136194467545,0.9935465455055237,-0.05759890004992485,0,0.39168447256088257,0.09159661829471588,0.9155292510986328,0,-0.12554900348186493,0.09467499703168869,0,1,-0.9793204665184021,-0.047518279403448105,-0.19665645062923431,0,0.19801172614097595,-0.025683291256427765,-0.9798635840415955,0,0.04151064530014992,-0.9985402226448059,0.034561168402433395,0,-0.003713000100106001,0.04665999859571457,-0.05871399864554405,1,-0.9657958149909973,0.052820973098278046,-0.25386756658554077,0,-0.15411025285720825,0.6704404354095459,0.7257813215255737,0,0.20853960514068604,0.7400804162025452,-0.6393684148788452,0,0,0.11573699861764908,0,1,0.8340548872947693,-0.4121955633163452,0.3666696548461914,0,0.4871147572994232,0.8622506260871887,-0.13872043788433075,0,-0.2589811384677887,0.2943105697631836,0.9199506044387817,0,0,0.2276410013437271,0,1,0.9196012616157532,0.06552881002426147,-0.38735082745552063,0,0.3823572099208832,0.07711251825094223,0.9207913875579834,0,0.09020791202783585,-0.9948665499687195,0.045857321470975876,0,0.0005259999888949096,0.04679400101304054,0.05871399864554405,1,0.8229759335517883,0.5649263858795166,0.059748247265815735,0,-0.34286221861839294,0.410091370344162,0.8451454043388367,0,0.45294222235679626,-0.7160189151763916,0.5311866402626038,0,0,0.11541900038719177,0,1,0.658437967300415,-0.7066797018051147,-0.2589644193649292,0,0.7441232204437256,0.6628434658050537,0.08318125456571579,0,0.11287041008472443,-0.24747121334075928,0.9622983932495117,0,0,0.22726300358772278,0,1,-0.4063349664211273,-0.7607821822166443,0.5060662031173706,0,0.5095024704933167,-0.648404061794281,-0.5656682848930359,0,0.7584850192070007,0.027991199865937233,0.6510889530181885,0,0.006874999962747097,-0.024018999189138412,-0.07578299939632416,1,0.6670125722885132,-0.6556141972541809,-0.3539258539676666,0,0.6964548230171204,0.7174137830734253,-0.01639482192695141,0,0.2646598815917969,-0.23555777966976166,0.9351295828819275,0,0,0.39323899149894714,0,1,0.06424340605735779,-0.13505223393440247,0.9887535572052002,0,-0.8762992024421692,0.46641719341278076,0.12064387649297714,0,-0.477464884519577,-0.8741946220397949,-0.08838191628456116,0,0,0.3824959993362427,0,1,0.9804490804672241,-0.08001302927732468,-0.179770827293396,0,0.15654899179935455,0.8706769943237305,0.4662759304046631,0,0.1192142441868782,-0.48530304431915283,0.8661808967590332,0,0,0.10404700040817261,0,1,-0.833908200263977,-0.5515729188919067,-0.01907414197921753,0,0.5034915804862976,-0.7744608521461487,0.3830234706401825,0,-0.22603756189346313,0.30980274081230164,0.9235415458679199,0,0.006289000157266855,-0.024018999189138412,0.07578299939632416,1,0.5414808988571167,-0.8404343724250793,0.02165575884282589,0,0.8317514657974243,0.5392820835113525,0.1317729651927948,0,-0.12242508679628372,-0.05334033817052841,0.9910434484481812,0,0,0.3932250142097473,0,1,-0.1870279312133789,0.3233857750892639,0.9276003241539001,0,-0.9811458587646484,-0.10831749439239502,-0.1600617915391922,0,0.04871368408203125,-0.9400478005409241,0.3375472128391266,0,0,0.38236498832702637,0,1,0.9917359948158264,0.05862482637166977,0.11412092298269272,0,-0.10370216518640518,0.8900110721588135,0.4439888894557953,0,-0.07554006576538086,-0.4521540403366089,0.8887349963188171,0,0,0.10548900067806244,0,1
K0.101,0.6464194059371948,-0.14814896881580353,0.7484610080718994,0,0.04437803849577904,0.9866077303886414,0.15695951879024506,0,-0.7616904973983765,-0.06824642419815063,0.6443366408348083,0,-0.020088287070393562,0.7172929048538208,-0.0008739755139686167,1,0.9746905565261841,-0.21850846707820892,-0.047256115823984146,0,0.21694877743721008,0.9755188822746277,-0.035999976098537445,0,0.05396550893783569,0.024836666882038116,0.9982337355613708,0,0.0013680000556632876,0.043097998946905136,0,1,0.9901428818702698,-0.10134583711624146,-0.09667046368122101,0,0.0936426967382431,0.9922926425933838,-0.08115275949239731,0,0.10414997488260269,0.07130040228366852,0.9920026659965515,0,0,0.05030699819326401,0,1,0.9881888628005981,0.10506289452314377,-0.11155428737401962,0,-0.11215031147003174,0.9919222593307495,-0.05926675722002983,0,0.10442647337913513,0.0710776075720787,0.9919895529747009,0,0,0.057493001222610474,0,1,0.9829875230789185,0.016814665868878365,-0.18289843201637268,0,-0.02098567597568035,0.9995616674423218,-0.020893355831503868,0,0.1824670135974884,0.024376165121793747,0.9829098582267761,0,0,0.06468000262975693,0,1,0.9127222299575806,0.06367892771959305,-0.40358778834342957,0,-0.09661649912595749,0.9934033751487732,-0.06175895780324936,0,0.3969928026199341,0.09536202996969223,0.9128538966178894,0,-0.12554900348186493,0.09467499703168869,0,1,-0.9799125790596008,-0.048020798712968826,-0.1935582011938095,0,0.19514302909374237,-0.030817512422800064,-0.9802902936935425,0,0.0411093533039093,-0.9983707666397095,0.039569418877363205,0,-0.003713000100106001,0.04665999859571457,-0.05871399864554405,1,-0.9665677547454834,0.0608835406601429,-0.24907824397087097,0,-0.14468678832054138,0.6724703311920166,0.7258440256118774,0,0.21168974041938782,0.7376159429550171,-0.6411792635917664,0,0,0.11573699861764908,0,1,0.8326874375343323,-0.41441041231155396,0.3672817647457123,0,0.4893387258052826,0.8611437678337097,-0.13776691257953644,0,-0.25919032096862793,0.29444196820259094,0.9198505878448486,0,0,0.2276410013437271,0,1,0.9249898791313171,0.059808485209941864,-0.3752565383911133,0,0.36909356713294983,0.09341128170490265,0.9246864914894104,0,0.09035727381706238,-0.9938299059867859,0.06432953476905823,0,0.0005259999888949096,0.04679400101304054,0.05871399864554405,1,0.8285796046257019,0.5579231381416321,0.04666151851415634,0,-0.32163164019584656,0.4061233699321747,0.8553463220596313,0,0.4582669734954834,-0.7237299084663391,0.5159510374069214,0,0,0.11541900038719177,0,1,0.6590682864189148,-0.705304741859436,-0.26110291481018066,0,0.7428856492042542,0.6646450161933899,0.07979632169008255,0,0.11726004630327225,-0.24656084179878235,0.9620071649551392,0,0,0.22726300358772278,0,1,-0.40756842494010925,-0.7607147693634033,0.5051739811897278,0,0.5104812383651733,-0.6484930515289307,-0.5646811127662659,0,0.7571634650230408,0.027735618874430656,0.6526363492012024,0,0.006874999962747097,-0.024018999189138412,-0.07578299939632416,1,0.6780906915664673,-0.6530879139900208,-0.33714985847473145,0,0.6906678080558777,0.7230798006057739,-0.01156538724899292,0,0.2513393759727478,-0.22501610219478607,0.9413802623748779,0,0,0.39323899149894714,0,1,0.06871645152568817,-0.1458180844783783,0.9869217872619629,0,-0.8716858625411987,0.47237396240234375,0.130486398935318,0,-0.4852235019207001,-0.8692523837089539,-0.09464772790670395,0,0,0.3824959993362427,0,1,0.9804490208625793,-0.08001270890235901,-0.17977172136306763,0,0.15654924511909485,0.8706780076026917,0.466276079416275,0,0.1192152351140976,-0.4853029251098633,0.8661810159683228,0,0,0.10404700040817261,0,1,-0.8217331171035767,-0.5698704719543457,-0.0011248618829995394,0,0.5269435048103333,-0.7605826258659363,0.3792682886123657,0,-0.2169894427061081,0.311064749956131,0.925286054611206,0,0.006289000157266855,-0.024018999189138412,0.07578299939632416,1,0.5199882388114929,-0.8539661169052124,0.0188068188726902,0,0.845193088054657,0.5175811052322388,0.1332622468471527,0,-0.12353555858135223,-0.05339943617582321,0.990902841091156,0,0,0.3932250142097473,0,1,-0.1858038753271103,0.3175550699234009,0.9298579096794128,0,-0.9808025360107422,-0.11693870276212692,-0.1560479700565338,0,0.059182558208703995,-0.9410013556480408,0.3331865072250366,0,0,0.38236498832702637,0,1,0.9917359948158264,0.05862491950392723,0.11412081122398376,0,-0.10370215028524399,0.8900120854377747,0.4439879357814789,0,-0.07554009556770325,-0.4521530866622925,0.8887359499931335,0,0,0.10548900067806244,0,1
K0.135,0.6319624781608582,-0.15753328800201416,0.7588194608688354,0,0.04053579270839691,0.9845016002655029,0.17062638700008392,0,-0.7739385366439819,-0.07707016915082932,0.6285539865493774,0,-0.025734344497323036,0.7156106233596802,0.000613957759924233,1,0.9745462536811829,-0.21885201334953308,-0.048611585050821304,0,0.21718190610408783,0.9754147529602051,-0.03739161416888237,0,0.05559969320893288,0.025882303714752197,0.9981176257133484,0,0.0013680000556632876,0.043097998946905136,0,1,0.9900389313697815,-0.10239182412624359,-0.09664028137922287,0,0.0944790318608284,0.9920448660850525,-0.08318860828876495,0,0.10438936948776245,0.07322951406240463,0.9918373227119446,0,0,0.05030699819326401,0,1,0.9882078766822815,0.10433336347341537,-0.11207468062639236,0,-0.11164500564336777,0.9918704628944397,-0.06106007471680641,0,0.10479293763637543,0.07285259664058685,0.9918221235275269,0,0,0.057493001222610474,0,1,0.9801774621009827,0.03269419074058533,-0.19540537893772125,0,-0.03872545808553696,0.9988821744918823,-0.027124013751745224,0,0.19429996609687805,0.03415348008275032,0.9803469181060791,0,0,0.06468000262975693,0,1,0.9099297523498535,0.057414766401052475,-0.4107704162597656,0,-0.09272196888923645,0.9934660792350769,-0.0665355995297432,0,0.40426647663116455,0.09863020479679108,0.9093083143234253,0,-0.12554900348186493,0.09467499703168869,0,1,-0.9809365272521973,-0.048494961112737656,-0.18817856907844543,0,0.1900150030851364,-0.036505185067653656,-0.9811018109321594,0,0.04070902615785599,-0.9981560707092285,0.04502411559224129,0,-0.003713000100106001,0.04665999859571457,-0.05871399864554405,1,-0.9665690660476685,0.06571174412965775,-0.247843399643898,0,-0.13923439383506775,0.677161455154419,0.7225413918495178,0,0.21530947089195251,0.7328944802284241,-0.6453740000724792,0,0,0.11573699861764908,0,1,0.83527010679245,-0.41204017400741577,0.3640685975551605,0,0.4864502251148224,0.8624210357666016,-0.13998790085315704,0,-0.25629985332489014,0.29402902722358704,0.9207918047904968,0,0,0.2276410013437271,0,1,0.930905818939209,0.05450946465134621,-0.361167848110199,0,0.3539719581604004,0.10927386581897736,0.9288507103919983,0,0.09009736031293869,-0.9925156831741333,0.08242885023355484,0,0.0005259999888949096,0.04679400101304054,0.05871399864554405,1,0.8344071507453918,0.5501955151557922,0.03238852322101593,0,-0.29882776737213135,0.4022485017776489,0.8653889894485474,0,0.46310511231422424,-0.731765627861023,0.5000529289245605,0,0,0.11541900038719177,0,1,0.6581861972808838,-0.7044212222099304,-0.26567307114601135,0,0.7422550916671753,0.6661801934242249,0.07253500819206238,0,0.12589095532894135,-0.24493873119354248,0.9613308310508728,0,0,0.22726300358772278,0,1,-0.409508615732193,-0.7595690488815308,0.5053285360336304,0,0.5071532726287842,-0.6499645113945007,-0.5659869313240051,0,0.7583521008491516,0.024502549320459366,0.6513842940330505,0,0.006874999962747097,-0.024018999189138412,-0.07578299939632416,1,0.6915944814682007,-0.6496899724006653,-0.31559497117996216,0,0.6835023760795593,0.7299323081970215,-0.004826591815799475,0,0.23349882662296295,-0.21237196028232574,0.9488822221755981,0,0,0.39323899149894714,0,1,0.0718933641910553,-0.157973974943161,0.9848222732543945,0,-0.8672884702682495,0.4777308404445648,0.139945387840271,0,-0.4925878942012787,-0.8641864061355591,-0.10266337543725967,0,0,0.3824959993362427,0,1,0.9804489612579346,-0.08001240342855453,-0.17977109551429749,0,0.1565486639738083,0.8706782460212708,0.46627581119537354,0,0.11921484768390656,-0.48530226945877075,0.8661808371543884,0,0,0.10404700040817261,0,1,-0.8067013621330261,-0.5906195640563965,0.020048663020133972,0,0.5539736747741699,-0.7439639568328857,0.3736712336540222,0,-0.20578211545944214,0.31254756450653076,0.927344560623169,0,0.006289000157266855,-0.024018999189138412,0.07578299939632416,1,0.5006223917007446,-0.8654385209083557,0.019842199981212616,0,0.856473445892334,0.4985075891017914,0.13394911587238312,0,-0.12581630051136017,-0.05006365850567818,0.9907898902893066,0,0,0.3932250142097473,0,1,-0.18559502065181732,0.30895328521728516,0.9327930808067322,0,-0.9804239273071289,-0.1217479482293129,-0.15474742650985718,0,0.06575583666563034,-0.9432525038719177,0.3255007863044739,0,0,0.38236498832702637,0,1,0.9917359948158264,0.05862611532211304,0.11412015557289124,0,-0.1037028506398201,0.890011191368103,0.44398775696754456,0,-0.07553894817829132,-0.4521532952785492,0.8887359499931335,0,0,0.10548900067806244,0,1
K0.169,0.6118108034133911,-0.16811580955982208,0.7729326486587524,0,0.036200519651174545,0.9820801019668579,0.18495184183120728,0,-0.7901751399040222,-0.08517500013113022,0.6069331765174866,0,-0.031278133392333984,0.7143721580505371,0.0015955562703311443,1,0.9745148420333862,-0.2186763435602188,-0.05000819265842438,0,0.21691115200519562,0.9754348993301392,-0.0384213961660862,0,0.05718160420656204,0.026594897732138634,0.9980095028877258,0,0.0013680000556632876,0.043097998946905136,0,1,0.9900902509689331,-0.10234297066926956,-0.09615997970104218,0,0.09434901177883148,0.9919633865356445,-0.08430161327123642,0,0.10401488840579987,0.074393630027771,0.9917895197868347,0,0,0.05030699819326401,0,1,0.9881694316864014,0.10476460307836533,-0.11200239509344101,0,-0.11217296123504639,0.9917521476745605,-0.062010906636714935,0,0.10458210855722427,0.07384094595909119,0.9917713403701782,0,0,0.057493001222610474,0,1,0.9769880771636963,0.041947562247514725,-0.20912794768810272,0,-0.05135175213217735,0.9978899359703064,-0.03974120318889618,0,0.20701958239078522,0.04956575483083725,0.9770804047584534,0,0,0.06468000262975693,0,1,0.9074622988700867,0.05398673936724663,-0.4166495203971863,0,-0.09104681760072708,0.9934130907058716,-0.06957986205816269,0,0.41014885902404785,0.10107574611902237,0.9064005017280579,0,-0.12554900348186493,0.09467499703168869,0,1,-0.9818733930587769,-0.049049604684114456,-0.18308305740356445,0,0.18521949648857117,-0.04324515536427498,-0.9817453622817993,0,0.04023675620555878,-0.9978596568107605,0.051546115428209305,0,-0.003713000100106001,0.04665999859571457,-0.05871399864554405,1,-0.9661048054695129,0.06745069473981857,-0.24918073415756226,0,-0.13731323182582855,0.6831093430519104,0.7172913551330566,0,0.2185996025800705,0.7271948456764221,-0.6506937742233276,0,0,0.11573699861764908,0,1,0.8408955335617065,-0.40476447343826294,0.35925012826919556,0,0.4777463376522064,0.8670492768287659,-0.14136116206645966,0,-0.2542698383331299,0.290500670671463,0.9224733710289001,0,0,0.2276410013437271,0,1,0.9363793730735779,0.04829094558954239,-0.3476514220237732,0,0.3392128348350525,0.12991295754909515,0.9316961765289307,0,0.09015686810016632,-0.9903483390808105,0.10526684671640396,0,0.0005259999888949096,0.04679400101304054,0.05871399864554405,1,0.8351613283157349,0.5493919849395752,0.025967296212911606,0,-0.2837156355381012,0.3898841142654419,0.8760681748390198,0,0.47118040919303894,-0.739025354385376,0.4814870357513428,0,0,0.11541900038719177,0,1,0.6533098816871643,-0.7065315842628479,-0.2720291018486023,0,0.7450119853019714,0.663879930973053,0.06496195495128632,0,0.13469703495502472,-0.2451052963733673,0.9600940346717834,0,0,0.22726300358772278,0,1,-0.4135887026786804,-0.7573487162590027,0.5053387880325317,0,0.5022347569465637,-0.6527280211448669,-0.5671919584274292,0,0.7594109177589417,0.019214550033211708,0.6503276824951172,0,0.006874999962747097,-0.024018999189138412,-0.07578299939632416,1,0.7060900926589966,-0.6459008455276489,-0.29025694727897644,0,0.6749988794326782,0.7378195524215698,0.00017817097250372171,0,0.21404194831848145,-0.19604869186878204,0.9569483995437622,0,0,0.39323899149894714,0,1,0.07125922292470932,-0.17322462797164917,0.9823014736175537,0,-0.8637547492980957,0.4818037152290344,0.14762352406978607,0,-0.4988483786582947,-0.8589867949485779,-0.11529061943292618,0,0,0.3824959993362427,0,1,0.9804490804672241,-0.08001289516687393,-0.17977090179920197,0,0.15654893219470978,0.8706769347190857,0.46627604961395264,0,0.11921436339616776,-0.4853031635284424,0.8661808371543884,0,0,0.10404700040817261,0,1,-0.7892459034919739,-0.6125675439834595,0.04302792251110077,0,0.5828993320465088,-0.7252905368804932,0.36630794405937195,0,-0.193180650472641,0.31418803334236145,0.929498016834259,0,0.006289000157266855,-0.024018999189138412,0.07578299939632416,1,0.4836215376853943,-0.8749480247497559,0.02399071305990219,0,0.8657513856887817,0.4822113811969757,0.13396432995796204,0,-0.1287805289030075,-0.04401807487010956,0.9906960725784302,0,0,0.3932250142097473,0,1,-0.18617738783359528,0.2981908917427063,0.9361729025840759,0,-0.9801010489463806,-0.12313132733106613,-0.15569347143173218,0,0.06884590536355972,-0.9465312361717224,0.3151817321777344,0,0,0.38236498832702637,0,1,0.9917359352111816,0.05862538889050484,0.11412093788385391,0,-0.10370256006717682,0.890011191368103,0.44398775696754456,0,-0.0755399689078331,-0.4521532952785492,0.888735830783844,0,0,0.10548900067806244,0,1
K0.202,0.5876195430755615,-0.1793822944164276,0.7890022993087769,0,0.031295619904994965,0.9794248938560486,0.1993676722049713,0,-0.8085318803787231,-0.09246008098125458,0.5811433792114258,0,-0.03664109855890274,0.7135428190231323,0.002088648732751608,1,0.9745729565620422,-0.21823032200336456,-0.05082063004374504,0,0.21637670695781708,0.9755075573921204,-0.039559610188007355,0,0.058209046721458435,0.027557341381907463,0.9979237914085388,0,0.0013680000556632876,0.043097998946905136,0,1,0.9903464317321777,-0.10173995047807693,-0.09414439648389816,0,0.09377234429121017,0.9919150471687317,-0.08550997823476791,0,0.10208293795585632,0.0758562907576561,0.9918791055679321,0,0,0.05030699819326401,0,1,0.9882341623306274,0.10578691214323044,-0.11046551913022995,0,-0.11322256177663803,0.9915478229522705,-0.06334663927555084,0,0.10283062607049942,0.07510852068662643,0.9918591380119324,0,0,0.057493001222610474,0,1,0.9737093448638916,0.04942597448825836,-0.22236621379852295,0,-0.06283804774284363,0.9965805411338806,-0.05364586412906647,0,0.21895456314086914,0.0662086009979248,0.9734865427017212,0,0,0.06468000262975693,0,1,0.9054331183433533,0.048308372497558594,-0.4217309057712555,0,-0.08819492161273956,0.9932318329811096,-0.07557706534862518,0,0.41522568464279175,0.10562451928853989,0.9035657644271851,0,-0.12554900348186493,0.09467499703168869,0,1,-0.9822781085968018,-0.04940160736441612,-0.1808016151189804,0,0.18311958014965057,-0.0472804494202137,-0.9819526076316833,0,0.039961643517017365,-0.9976588487625122,0.05548906698822975,0,-0.003713000100106001,0.04665999859571457,-0.05871399864554405,1,-0.9659912586212158,0.0721709281206131,-0.24830001592636108,0,-0.13186262547969818,0.6885217428207397,0.7131268382072449,0,0.22242701053619385,0.7216157913208008,-0.6555894613265991,0,0,0.11573699861764908,0,1,0.8434099555015564,-0.40123966336250305,0.35730332136154175,0,0.4737204611301422,0.8691150546073914,-0.14222405850887299,0,-0.25347182154655457,0.28921517729759216,0.9230960011482239,0,0,0.2276410013437271,0,1,0.9424706101417542,0.041409801691770554,-0.33171603083610535,0,0.32204577326774597,0.1536349654197693,0.9341745972633362,0,0.08964715898036957,-0.9872598648071289,0.13146057724952698,0,0.0005259999888949096,0.04679400101304054,0.05871399864554405,1,0.8325597643852234,0.5534335374832153,0.023576609790325165,0,-0.2733457088470459,0.37344464659690857,0.8864654302597046,0,0.48179513216018677,-0.7444800138473511,0.46219366788864136,0,0,0.11541900038719177,0,1,0.6441945433616638,-0.7114159464836121,-0.28089314699172974,0,0.7507875561714172,0.6582818031311035,0.054615318775177,0,0.14605261385440826,-0.246073916554451,0.9581835865974426,0,0,0.22726300358772278,0,1,-0.4182332158088684,-0.7540386915206909,0.5064651370048523,0,0.49499794840812683,-0.6567065119743347,-0.5689581632614136,0,0.7616155743598938,0.012742014601826668,0.6479042172431946,0,0.006874999962747097,-0.024018999189138412,-0.07578299939632416,1,0.7210162281990051,-0.6406393051147461,-0.2640398144721985,0,0.6652988791465759,0.7465577721595764,0.005366761237382889,0,0.19368284940719604,-0.1795349270105362,0.9644969701766968,0,0,0.39323899149894714,0,1,0.06812255084514618,-0.18889294564723969,0.9796317219734192,0,-0.8604728579521179,0.4858187437057495,0.1535121649503708,0,-0.5049213171005249,-0.8534049391746521,-0.12944218516349792,0,0,0.3824959993362427,0,1,0.9804491400718689,-0.08001085370779037,-0.17977267503738403,0,0.15654821693897247,0.8706759214401245,0.4662780165672302,0,0.1192164197564125,-0.48530492186546326,0.8661789894104004,0,0,0.10404700040817261,0,1,-0.7699710726737976,-0.6346262097358704,0.06629053503274918,0,0.6121269464492798,-0.7053297758102417,0.357506662607193,0,-0.18012627959251404,0.3158477544784546,0.9315546154975891,0,0.006289000157266855,-0.024018999189138412,0.07578299939632416,1,0.4691740870475769,-0.8825773596763611,0.030550792813301086,0,0.8731727004051208,0.4687933027744293,0.13342973589897156,0,-0.1320839673280716,-0.03592563048005104,0.9905872941017151,0,0,0.3932250142097473,0,1,-0.18740233778953552,0.2858959138393402,0.9397571682929993,0,-0.9798671007156372,-0.12147363275289536,-0.158445805311203,0,0.06885672360658646,-0.9505304098129272,0.30290451645851135,0,0,0.38236498832702637,0,1,0.9917359352111816,0.058624930679798126,0.11412034928798676,0,-0.10370191186666489,0.8900110125541687,0.4439881145954132,0,-0.07553964853286743,-0.4521538019180298,0.8887361288070679,0,0,0.10548900067806244,0,1
