11.433,30,343,25
B0,mixamorig_Hips,-1,0.009116481058299541,0.09011325240135193,0.9958895444869995,0,0.0025195700582116842,0.9959256649017334,-0.09013958275318146,0,-0.9999553561210632,0.0033309704158455133,0.008852295577526093,0,0.00227920338511467,0.819490373134613,0.0059025902301073074,1
B1,mixamorig_Spine,0,0.9984932541847229,-0.05487316474318504,-0.00039181741885840893,0,0.054873429238796234,0.998492956161499,0.0007225204608403146,0,0.00035158012178726494,-0.0007429325487464666,1,0,0.0014400000218302011,0.04484400153160095,0,1
B2,mixamorig_Spine1,1,0.9988712668418884,-0.04750487208366394,-0.0006391662755049765,0,0.047506459057331085,0.9988673329353333,0.0027733349706977606,0,0.0005066950689069927,-0.002800567075610161,0.9999959468841553,0,0,0.052345000207424164,0,1
B3,mixamorig_Spine2,2,0.9988712668418884,-0.04750487953424454,-0.0006370093324221671,0,0.047506459057331085,0.9988673329353333,0.0027723857201635838,0,0.0005045856232754886,-0.0027995165437459946,0.9999959468841553,0,0,0.05982299894094467,0,1
B4,mixamorig_Neck,3,0.9988153576850891,0.04821900278329849,-0.0065156384371221066,0,-0.04803447425365448,0.9985072016716003,0.026006674394011497,0,0.007759926840662956,-0.02566288597881794,0.9996402859687805,0,0,0.06730099767446518,0,1
B5,mixamorig_Head,4,0.9956110119819641,0.06639241427183151,-0.06595628708600998,0,-0.0663890391588211,0.9977914094924927,0.002245808020234108,0,0.06595971435308456,0.0021428228355944157,0.997819721698761,0,-0.13123999536037445,0.09945400059223175,0,1
B6,mixamorig_HeadTop_End,5,1,0,0,0,0,1,0,0,0,0,1,0,-0.006947999820113182,0.005264999810606241,0,1
B7,mixamorig_LeftShoulder,3,-0.9835088849067688,0.12864242494106293,0.1271250993013382,0,-0.14013458788394928,-0.09769029915332794,-0.9853010177612305,0,-0.11433272063732147,-0.9868677854537964,0.11410659551620483,0,-0.0036909999325871468,0.0479619987308979,-0.0578249990940094,1
B8,mixamorig_LeftArm,7,-0.9226073622703552,-0.38196083903312683,-0.05387013033032417,0,-0.2319074273109436,0.4376388490200043,0.8687298893928528,0,-0.308244913816452,0.8139889240264893,-0.4923480749130249,0,0,0.11626599729061127,0,1
B9,mixamorig_LeftForeArm,8,0.9647158980369568,-0.26317426562309265,0.00791191216558218,0,0.2632923722267151,0.9643496870994568,-0.026583652943372726,0,-0.0006337164086289704,0.027728810906410217,0.9996148943901062,0,0,0.22424599528312683,0,1
B10,mixamorig_LeftHand,9,1,0,0,0,0,1,0,0,0,0,1,0,0,0.2598569989204407,0,1
B11,mixamorig_RightShoulder,3,0.9898154735565186,-0.08561618626117706,0.11373215168714523,0,-0.12178774178028107,-0.09562356024980545,0.9879393577575684,0,-0.07370816171169281,-0.9917292594909668,-0.10507673025131226,0,-0.004825999960303307,0.047926001250743866,0.0578249990940094,1
B12,mixamorig_RightArm,11,0.9560543298721313,-0.28336235880851746,-0.07526680827140808,0,0.18752872943878174,0.39367905259132385,0.899916410446167,0,-0.2253715991973877,-0.8744842410087585,0.4295174479484558,0,0,0.11645600199699402,0,1
B13,mixamorig_RightForeArm,12,0.9674814343452454,-0.2527410686016083,-0.010082361288368702,0,0.25293779373168945,0.9669310450553894,0.032674383372068405,0,0.0014907884178683162,-0.034162066876888275,0.9994154572486877,0,0,0.224604994058609,0,1
B14,mixamorig_RightHand,13,1,0,0,0,0,1,0,0,0,0,1,0,0,0.25987398624420166,0,1
B15,mixamorig_LeftUpLeg,0,-0.9766830205917358,-0.11682378500699997,0.1801186054944992,0,0.0809994786977768,-0.9774958491325378,-0.19478246569633484,0,0.19882041215896606,-0.17565122246742249,0.9641664028167725,0,0.007242000196129084,-0.025092000141739845,-0.07581000030040741,1
B16,mixamorig_LeftLeg,15,0.8763926029205322,-0.4495743215084076,-0.1726822853088379,0,0.46786168217658997,0.8798086047172546,0.08391807228326797,0,0.1141999214887619,-0.15433655679225922,0.9813960790634155,0,0,0.390720009803772,0,1
B17,mixamorig_LeftFoot,16,0.14604900777339935,0.024628855288028717,0.9889702796936035,0,-0.9671732187271118,0.21369870007038116,0.13750818371772766,0,-0.20795506238937378,-0.9765889048576355,0.05503088980913162,0,0,0.3791869878768921,0,1
B18,mixamorig_LeftToeBase,17,0.9939296841621399,0.0006844465970061719,-0.11001602560281754,0,0.050481848418712616,0.8856591582298279,0.4615836441516876,0,0.09775257855653763,-0.46433526277542114,0.880247950553894,0,0,0.10404700040817261,0,1
B19,mixamorig_LeftToe_End,18,1,0,0,0,0,1,0,0,0,0,1,0,0,0.04368500038981438,0,1
B20,mixamorig_RightUpLeg,0,-0.9563141465187073,-0.1327999383211136,-0.26043543219566345,0,0.09731387346982956,-0.9846692085266113,0.14476285874843597,0,-0.2756674289703369,0.11309485882520676,0.9545770287513733,0,0.0063299997709691525,-0.025092000141739845,0.07581000030040741,1
B21,mixamorig_RightLeg,20,0.8699504137039185,-0.46956172585487366,0.15066027641296387,0,0.4685932397842407,0.8823120594024658,0.04411980137228966,0,-0.15364626049995422,0.03221632540225983,0.9876006245613098,0,0,0.39068400859832764,0,1
B22,mixamorig_RightFoot,21,-0.06838377565145493,0.06930447369813919,0.9952489137649536,0,-0.9754952788352966,0.2044644057750702,-0.08126448094844818,0,-0.20912495255470276,-0.9764178991317749,0.05362417548894882,0,0,0.3790229856967926,0,1
B23,mixamorig_RightToeBase,22,0.993564784526825,-0.0035895376931875944,0.11320720613002777,0,-0.050610460340976715,0.8800962567329407,0.47208932042121887,0,-0.10132785886526108,-0.47478100657463074,0.8742513656616211,0,0,0.10548900067806244,0,1
B24,mixamorig_RightToe_End,23,1,0,0,0,0,1,0,0,0,0,1,0,0,0.044149000197649,0,1
@20,0,1,2,3,4,5,7,8,9,11,12,13,15,16,17,18,20,21,22,23
K0,0.9941409230232239,0.10594984889030457,-0.021386921405792236,0,-0.10605289787054062,0.9943530559539795,-0.003739858977496624,0,0.020869923755526543,0.005986099597066641,0.9997640252113342,0,0.00280999974347651,0.8159859776496887,0.0005740000633522868,1,0.9984830617904663,-0.05504004284739494,-0.0015569556271657348,0,0.05504096299409866,0.9984840750694275,0.0005550727946683764,0,0.0015240443171933293,-0.0006399271660484374,0.9999989867210388,0,0.0014400000218302011,0.04484400153160095,0,1,0.9988340139389038,-0.04819111526012421,-0.0029996256344020367,0,0.0481988899409771,0.9988340735435486,0.0025887200608849525,0,0.002871374599635601,-0.0027302801609039307,0.9999920129776001,0,0,0.052345000207424164,0,1,0.998833954334259,-0.0481916218996048,-0.0029940539970993996,0,0.0481993705034256,0.998833954334259,0.0025858518201857805,0,0.0028659459203481674,-0.002727147890254855,0.9999920129776001,0,0,0.05982299894094467,0,1,0.9977129697799683,0.0675092339515686,0.003467003582045436,0,-0.06757377833127975,0.9974169731140137,0.024338189512491226,0,-0.0018149965908378363,-0.024516811594367027,0.9996979832649231,0,0,0.06730099767446518,0,1,0.9980360269546509,0.06074875593185425,-0.015275200828909874,0,-0.06070023775100708,0.9981489181518555,0.003619157010689378,0,0.015466799959540367,-0.002684843260794878,0.9998770356178284,0,-0.13123999536037445,0.09945400059223175,0,1,-0.9824150800704956,0.14346382021903992,0.11949688196182251,0,-0.13604819774627686,-0.11169961839914322,-0.9843850135803223,0,-0.12787587940692902,-0.9833320379257202,0.1292533427476883,0,-0.0036909999325871468,0.0479619987308979,-0.0578249990940094,1,-0.9030280113220215,-0.4208078384399414,-0.08637657016515732,0,-0.2888411283493042,0.4459410309791565,0.8471759557723999,0,-0.3179796040058136,0.7899731397628784,-0.5242440700531006,0,0,0.11626599729061127,0,1,0.9809569716453552,-0.19412390887737274,0.006272128317505121,0,0.19421109557151794,0.9807639718055725,-0.019609155133366585,0,-0.002344871172681451,0.02045384608209133,0.9997879862785339,0,0,0.22424599528312683,0,1,0.9898480772972107,-0.0971444696187973,0.10374796390533447,0,-0.11392948031425476,-0.10590113699436188,0.9878279566764832,0,-0.08497502654790878,-0.9896199107170105,-0.11589369177818298,0,-0.004825999960303307,0.047926001250743866,0.0578249990940094,1,0.9571679830551147,-0.2667669951915741,-0.11254018545150757,0,0.21447604894638062,0.39216917753219604,0.8945410251617432,0,-0.1944991946220398,-0.8803631067276001,0.4325868487358093,0,0,0.11645600199699402,0,1,0.9904080033302307,-0.13798782229423523,-0.00712095620110631,0,0.1380951851606369,0.9902579188346863,0.0178388599306345,0,0.004590043798089027,-0.018651138991117477,0.9998160004615784,0,0,0.224604994058609,0,1,-0.9743408560752869,-0.127454936504364,0.18551340699195862,0,0.08821205794811249,-0.974518895149231,-0.20623107254505157,0,0.20707157254219055,-0.1845749020576477,0.9607570767402649,0,0.007242000196129084,-0.025092000141739845,-0.07581000030040741,1,0.8595790266990662,-0.4821249842643738,-0.16935206949710846,0,0.49963095784187317,0.8624809980392456,0.08059322834014893,0,0.10720691829919815,-0.1538897603750229,0.9822549819946289,0,0,0.390720009803772,0,1,0.1724233776330948,0.02959415689110756,0.9845781326293945,0,-0.9655098915100098,0.20304544270038605,0.16298098862171173,0,-0.1950908750295639,-0.9787219762802124,0.06358324736356735,0,0,0.3791869878768921,0,1,0.993910014629364,0.001141099724918604,-0.1101909801363945,0,0.05045609548687935,0.8842578530311584,0.46426525712013245,0,0.0979670062661171,-0.4669977128505707,0.8788151741027832,0,0,0.10404700040817261,0,1,-0.9551658630371094,-0.13539905846118927,-0.26329702138900757,0,0.09866394102573395,-0.9840368628501892,0.14811120927333832,0,-0.2791479825973511,0.1154927909374237,0.953277051448822,0,0.0063299997709691525,-0.025092000141739845,0.07581000030040741,1,0.8532329797744751,-0.5005260705947876,0.14652006328105927,0,0.5009679198265076,0.8646930456161499,0.03657597675919533,0,-0.14500193297863007,0.042193975299596786,0.9885309934616089,0,0,0.39068400859832764,0,1,-0.06812432408332825,0.05950089916586876,0.9959009289741516,0,-0.9788329005241394,0.18910959362983704,-0.078255295753479,0,-0.1929907500743866,-0.9801521301269531,0.04535849764943123,0,0,0.3790229856967926,0,1,0.9936079978942871,-0.002608957700431347,0.11285464465618134,0,-0.050654955208301544,0.8831228613853455,0.4663982093334198,0,-0.10088136047124863,-0.46913379430770874,0.8773460388183594,0,0,0.10548900067806244,0,1
K0.033,0.9941069483757019,0.10653456300497055,-0.020027827471494675,0,-0.10664251446723938,0.9942880868911743,-0.004395580850541592,0,0.019445151090621948,0.0065054926089942455,0.9997898936271667,0,0.0032390044070780277,0.8162239789962769,-0.000021006399038014933,1,0.9984890222549438,-0.05493008717894554,-0.0014868499711155891,0,0.0549309104681015,0.9984899759292603,0.0005180538282729685,0,0.0014561485731974244,-0.0005989453056827188,0.9999989867210388,0,0.0014400000218302011,0.04484400153160095,0,1,0.9988459944725037,-0.04795338213443756,-0.002847891068086028,0,0.04796060919761658,0.9988459944725037,0.0025336684193462133,0,0.002723105950281024,-0.002667330438271165,0.9999929666519165,0,0,0.052345000207424164,0,1,0.9988459944725037,-0.04795389622449875,-0.002842331537976861,0,0.047961100935935974,0.9988459944725037,0.002531299600377679,0,0.0027176651638001204,-0.0026646992191672325,0.9999929666519165,0,0,0.05982299894094467,0,1,0.9976949691772461,0.06778323650360107,0.0032229903154075146,0,-0.06784176081418991,0.9973999261856079,0.02432171069085598,0,-0.0015660052886232734,-0.024484289810061455,0.9996989965438843,0,0,0.06730099767446518,0,1,0.9979730248451233,0.06142483651638031,-0.01665963977575302,0,-0.06138917803764343,0.9981099963188171,0.002641027793288231,0,0.01679038256406784,-0.0016129534924402833,0.9998579621315002,0,-0.13123999536037445,0.09945400059223175,0,1,-0.9823160767555237,0.14491091668605804,0.11856018006801605,0,-0.13544808328151703,-0.11282316595315933,-0.9843400120735168,0,-0.1292651891708374,-0.9829910397529602,0.13045579195022583,0,-0.0036909999325871468,0.0479619987308979,-0.0578249990940094,1,-0.9024770259857178,-0.4218929708003998,-0.08684010058641434,0,-0.2903110086917877,0.4468300938606262,0.8462049961090088,0,-0.3182051181793213,0.7888910174369812,-0.525734007358551,0,0,0.11626599729061127,0,1,0.9813030362129211,-0.1923677623271942,0.006236843764781952,0,0.19245420396327972,0.9811139106750488,-0.019430996850132942,0,-0.002381156664341688,0.020268000662326813,0.9997919797897339,0,0,0.22424599528312683,0,1,0.9898461103439331,-0.09729673713445663,0.10362546145915985,0,-0.11383772641420364,-0.10604903846979141,0.9878230690956116,0,-0.08512254804372787,-0.9895889759063721,-0.11604822427034378,0,-0.004825999960303307,0.047926001250743866,0.0578249990940094,1,0.9573280215263367,-0.26654794812202454,-0.11169406026601791,0,0.21355807781219482,0.3920488953590393,0.894813060760498,0,-0.1947210729122162,-0.8804830312728882,0.4322429299354553,0,0,0.11645600199699402,0,1,0.9904379844665527,-0.137771874666214,-0.007117053493857384,0,0.1378791481256485,0.990289032459259,0.017812011763453484,0,0.004593946970999241,-0.01862299256026745,0.9998160004615784,0,0,0.224604994058609,0,1,-0.9746270775794983,-0.12508995831012726,0.18562288582324982,0,0.08594097942113876,-0.9748350381851196,-0.20569483935832977,0,0.20668208599090576,-0.18452315032482147,0.9608510136604309,0,0.007242000196129084,-0.025092000141739845,-0.07581000030040741,1,0.8601949214935303,-0.48034390807151794,-0.1712743192911148,0,0.4981449842453003,0.8633419871330261,0.0805768296122551,0,0.10916368663311005,-0.15463116765022278,0.98192298412323,0,0,0.390720009803772,0,1,0.1685928851366043,0.02970699965953827,0.9852380156517029,0,-0.9661539793014526,0.20297802984714508,0.1592070460319519,0,-0.19525213539600372,-0.9787329435348511,0.06292219460010529,0,0,0.3791869878768921,0,1,0.9939129948616028,0.0010588552104309201,-0.11015912890434265,0,0.05046085640788078,0.8845090270042419,0.4637860655784607,0,0.09792788326740265,-0.4665219485759735,0.8790720701217651,0,0,0.10404700040817261,0,1,-0.9555501937866211,-0.1328108310699463,-0.26321980357170105,0,0.09628509730100632,-0.9844150543212891,0.14716118574142456,0,-0.27866223454475403,0.1152757927775383,0.9534459114074707,0,0.0063299997709691525,-0.025092000141739845,0.07581000030040741,1,0.8548409938812256,-0.4975650906562805,0.14722828567028046,0,0.4978068172931671,0.8664610385894775,0.0378669872879982,0,-0.14640876650810242,0.040920961648225784,0.988377034664154,0,0,0.39068400859832764,0,1,-0.06816663593053818,0.061045996844768524,0.9958049654960632,0,-0.9785529971122742,0.19038595259189606,-0.07865698635578156,0,-0.1943889856338501,-0.9798099994659424,0.04675882309675217,0,0,0.3790229856967926,0,1,0.9936090111732483,-0.0025830331724137068,0.1128447875380516,0,-0.0506560280919075,0.8832030892372131,0.4662477672100067,0,-0.10086920857429504,-0.46898430585861206,0.877427875995636,0,0,0.10548900067806244,0,1
K0.067,0.9941419363021851,0.10656079649925232,-0.018063973635435104,0,-0.1066681370139122,0.994282066822052,-0.0050817872397601604,0,0.01741916313767433,0.006978863384574652,0.9998239278793335,0,0.003694995306432247,0.8167979717254639,-0.000668993394356221,1,0.9984970092773438,-0.054781634360551834,-0.0014096723170951009,0,0.05478236451745033,0.9984980225563049,0.0004787473881151527,0,0.0013813292607665062,-0.0005552534130401909,0.9999989867210388,0,0.0014400000218302011,0.04484400153160095,0,1,0.9988610148429871,-0.047632161527872086,-0.0026808546390384436,0,0.04763884097337723,0.9988620281219482,0.0024700514040887356,0,0.0025601487141102552,-0.0025949496775865555,0.9999930262565613,0,0,0.052345000207424164,0,1,0.9988610148429871,-0.04763267561793327,-0.002675283933058381,0,0.047639328986406326,0.9988620281219482,0.0024671819992363453,0,0.0025547195691615343,-0.002591819269582629,0.9999930262565613,0,0,0.05982299894094467,0,1,0.997668981552124,0.06816910952329636,0.0029944386333227158,0,-0.06822186708450317,0.9973739981651306,0.02429266646504402,0,-0.0013305660104379058,-0.024440333247184753,0.9997000098228455,0,0,0.06730099767446518,0,1,0.9979130625724792,0.06203281879425049,-0.01793714053928852,0,-0.062011171132326126,0.9980739951133728,0.0017609982751309872,0,0.01801183819770813,-0.000645020161755383,0.9998380541801453,0,-0.13123999536037445,0.09945400059223175,0,1,-0.9822242259979248,0.1462293118238449,0.11769473552703857,0,-0.13489168882369995,-0.11384227126836777,-0.9842988848686218,0,-0.13053472340106964,-0.9826781153678894,0.13154366612434387,0,-0.0036909999325871468,0.0479619987308979,-0.0578249990940094,1,-0.9020119905471802,-0.42280688881874084,-0.0872240960597992,0,-0.29150113463401794,0.4474697411060333,0.8454570770263672,0,-0.3184351325035095,0.7880389094352722,-0.5268720984458923,0,0,0.11626599729061127,0,1,0.9816480875015259,-0.19059866666793823,0.006202268414199352,0,0.19068437814712524,0.9814629554748535,-0.019252832978963852,0,-0.002417731797322631,0.020082173869013786,0.9997950196266174,0,0,0.22424599528312683,0,1,0.9898459315299988,-0.0973491221666336,0.10357677936553955,0,-0.1137981191277504,-0.10608203709125519,0.9878240823745728,0,-0.08517621457576752,-0.9895809888839722,-0.11608309298753738,0,-0.004825999960303307,0.047926001250743866,0.0578249990940094,1,0.9575110077857971,-0.2662558853626251,-0.11081518232822418,0,0.21257415413856506,0.3919198513031006,0.8951041102409363,0,-0.1948961466550827,-0.8806290030479431,0.43186694383621216,0,0,0.11645600199699402,0,1,0.990477979183197,-0.13749001920223236,-0.007111821789294481,0,0.1375969648361206,0.9903290271759033,0.01777484454214573,0,0.004599177744239569,-0.018584150820970535,0.9998169541358948,0,0,0.224604994058609,0,1,-0.9752150774002075,-0.1213652640581131,0.18500399589538574,0,0.08263681083917618,-0.9754180908203125,-0.2042832225561142,0,0.20524902641773224,-0.18393182754516602,0.9612709879875183,0,0.007242000196129084,-0.025092000141739845,-0.07581000030040741,1,0.8624789118766785,-0.47585099935531616,-0.17232218384742737,0,0.4937760829925537,0.8658689260482788,0.08035438507795334,0,0.11097177118062973,-0.15439261496067047,0.9817580580711365,0,0,0.390720009803772,0,1,0.16384625434875488,0.028878672048449516,0.9860629439353943,0,-0.9666401743888855,0.20419134199619293,0.15463875234127045,0,-0.19687972962856293,-0.97850501537323,0.06137129291892052,0,0,0.3791869878768921,0,1,0.9939159154891968,0.0010094119934365153,-0.11014027893543243,0,0.05046340823173523,0.8846619129180908,0.46349409222602844,0,0.09790471196174622,-0.46623191237449646,0.8792280554771423,0,0,0.10404700040817261,0,1,-0.9559760093688965,-0.12927672266960144,-0.26343393325805664,0,0.09300834685564041,-0.9849289059638977,0.1458226591348648,0,-0.27831506729125977,0.11490136384963989,0.9535918831825256,0,0.0063299997709691525,-0.025092000141739845,0.07581000030040741,1,0.8580110669136047,-0.4916887879371643,0.14852136373519897,0,0.4916902780532837,0.8698828816413879,0.03929389640688896,0,-0.14851661026477814,0.03931192681193352,0.9881280660629272,0,0,0.39068400859832764,0,1,-0.06817758828401566,0.06288764625787735,0.9956889748573303,0,-0.9779240489006042,0.19338232278823853,-0.07917522639036179,0,-0.19752773642539978,-0.9791060090065002,0.048315029591321945,0,0,0.3790229856967926,0,1,0.9936090111732483,-0.002576941391453147,0.11284319311380386,0,-0.05065694451332092,0.8832200169563293,0.4662151038646698,0,-0.10086680203676224,-0.468951940536499,0.8774450421333313,0,0,0.10548900067806244,0,1
K0.100,0.9942750334739685,0.10566345602273941,-0.01585964486002922,0,-0.10576623678207397,0.9943739771842957,-0.0057844617404043674,0,0.015159213915467262,0.007428769953548908,0.9998570084571838,0,0.004197999835014343,0.8177109956741333,-0.0013879998587071896,1,0.998507022857666,-0.05460268259048462,-0.0013279367703944445,0,0.05460331216454506,0.9985079765319824,0.00043757163803093135,0,0.0013020631158724427,-0.0005094282096251845,0.9999989867210388,0,0.0014400000218302011,0.04484400153160095,0,1,0.9988800287246704,-0.04724399000406265,-0.002504622330889106,0,0.04725001007318497,0.9988800287246704,0.0024011724162846804,0,0.0023883774410933256,-0.0025168275460600853,0.9999939799308777,0,0,0.052345000207424164,0,1,0.9988800287246704,-0.047244999557733536,-0.002499564550817013,0,0.04725100100040436,0.9988800287246704,0.0023987896274775267,0,0.002383435145020485,-0.0025142107624560595,0.9999939799308777,0,0,0.05982299894094467,0,1,0.9976360201835632,0.06865879893302917,0.0027830505277961493,0,-0.06870619207620621,0.9973419904708862,0.02424604631960392,0,-0.0011109492043033242,-0.024379953742027283,0.999701976776123,0,0,0.06730099767446518,0,1,0.9978510141372681,0.06267411261796951,-0.019088109955191612,0,-0.0626668930053711,0.9980340003967285,0.00097814726177603,0,0.019111890345811844,0.00022014733985997736,0.9998170137405396,0,-0.13123999536037445,0.09945400059223175,0,1,-0.9821431040763855,0.14738893508911133,0.11692233383655548,0,-0.13439205288887024,-0.11472894251346588,-0.9842641353607178,0,-0.13165532052516937,-0.9824020266532898,0.13248804211616516,0,-0.0036909999325871468,0.0479619987308979,-0.0578249990940094,1,-0.9016579389572144,-0.4234989881515503,-0.08752569556236267,0,-0.2923680245876312,0.4478408992290497,0.8449609279632568,0,-0.3186427056789398,0.7874559760093689,-0.5276170969009399,0,0,0.11626599729061127,0,1,0.9819921255111694,-0.18882371485233307,0.006167879793792963,0,0.18890830874443054,0.9818089604377747,-0.01907365955412388,0,-0.0024541206657886505,0.019895344972610474,0.9997990131378174,0,0,0.22424599528312683,0,1,0.9898480176925659,-0.09731908142566681,0.10358425974845886,0,-0.11379609256982803,-0.10601194202899933,0.9878321290016174,0,-0.0851537436246872,-0.9895910620689392,-0.11601022630929947,0,-0.004825999960303307,0.047926001250743866,0.0578249990940094,1,0.9577109813690186,-0.26589688658714294,-0.10994897782802582,0,0.21156808733940125,0.3917767107486725,0.8954050540924072,0,-0.1950099766254425,-0.8808009624481201,0.43146413564682007,0,0,0.11645600199699402,0,1,0.9905269145965576,-0.1371341347694397,-0.007105797994881868,0,0.13724082708358765,0.9903789758682251,0.017728863283991814,0,0.004606203176081181,-0.01853613555431366,0.9998180866241455,0,0,0.224604994058609,0,1,-0.9760758876800537,-0.11666908115148544,0.18347881734371185,0,0.07873590290546417,-0.9762359261512756,-0.20189978182315826,0,0.20267416536808014,-0.1826232373714447,0.9620670080184937,0,0.007242000196129084,-0.025092000141739845,-0.07581000030040741,1,0.8663859963417053,-0.46862897276878357,-0.17251713573932648,0,0.48648905754089355,0.8700370192527771,0.07977622747421265,0,0.1127108559012413,-0.15304476022720337,0.9817709922790527,0,0,0.390720009803772,0,1,0.15827542543411255,0.02712009847164154,0.9870229959487915,0,-0.966929018497467,0.20672492682933807,0.1493730992078781,0,-0.19999118149280548,-0.9780229330062866,0.05894267186522484,0,0,0.3791869878768921,0,1,0.993916928768158,0.0009830613853409886,-0.1101304292678833,0,0.05046505481004715,0.8847429156303406,0.46333998441696167,0,0.09789256751537323,-0.4660790264606476,0.8793110251426697,0,0,0.10404700040817261,0,1,-0.9563189744949341,-0.1250099539756775,-0.26424524188041687,0,0.08895005285739899,-0.9855250716209412,0.1443198025226593,0,-0.278461754322052,0.1145111620426178,0.9535959959030151,0,0.0063299997709691525,-0.025092000141739845,0.07581000030040741,1,0.8627800345420837,-0.48266488313674927,0.15048089623451233,0,0.4824351370334625,0.8749948740005493,0.04049607738852501,0,-0.15121610462665558,0.037658076733350754,0.9877829551696777,0,0,0.39068400859832764,0,1,-0.0681457594037056,0.06490875035524368,0.995561957359314,0,-0.9769159555435181,0.19816307723522186,-0.07978934049606323,0,-0.20246249437332153,-0.9780170321464539,0.0499064177274704,0,0,0.3790229856967926,0,1,0.9936090111732483,-0.002593027660623193,0.11284895986318588,0,-0.0506560243666172,0.8831710815429688,0.46630793809890747,0,-0.10087402909994125,-0.469044029712677,0.8773949146270752,0,0,0.10548900067806244,0,1
K0.133,0.9945019483566284,0.10380198806524277,-0.013813748024404049,0,-0.10389809310436249,0.9945669770240784,-0.006431013345718384,0,0.013071149587631226,0.007830883376300335,0.9998840093612671,0,0.004776006564497948,0.8188790082931519,-0.0022570108994841576,1,0.9985189437866211,-0.054395243525505066,-0.001245135092176497,0,0.05439574271440506,0.9985190033912659,0.000393926165997982,0,0.0012218632036820054,-0.00046107274829410017,0.9999989867210388,0,0.0014400000218302011,0.04484400153160095,0,1,0.9989020228385925,-0.04679327458143234,-0.0023287858348339796,0,0.0467987060546875,0.9989019632339478,0.0023297863081097603,0,0.0022172105964273214,-0.0024362122640013695,0.9999950528144836,0,0,0.052345000207424164,0,1,0.9989019632339478,-0.04679378494620323,-0.0023232395760715008,0,0.0467991977930069,0.9989019632339478,0.002327914349734783,0,0.002211756305769086,-0.002434083726257086,0.9999949336051941,0,0,0.05982299894094467,0,1,0.9975939989089966,0.06927824765443802,0.002593200420960784,0,-0.06932076811790466,0.9973009824752808,0.02418370731174946,0,-0.0009107963414862752,-0.02430528588593006,0.9997040033340454,0,0,0.06730099767446518,0,1,0.9977850317955017,0.06341259181499481,-0.02010178379714489,0,-0.0634194165468216,0.997986912727356,0.00029824694502167404,0,0.02008023113012314,0.0009772571502253413,0.9997979998588562,0,-0.13123999536037445,0.09945400059223175,0,1,-0.9820760488510132,0.14835648238658905,0.11625998467206955,0,-0.13395652174949646,-0.1154509037733078,-0.9842389225959778,0,-0.1325960010290146,-0.9821720123291016,0.1332549750804901,0,-0.0036909999325871468,0.0479619987308979,-0.0578249990940094,1,-0.9014490246772766,-0.4238988161087036,-0.08774082362651825,0,-0.2928491532802582,0.44791075587272644,0.8447579145431519,0,-0.31879177689552307,0.7872009873390198,-0.5279070138931274,0,0,0.11626599729061127,0,1,0.982338011264801,-0.1870129555463791,0.006132645066827536,0,0.18709701299667358,0.9821600317955017,-0.018891122192144394,0,-0.002490354934707284,0.019704874604940414,0.9998030066490173,0,0,0.22424599528312683,0,1,0.989853024482727,-0.097208172082901,0.10364291071891785,0,-0.11382617801427841,-0.1058320701122284,0.9878479838371277,0,-0.08505809307098389,-0.9896209836006165,-0.11582295596599579,0,-0.004825999960303307,0.047926001250743866,0.0578249990940094,1,0.957925021648407,-0.26546618342399597,-0.10911865532398224,0,0.21055182814598083,0.3915833532810211,0.8957288861274719,0,-0.19505666196346283,-0.8810161352157593,0.43100184202194214,0,0,0.11645600199699402,0,1,0.99058997631073,-0.1366788148880005,-0.007097986526787281,0,0.1367851346731186,0.9904429316520691,0.01767018251121044,0,0.00461501395329833,-0.018474815413355827,0.9998190402984619,0,0,0.224604994058609,0,1,-0.9770900011062622,-0.11149406433105469,0.18128474056720734,0,0.07465982437133789,-0.97722989320755,-0.19861549139022827,0,0.19930118322372437,-0.18053041398525238,0.9631650447845459,0,0.007242000196129084,-0.025092000141739845,-0.07581000030040741,1,0.8714171051979065,-0.45923957228660583,-0.17243032157421112,0,0.4769371449947357,0.8753939867019653,0.0788470134139061,0,0.1147347167134285,-0.1509469598531723,0.9818611145019531,0,0,0.390720009803772,0,1,0.15197929739952087,0.024858858436346054,0.9880711436271667,0,-0.967051088809967,0.21031694114208221,0.14345476031303406,0,-0.20424190163612366,-0.9773169755935669,0.05600357428193092,0,0,0.3791869878768921,0,1,0.993916928768158,0.0009640951175242662,-0.11012319475412369,0,0.05046609416604042,0.8848009705543518,0.46322792768478394,0,0.09788381308317184,-0.4659680724143982,0.879370927810669,0,0,0.10404700040817261,0,1,-0.9566099047660828,-0.12022668868303299,-0.26541030406951904,0,0.08430320769548416,-0.9861458539962769,0.14285720884799957,0,-0.27890869975090027,0.11428377032279968,0.9534931182861328,0,0.0063299997709691525,-0.025092000141739845,0.07581000030040741,1,0.8688541650772095,-0.4709567129611969,0.15261709690093994,0,0.4705050587654114,0.8814269304275513,0.04136927053332329,0,-0.15400394797325134,0.0358632430434227,0.9874190092086792,0,0,0.39068400859832764,0,1,-0.0681018978357315,0.06727137416601181,0.9954079389572144,0,-0.9755770564079285,0.20435284078121185,-0.08055564761161804,0,-0.2088334858417511,-0.9765828847885132,0.05171157047152519,0,0,0.3790229856967926,0,1,0.9936080574989319,-0.002614295342937112,0.11285701394081116,0,-0.050655297935009,0.8831050395965576,0.4664327800273895,0,-0.10088399052619934,-0.46916818618774414,0.8773278594017029,0,0,0.10548900067806244,0,1
K0.167,0.9947860240936279,0.10127489268779755,-0.011986111290752888,0,-0.10136225819587708,0.9948260188102722,-0.006913865450769663,0,0.011223888024687767,0.008092754520475864,0.9999039173126221,0,0.005410993937402964,0.8201640248298645,-0.003336989087983966,1,0.9985330104827881,-0.05412977561354637,-0.0011591848451644182,0,0.054130230098962784,0.998534083366394,0.00034488007077015936,0,0.0011388169368728995,-0.0004071209696121514,0.9999989867210388,0,0.0014400000218302011,0.04484400153160095,0,1,0.9989290237426758,-0.04621308296918869,-0.0021477355621755123,0,0.04621793329715729,0.9989290833473206,0.002254075836390257,0,0.0020412674639374018,-0.0023509254679083824,0.9999949932098389,0,0,0.052345000207424164,0,1,0.9989290237426758,-0.04621359333395958,-0.0021432016510516405,0,0.046218425035476685,0.9989290833473206,0.002252679318189621,0,0.0020368013065308332,-0.0023493217304348946,0.9999949932098389,0,0,0.05982299894094467,0,1,0.9975320100784302,0.07017720490694046,0.0024441552814096212,0,-0.07021576166152954,0.9972410202026367,0.02408992499113083,0,-0.0007468478288501501,-0.024202078580856323,0.9997069239616394,0,0,0.06730099767446518,0,1,0.9977080821990967,0.0643787756562233,-0.02083001658320427,0,-0.0643962100148201,0.9979239702224731,-0.0001680001150816679,0,0.020775966346263885,0.0015089899534359574,0.9997829794883728,0,-0.13123999536037445,0.09945400059223175,0,1,-0.9820390343666077,0.1489458978176117,0.11581785976886749,0,-0.13364708423614502,-0.11584524065256119,-0.9842349290847778,0,-0.13318085670471191,-0.9820360541343689,0.13367074728012085,0,-0.0036909999325871468,0.0479619987308979,-0.0578249990940094,1,-0.9015330076217651,-0.42371106147766113,-0.087798111140728,0,-0.29256394505500793,0.4473658800125122,0.845145046710968,0,-0.3188191056251526,0.7876119017601013,-0.5272772312164307,0,0,0.11626599729061127,0,1,0.9826970100402832,-0.1851189136505127,0.00609611114487052,0,0.18520212173461914,0.9825230240821838,-0.018699774518609047,0,-0.0025278881657868624,0.019505228847265244,0.9998070597648621,0,0,0.22424599528312683,0,1,0.9898629784584045,-0.09692380577325821,0.10381148755550385,0,-0.11392579972743988,-0.10541825741529465,0.9878810048103333,0,-0.08480551093816757,-0.9896930456161499,-0.11539167910814285,0,-0.004825999960303307,0.047926001250743866,0.0578249990940094,1,0.9581800103187561,-0.264850914478302,-0.10837902128696442,0,0.20950309932231903,0.39124104380607605,0.8961250185966492,0,-0.19493703544139862,-0.881354033946991,0.43036603927612305,0,0,0.11645600199699402,0,1,0.9906850457191467,-0.13598857820034027,-0.0070854052901268005,0,0.13609440624713898,0.9905399680137634,0.01758074387907982,0,0.004627594258636236,-0.018381254747509956,0.9998199939727783,0,0,0.224604994058609,0,1,-0.9781261682510376,-0.10621663928031921,0.17884796857833862,0,0.0706484466791153,-0.9783270359039307,-0.194643035531044,0,0.19564609229564667,-0.17775005102157593,0.9644309282302856,0,0.007242000196129084,-0.025092000141739845,-0.07581000030040741,1,0.8769028186798096,-0.4486473500728607,-0.17250312864780426,0,0.46617591381073,0.8812690377235413,0.07774894684553146,0,0.11713983118534088,-0.14859507977962494,0.981935977935791,0,0,0.390720009803772,0,1,0.14517754316329956,0.0226132869720459,0.989146888256073,0,-0.9670628905296326,0.21450506150722504,0.13703233003616333,0,-0.20907814800739288,-0.9764609336853027,0.05300978943705559,0,0,0.3791869878768921,0,1,0.9939180016517639,0.0009451070218347013,-0.11011601984500885,0,0.050467103719711304,0.8848601579666138,0.4631156623363495,0,0.09787498414516449,-0.46585631370544434,0.879430890083313,0,0,0.10404700040817261,0,1,-0.9569340348243713,-0.11520873010158539,-0.2664656937122345,0,0.07937035709619522,-0.9867379069328308,0.14158903062343597,0,-0.27924424409866333,0.11434195190668106,0.9533878564834595,0,0.0063299997709691525,-0.025092000141739845,0.07581000030040741,1,0.8756309151649475,-0.457599014043808,0.15451404452323914,0,0.45690423250198364,0.8885188102722168,0.04210533946752548,0,-0.1565559208393097,0.03372936695814133,0.9870929718017578,0,0,0.39068400859832764,0,1,-0.06807967275381088,0.07013923674821854,0.9952109456062317,0,-0.9740109443664551,0.21132120490074158,-0.08152269572019577,0,-0.21602721512317657,-0.9748969078063965,0.053929757326841354,0,0,0.3790229856967926,0,1,0.9936079978942871,-0.0026208008639514446,0.11285918205976486,0,-0.05065479874610901,0.8830851316452026,0.46646979451179504,0,-0.10088682174682617,-0.46920520067214966,0.8773080110549927,0,0,0.10548900067806244,0,1
K0.200,0.9950860738754272,0.09847879409790039,-0.010312257334589958,0,-0.09855516254901886,0.9951059222221375,-0.007180782966315746,0,0.009554628282785416,0.008161823265254498,0.9999210238456726,0,0.006016000173985958,0.8214139938354492,-0.004541999660432339,1,0.9985539317131042,-0.05375484377145767,-0.0010600131936371326,0,0.053755152970552444,0.998553991317749,0.0002882179105654359,0,0.0010429866379126906,-0.00034478207817301154,0.9999989867210388,0,0.0014400000218302011,0.04484400153160095,0,1,0.9989669919013977,-0.045393891632556915,-0.0019416880095377564,0,0.045398104935884476,0.9989669919013977,0.0021670444402843714,0,0.0018413120415061712,-0.002252955222502351,0.9999960064888,0,0,0.052345000207424164,0,1,0.9989669919013977,-0.04539390280842781,-0.0019371425732970238,0,0.04539810121059418,0.9989669919013977,0.0021651468705385923,0,0.0018368574092164636,-0.0022508532274514437,0.9999960064888,0,0,0.05982299894094467,0,1,0.9974360466003418,0.07153083384037018,0.0023761128541082144,0,-0.07156717032194138,0.9971489906311035,0.023898107931017876,0,-0.0006598873296752572,-0.02400689572095871,0.9997120499610901,0,0,0.06730099767446518,0,1,0.9976080656051636,0.06587604433298111,-0.020952258259058,0,-0.0658949539065361,0.9978269934654236,-0.0002119303389918059,0,0.02089274302124977,0.0015920695150271058,0.999779999256134,0,-0.13123999536037445,0.09945400059223175,0,1,-0.9820619821548462,0.14879512786865234,0.11582210659980774,0,-0.13359786570072174,-0.11560303717851639,-0.9842699766159058,0,-0.1330651044845581,-0.9820870161056519,0.13340796530246735,0,-0.0036909999325871468,0.0479619987308979,-0.0578249990940094,1,-0.9021311402320862,-0.4224887490272522,-0.0875399187207222,0,-0.29085519909858704,0.4456302225589752,0.8466508388519287,0,-0.3186899423599243,0.7892512083053589,-0.5248997807502747,0,0,0.11626599729061127,0,1,0.9830570816993713,-0.1832009106874466,0.006060007959604263,0,0.18328310549259186,0.9828859567642212,-0.01850593090057373,0,-0.0025659920647740364,0.01930307038128376,0.999809980392456,0,0,0.22424599528312683,0,1,0.9898830056190491,-0.09631501138210297,0.10419003665447235,0,-0.11416101455688477,-0.10457583516836166,0.9879429936408997,0,-0.08425794541835785,-0.9898419380187988,-0.11451320350170135,0,-0.004825999960303307,0.047926001250743866,0.0578249990940094,1,0.9585120677947998,-0.2638547420501709,-0.10786306858062744,0,0.2084512859582901,0.3907201290130615,0.8965970277786255,0,-0.19442707300186157,-0.8818832039833069,0.42951077222824097,0,0,0.11645600199699402,0,1,0.9908360242843628,-0.13488298654556274,-0.007064955774694681,0,0.1349879950284958,0.990693986415863,0.017438558861613274,0,0.004647044464945793,-0.01823243871331215,0.9998229742050171,0,0,0.224604994058609,0,1,-0.9791011810302734,-0.10127061605453491,0.17636872828006744,0,0.06702039390802383,-0.9794300198554993,-0.1903270035982132,0,0.19201530516147614,-0.1745290458202362,0.9657479524612427,0,0.007242000196129084,-0.025092000141739845,-0.07581000030040741,1,0.8822030425071716,-0.43805888295173645,-0.17268985509872437,0,0.4554210901260376,0.8869759440422058,0.0765891894698143,0,0.1196211501955986,-0.14621379971504211,0.9819939732551575,0,0,0.390720009803772,0,1,0.1383146345615387,0.020602049306035042,0.9901740550994873,0,-0.9670078754425049,0.2187644988298416,0.13052691519260406,0,-0.21392586827278137,-0.9755600690841675,0.05018066242337227,0,0,0.3791869878768921,0,1,0.9939190149307251,0.0009280205122195184,-0.11010928452014923,0,0.050468020141124725,0.8849120736122131,0.4630158245563507,0,0.0978667140007019,-0.4657571613788605,0.8794839382171631,0,0,0.10404700040817261,0,1,-0.957291841506958,-0.11047331988811493,-0.2671831548213959,0,0.07469268143177032,-0.9872468709945679,0.1405842900276184,0,-0.2793068289756775,0.11462368816137314,0.9533360600471497,0,0.0063299997709691525,-0.025092000141739845,0.07581000030040741,1,0.8822929263114929,-0.4440770745277405,0.15605869889259338,0,0.4431098997592926,0.8954409956932068,0.042881835252046585,0,-0.15878431499004364,0.031316835433244705,0.9868170022964478,0,0,0.39068400859832764,0,1,-0.06807325035333633,0.07333055138587952,0.9949820637702942,0,-0.9723739624023438,0.2183186113834381,-0.08261658996343613,0,-0.22328156232833862,-0.9731190204620361,0.05644303560256958,0,0,0.3790229856967926,0,1,0.9936079382896423,-0.002607379574328661,0.11285426467657089,0,-0.05065537989139557,0.8831268548965454,0.4663911759853363,0,-0.10088071972131729,-0.46912679076194763,0.8773500323295593,0,0,0.10548900067806244,0,1
