3.133,30,94,25
B0,mixamorig_Hips,-1,-0.7578181028366089,-0.1315280944108963,0.6390706300735474,0,-0.125319704413414,0.9905760288238525,0.05526622012257576,0,-0.6403172016143799,-0.03820640966296196,-0.767159640789032,0,0.015304000116884708,1.4593919515609741,-0.004550000187009573,1
B1,mixamorig_Spine,0,0.9761600494384766,-0.21222694218158722,-0.04550786688923836,0,0.2108520120382309,0.97695392370224,-0.033195387572050095,0,0.05150405317544937,0.022808589041233063,0.998412013053894,0,0.0019039999460801482,0.08382300287485123,0,1
B2,mixamorig_Spine1,1,0.9898080229759216,-0.10583227127790451,-0.09528720378875732,0,0.09871571511030197,0.9921669960021973,-0.07654421031475067,0,0.102641761302948,0.06635778397321701,0.9925030469894409,0,0,0.0978190004825592,0,1
B3,mixamorig_Spine2,2,0.9889870285987854,0.1001257672905922,-0.10899423807859421,0,-0.1066032126545906,0.99276202917099,-0.05530693382024765,0,0.10266774892807007,0.06631701439619064,0.9925030469894409,0,0,0.11179299652576447,0,1
B4,mixamorig_Neck,3,0.9865209460258484,-0.01750711351633072,-0.16269713640213013,0,0.01698981784284115,0.999845027923584,-0.004570389166474342,0,0.16275185346603394,0.0017445891862735152,0.9866650104522705,0,0,0.12576699256896973,0,1
B5,mixamorig_Head,4,0.9169901013374329,0.06647864729166031,-0.39333075284957886,0,-0.0962783470749855,0.9937499761581421,-0.05649986118078232,0,0.3871162235736847,0.08967901021242142,0.9176589250564575,0,-0.014254000037908554,0.24727000296115875,0,1
B6,mixamorig_HeadTop_End,5,1,0,0,0,0,1,0,0,0,0,1,0,-0.026902999728918076,0.4666840136051178,0,1
B7,mixamorig_LeftShoulder,3,-0.9757871031761169,-0.04514480009675026,-0.2140119969844818,0,0.21539705991744995,-0.028387263417243958,-0.97611403465271,0,0.03799127787351608,-0.9985770583152771,0.037423837929964066,0,-0.006889999844133854,0.08881700038909912,-0.11453399807214737,1
B8,mixamorig_LeftArm,7,-0.9669188857078552,0.040804021060466766,-0.251797080039978,0,-0.15646296739578247,0.6847409009933472,0.7117921113967896,0,0.20145991444587708,0.727642834186554,-0.6557051539421082,0,0,0.23068900406360626,0,1
B9,mixamorig_LeftForeArm,8,0.8383170962333679,-0.41040587425231934,0.35887593030929565,0,0.48149919509887695,0.8660959601402283,-0.1343030482530594,0,-0.2557021379470825,0.28538694977760315,0.9236729145050049,0,0,0.45370998978614807,0,1
B10,mixamorig_LeftHand,9,1,0,0,0,0,1,0,0,0,0,1,0,0,0.46660301089286804,0,1
B11,mixamorig_RightShoulder,3,0.9452300667762756,0.10956799983978271,-0.30746695399284363,0,0.3073790669441223,0.018114032223820686,0.9514150023460388,0,0.10981399565935135,-0.9938139915466309,-0.016556967049837112,0,-0.012136000208556652,0.08869700133800507,0.11453399807214737,1
B12,mixamorig_RightArm,11,0.8129960298538208,0.5820819139480591,0.014793552458286285,0,-0.35448822379112244,0.47463974356651306,0.8056401014328003,0,0.46192678809165955,-0.6602261066436768,0.592221200466156,0,0,0.23162899911403656,0,1
B13,mixamorig_RightForeArm,12,0.6905400156974792,-0.6594481468200684,-0.2971237301826477,0,0.7198658585548401,0.6665500402450562,0.1936599463224411,0,0.07033917307853699,-0.3476192355155945,0.9349938631057739,0,0,0.4552069902420044,0,1
B14,mixamorig_RightHand,13,1,0,0,0,0,1,0,0,0,0,1,0,0,0.4665910005569458,0,1
B15,mixamorig_LeftUpLeg,0,-0.41029879450798035,-0.7608498930931091,0.5027541518211365,0,0.5070411562919617,-0.648554801940918,-0.5677018165588379,0,0.7580000758171082,0.02198965661227703,0.6518840789794922,0,0.010546999983489513,-0.047040000557899475,-0.15385299921035767,1
B16,mixamorig_LeftLeg,15,0.6529311537742615,-0.6694057583808899,-0.3543669283390045,0,0.7034752368927002,0.7093667387962341,-0.043834008276462555,0,0.28071916103363037,-0.2206679880619049,0.9340789914131165,0,0,0.7855859994888306,0,1
B17,mixamorig_LeftFoot,16,0.05053900554776192,-0.13563764095306396,0.989469051361084,0,-0.8827999830245972,0.45722103118896484,0.10776713490486145,0,-0.46702301502227783,-0.878948986530304,-0.09663335233926773,0,0,0.7789809703826904,0,1
B18,mixamorig_LeftToeBase,17,0.9812589883804321,-0.07921836525201797,-0.17565789818763733,0,0.15455371141433716,0.8679881691932678,0.47192081809043884,0,0.1150841936469078,-0.4902251958847046,0.8639647960662842,0,0,0.20650699734687805,0,1
B19,mixamorig_LeftToe_End,18,1,0,0,0,0,1,0,0,0,0,1,0,0,0.08651299774646759,0,1
B20,mixamorig_RightUpLeg,0,-0.8467380404472351,-0.5306349992752075,-0.038229744881391525,0,0.4787629544734955,-0.7913560271263123,0.3801860213279724,0,-0.2319931983947754,0.3036147654056549,0.9241189956665039,0,0.010521999560296535,-0.047040000557899475,0.15385299921035767,1
B21,mixamorig_RightLeg,20,0.589855968952179,-0.8066990971565247,0.036158643662929535,0,0.7971268892288208,0.5888451933860779,0.1336018592119217,0,-0.1290682703256607,-0.04998280107975006,0.9903749227523804,0,0,0.7856550216674805,0,1
B22,mixamorig_RightFoot,21,-0.19533909857273102,0.32646307349205017,0.9248048067092896,0,-0.9807209968566895,-0.07020006328821182,-0.1823686957359314,0,0.005384765099734068,-0.9425989389419556,0.3338819742202759,0,0,0.7788980007171631,0,1
B23,mixamorig_RightToeBase,22,0.9922239184379578,0.058617740869522095,0.10979527980089188,0,-0.10177409648895264,0.8899160027503967,0.44462594389915466,0,-0.07164561748504639,-0.4523429572582245,0.8889619708061218,0,0,0.21162700653076172,0,1
B24,mixamorig_RightToe_End,23,1,0,0,0,0,1,0,0,0,0,1,0,0,0.08831799775362015,0,1
@20,0,1,2,3,4,5,7,8,9,11,12,13,15,16,17,18,20,21,22,23
K0,0.6390706300735474,-0.13152822852134705,0.7578181028366089,0,0.05526634678244591,0.9905760288238525,0.12531977891921997,0,-0.7671597003936768,-0.03820635378360748,0.6403172016143799,0,-0.004549999255686998,1.4593919515609741,-0.015303999185562134,1,0.9761599898338318,-0.2122269570827484,-0.04550790786743164,0,0.2108520269393921,0.97695392370224,-0.03319540619850159,0,0.051504094153642654,0.02280859462916851,0.998412013053894,0,0.0019039999460801482,0.08382300287485123,0,1,0.9898080229759216,-0.10583227872848511,-0.09528721868991852,0,0.09871572256088257,0.9921669960021973,-0.07654421776533127,0,0.10264177620410919,0.06635779142379761,0.9925030469894409,0,0,0.0978190004825592,0,1,0.9889870285987854,0.10012578219175339,-0.1089942529797554,0,-0.1066032275557518,0.99276202917099,-0.05530695989727974,0,0.10266776382923126,0.06631704419851303,0.9925030469894409,0,0,0.11179299652576447,0,1,0.9865209460258484,-0.017507148906588554,-0.16269715130329132,0,0.016989851370453835,0.999845027923584,-0.004570403136312962,0,0.16275186836719513,0.0017445971025153995,0.9866650104522705,0,0,0.12576699256896973,0,1,0.9169901013374329,0.06647863239049911,-0.39333078265190125,0,-0.0962783545255661,0.9937499761581421,-0.05649992451071739,0,0.3871162235736847,0.08967906981706619,0.9176589250564575,0,-0.014254000037908554,0.24727000296115875,0,1,-0.9757869243621826,-0.045144736766815186,-0.21401222050189972,0,0.21539726853370667,-0.028387118130922318,-0.9761139750480652,0,0.037991221994161606,-0.9985769987106323,0.037423815578222275,0,-0.006889999844133854,0.08881700038909912,-0.11453399807214737,1,-0.9669188857078552,0.04080399125814438,-0.251797080039978,0,-0.15646299719810486,0.6847409009933472,0.7117921113967896,0,0.20145989954471588,0.727642834186554,-0.6557051539421082,0,0,0.23068900406360626,0,1,0.8383170962333679,-0.41040584444999695,0.3588758707046509,0,0.48149916529655457,0.8660959601402283,-0.13430306315422058,0,-0.25570210814476013,0.28538694977760315,0.9236729145050049,0,0,0.45370998978614807,0,1,0.9452300667762756,0.10956807434558868,-0.307466983795166,0,0.3073790669441223,0.018114039674401283,0.9514150023460388,0,0.10981407016515732,-0.9938139915466309,-0.016556985676288605,0,-0.012136000208556652,0.08869700133800507,0.11453399807214737,1,0.8129960894584656,0.5820817351341248,0.014793569222092628,0,-0.35448819398880005,0.4746399223804474,0.8056399822235107,0,0.46192657947540283,-0.660226047039032,0.5922213196754456,0,0,0.23162899911403656,0,1,0.6905399560928345,-0.6594481468200684,-0.2971237301826477,0,0.7198658585548401,0.6665500998497009,0.19365981221199036,0,0.07033927738666534,-0.3476191461086273,0.9349938631057739,0,0,0.4552069902420044,0,1,-0.410299152135849,-0.7608498334884644,0.5027542114257812,0,0.5070412755012512,-0.6485550999641418,-0.5677016973495483,0,0.7580000162124634,0.021989647299051285,0.6518841981887817,0,0.010546999983489513,-0.047040000557899475,-0.15385299921035767,1,0.6529311537742615,-0.6694057583808899,-0.3543669283390045,0,0.7034752368927002,0.7093667387962341,-0.04383397847414017,0,0.280719131231308,-0.2206680029630661,0.9340789914131165,0,0,0.7855859994888306,0,1,0.050539154559373856,-0.13563764095306396,0.989469051361084,0,-0.8827998042106628,0.45722126960754395,0.10776731371879578,0,-0.4670232832431793,-0.8789488673210144,-0.09663325548171997,0,0,0.7789809703826904,0,1,0.9812590479850769,-0.07921835035085678,-0.17565785348415375,0,0.15455368161201477,0.8679881691932678,0.47192081809043884,0,0.11508415639400482,-0.4902251958847046,0.8639647960662842,0,0,0.20650699734687805,0,1,-0.8467380404472351,-0.5306350588798523,-0.03822973743081093,0,0.47876298427581787,-0.7913560271263123,0.3801861107349396,0,-0.23199325799942017,0.3036148250102997,0.9241189956665039,0,0.010521999560296535,-0.047040000557899475,0.15385299921035767,1,0.589855968952179,-0.8066990971565247,0.03615859895944595,0,0.7971268892288208,0.5888451933860779,0.1336020529270172,0,-0.12906840443611145,-0.0499829538166523,0.9903749227523804,0,0,0.7856550216674805,0,1,-0.19533899426460266,0.3264635503292084,0.9248048067092896,0,-0.980721116065979,-0.07019983977079391,-0.18236860632896423,0,0.005384426098316908,-0.9425988793373108,0.33388230204582214,0,0,0.7788980007171631,0,1,0.9922239184379578,0.05861780792474747,0.10979533940553665,0,-0.1017741933465004,0.889915943145752,0.44462597370147705,0,-0.07164564728736877,-0.45234301686286926,0.8889619708061218,0,0,0.21162700653076172,0,1
K0.033,0.5988297462463379,-0.11227259784936905,0.792968213558197,0,0.041307613253593445,0.993137001991272,0.1094190701842308,0,-0.7998104095458984,-0.03276775777339935,0.5993574261665344,0,0.0021820836700499058,1.4583549499511719,-0.015383978374302387,1,0.9758620262145996,-0.2134130448102951,-0.04634173959493637,0,0.2120400071144104,0.9767100214958191,-0.032818228006362915,0,0.05226626619696617,0.022199753671884537,0.998386025428772,0,0.0019039999460801482,0.08382300287485123,0,1,0.9893640875816345,-0.10829280316829681,-0.09711483120918274,0,0.1010553315281868,0.9919279217720032,-0.07659126818180084,0,0.10462526232004166,0.06596270948648453,0.9923220276832581,0,0,0.0978190004825592,0,1,0.9886940717697144,0.09752199053764343,-0.11390071362257004,0,-0.10408587008714676,0.9931460022926331,-0.0531647689640522,0,0.10793538391590118,0.06441918760538101,0.9920689463615417,0,0,0.11179299652576447,0,1,0.9866960644721985,-0.023143108934164047,-0.16091983020305634,0,0.022847997024655342,0.9997320175170898,-0.0036843286361545324,0,0.1609620749950409,-0.00004138317672186531,0.9869609475135803,0,0,0.12576699256896973,0,1,0.9185450077056885,0.05902794748544693,-0.3908838927745819,0,-0.08965589106082916,0.99413001537323,-0.060558952391147614,0,0.38501501083374023,0.09067123383283615,0.9184460043907166,0,-0.014254000037908554,0.24727000296115875,0,1,-0.9798180460929871,-0.04395808279514313,-0.19499659538269043,0,0.19618865847587585,-0.024622932076454163,-0.9802570939064026,0,0.03828885033726692,-0.9987300038337708,0.03275005519390106,0,-0.006889999844133854,0.08881700038909912,-0.11453399807214737,1,-0.9712409973144531,0.035040270537137985,-0.23550671339035034,0,-0.14715102314949036,0.6892620325088501,0.7094109058380127,0,0.18718372285366058,0.723663866519928,-0.6642830967903137,0,0,0.23068900406360626,0,1,0.833966851234436,-0.42204615473747253,0.35549306869506836,0,0.4934421181678772,0.8587498664855957,-0.1380682736635208,0,-0.24700869619846344,0.29055988788604736,0.9244251847267151,0,0,0.45370998978614807,0,1,0.9417669773101807,0.11315213888883591,-0.3166581392288208,0,0.31803229451179504,0.00617374200373888,0.9480599164962769,0,0.10922998189926147,-0.9935590028762817,-0.03017180971801281,0,-0.012136000208556652,0.08869700133800507,0.11453399807214737,1,0.8463824987411499,0.5324823260307312,-0.009998534806072712,0,-0.3119577169418335,0.5108991265296936,0.8010390400886536,0,0.431647390127182,-0.6748663187026978,0.5985280275344849,0,0,0.23162899911403656,0,1,0.6882529854774475,-0.6591230034828186,-0.3030909597873688,0,0.7225887775421143,0.660024106502533,0.20550519227981567,0,0.06459417939186096,-0.360449880361557,0.9305390119552612,0,0,0.4552069902420044,0,1,-0.445076584815979,-0.7527580857276917,0.4850381910800934,0,0.4787159860134125,-0.6577581763267517,-0.5815367102622986,0,0.7567940354347229,-0.02663283795118332,0.6531099081039429,0,0.010546999983489513,-0.047040000557899475,-0.15385299921035767,1,0.6311651468276978,-0.6975209712982178,-0.3392566442489624,0,0.7281565070152283,0.6835353970527649,-0.05067918822169304,0,0.26724347472190857,-0.215044766664505,0.9393272399902344,0,0,0.7855859994888306,0,1,0.03539587929844856,-0.13088653981685638,0.990764856338501,0,-0.9046274423599243,0.4171391725540161,0.08742530643939972,0,-0.42472994327545166,-0.8993683457374573,-0.10363860428333282,0,0,0.7789809703826904,0,1,0.9856309294700623,-0.07639163732528687,-0.15065424144268036,0,0.13930873572826385,0.8720152974128723,0.46923553943634033,0,0.09552712738513947,-0.4834805130958557,0.870127260684967,0,0,0.20650699734687805,0,1,-0.8504291772842407,-0.5255985260009766,-0.022731756791472435,0,0.48021426796913147,-0.7931928038597107,0.3744850158691406,0,-0.21485941112041473,0.3075568377971649,0.9269541501998901,0,0.010521999560296535,-0.047040000557899475,0.15385299921035767,1,0.589018702507019,-0.8056712746620178,0.06286116689443588,0,0.7951747179031372,0.5916942358016968,0.13264644145965576,0,-0.14406396448612213,-0.02814560942351818,0.9891680479049683,0,0,0.7856550216674805,0,1,-0.205797016620636,0.31110867857933044,0.9278252124786377,0,-0.978594958782196,-0.06509476900100708,-0.1952311247587204,0,-0.00034156942274421453,-0.9481419324874878,0.31784531474113464,0,0,0.7788980007171631,0,1,0.9921369552612305,0.057928066700696945,0.11094241589307785,0,-0.1018599271774292,0.8887999653816223,0.4468311667442322,0,-0.07272165268659592,-0.4546189606189728,0.8877131342887878,0,0,0.21162700653076172,0,1
K0.067,0.5597874522209167,-0.09242111444473267,0.8234657049179077,0,0.02594534307718277,0.9952279925346375,0.0940612256526947,0,-0.8282297849655151,-0.03128921240568161,0.5595142841339111,0,0.0104049202054739,1.4561179876327515,-0.013312019407749176,1,0.9751430153846741,-0.21657991409301758,-0.04679691419005394,0,0.21524301171302795,0.976036012172699,-0.03199096396565437,0,0.0526040717959404,0.02112305350601673,0.9983919858932495,0,0.0019039999460801482,0.08382300287485123,0,1,0.9881720542907715,-0.11477555334568024,-0.10169576108455658,0,0.10725133121013641,0.9912760257720947,-0.07661561667919159,0,0.10960214585065842,0.0648023933172226,0.9918608665466309,0,0,0.0978190004825592,0,1,0.9887730479240417,0.09071724861860275,-0.11873574554920197,0,-0.09731990098953247,0.9939440488815308,-0.051032815128564835,0,0.11338716000318527,0.062015239149332047,0.9916139245033264,0,0,0.11179299652576447,0,1,0.9873379468917847,-0.02792152389883995,-0.15615229308605194,0,0.028058381751179695,0.9996050000190735,-0.0013281258288770914,0,0.15612779557704926,-0.0030700734350830317,0.9877320528030396,0,0,0.12576699256896973,0,1,0.921899139881134,0.04949971288442612,-0.38425585627555847,0,-0.08307944238185883,0.9939910173416138,-0.07127697765827179,0,0.37841829657554626,0.09763385355472565,0.9204709529876709,0,-0.014254000037908554,0.24727000296115875,0,1,-0.9845971465110779,-0.04215677082538605,-0.1696820855140686,0,0.1706264615058899,-0.01989162527024746,-0.9851349592208862,0,0.038154855370521545,-0.998913049697876,0.02677818201482296,0,-0.006889999844133854,0.08881700038909912,-0.11453399807214737,1,-0.9786608815193176,0.03415915369987488,-0.2026231586933136,0,-0.12114239484071732,0.7005760669708252,0.7032187581062317,0,0.16597436368465424,0.712759256362915,-0.6814885139465332,0,0,0.23068900406360626,0,1,0.8309540748596191,-0.4359797239303589,0.34559619426727295,0,0.5065459609031677,0.8497740626335144,-0.1459280103445053,0,-0.230057030916214,0.296319842338562,0.9269670248031616,0,0,0.45370998978614807,0,1,0.9372410774230957,0.1137237474322319,-0.32961398363113403,0,0.3314986526966095,0.002469605766236782,0.9434521794319153,0,0.10810698568820953,-0.99350905418396,-0.03538466617465019,0,-0.012136000208556652,0.08869700133800507,0.11453399807214737,1,0.8764565587043762,0.48029181361198425,-0.03380698710680008,0,-0.2632822096347809,0.5368670225143433,0.8015339970588684,0,0.40312010049819946,-0.6936089992523193,0.5969929695129395,0,0,0.23162899911403656,0,1,0.6961321234703064,-0.6465311050415039,-0.31208673119544983,0,0.714177131652832,0.6679468750953674,0.2092788815498352,0,0.0731520801782608,-0.3685709834098816,0.9267170429229736,0,0,0.4552069902420044,0,1,-0.4833616018295288,-0.7583230137825012,0.43738722801208496,0,0.4860208034515381,-0.6480159759521484,-0.5863949656486511,0,0.7281104326248169,-0.07086154073476791,0.6817865967750549,0,0.010546999983489513,-0.047040000557899475,-0.15385299921035767,1,0.567914605140686,-0.7705833911895752,-0.2892642319202423,0,0.790732204914093,0.6083539724349976,-0.06816969811916351,0,0.22850562632083893,-0.19001610577106476,0.954818844795227,0,0,0.7855859994888306,0,1,-0.0004066278925165534,-0.14466065168380737,0.9894810318946838,0,-0.9322437644004822,0.35807961225509644,0.05196763575077057,0,-0.36183086037635803,-0.9224168062210083,-0.1350046694278717,0,0,0.7789809703826904,0,1,0.9864758849143982,-0.04392312467098236,-0.15791231393814087,0,0.10840748250484467,0.8974456191062927,0.42759644985198975,0,0.12293632328510284,-0.4389323890209198,0.8900699019432068,0,0,0.20650699734687805,0,1,-0.8602909445762634,-0.5095893740653992,0.014792677015066147,0,0.4805188477039337,-0.8008381724357605,0.3574349880218506,0,-0.1702984869480133,0.3146061599254608,0.9338208436965942,0,0.010521999560296535,-0.047040000557899475,0.15385299921035767,1,0.5882740020751953,-0.8057470321655273,0.06859447807073593,0,0.7941409945487976,0.5916310548782349,0.13896887004375458,0,-0.1525563895702362,-0.02727808803319931,0.987917959690094,0,0,0.7856550216674805,0,1,-0.20848700404167175,0.31316399574279785,0.9265319108963013,0,-0.9780240058898926,-0.06817156821489334,-0.19703201949596405,0,0.00145983905531466,-0.9472490549087524,0.3204948306083679,0,0,0.7788980007171631,0,1,0.9918929934501648,0.05601908639073372,0.11406006664037704,0,-0.10209591686725616,0.8857290148735046,0.45283591747283936,0,-0.07565888017416,-0.46080997586250305,0.8842679858207703,0,0,0.21162700653076172,0,1
K0.100,0.519035816192627,-0.07236901670694351,0.8516839742660522,0,0.010871360078454018,0.9968880414962769,0.07808198034763336,0,-0.8546838760375977,-0.031268369406461716,0.5182070732116699,0,0.020012004300951958,1.4527959823608398,-0.010418998077511787,1,0.9741089940071106,-0.22106896340847015,-0.047323230654001236,0,0.21980401873588562,0.9750670194625854,-0.03051292710006237,0,0.052888765931129456,0.019321074709296227,0.9984130859375,0,0.0019039999460801482,0.08382300287485123,0,1,0.9864310026168823,-0.12393112480640411,-0.10768122225999832,0,0.11607188731431961,0.9902950525283813,-0.07644303143024445,0,0.11610978096723557,0.06290698051452637,0.9912420511245728,0,0,0.0978190004825592,0,1,0.989039957523346,0.08103729784488678,-0.12341925501823425,0,-0.0876087099313736,0.9949600100517273,-0.048773977905511856,0,0.11884474009275436,0.05905202403664589,0.9911550283432007,0,0,0.11179299652576447,0,1,0.9882789850234985,-0.03221121057868004,-0.1492239385843277,0,0.03288378566503525,0.999457061290741,0.002041443018242717,0,0.14907704293727875,-0.006924558896571398,0.9888009428977966,0,0,0.12576699256896973,0,1,0.9264159202575684,0.038742389529943466,-0.37450215220451355,0,-0.0764906033873558,0.9933149814605713,-0.08645803481340408,0,0.3686489164829254,0.10874196887016296,0.9231860041618347,0,-0.014254000037908554,0.24727000296115875,0,1,-0.9911699891090393,-0.039072997868061066,-0.1267123818397522,0,0.12728899717330933,-0.012631978839635849,-0.9917850494384766,0,0.03715140372514725,-0.9991570115089417,0.01749393157660961,0,-0.006889999844133854,0.08881700038909912,-0.11453399807214737,1,-0.987259030342102,0.024926194921135902,-0.15715552866458893,0,-0.09285217523574829,0.7118158340454102,0.6962020993232727,0,0.1292194277048111,0.7019239068031311,-0.7004319429397583,0,0,0.23068900406360626,0,1,0.8280850052833557,-0.45241716504096985,0.33104872703552246,0,0.520858883857727,0.8392882347106934,-0.15588949620723724,0,-0.2073182910680771,0.301519513130188,0.9306477904319763,0,0,0.45370998978614807,0,1,0.9295161366462708,0.11406426876783371,-0.3506987392902374,0,0.3532021939754486,-0.0018648537807166576,0.9355448484420776,0,0.10605825483798981,-0.9934719204902649,-0.042021170258522034,0,-0.012136000208556652,0.08869700133800507,0.11453399807214737,1,0.9073020219802856,0.4181380569934845,-0.04430576041340828,0,-0.22272883355617523,0.5672979354858398,0.7928210496902466,0,0.3566431999206543,-0.7094599604606628,0.607841968536377,0,0,0.23162899911403656,0,1,0.7022610902786255,-0.6356539726257324,-0.3205837607383728,0,0.7069819569587708,0.6756260395050049,0.20906095206737518,0,0.08370421826839447,-0.3734619915485382,0.9238609671592712,0,0,0.4552069902420044,0,1,-0.4992997646331787,-0.7687031626701355,0.3997437357902527,0,0.4993797540664673,-0.6323471069335938,-0.5922470092773438,0,0.7080391049385071,-0.09608490020036697,0.6996057629585266,0,0.010546999983489513,-0.047040000557899475,-0.15385299921035767,1,0.48540401458740234,-0.8508470058441162,-0.20110267400741577,0,0.8557828068733215,0.5094661712646484,-0.08989084511995316,0,0.17893829941749573,-0.12846679985523224,0.9754369258880615,0,0,0.7855859994888306,0,1,0.031751956790685654,-0.20422038435935974,0.978410005569458,0,-0.9614580869674683,0.26124393939971924,0.0857304260134697,0,-0.273111492395401,-0.9434220790863037,-0.18805427849292755,0,0,0.7789809703826904,0,1,0.967030942440033,-0.005341068841516972,-0.2546042501926422,0,0.09145193547010422,0.9403719305992126,0.3276232182979584,0,0.23767279088497162,-0.3401057720184326,0.9098570942878723,0,0,0.20650699734687805,0,1,-0.8707482218742371,-0.48716554045677185,0.06683702021837234,0,0.4797053933143616,-0.8116996884346008,0.3332061767578125,0,-0.10807500034570694,0.32220080494880676,0.9404821395874023,0,0.010521999560296535,-0.047040000557899475,0.15385299921035767,1,0.587608277797699,-0.8066447377204895,0.06356429308652878,0,0.793620228767395,0.5898676514625549,0.14907324314117432,0,-0.15774370729923248,-0.03715077042579651,0.9867810010910034,0,0,0.7856550216674805,0,1,-0.2073763608932495,0.3273559808731079,0.921863853931427,0,-0.9782429933547974,-0.07519587129354477,-0.19335684180259705,0,0.006023868452757597,-0.9419037699699402,0.3358273506164551,0,0,0.7788980007171631,0,1,0.9915149211883545,0.053113002330064774,0.11864835023880005,0,-0.1024479866027832,0.8810950517654419,0.46170976758003235,0,-0.08001764863729477,-0.4699472188949585,0.8790598511695862,0,0,0.21162700653076172,0,1
K0.133,0.47341957688331604,-0.05230972543358803,0.8792821764945984,0,-0.00163195189088583,0.9981809854507446,0.06026184558868408,0,-0.8808353543281555,-0.02996409870684147,0.47247323393821716,0,0.030890120193362236,1.4485599994659424,-0.007331971079111099,1,0.9728809595108032,-0.22620202600955963,-0.048322875052690506,0,0.2250690758228302,0.9739459753036499,-0.027794837951660156,0,0.05335113778710365,0.01616508886218071,0.9984449744224548,0,0.0019039999460801482,0.08382300287485123,0,1,0.984377920627594,-0.13441278040409088,-0.11372129619121552,0,0.12628741562366486,0.9890859127044678,-0.07589810341596603,0,0.12268180400133133,0.060350846499204636,0.9906089901924133,0,0,0.0978190004825592,0,1,0.9893310070037842,0.06980760395526886,-0.12787015736103058,0,-0.0762571468949318,0.9960150122642517,-0.04625117778778076,0,0.12413192540407181,0.055508747696876526,0.9907119870185852,0,0,0.11179299652576447,0,1,0.9893441200256348,-0.03637497499585152,-0.14098164439201355,0,0.0375911183655262,0.9992750287055969,0.005972033832222223,0,0.14066217839717865,-0.011208051815629005,0.9899939894676208,0,0,0.12576699256896973,0,1,0.9314960241317749,0.027568913996219635,-0.36270594596862793,0,-0.06982792168855667,0.9921309947967529,-0.10392015427350998,0,0.35698679089546204,0.1221281886100769,0.9260910749435425,0,-0.014254000037908554,0.24727000296115875,0,1,-0.9955452680587769,-0.03655371069908142,-0.08691030740737915,0,0.08715483546257019,-0.005147992633283138,-0.996181070804596,0,0.03596671298146248,-0.9993180632591248,0.008310752920806408,0,-0.006889999844133854,0.08881700038909912,-0.11453399807214737,1,-0.9944790005683899,0.024422714486718178,-0.10204840451478958,0,-0.0528232678771019,0.7237919569015503,0.6879931092262268,0,0.09066452831029892,0.6895856857299805,-0.7185062766075134,0,0,0.23068900406360626,0,1,0.8242088556289673,-0.47143134474754333,0.31373777985572815,0,0.5364580750465393,0.8274478316307068,-0.1659623086452484,0,-0.18136180937290192,0.30509477853775024,0.9348930716514587,0,0,0.45370998978614807,0,1,0.9186719059944153,0.11488782614469528,-0.37794429063796997,0,0.381288081407547,-0.007818793877959251,0.9244229197502136,0,0.1032499447464943,-0.9933478832244873,-0.05098830536007881,0,-0.012136000208556652,0.08869700133800507,0.11453399807214737,1,0.9337952733039856,0.3551313281059265,-0.04368504881858826,0,-0.1858203411102295,0.5856550931930542,0.7889730930328369,0,0.30577364563941956,-0.7286222577095032,0.6128729581832886,0,0,0.23162899911403656,0,1,0.6937131881713867,-0.644832968711853,-0.3208617568016052,0,0.7122029066085815,0.6805451512336731,0.17211948335170746,0,0.10737261921167374,-0.3479202687740326,0.9313551783561707,0,0,0.4552069902420044,0,1,-0.5091865062713623,-0.7767918705940247,0.3705715835094452,0,0.5105621218681335,-0.6192519664764404,-0.596534013748169,0,0.6928598284721375,-0.11454721540212631,0.711915135383606,0,0.010546999983489513,-0.047040000557899475,-0.15385299921035767,1,0.38754957914352417,-0.9096096754074097,-0.14971788227558136,0,0.9090104699134827,0.4040890038013458,-0.10203621536493301,0,0.15331262350082397,-0.09655111283063889,0.9834501147270203,0,0,0.7855859994888306,0,1,0.05890129134058952,-0.2385834902524948,0.9693341255187988,0,-0.982244074344635,0.15941177308559418,0.09892205148935318,0,-0.17812448740005493,-0.9579492807388306,-0.224957674741745,0,0,0.7789809703826904,0,1,0.967994213104248,-0.013146019540727139,-0.25062793493270874,0,0.0951109305024147,0.9433538317680359,0.3178635537624359,0,0.2322523146867752,-0.3315277397632599,0.9144119024276733,0,0,0.20650699734687805,0,1,-0.8770899176597595,-0.4635627567768097,0.12579204142093658,0,0.47879406809806824,-0.8228728771209717,0.3059987425804138,0,-0.03833875432610512,0.32861700654029846,0.9436850547790527,0,0.010521999560296535,-0.047040000557899475,0.15385299921035767,1,0.5857530832290649,-0.8080959916114807,0.06224913150072098,0,0.7935090661048889,0.5874260663986206,0.15897893905639648,0,-0.16503700613975525,-0.04372715577483177,0.9853180646896362,0,0,0.7856550216674805,0,1,-0.2065260112285614,0.35540062189102173,0.9116128087043762,0,-0.9784350395202637,-0.07832767069339752,-0.19112785160541534,0,0.0034775487147271633,-0.9314268827438354,0.3639131486415863,0,0,0.7788980007171631,0,1,0.9910239577293396,0.049439817667007446,0.12420826405286789,0,-0.10288915038108826,0.8752909898757935,0.4725239872932434,0,-0.08535684645175934,-0.4810621440410614,0.872520923614502,0,0,0.21162700653076172,0,1
K0.167,0.41961854696273804,-0.032235391438007355,0.9071276187896729,0,-0.010220837779343128,0.9991379976272583,0.040232982486486435,0,-0.9076427817344666,-0.02615411765873432,0.418927401304245,0,0.04262688383460045,1.4438660144805908,-0.004701023455709219,1,0.9715938568115234,-0.2313653826713562,-0.049744073301553726,0,0.23039451241493225,0.9727880954742432,-0.024517128244042397,0,0.05406289920210838,0.012359938584268093,0.9984610080718994,0,0.0019039999460801482,0.08382300287485123,0,1,0.9823290109634399,-0.144896000623703,-0.1184721440076828,0,0.1366787701845169,0.987787127494812,-0.07480985671281815,0,0.1278647631406784,0.05729519575834274,0.9901350140571594,0,0,0.0978190004825592,0,1,0.989529013633728,0.05835706740617752,-0.13200707733631134,0,-0.064576156437397,0.9969719648361206,-0.04332812502980232,0,0.12907883524894714,0.05139894038438797,0.9903010129928589,0,0,0.11179299652576447,0,1,0.9903759956359863,-0.04074393957853317,-0.13226915895938873,0,0.04243597015738487,0.9990490078926086,0.009997585788369179,0,0.13173601031303406,-0.015514337457716465,0.9911630153656006,0,0,0.12576699256896973,0,1,0.9365999698638916,0.01670220121741295,-0.3500032424926758,0,-0.06305696815252304,0.99058997631073,-0.12146779894828796,0,0.344681054353714,0.1358369141817093,0.9288400411605835,0,-0.014254000037908554,0.24727000296115875,0,1,-0.9983111619949341,-0.034407876431941986,-0.046818286180496216,0,0.04673924297094345,0.0030975278932601213,-0.9989020824432373,0,0.03451511636376381,-0.9994031190872192,-0.0014842546079307795,0,-0.006889999844133854,0.08881700038909912,-0.11453399807214737,1,-0.9987728595733643,0.025177931413054466,-0.04264524579048157,0,-0.010612339712679386,0.7322998046875,0.6808992028236389,0,0.048372723162174225,0.6805160641670227,-0.7311338186264038,0,0,0.23068900406360626,0,1,0.8183410167694092,-0.49289166927337646,0.29559561610221863,0,0.5534650087356567,0.8144580721855164,-0.17416879534721375,0,-0.15490378439426422,0.3061310946941376,0.9393020272254944,0,0,0.45370998978614807,0,1,0.9068951606750488,0.11772415041923523,-0.40457651019096375,0,0.4092928469181061,-0.018015777692198753,0.912225067615509,0,0.10010219365358353,-0.992883026599884,-0.06452209502458572,0,-0.012136000208556652,0.08869700133800507,0.11453399807214737,1,0.9574557542800903,0.28235873579978943,-0.05959612876176834,0,-0.12679249048233032,0.5971209406852722,0.7920669317245483,0,0.2592332065105438,-0.7508128881454468,0.6075180172920227,0,0,0.23162899911403656,0,1,0.7011396288871765,-0.6414213180541992,-0.31141912937164307,0,0.6964949369430542,0.7096049785614014,0.10655874758958817,0,0.15263551473617554,-0.29161444306373596,0.94427889585495,0,0,0.4552069902420044,0,1,-0.5345898866653442,-0.774817943572998,0.337449312210083,0,0.5230149626731873,-0.6169668436050415,-0.5880541801452637,0,0.6638292670249939,-0.13787662982940674,0.7350648045539856,0,0.010546999983489513,-0.047040000557899475,-0.15385299921035767,1,0.28178802132606506,-0.9518117308616638,-0.12103618681430817,0,0.9503188133239746,0.29425686597824097,-0.10152912139892578,0,0.1322522610425949,-0.08641320466995239,0.9874419569969177,0,0,0.7855859994888306,0,1,0.06799017637968063,-0.19700734317302704,0.9780418872833252,0,-0.9885399341583252,0.11913450062274933,0.0927172377705574,0,-0.13478441536426544,-0.973136842250824,-0.18664953112602234,0,0,0.7789809703826904,0,1,0.9857808351516724,-0.020715637132525444,-0.16675499081611633,0,0.08400540053844452,0.9202170968055725,0.38228556513786316,0,0.14553160965442657,-0.39085835218429565,0.9088732600212097,0,0,0.20650699734687805,0,1,-0.8773722052574158,-0.4437159597873688,0.1825786530971527,0,0.4789712727069855,-0.8324497938156128,0.27859124541282654,0,0.02837217040359974,0.33187800645828247,0.9428949952125549,0,0.010521999560296535,-0.047040000557899475,0.15385299921035767,1,0.5840680599212646,-0.8090349435806274,0.06577780842781067,0,0.7930460572242737,0.5860409140586853,0.166237011551857,0,-0.17304009199142456,-0.044928908348083496,0.9838899970054626,0,0,0.7856550216674805,0,1,-0.2090224176645279,0.3773758113384247,0.9021621942520142,0,-0.9779109358787537,-0.08115345239639282,-0.19262605905532837,0,0.000521149835549295,-0.9224970936775208,0.38600265979766846,0,0,0.7788980007171631,0,1,0.990449070930481,0.04524176940321922,0.13024896383285522,0,-0.10337826609611511,0.868739128112793,0.4843617081642151,0,-0.09123890846967697,-0.49320003390312195,0.8651180267333984,0,0,0.21162700653076172,0,1
K0.200,0.3538157045841217,-0.011894086375832558,0.9352389574050903,0,-0.015849260613322258,0.9996989965438843,0.01870989054441452,0,-0.9351809024810791,-0.021442724391818047,0.3535210192203522,0,0.05386200547218323,1.4410990476608276,-0.002602003514766693,1,0.9703850746154785,-0.23609180748462677,-0.05112120881676674,0,0.23513619601726532,0.9716649651527405,-0.024050341919064522,0,0.055350787937641144,0.011317646130919456,0.9984030723571777,0,0.0019039999460801482,0.08382300287485123,0,1,0.9806709885597229,-0.15408581495285034,-0.12058994919061661,0,0.14603720605373383,0.9865819215774536,-0.07300638407468796,0,0.13022103905677795,0.053984593600034714,0.9900140166282654,0,0,0.0978190004825592,0,1,0.9895790815353394,0.048014771193265915,-0.13575021922588348,0,-0.0538802333176136,0.997750997543335,-0.03986707702279091,0,0.13353078067302704,0.046765901148319244,0.9899410009384155,0,0,0.11179299652576447,0,1,0.9912399649620056,-0.04563901200890541,-0.12393894791603088,0,0.04769599065184593,0.9987679719924927,0.013679218478500843,0,0.12316200882196426,-0.019470788538455963,0.9921960234642029,0,0,0.12576699256896973,0,1,0.9412659406661987,0.00668806629255414,-0.33759912848472595,0,-0.056145913898944855,0.9889860153198242,-0.13694889843463898,0,0.33296477794647217,0.1478600949048996,0.9312740564346313,0,-0.014254000037908554,0.24727000296115875,0,1,-0.9994129538536072,-0.03286215290427208,-0.00964982621371746,0,0.009267129004001617,0.011778204701840878,-0.999888002872467,0,0.032972145825624466,-0.9993909597396851,-0.011466709896922112,0,-0.006889999844133854,0.08881700038909912,-0.11453399807214737,1,-0.9995719194412231,0.025012033060193062,0.015146148391067982,0,0.028663987293839455,0.7358101606369019,0.676581859588623,0,0.0057779960334300995,0.6767261028289795,-0.7362117767333984,0,0,0.23068900406360626,0,1,0.8097262382507324,-0.5164687633514404,0.278574675321579,0,0.572043240070343,0.8005569577217102,-0.17853660881519318,0,-0.13080623745918274,0.3039223551750183,0.943673849105835,0,0,0.45370998978614807,0,1,0.8928889632225037,0.12120921909809113,-0.4336550235748291,0,0.44035524129867554,-0.03400525450706482,0.8971800208091736,0,0.09399992227554321,-0.9920440316200256,-0.08373800665140152,0,-0.012136000208556652,0.08869700133800507,0.11453399807214737,1,0.976032018661499,0.19733686745166779,-0.09175419807434082,0,-0.0513639934360981,0.6185920834541321,0.7840309143066406,0,0.21147678792476654,-0.7605269551277161,0.6139021515846252,0,0,0.23162899911403656,0,1,0.7308042645454407,-0.6170088648796082,-0.2919316291809082,0,0.6559860110282898,0.7530829906463623,0.050486236810684204,0,0.18869836628437042,-0.22839874029159546,0.9551059603691101,0,0,0.4552069902420044,0,1,-0.6176671981811523,-0.7482509016990662,0.24209284782409668,0,0.5602661371231079,-0.6346901059150696,-0.5322316288948059,0,0.5518959760665894,-0.1931053251028061,0.811245858669281,0,0.010546999983489513,-0.047040000557899475,-0.15385299921035767,1,0.12437363713979721,-0.9772620797157288,-0.17172499001026154,0,0.9890009164810181,0.13606132566928864,-0.058010976761579514,0,0.08005701750516891,-0.16262103617191315,0.9834349751472473,0,0,0.7855859994888306,0,1,0.10276714712381363,-0.0241999551653862,0.9944109320640564,0,-0.972946047782898,0.20551161468029022,0.10555018484592438,0,-0.20691724121570587,-0.9783549308776855,-0.002425404032692313,0,0,0.7789809703826904,0,1,0.9967290163040161,0.01972792111337185,-0.07836990058422089,0,0.02553686685860157,0.8431730270385742,0.5370350480079651,0,0.07667403668165207,-0.5372801423072815,0.839911937713623,0,0,0.20650699734687805,0,1,-0.8719621300697327,-0.4321729838848114,0.2300196886062622,0,0.48269012570381165,-0.8374139666557312,0.2564120888710022,0,0.08180733770132065,0.33460989594459534,0.9387990236282349,0,0.010521999560296535,-0.047040000557899475,0.15385299921035767,1,0.5841449499130249,-0.8072699308395386,0.08420409262180328,0,0.7904020547866821,0.58936607837677,0.1670718938112259,0,-0.18449896574020386,-0.031039083376526833,0.982342004776001,0,0,0.7856550216674805,0,1,-0.2173784375190735,0.38812798261642456,0.8956019878387451,0,-0.9760400652885437,-0.07741867005825043,-0.20335112512111664,0,-0.00959000550210476,-0.9183481335639954,0.3956577777862549,0,0,0.7788980007171631,0,1,0.9898250699043274,0.040816206485033035,0.1363086849451065,0,-0.10388978570699692,0.8618990182876587,0.4963238835334778,0,-0.09722629934549332,-0.505435049533844,0.8573698997497559,0,0,0.21162700653076172,0,1
