2.467,30,74,25
B0,mixamorig_Hips,-1,-0.06452036648988724,-0.06642089784145355,0.9957029223442078,0,0.0025689397007226944,0.997767984867096,0.06672510504722595,0,-0.9979129433631897,0.006863038521260023,-0.06420575082302094,0,0.0008299999753944576,1.34244704246521,-0.018048999831080437,1
B1,mixamorig_Spine,0,0.9987339973449707,-0.04999995604157448,-0.00551485875621438,0,0.04999704286456108,0.9987490177154541,-0.0006632798467762768,0,0.0055411262437701225,0.00038671368383802474,0.9999849200248718,0,0.003358999965712428,0.07134199887514114,0,1
B2,mixamorig_Spine1,1,0.9999139904975891,-0.008927016519010067,-0.009562984108924866,0,0.008897985331714153,0.9999560713768005,-0.0030746767297387123,0,0.009590016677975655,0.0029893224127590656,0.9999500513076782,0,0,0.08332499861717224,0,1
B3,mixamorig_Spine2,2,0.9999150037765503,-0.008870082907378674,-0.009579077363014221,0,0.008839915506541729,0.999955952167511,-0.0031869751401245594,0,0.0096069211140275,0.0031020245514810085,0.9999489784240723,0,0,0.09522899985313416,0,1
B4,mixamorig_Neck,3,0.9644118547439575,0.2631804645061493,0.02541811764240265,0,-0.26411452889442444,0.9633951187133789,0.045967310667037964,0,-0.012389987707138062,-0.05104468762874603,0.998619019985199,0,0,0.10713200271129608,0,1
B5,mixamorig_Head,4,0.9827020764350891,-0.1767725646495819,-0.05520106479525566,0,0.17441241443157196,0.9836429357528687,-0.04502885043621063,0,0.06225798651576042,0.034622181206941605,0.9974589943885803,0,-0.011768000200390816,0.1778700053691864,0,1
B6,mixamorig_HeadTop_End,5,1,0,0,0,0,1,0,0,0,0,1,0,-0.02562900073826313,0.3873699903488159,0,1
B7,mixamorig_LeftShoulder,3,-0.9812081456184387,0.027895038947463036,-0.19092482328414917,0,0.1829492151737213,-0.17995615303516388,-0.9665120244026184,0,-0.061318978667259216,-0.9832790493965149,0.17147094011306763,0,-0.00001700000029813964,0.07867500185966492,-0.08636900037527084,1
B8,mixamorig_LeftArm,7,-0.96378493309021,-0.2654246985912323,0.025835230946540833,0,-0.09463237971067429,0.43096813559532166,0.8973909020423889,0,-0.24932414293289185,0.86244797706604,-0.44047877192497253,0,0,0.18251700699329376,0,1
B9,mixamorig_LeftForeArm,8,0.9748690128326416,-0.2227799892425537,0.00007101991650415584,0,0.22277802228927612,0.9748589992523193,-0.004539125598967075,0,0.0009419915149919689,0.004440872929990292,0.999989926815033,0,0,0.34862300753593445,0,1
B10,mixamorig_LeftHand,9,1,0,0,0,0,1,0,0,0,0,1,0,0,0.3664630055427551,0,1
B11,mixamorig_RightShoulder,3,0.9659320116043091,-0.0371428057551384,-0.2561171352863312,0,0.2437167763710022,-0.20232899487018585,0.9485069513320923,0,-0.08705013245344162,-0.978613018989563,-0.1863836795091629,0,0.000450999999884516,0.07869700342416763,0.08636900037527084,1
B12,mixamorig_RightArm,11,0.9899170398712158,-0.06003272160887718,-0.12829990684986115,0,0.14164918661117554,0.41602784395217896,0.8982520699501038,0,-0.0005481839179992676,-0.9073678255081177,0.4203363358974457,0,0,0.18250499665737152,0,1
B13,mixamorig_RightForeArm,12,0.9913690090179443,-0.13109993934631348,-0.00017607542395126075,0,0.13110005855560303,0.9913679957389832,0.0014999256236478686,0,-0.000022084603187977336,-0.0015100636519491673,0.9999989867210388,0,0,0.34860101342201233,0,1
B14,mixamorig_RightHand,13,1,0,0,0,0,1,0,0,0,0,1,0,0,0.36646199226379395,0,1
B15,mixamorig_LeftUpLeg,0,-0.9659191370010376,-0.1371990144252777,0.21949078142642975,0,0.10438191890716553,-0.9824260473251343,-0.1547372043132782,0,0.23686319589614868,-0.1265527307987213,0.9632649421691895,0,0.01632699929177761,-0.0397769995033741,-0.12068600207567215,1
B16,mixamorig_LeftLeg,15,0.9843840003013611,-0.1548459231853485,0.0837278813123703,0,0.15857703983783722,0.9865409731864929,-0.03987771272659302,0,-0.07642606645822525,0.05253228917717934,0.9956899285316467,0,0,0.6271420121192932,0,1
B17,mixamorig_LeftFoot,16,0.06594590842723846,-0.17353783547878265,0.9826170802116394,0,-0.9037790894508362,0.40696489810943604,0.13252809643745422,0,-0.4228890836238861,-0.8968080282211304,-0.13000214099884033,0,0,0.6080729961395264,0,1
B18,mixamorig_LeftToeBase,17,0.9937260150909424,3.723203079175619e-8,-0.11184069514274597,0,0.051632147282361984,0.8870580792427063,0.4587617814540863,0,0.09920922666788101,-0.46165820956230164,0.8814929127693176,0,0,0.16479900479316711,0,1
B19,mixamorig_LeftToe_End,18,1,0,0,0,0,1,0,0,0,0,1,0,0,0.06949199736118317,0,1
B20,mixamorig_RightUpLeg,0,-0.9788629412651062,-0.13396602869033813,-0.1545340120792389,0,0.11326199769973755,-0.9842399954795837,0.13580670952796936,0,-0.1702919900417328,0.11543326824903488,0.9786089658737183,0,0.01592100039124489,-0.0397769995033741,0.12068600207567215,1
B21,mixamorig_RightLeg,20,0.9948239922523499,-0.0973789319396019,0.02901173010468483,0,0.09603304415941238,0.9943759441375732,0.04464706778526306,0,-0.03319626301527023,-0.04162990301847458,0.9985809922218323,0,0,0.6270520091056824,0,1
B22,mixamorig_RightFoot,21,-0.05711892992258072,0.1723054200410843,0.9833859205245972,0,-0.8933942317962646,0.43083783984184265,-0.12738171219825745,0,-0.4456283450126648,-0.8858268857002258,0.12932759523391724,0,0,0.6076499819755554,0,1
B23,mixamorig_RightToeBase,22,0.9930490851402283,-2.537591399232042e-7,0.11770521104335785,0,-0.05273512750864029,0.8940190076828003,0.44491487741470337,0,-0.10523071140050888,-0.448029100894928,0.8878039717674255,0,0,0.16967399418354034,0,1
B24,mixamorig_RightToe_End,23,1,0,0,0,0,1,0,0,0,0,1,0,0,0.07060900330543518,0,1
@20,0,1,2,3,4,5,7,8,9,11,12,13,15,16,17,18,20,21,22,23
K0,0.9957029223442078,-0.06642094254493713,0.06452039629220963,0,0.06672514975070953,0.997767984867096,-0.0025690626353025436,0,-0.06420578062534332,0.006863160990178585,0.9979129433631897,0,-0.018048997968435287,1.34244704246521,-0.0008300005574710667,1,0.9987339973449707,-0.04999995604157448,-0.00551486574113369,0,0.04999704286456108,0.9987490177154541,-0.0006632832810282707,0,0.0055411336943507195,0.00038671676884405315,0.9999849200248718,0,0.003358999965712428,0.07134199887514114,0,1,0.9999139904975891,-0.008927015587687492,-0.009562984108924866,0,0.008897984400391579,0.9999560713768005,-0.0030746771953999996,0,0.009590016677975655,0.002989322878420353,0.9999500513076782,0,0,0.08332499861717224,0,1,0.9999150037765503,-0.008870082907378674,-0.009579078294336796,0,0.008839915506541729,0.999955952167511,-0.003186975372955203,0,0.009606922045350075,0.003102024784311652,0.9999489784240723,0,0,0.09522899985313416,0,1,0.9644118547439575,0.2631804645061493,0.02541806548833847,0,-0.26411452889442444,0.9633951187133789,0.04596731811761856,0,-0.012389934621751308,-0.051044680178165436,0.998619019985199,0,0,0.10713200271129608,0,1,0.9827020764350891,-0.17677254974842072,-0.05520104244351387,0,0.17441241443157196,0.9836429357528687,-0.04502883180975914,0,0.062257956713438034,0.03462217003107071,0.9974589943885803,0,-0.011768000200390816,0.1778700053691864,0,1,-0.9812079668045044,0.02789521962404251,-0.19092485308647156,0,0.1829492151737213,-0.17995600402355194,-0.9665119647979736,0,-0.061319150030612946,-0.9832789897918701,0.17147092521190643,0,-0.00001700000029813964,0.07867500185966492,-0.08636900037527084,1,-0.9637851119041443,-0.26542454957962036,0.025835052132606506,0,-0.09463245421648026,0.4309680163860321,0.8973909616470337,0,-0.24932393431663513,0.8624480962753296,-0.44047874212265015,0,0,0.18251700699329376,0,1,0.9748690128326416,-0.2227800041437149,0.00007100585207808763,0,0.22277803719043732,0.9748589992523193,-0.004539127927273512,0,0.0009420058340765536,0.004440871998667717,0.999989926815033,0,0,0.34862300753593445,0,1,0.9659319519996643,-0.03714302182197571,-0.25611740350723267,0,0.2437169849872589,-0.20232926309108734,0.9485070109367371,0,-0.0870504230260849,-0.9786131381988525,-0.18638385832309723,0,0.000450999999884516,0.07869700342416763,0.08636900037527084,1,0.989916980266571,-0.060032669454813004,-0.12830007076263428,0,0.14164932072162628,0.4160277247428894,0.8982521891593933,0,-0.0005480812978930771,-0.9073679447174072,0.42033618688583374,0,0,0.18250499665737152,0,1,0.9913690090179443,-0.13109993934631348,-0.0001760803716024384,0,0.13110005855560303,0.9913679957389832,0.0014999306295067072,0,-0.000022080359485698864,-0.0015100693562999368,0.9999989867210388,0,0,0.34860101342201233,0,1,-0.9659191370010376,-0.1371990442276001,0.21949078142642975,0,0.10438195616006851,-0.9824260473251343,-0.15473723411560059,0,0.23686321079730988,-0.1265527456998825,0.9632649421691895,0,0.01632699929177761,-0.0397769995033741,-0.12068600207567215,1,0.9843840003013611,-0.1548459231853485,0.08372791111469269,0,0.1585770547389984,0.9865409731864929,-0.03987770527601242,0,-0.07642609626054764,0.05253228917717934,0.9956899285316467,0,0,0.6271420121192932,0,1,0.06594620645046234,-0.17353780567646027,0.9826170206069946,0,-0.9037789106369019,0.40696507692337036,0.13252834975719452,0,-0.4228892922401428,-0.8968079090118408,-0.1300019472837448,0,0,0.6080729961395264,0,1,0.9937260150909424,0,-0.11184071004390717,0,0.051632095128297806,0.8870580792427063,0.4587617516517639,0,0.0992092713713646,-0.46165817975997925,0.8814929127693176,0,0,0.16479900479316711,0,1,-0.9788629412651062,-0.13396601378917694,-0.1545340120792389,0,0.11326198279857635,-0.9842399954795837,0.13580670952796936,0,-0.1702919900417328,0.11543329060077667,0.9786089658737183,0,0.01592100039124489,-0.0397769995033741,0.12068600207567215,1,0.9948239922523499,-0.09737894684076309,0.029011733829975128,0,0.09603305160999298,0.9943759441375732,0.044647082686424255,0,-0.03319626674056053,-0.04162991791963577,0.9985809922218323,0,0,0.6270520091056824,0,1,-0.05711842700839043,0.1723053902387619,0.9833859205245972,0,-0.8933940529823303,0.4308382272720337,-0.1273813396692276,0,-0.44562864303588867,-0.8858267068862915,0.12932777404785156,0,0,0.6076499819755554,0,1,0.9930490851402283,0,0.11770527064800262,0,-0.05273520201444626,0.8940190076828003,0.44491487741470337,0,-0.10523074865341187,-0.44802913069725037,0.8878039717674255,0,0,0.16967399418354034,0,1
K0.033,0.9956678748130798,-0.06655988842248917,0.06491713225841522,0,0.06687179952859879,0.9977579712867737,-0.0026411134749650955,0,-0.06459582597017288,0.0069708023220300674,0.9978869557380676,0,-0.017994998022913933,1.3424370288848877,-0.0008260009926743805,1,0.9987339377403259,-0.050002966076135635,-0.005514802411198616,0,0.050000037997961044,0.9987490177154541,-0.0006657916237600148,0,0.005541196558624506,0.00038920846418477595,0.9999849200248718,0,0.003358999965712428,0.07134199887514114,0,1,0.9999099373817444,-0.009162073023617268,-0.009815978817641735,0,0.009131927974522114,0.9999529719352722,-0.0031109615229070187,0,0.009844024665653706,0.0030210434924811125,0.9999470114707947,0,0,0.08332499861717224,0,1,0.9999099969863892,-0.009104919619858265,-0.009828304871916771,0,0.00907308328896761,0.9999529719352722,-0.0032787343952804804,0,0.00985770020633936,0.003189267823472619,0.9999459981918335,0,0,0.09522899985313416,0,1,0.9644328951835632,0.2631053030490875,0.025401921942830086,0,-0.2640376389026642,0.963420033454895,0.04588903486728668,0,-0.01239907555282116,-0.050963979214429855,0.9986240267753601,0,0,0.10713200271129608,0,1,0.9827250242233276,-0.17648716270923615,-0.05571618676185608,0,0.17410583794116974,0.9836950302124023,-0.045074597001075745,0,0.06276281177997589,0.034595414996147156,0.9974290728569031,0,-0.011768000200390816,0.1778700053691864,0,1,-0.9812089204788208,0.02794209122657776,-0.1909165382385254,0,0.18294109404087067,-0.17982400953769684,-0.9665380120277405,0,-0.061338454484939575,-0.9833019971847534,0.17133305966854095,0,-0.00001700000029813964,0.07867500185966492,-0.08636900037527084,1,-0.9638309478759766,-0.2652603089809418,0.025816015899181366,0,-0.09453271329402924,0.43083181977272034,0.8974671363830566,0,-0.2491849958896637,0.8625669479370117,-0.4403252899646759,0,0,0.18251700699329376,0,1,0.9749249219894409,-0.2225319892168045,0.00006936449062777683,0,0.2225300371646881,0.9749150276184082,-0.004534127190709114,0,0.0009413645602762699,0.004435873124748468,0.9999899864196777,0,0,0.34862300753593445,0,1,0.9659311175346375,-0.03704860806465149,-0.25613370537757874,0,0.24373140931129456,-0.20254527032375336,0.948456883430481,0,-0.08701769262552261,-0.9785720705986023,-0.18661491572856903,0,0.000450999999884516,0.07869700342416763,0.08636900037527084,1,0.9900180697441101,-0.060343991965055466,-0.12737084925174713,0,0.14093701541423798,0.4160808324813843,0.898339033126831,0,-0.001212797244079411,-0.907322883605957,0.42043212056159973,0,0,0.18250499665737152,0,1,0.9913610219955444,-0.13115891814231873,-0.0001766911882441491,0,0.13115903735160828,0.9913600087165833,0.0015008951304480433,0,-0.00002169119761674665,-0.0015111045213416219,0.9999989867210388,0,0,0.34860101342201233,0,1,-0.9658499360084534,-0.13740523159503937,0.2196691930294037,0,0.1045297384262085,-0.9823861122131348,-0.15489178895950317,0,0.2370828092098236,-0.1266402006149292,0.963200032711029,0,0.01632699929177761,-0.0397769995033741,-0.12068600207567215,1,0.98430997133255,-0.155143141746521,0.08404474705457687,0,0.15889385342597961,0.9864889979362488,-0.039904944598674774,0,-0.0767182931303978,0.05263306573033333,0.9956629872322083,0,0,0.6271420121192932,0,1,0.06599507480859756,-0.17362387478351593,0.9825980067253113,0,-0.9038628935813904,0.4067610800266266,0.13258107006549835,0,-0.42270198464393616,-0.8968839049339294,-0.1300879865884781,0,0,0.6080729961395264,0,1,0.9937260150909424,0,-0.11184071004390717,0,0.051632095128297806,0.8870580792427063,0.4587617516517639,0,0.0992092713713646,-0.46165817975997925,0.8814929127693176,0,0,0.16479900479316711,0,1,-0.9788360595703125,-0.13417483866214752,-0.1545250564813614,0,0.11348915100097656,-0.9842270016670227,0.13571414351463318,0,-0.17029695212841034,0.1153048425912857,0.9786230325698853,0,0.01592100039124489,-0.0397769995033741,0.12068600207567215,1,0.9948009848594666,-0.09748397767543793,0.029475174844264984,0,0.09612003713846207,0.9943700432777405,0.04460854455828667,0,-0.03365783020853996,-0.04154345393180847,0.9985699653625488,0,0,0.6270520091056824,0,1,-0.05722316727042198,0.1722460389137268,0.9833909273147583,0,-0.8934230208396912,0.4307611286640167,-0.127438023686409,0,-0.44555699825286865,-0.885875940322876,0.12923897802829742,0,0,0.6076499819755554,0,1,0.9930490255355835,0,0.11770529299974442,0,-0.052735332399606705,0.8940180540084839,0.44491684436798096,0,-0.10523071140050888,-0.44803109765052795,0.8878029584884644,0,0,0.16967399418354034,0,1
K0.067,0.9956419467926025,-0.06670486927032471,0.06517473608255386,0,0.06701256334781647,0.9977490305900574,-0.002544127171859145,0,-0.0648583322763443,0.00690056849271059,0.997870922088623,0,-0.01802399754524231,1.3424359560012817,-0.0008650001836940646,1,0.9987319707870483,-0.05004797875881195,-0.005514103919267654,0,0.050045013427734375,0.9987469911575317,-0.0006734036142006516,0,0.005540895741432905,0.00039659618050791323,0.9999849200248718,0,0.003358999965712428,0.07134199887514114,0,1,0.999907910823822,-0.00923107098788023,-0.009958186186850071,0,0.00919792614877224,0.9999520182609558,-0.0033689497504383326,0,0.009988809004426003,0.0032770452089607716,0.9999449849128723,0,0,0.08332499861717224,0,1,0.9999079704284668,-0.009170623496174812,-0.01003485918045044,0,0.009137376211583614,0.9999529719352722,-0.003354000858962536,0,0.010065137408673763,0.003261997364461422,0.9999439716339111,0,0,0.09522899985313416,0,1,0.9645249247550964,0.26276108622550964,0.025465963408350945,0,-0.2637009024620056,0.9634979963302612,0.04619162902235985,0,-0.012399038299918175,-0.05126836150884628,0.9986079335212708,0,0,0.10713200271129608,0,1,0.9828320741653442,-0.1758858859539032,-0.05572311952710152,0,0.1734631359577179,0.9837790131568909,-0.045720916241407394,0,0.0628608837723732,0.03527006879448891,0.9973990321159363,0,-0.011768000200390816,0.1778700053691864,0,1,-0.9812932014465332,0.027960961684584618,-0.19047659635543823,0,0.18251797556877136,-0.1796112358570099,-0.9666581153869629,0,-0.06124039739370346,-0.9833400845527649,0.17114771902561188,0,-0.00001700000029813964,0.07867500185966492,-0.08636900037527084,1,-0.9639108180999756,-0.26497408747673035,0.025767168030142784,0,-0.09436991810798645,0.4305814802646637,0.897604763507843,0,-0.24893681704998016,0.8627792000770569,-0.4400475323200226,0,0,0.18251700699329376,0,1,0.9748979806900024,-0.22265300154685974,0.00006987145025050268,0,0.22265103459358215,0.974888026714325,-0.004536155145615339,0,0.0009418714325875044,0.004437844268977642,0.999989926815033,0,0,0.34862300753593445,0,1,0.9658610224723816,-0.03695707768201828,-0.25641313195228577,0,0.2440229207277298,-0.20254288613796234,0.9483820199966431,0,-0.08698409795761108,-0.9785760045051575,-0.1866098940372467,0,0.000450999999884516,0.07869700342416763,0.08636900037527084,1,0.9898159503936768,-0.0584014430642128,-0.12982334196567535,0,0.14234758913516998,0.415073037147522,0.8985830545425415,0,0.001407621311955154,-0.9079119563102722,0.4191592037677765,0,0,0.18250499665737152,0,1,0.9915760159492493,-0.12952594459056854,-0.00017420998483430594,0,0.1295260787010193,0.9915750026702881,0.0014819599455222487,0,-0.000019209996025892906,-0.0014920406974852085,0.9999989867210388,0,0,0.34860101342201233,0,1,-0.9659270644187927,-0.13741010427474976,0.21932639181613922,0,0.10466190427541733,-0.9824241995811462,-0.15456075966358185,0,0.2367096245288849,-0.12633924186229706,0.9633310437202454,0,0.01632699929177761,-0.0397769995033741,-0.12068600207567215,1,0.9842729568481445,-0.15500430762767792,0.08473515510559082,0,0.15882065892219543,0.9864850044250488,-0.04028390347957611,0,-0.0773458257317543,0.053108084946870804,0.9955889582633972,0,0,0.6271420121192932,0,1,0.06596823036670685,-0.1738322377204895,0.9825629591941833,0,-0.9038300514221191,0.40680980682373047,0.13265381753444672,0,-0.42277583479881287,-0.8968210816383362,-0.13027828931808472,0,0,0.6080729961395264,0,1,0.9937259554862976,0,-0.11184021085500717,0,0.051631975919008255,0.8870580792427063,0.4587617814540863,0,0.0992087870836258,-0.46165820956230164,0.8814929723739624,0,0,0.16479900479316711,0,1,-0.9787830710411072,-0.13451091945171356,-0.15456697344779968,0,0.11380106955766678,-0.9841740727424622,0.1358349770307541,0,-0.17039203643798828,0.11536304652690887,0.9785999655723572,0,0.01592100039124489,-0.0397769995033741,0.12068600207567215,1,0.9947760105133057,-0.09766540676355362,0.029701843857765198,0,0.09629258513450623,0.9943540096282959,0.04459100216627121,0,-0.03388914838433266,-0.04149799421429634,0.9985640645027161,0,0,0.6270520091056824,0,1,-0.05721583589911461,0.17223972082138062,0.983392059803009,0,-0.8934351801872253,0.430738627910614,-0.1274251639842987,0,-0.4455328583717346,-0.8858881592750549,0.1292399764060974,0,0,0.6076499819755554,0,1,0.9930490851402283,0,0.11770527064800262,0,-0.05273520201444626,0.8940190076828003,0.44491487741470337,0,-0.10523074865341187,-0.44802913069725037,0.8878039717674255,0,0,0.16967399418354034,0,1
K0.100,0.9956178665161133,-0.06667018681764603,0.06557204574346542,0,0.06697870790958405,0.997750997543335,-0.002515805885195732,0,-0.06525689363479614,0.0068967207334935665,0.997844934463501,0,-0.01774199865758419,1.3424079418182373,-0.0008430005982518196,1,0.9987369775772095,-0.04993584007024765,-0.005577714182436466,0,0.04993116483092308,0.9987519979476929,-0.000971864559687674,0,0.005619284696877003,0.0006921353633515537,0.9999839663505554,0,0.003358999965712428,0.07134199887514114,0,1,0.999908983707428,-0.00906370859593153,-0.010040074586868286,0,0.009028291329741478,0.9999529719352722,-0.0035669859498739243,0,0.010071923956274986,0.0034760136622935534,0.9999430179595947,0,0,0.08332499861717224,0,1,0.9999079704284668,-0.009003277868032455,-0.01011122390627861,0,0.008967723697423935,0.9999529719352722,-0.003555998904630542,0,0.010142777115106583,0.0034650014713406563,0.9999430179595947,0,0,0.09522899985313416,0,1,0.9646700024604797,0.2622300088405609,0.025454185903072357,0,-0.26316899061203003,0.9636459946632385,0.046135105192661285,0,-0.012430811300873756,-0.0512038953602314,0.9986109733581543,0,0,0.10713200271129608,0,1,0.9826299548149109,-0.17691713571548462,-0.05602412670850754,0,0.1745118647813797,0.9836130142211914,-0.04529128596186638,0,0.06311887502670288,0.034727707505226135,0.9974019527435303,0,-0.011768000200390816,0.1778700053691864,0,1,-0.9814488887786865,0.02801930159330368,-0.18966320157051086,0,0.18170329928398132,-0.17966395616531372,-0.9668009281158447,0,-0.06116478517651558,-0.9833289980888367,0.17123998701572418,0,-0.00001700000029813964,0.07867500185966492,-0.08636900037527084,1,-0.9640790224075317,-0.26436305046081543,0.025752680376172066,0,-0.09396788477897644,0.43014582991600037,0.8978560566902161,0,-0.2484372854232788,0.8631839156150818,-0.4395360052585602,0,0,0.18251700699329376,0,1,0.9749030470848083,-0.22263099253177643,0.00006976378062972799,0,0.22262901067733765,0.9748929142951965,-0.004535649437457323,0,0.0009417638066224754,0.004437348805367947,0.999989926815033,0,0,0.34862300753593445,0,1,0.9657670855522156,-0.036906879395246506,-0.2567729353904724,0,0.24440109729766846,-0.20237094163894653,0.9483219981193542,0,-0.08696292340755463,-0.978613018989563,-0.18642297387123108,0,0.000450999999884516,0.07869700342416763,0.08636900037527084,1,0.9897429943084717,-0.056744616478681564,-0.131105437874794,0,0.14282037317752838,0.4142894744873047,0.8988701701164246,0,0.0033095646649599075,-0.9083749055862427,0.4181443154811859,0,0,0.18250499665737152,0,1,0.9917010068893433,-0.12856194376945496,-0.00017227412899956107,0,0.1285620778799057,0.9916999936103821,0.0014710294781252742,0,-0.00001827414962463081,-0.0014809707645326853,0.9999990463256836,0,0,0.34860101342201233,0,1,-0.9658838510513306,-0.1372527927160263,0.21961423754692078,0,0.10442020744085312,-0.9824219346046448,-0.15473662316799164,0,0.236991748213768,-0.1265253722667694,0.9632369875907898,0,0.01632699929177761,-0.0397769995033741,-0.12068600207567215,1,0.9842249155044556,-0.15538117289543152,0.08459927886724472,0,0.15916882455348969,0.9864410161972046,-0.03999517112970352,0,-0.07723773270845413,0.05282983183860779,0.9956120252609253,0,0,0.6271420121192932,0,1,0.06599942594766617,-0.17374783754348755,0.9825760722160339,0,-0.9040378928184509,0.4063710570335388,0.1325821578502655,0,-0.4223261773586273,-0.897036075592041,-0.13025431334972382,0,0,0.6080729961395264,0,1,0.9937260150909424,0,-0.11184071004390717,0,0.051632095128297806,0.8870580792427063,0.4587617516517639,0,0.0992092713713646,-0.46165817975997925,0.8814929127693176,0,0,0.16479900479316711,0,1,-0.9786879420280457,-0.13521020114421844,-0.15455776453018188,0,0.11447279155254364,-0.9840698838233948,0.13602124154567719,0,-0.17048722505569458,0.11542975902557373,0.9785760045051575,0,0.01592100039124489,-0.0397769995033741,0.12068600207567215,1,0.9945789575576782,-0.09937640279531479,0.030599165707826614,0,0.09797558933496475,0.9942020177841187,0.044307079166173935,0,-0.03482483699917793,-0.041068922728300095,0.9985489845275879,0,0,0.6270520091056824,0,1,-0.057213954627513885,0.1719108670949936,0.9834500551223755,0,-0.8939201831817627,0.4298167824745178,-0.12713900208473206,0,-0.4445599913597107,-0.886400043964386,0.129083052277565,0,0,0.6076499819755554,0,1,0.9930490851402283,0,0.11770524084568024,0,-0.05273512005805969,0.8940191864967346,0.44491368532180786,0,-0.10523078590631485,-0.4480282664299011,0.8878048062324524,0,0,0.16967399418354034,0,1
K0.133,0.9956249594688416,-0.06595884263515472,0.06618023663759232,0,0.06626491993665695,0.9977989792823792,-0.002438158495351672,0,-0.06587380170822144,0.006812924984842539,0.9978049993515015,0,-0.017398996278643608,1.3424190282821655,-0.0009470002842135727,1,0.9987260103225708,-0.05013398826122284,-0.005805230233818293,0,0.050129011273384094,0.9987419843673706,-0.0009941385360434651,0,0.005847768858075142,0.0007018618052825332,0.999983012676239,0,0.003358999965712428,0.07134199887514114,0,1,0.9999019503593445,-0.00942097045481205,-0.01039291825145483,0,0.009382030926644802,0.9999489188194275,-0.0037889403756707907,0,0.010428081266582012,0.0036910613998770714,0.9999390244483948,0,0,0.08332499861717224,0,1,0.9999009966850281,-0.009358084760606289,-0.01050205435603857,0,0.009319917298853397,0.9999500513076782,-0.003677621716633439,0,0.010535942390561104,0.0035793783608824015,0.9999380111694336,0,0,0.09522899985313416,0,1,0.96471107006073,0.2620778977870941,0.025445979088544846,0,-0.26301610469818115,0.9636889696121216,0.046096980571746826,0,-0.01244102232158184,-0.05116301029920578,0.9986129403114319,0,0,0.10713200271129608,0,1,0.9825839996337891,-0.17735901474952698,-0.0554230697453022,0,0.17493601143360138,0.9835090041160583,-0.0459170900285244,0,0.06265292316675186,0.03542192280292511,0.997407078742981,0,-0.011768000200390816,0.1778700053691864,0,1,-0.9813790917396545,0.027967631816864014,-0.1900337189435959,0,0.18204864859580994,-0.18012221157550812,-0.9666510820388794,0,-0.061264265328645706,-0.9832471013069153,0.17167671024799347,0,-0.00001700000029813964,0.07867500185966492,-0.08636900037527084,1,-0.9641671180725098,-0.26402074098587036,0.025986745953559875,0,-0.09369827806949615,0.430530846118927,0.8976990580558777,0,-0.2481992542743683,0.8630970120429993,-0.43984198570251465,0,0,0.18251700699329376,0,1,0.9750209450721741,-0.2221139818429947,0.00006737835064996034,0,0.2221120148897171,0.9750110507011414,-0.0045250337570905685,0,0.0009393783402629197,0.004426966886967421,0.9999899864196777,0,0,0.34862300753593445,0,1,0.9659029245376587,-0.03699274733662605,-0.25624796748161316,0,0.2438623011112213,-0.202454075217247,0.9484432339668274,0,-0.0869639441370964,-0.978593111038208,-0.18652983009815216,0,0.000450999999884516,0.07869700342416763,0.08636900037527084,1,0.9900029897689819,-0.05904781073331833,-0.12808912992477417,0,0.14104419946670532,0.4151889681816101,0.898734986782074,0,0.00011286306835245341,-0.9078171253204346,0.41936689615249634,0,0,0.18250499665737152,0,1,0.9914919137954712,-0.13016542792320251,-0.00017468174337409437,0,0.13016556203365326,0.9914910793304443,0.0014894671039655805,0,-0.00002068174580927007,-0.0014995329547673464,0.9999989867210388,0,0,0.34860101342201233,0,1,-0.9660339951515198,-0.13575968146324158,0.21988005936145782,0,0.10294930636882782,-0.9826299548149109,-0.15439783036708832,0,0.23702190816402435,-0.1265171468257904,0.9632310271263123,0,0.01632699929177761,-0.0397769995033741,-0.12068600207567215,1,0.9842889904975891,-0.1546061933040619,0.0852719098329544,0,0.15843981504440308,0.9865520596504211,-0.04014812782406807,0,-0.07791809737682343,0.05302787199616432,0.9955489635467529,0,0,0.6271420121192932,0,1,0.0659877359867096,-0.17386971414089203,0.9825550317764282,0,-0.9040096998214722,0.4064186215400696,0.13263113796710968,0,-0.4223889708518982,-0.896990954875946,-0.13036119937896729,0,0,0.6080729961395264,0,1,0.9937259554862976,0,-0.11184022575616837,0,0.05163192003965378,0.8870581388473511,0.4587607681751251,0,0.099208764731884,-0.4616571366786957,0.8814929127693176,0,0,0.16479900479316711,0,1,-0.9788050055503845,-0.13376988470554352,-0.15506796538829803,0,0.11291911453008652,-0.9842139482498169,0.13627825677394867,0,-0.1708500236272812,0.11587973684072495,0.9784590005874634,0,0.01592100039124489,-0.0397769995033741,0.12068600207567215,1,0.9946960210800171,-0.09795486927032471,0.031371816992759705,0,0.09652912616729736,0.9943509697914124,0.04412815719842911,0,-0.03551718220114708,-0.040865834802389145,0.9985330104827881,0,0,0.6270520091056824,0,1,-0.05725889280438423,0.1720304787158966,0.983426034450531,0,-0.893671989440918,0.43028494715690613,-0.12730266153812408,0,-0.445053368806839,-0.8861494064331055,0.12910112738609314,0,0,0.6076499819755554,0,1,0.9930490851402283,0,0.11770527064800262,0,-0.05273525416851044,0.8940181732177734,0.4449157118797302,0,-0.10523074865341187,-0.4480303227901459,0.8878037929534912,0,0,0.16967399418354034,0,1
K0.167,0.9956299662590027,-0.0660918653011322,0.06597969681024551,0,0.06640231609344482,0.9977899789810181,-0.0025211304891854525,0,-0.06566723436117172,0.006891319062560797,0.9978179335594177,0,-0.01728600077331066,1.3424279689788818,-0.0009220007341355085,1,0.9987229108810425,-0.050183020532131195,-0.005803180392831564,0,0.05017797648906708,0.998740017414093,-0.0010152438189834356,0,0.005846818443387747,0.000722755677998066,0.999983012676239,0,0.003358999965712428,0.07134199887514114,0,1,0.999902069568634,-0.00951020885258913,-0.010292857885360718,0,0.009470789693295956,0.9999480247497559,-0.0038719293661415577,0,0.010329144075512886,0.003774068085476756,0.9999399781227112,0,0,0.08332499861717224,0,1,0.9999009370803833,-0.009445913136005402,-0.010409397073090076,0,0.009408085606992245,0.9999489784240723,-0.0036771479062736034,0,0.010443602688610554,0.0035788519307971,0.9999390244483948,0,0,0.09522899985313416,0,1,0.9648191332817078,0.26168686151504517,0.02539801225066185,0,-0.26262015104293823,0.9638079404830933,0.04587089270353317,0,-0.012474988587200642,-0.050927113741636276,0.9986240267753601,0,0,0.10713200271129608,0,1,0.9826329946517944,-0.1772432029247284,-0.05491984635591507,0,0.17482179403305054,0.983517050743103,-0.04617707058787346,0,0.06219915673136711,0.03577391430735588,0.99742192029953,0,-0.011768000200390816,0.1778700053691864,0,1,-0.9813310503959656,0.027930282056331635,-0.19028589129447937,0,0.1822802871465683,-0.18049387633800507,-0.9665379524230957,0,-0.06134109944105148,-0.983178973197937,0.17203304171562195,0,-0.00001700000029813964,0.07867500185966492,-0.08636900037527084,1,-0.9643510580062866,-0.26333510875701904,0.026111777871847153,0,-0.09325788915157318,0.43053504824638367,0.8977429866790771,0,-0.24764922261238098,0.863304078578949,-0.4397449493408203,0,0,0.18251700699329376,0,1,0.9751179814338684,-0.2216859757900238,0.00006537365698022768,0,0.22168400883674622,0.9751080274581909,-0.00451593566685915,0,0.0009373736684210598,0.004418063908815384,0.9999900460243225,0,0,0.34862300753593445,0,1,0.9659589529037476,-0.03705882653594017,-0.2560272812843323,0,0.24366915225982666,-0.20204901695251465,0.9485788941383362,0,-0.08688327670097351,-0.9786738753318787,-0.18614090979099274,0,0.000450999999884516,0.07869700342416763,0.08636900037527084,1,0.9899939894676208,-0.05911405757069588,-0.12812656164169312,0,0.14110596477985382,0.41499578952789307,0.8988142013549805,0,0.000039438247767975554,-0.9079009890556335,0.4191851019859314,0,0,0.18250499665737152,0,1,0.9914900064468384,-0.13017992675304413,-0.00017466004646848887,0,0.13018006086349487,0.9914889931678772,0.0014889664016664028,0,-0.00002066005254164338,-0.0014990336494520307,0.9999989867210388,0,0,0.34860101342201233,0,1,-0.9660550355911255,-0.1358499974012375,0.21973174810409546,0,0.1030619889497757,-0.9826189875602722,-0.15439388155937195,0,0.23688724637031555,-0.12650711834430695,0.9632660150527954,0,0.01632699929177761,-0.0397769995033741,-0.12068600207567215,1,0.9843049645423889,-0.15457211434841156,0.08515399694442749,0,0.1584118753671646,0.986549973487854,-0.040309127420186996,0,-0.07777800410985947,0.053165875375270844,0.9955520629882812,0,0,0.6271420121192932,0,1,0.06598205119371414,-0.17395547032356262,0.9825398921966553,0,-0.9040293097496033,0.4063665568828583,0.13265559077262878,0,-0.42234769463539124,-0.8969981074333191,-0.13044799864292145,0,0,0.6080729961395264,0,1,0.9937259554862976,0,-0.11184022575616837,0,0.05163192003965378,0.8870581388473511,0.4587607681751251,0,0.099208764731884,-0.4616571366786957,0.8814929127693176,0,0,0.16479900479316711,0,1,-0.9788299798965454,-0.13362133502960205,-0.15503787994384766,0,0.11279567331075668,-0.984246015548706,0.13615041971206665,0,-0.17078810930252075,0.11578059196472168,0.9784820079803467,0,0.01592100039124489,-0.0397769995033741,0.12068600207567215,1,0.9947259426116943,-0.09769519418478012,0.03124372847378254,0,0.09627580642700195,0.9943770170211792,0.04409879818558693,0,-0.03537627309560776,-0.040858194231987,0.9985380172729492,0,0,0.6270520091056824,0,1,-0.05724403262138367,0.17200160026550293,0.9834319949150085,0,-0.8936700820922852,0.43029582500457764,-0.12727758288383484,0,-0.4450584650039673,-0.8861492872238159,0.12908075749874115,0,0,0.6076499819755554,0,1,0.9930490851402283,0,0.11770527064800262,0,-0.052735164761543274,0.8940188884735107,0.444914311170578,0,-0.10523074865341187,-0.4480287432670593,0.8878041505813599,0,0,0.16967399418354034,0,1
K0.200,0.9956730604171753,-0.06574123352766037,0.06567573547363281,0,0.06605565547943115,0.997812032699585,-0.002625769702717662,0,-0.06535947322845459,0.006952664814889431,0.997838020324707,0,-0.017092997208237648,1.3424290418624878,-0.0009000005084089935,1,0.9987229108810425,-0.0502048023045063,-0.005677785724401474,0,0.050199199467897415,0.9987389445304871,-0.0011272300034761429,0,0.005727214273065329,0.0008407696732319891,0.999983012676239,0,0.003358999965712428,0.07134199887514114,0,1,0.9999020099639893,-0.009554597549140453,-0.010189689695835114,0,0.009515402838587761,0.9999470114707947,-0.003888167906552553,0,0.010226310230791569,0.0037908321246504784,0.9999409914016724,0,0,0.08332499861717224,0,1,0.9999020099639893,-0.009491759352385998,-0.010271769016981125,0,0.009453239850699902,0.9999480247497559,-0.003792236093431711,0,0.010307231917977333,0.003694763872772455,0.9999399781227112,0,0,0.09522899985313416,0,1,0.9648979902267456,0.26139700412750244,0.025362687185406685,0,-0.2623269855976105,0.9638959765434265,0.045707039535045624,0,-0.012499312870204449,-0.05075595900416374,0.9986329674720764,0,0,0.10713200271129608,0,1,0.9826019406318665,-0.177442267537117,-0.054839204996824265,0,0.17503875494003296,0.9834889769554138,-0.04593608155846596,0,0.06208479031920433,0.03553791716694832,0.9974380135536194,0,-0.011768000200390816,0.1778700053691864,0,1,-0.9811739921569824,0.02786167338490486,-0.19110475480556488,0,0.1830916702747345,-0.18060612678527832,-0.9663640856742859,0,-0.06143921613693237,-0.9831610321998596,0.1721048355102539,0,-0.00001700000029813964,0.07867500185966492,-0.08636900037527084,1,-0.9645851254463196,-0.26246994733810425,0.026164859533309937,0,-0.09277405589818954,0.43044987320899963,0.8978340029716492,0,-0.24691714346408844,0.863610029220581,-0.4395560920238495,0,0,0.18251700699329376,0,1,0.975238025188446,-0.22115588188171387,0.00006302456313278526,0,0.2211541086435318,0.9752289652824402,-0.00450581731274724,0,0.000935024581849575,0.004408182576298714,0.9999899864196777,0,0,0.34862300753593445,0,1,0.9660010933876038,-0.037096574902534485,-0.25586268305778503,0,0.24351243674755096,-0.2019132524728775,0.9486478567123413,0,-0.08685368299484253,-0.9787011742591858,-0.1860150545835495,0,0.000450999999884516,0.07869700342416763,0.08636900037527084,1,0.9897590279579163,-0.05788499861955643,-0.13048620522022247,0,0.14273397624492645,0.41462400555610657,0.8987289667129517,0,0.002079781610518694,-0.9081499576568604,0.41864004731178284,0,0,0.18250499665737152,0,1,0.9915980696678162,-0.12935994565486908,-0.00017395504983142018,0,0.12936006486415863,0.9915969371795654,0.0014799663331359625,0,-0.000018955059204017743,-0.0014900336973369122,0.9999989867210388,0,0,0.34860101342201233,0,1,-0.9660389423370361,-0.1354498565196991,0.22004914283752441,0,0.10255414992570877,-0.9826349020004272,-0.15463116765022278,0,0.23717284202575684,-0.12681283056735992,0.9631549715995789,0,0.01632699929177761,-0.0397769995033741,-0.12068600207567215,1,0.9843699932098389,-0.15457722544670105,0.08439410477876663,0,0.1583537757396698,0.9865710139274597,-0.040018174797296524,0,-0.07707490026950836,0.05275682732462883,0.9956290125846863,0,0,0.6271420121192932,0,1,0.06601128727197647,-0.17378881573677063,0.9825679659843445,0,-0.9040930271148682,0.40624484419822693,0.13259245455265045,0,-0.42220643162727356,-0.8970858454704285,-0.13030454516410828,0,0,0.6080729961395264,0,1,0.9937260150909424,0,-0.11184071004390717,0,0.051632095128297806,0.8870580792427063,0.4587617516517639,0,0.0992092713713646,-0.46165817975997925,0.8814929127693176,0,0,0.16479900479316711,0,1,-0.9788758754730225,-0.1328699141740799,-0.15539295971393585,0,0.1119890809059143,-0.9843308925628662,0.1362001895904541,0,-0.17105503380298615,0.1159207820892334,0.9784179925918579,0,0.01592100039124489,-0.0397769995033741,0.12068600207567215,1,0.9947649240493774,-0.09721089154481888,0.03151911124587059,0,0.0957891047000885,0.9944350123405457,0.04385488107800484,0,-0.035606883466243744,-0.04060611501336098,0.9985409379005432,0,0,0.6270520091056824,0,1,-0.057262271642684937,0.17191725969314575,0.983445942401886,0,-0.8936477899551392,0.4303465783596039,-0.12726305425167084,0,-0.44510096311569214,-0.8861410021781921,0.1289907693862915,0,0,0.6076499819755554,0,1,0.9930490851402283,0,0.11770521849393845,0,-0.05273512750864029,0.8940200209617615,0.4449138641357422,0,-0.10523078590631485,-0.4480280876159668,0.8878049254417419,0,0,0.16967399418354034,0,1
