4.567,30,136,25
B0,mixamorig_Hips,-1,0.011304719373583794,0.004406671039760113,0.9999260306358337,0,0.01760811358690262,0.9998340010643005,-0.0046053361147642136,0,-0.9997810125350952,0.017658883705735207,0.011225257068872452,0,-0.0013970000436529517,0.7477959990501404,-0.00853000022470951,1
B1,mixamorig_Spine,0,0.948840856552124,-0.31572720408439636,-0.004101028200238943,0,0.3157457709312439,0.9488301277160645,0.005122078116983175,0,0.002273998688906431,-0.006154917646199465,0.9999780058860779,0,0.0013680000556632876,0.043097998946905136,0,1
B2,mixamorig_Spine1,1,0.9389419555664062,-0.3439643085002899,-0.008694753050804138,0,0.34406277537345886,0.9388201236724854,0.015450974926352501,0,0.002848226111382246,-0.017499109730124474,0.9998429417610168,0,0,0.05030699819326401,0,1
B3,mixamorig_Spine2,2,0.975924015045166,-0.218001127243042,-0.0068476200103759766,0,0.21808487176895142,0.9757999777793884,0.015883056446909904,0,0.0032193847000598907,-0.01699402928352356,0.9998499751091003,0,0,0.057493001222610474,0,1
B4,mixamorig_Neck,3,0.999669075012207,-0.020173978060483932,0.015976743772625923,0,0.020141027867794037,0.9997950196266174,0.0022207594010978937,0,-0.01601826213300228,-0.0018982357578352094,0.9998700022697449,0,0,0.06468000262975693,0,1
B5,mixamorig_Head,4,0.9276589751243591,0.3696388900279999,-0.05305943265557289,0,-0.37129008769989014,0.9281719326972961,-0.02529408410191536,0,0.03989862650632858,0.043164752423763275,0.9982709288597107,0,-0.12554900348186493,0.09467499703168869,0,1
B6,mixamorig_HeadTop_End,5,1,0,0,0,0,1,0,0,0,0,1,0,-0.020670000463724136,0.01558700017631054,0,1
B7,mixamorig_LeftShoulder,3,-0.9216210842132568,0.31259867548942566,-0.22999316453933716,0,0.271281898021698,0.09512016922235489,-0.9577879309654236,0,-0.277526319026947,-0.9451107978820801,-0.17246712744235992,0,-0.003713000100106001,0.04665999859571457,-0.05871399864554405,1
B8,mixamorig_LeftArm,7,-0.7348148822784424,-0.2805860936641693,-0.617510199546814,0,-0.5905449986457825,0.7124759554862976,0.3789902627468109,0,0.3336220681667328,0.6431558132171631,-0.6892372965812683,0,0,0.11573699861764908,0,1
B9,mixamorig_LeftForeArm,8,0.6431471109390259,-0.763110876083374,0.06342598050832748,0,0.7208060622215271,0.5753679275512695,-0.38651010394096375,0,0.2584569752216339,0.29430097341537476,0.9201020002365112,0,0,0.2276410013437271,0,1
B10,mixamorig_LeftHand,9,1,0,0,0,0,1,0,0,0,0,1,0,0,0.2570990025997162,0,1
B11,mixamorig_RightShoulder,3,0.9239540696144104,-0.3077036440372467,-0.22721707820892334,0,0.2669040262699127,0.0931340903043747,0.9592120051383972,0,-0.27399134635925293,-0.946912944316864,0.16817894577980042,0,0.0005259999888949096,0.04679400101304054,0.05871399864554405,1
B12,mixamorig_RightArm,11,0.840437114238739,-0.16355253756046295,-0.5166389346122742,0,0.46918541193008423,0.6966657638549805,0.542698860168457,0,0.2711648643016815,-0.6985037326812744,0.6622402667999268,0,0,0.11541900038719177,0,1
B13,mixamorig_RightForeArm,12,0.3884301781654358,-0.8644028306007385,-0.3192640542984009,0,0.9204840660095215,0.3800658881664276,0.090877003967762,0,0.042787034064531326,-0.32917681336402893,0.9432979822158813,0,0,0.22726300358772278,0,1
B14,mixamorig_RightHand,13,1,0,0,0,0,1,0,0,0,0,1,0,0,0.25710898637771606,0,1
B15,mixamorig_LeftUpLeg,0,-0.8310970067977905,-0.5533038377761841,0.055961888283491135,0,0.47877204418182373,-0.7630598545074463,-0.4341861307621002,0,0.28293904662132263,-0.3340577483177185,0.8990830779075623,0,0.006874999962747097,-0.024018999189138412,-0.07578299939632416,1
B16,mixamorig_LeftLeg,15,0.648481011390686,-0.752502977848053,-0.11494717001914978,0,0.7591010332107544,0.6279630064964294,0.17154471576213837,0,-0.05690533295273781,-0.19850003719329834,0.9784479737281799,0,0,0.39323899149894714,0,1
B17,mixamorig_LeftFoot,16,0.22122099995613098,-0.06298699975013733,0.973188042640686,0,-0.947843074798584,0.22091777622699738,0.22975802421569824,0,-0.22946612536907196,-0.97325599193573,-0.010830140672624111,0,0,0.3824959993362427,0,1
B18,mixamorig_LeftToeBase,17,0.9588409662246704,-0.19061124324798584,-0.2104569524526596,0,0.27294477820396423,0.8230359554290771,0.4981101155281067,0,0.07826817035675049,-0.5350509285926819,0.841185986995697,0,0,0.10404700040817261,0,1
B19,mixamorig_LeftToe_End,18,1,0,0,0,0,1,0,0,0,0,1,0,0,0.04368500038981438,0,1
B20,mixamorig_RightUpLeg,0,-0.7752360105514526,-0.5877020359039307,-0.231549933552742,0,0.49573683738708496,-0.7932351231575012,0.3535861074924469,0,-0.39147689938545227,0.15932486951351166,0.9062900543212891,0,0.006289000157266855,-0.024018999189138412,0.07578299939632416,1
B21,mixamorig_RightLeg,20,0.6317031979560852,-0.768735945224762,0.09997720271348953,0,0.7685951590538025,0.6378948092460632,0.04849785938858986,0,-0.1010570079088211,0.04620575159788132,0.9938070178031921,0,0,0.3932250142097473,0,1
B22,mixamorig_RightFoot,21,-0.17163681983947754,0.1514379382133484,0.9734510183334351,0,-0.9561618566513062,0.21236804127693176,-0.20162616670131683,0,-0.23726388812065125,-0.9653840065002441,0.10834913700819016,0,0,0.38236498832702637,0,1
B23,mixamorig_RightToeBase,22,0.9762730598449707,0.19632872939109802,0.09135393798351288,0,-0.21181926131248474,0.7782059907913208,0.5912088751792908,0,0.044979117810726166,-0.5965319871902466,0.8013279438018799,0,0,0.10548900067806244,0,1
B24,mixamorig_RightToe_End,23,1,0,0,0,0,1,0,0,0,0,1,0,0,0.044149000197649,0,1
@20,0,1,2,3,4,5,7,8,9,11,12,13,15,16,17,18,20,21,22,23
K0,0.999925971031189,0.004406782798469067,-0.011304687708616257,0,-0.004605443216860294,0.9998340010643005,-0.017607783898711205,0,0.011225225403904915,0.017658555880188942,0.9997810125350952,0,-0.00853000022470951,0.7477959990501404,0.0013969996944069862,1,0.948840856552124,-0.31572720408439636,-0.0041010151617228985,0,0.3157457709312439,0.9488301277160645,0.005122082773596048,0,0.0022739849518984556,-0.006154917646199465,0.9999780058860779,0,0.0013680000556632876,0.043097998946905136,0,1,0.9389419555664062,-0.3439643085002899,-0.008694755844771862,0,0.34406277537345886,0.9388201236724854,0.01545093022286892,0,0.0028482440393418074,-0.01749906875193119,0.9998429417610168,0,0,0.05030699819326401,0,1,0.975924015045166,-0.218001127243042,-0.006847613025456667,0,0.21808487176895142,0.9757999777793884,0.01588301546871662,0,0.003219387261196971,-0.016993986442685127,0.9998499751091003,0,0,0.057493001222610474,0,1,0.999669075012207,-0.020173976197838783,0.015976740047335625,0,0.020141026005148888,0.9997950196266174,0.0022207617294043303,0,-0.016018260270357132,-0.001898238086141646,0.9998700022697449,0,0,0.06468000262975693,0,1,0.9276589751243591,0.36963891983032227,-0.0530594177544117,0,-0.3712901175022125,0.9281719326972961,-0.025294169783592224,0,0.0398985780775547,0.043164826929569244,0.9982709288597107,0,-0.12554900348186493,0.09467499703168869,0,1,-0.9216209053993225,0.3125987648963928,-0.22999346256256104,0,0.2712821364402771,0.0951198935508728,-0.9577878713607788,0,-0.27752646803855896,-0.9451107382774353,-0.17246688902378082,0,-0.003713000100106001,0.04665999859571457,-0.05871399864554405,1,-0.7348148226737976,-0.2805861234664917,-0.6175100803375244,0,-0.5905449390411377,0.7124760150909424,0.3789902627468109,0,0.3336219787597656,0.6431556940078735,-0.6892372965812683,0,0,0.11573699861764908,0,1,0.6431470513343811,-0.763110876083374,0.06342601031064987,0,0.7208060622215271,0.5753678679466248,-0.38651010394096375,0,0.2584570050239563,0.29430097341537476,0.9201020002365112,0,0,0.2276410013437271,0,1,0.9239540100097656,-0.3077036738395691,-0.2272173911333084,0,0.2669042944908142,0.0931338369846344,0.9592120051383972,0,-0.2739914059638977,-0.9469130039215088,0.16817879676818848,0,0.0005259999888949096,0.04679400101304054,0.05871399864554405,1,0.8404370546340942,-0.16355246305465698,-0.516638994216919,0,0.4691854417324066,0.6966657042503357,0.5426989197731018,0,0.2711649239063263,-0.6985037922859192,0.6622401475906372,0,0,0.11541900038719177,0,1,0.38843005895614624,-0.8644029498100281,-0.31926408410072327,0,0.920484185218811,0.3800657391548157,0.09087713062763214,0,0.042786892503499985,-0.3291768729686737,0.9432979822158813,0,0,0.22726300358772278,0,1,-0.8310970664024353,-0.5533039569854736,0.055961862206459045,0,0.4787721633911133,-0.7630598545074463,-0.434186190366745,0,0.2829391062259674,-0.3340578079223633,0.8990830183029175,0,0.006874999962747097,-0.024018999189138412,-0.07578299939632416,1,0.648481011390686,-0.752502977848053,-0.11494731158018112,0,0.7591010332107544,0.6279630064964294,0.17154480516910553,0,-0.05690531060099602,-0.19850018620491028,0.9784479737281799,0,0,0.39323899149894714,0,1,0.2212211638689041,-0.06298688799142838,0.973188042640686,0,-0.947843074798584,0.22091782093048096,0.22975821793079376,0,-0.22946619987487793,-0.97325599193573,-0.01083002146333456,0,0,0.3824959993362427,0,1,0.9588409662246704,-0.19061122834682465,-0.21045686304569244,0,0.27294471859931946,0.8230360150337219,0.4981100857257843,0,0.07826811820268631,-0.5350508689880371,0.8411860466003418,0,0,0.10404700040817261,0,1,-0.7752358317375183,-0.5877020359039307,-0.23154999315738678,0,0.49573683738708496,-0.7932349443435669,0.3535861372947693,0,-0.39147695899009705,0.15932483971118927,0.9062900543212891,0,0.006289000157266855,-0.024018999189138412,0.07578299939632416,1,0.6317031979560852,-0.7687358856201172,0.09997712075710297,0,0.7685950994491577,0.6378948092460632,0.0484977550804615,0,-0.10105687379837036,0.046205755323171616,0.9938070178031921,0,0,0.3932250142097473,0,1,-0.17163707315921783,0.15143774449825287,0.9734510779380798,0,-0.9561619758605957,0.21236778795719147,-0.20162628591060638,0,-0.23726367950439453,-0.9653841257095337,0.10834887623786926,0,0,0.38236498832702637,0,1,0.9762730598449707,0.19632869958877563,0.09135403484106064,0,-0.21181929111480713,0.778205931186676,0.5912088751792908,0,0.0449790358543396,-0.5965320467948914,0.8013278841972351,0,0,0.10548900067806244,0,1
K0.034,0.999924898147583,0.004224886652082205,-0.011481139808893204,0,-0.0044307406060397625,0.9998289346694946,-0.017963847145438194,0,0.011403284035623074,0.018013374879956245,0.999772846698761,0,-0.008380042389035225,0.7477689385414124,0.0013578376965597272,1,0.9488874673843384,-0.3155895471572876,-0.0039556752890348434,0,0.3156072497367859,0.9488756060600281,0.0051924302242696285,0,0.0021147686056792736,-0.0061754751950502396,0.9999790787696838,0,0.0013680000556632876,0.043097998946905136,0,1,0.9390279650688171,-0.343736469745636,-0.008454304188489914,0,0.34383076429367065,0.9389031529426575,0.015548295341432095,0,0.0025932553689926863,-0.017507126554846764,0.9998430013656616,0,0,0.05030699819326401,0,1,0.9759787917137146,-0.2177596241235733,-0.0067769624292850494,0,0.21784234046936035,0.9758545160293579,0.015902604907751083,0,0.00315038557164371,-0.016996920108795166,0.9998509287834167,0,0,0.057493001222610474,0,1,0.9996659755706787,-0.0204937644302845,0.01574428379535675,0,0.020466605201363564,0.9997889995574951,0.0018846966559067369,0,-0.015779580920934677,-0.001561834360472858,0.9998740553855896,0,0,0.06468000262975693,0,1,0.9274851083755493,0.36983874440193176,-0.05469151586294174,0,-0.37156105041503906,0.9280637502670288,-0.025294583290815353,0,0.04140230268239975,0.043781597167253494,0.9981831908226013,0,-0.12554900348186493,0.09467499703168869,0,1,-0.9215415120124817,0.3125910758972168,-0.23032091557979584,0,0.2713252007961273,0.09411228448152542,-0.9578755497932434,0,-0.277747243642807,-0.9452136754989624,-0.1715421825647354,0,-0.003713000100106001,0.04665999859571457,-0.05871399864554405,1,-0.734544038772583,-0.2813950181007385,-0.6174635291099548,0,-0.5905864834785461,0.7132116556167603,0.377540647983551,0,0.33414414525032043,0.6419858336448669,-0.6900734901428223,0,0,0.11573699861764908,0,1,0.6430177092552185,-0.7632587552070618,0.06296543776988983,0,0.7208060622215271,0.5753674507141113,-0.38651078939437866,0,0.258779376745224,0.29391908645629883,0.9201327562332153,0,0,0.2276410013437271,0,1,0.9239568710327148,-0.30780652165412903,-0.22706440091133118,0,0.2668904960155487,0.09356877952814102,0.9591737389564514,0,-0.27399399876594543,-0.9468373656272888,0.1686042845249176,0,0.0005259999888949096,0.04679400101304054,0.05871399864554405,1,0.8409624099731445,-0.16312925517559052,-0.5159172415733337,0,0.4684944748878479,0.6965774297714233,0.543408989906311,0,0.2707304358482361,-0.6986909508705139,0.6622205972671509,0,0,0.11541900038719177,0,1,0.3878878951072693,-0.8646290898323059,-0.31930994987487793,0,0.920712947845459,0.3795585036277771,0.09068344533443451,0,0.0427892729640007,-0.32916784286499023,0.9433013796806335,0,0,0.22726300358772278,0,1,-0.8312016725540161,-0.5532724261283875,0.054711200296878815,0,0.47924232482910156,-0.7628958225250244,-0.43395504355430603,0,0.2818341851234436,-0.3344841003417969,0.8992713689804077,0,0.006874999962747097,-0.024018999189138412,-0.07578299939632416,1,0.6480787992477417,-0.7529348731040955,-0.11437772214412689,0,0.7594218850135803,0.6276379823684692,0.17131562530994415,0,-0.05720170959830284,-0.19788695871829987,0.9785540103912354,0,0,0.39323899149894714,0,1,0.22094140946865082,-0.06344950944185257,0.9732208251953125,0,-0.9480376243591309,0.2202647626399994,0.22958452999591827,0,-0.22893324494361877,-0.973374605178833,-0.011486900970339775,0,0,0.3824959993362427,0,1,0.9588409662246704,-0.19061122834682465,-0.21045686304569244,0,0.27294471859931946,0.8230360150337219,0.4981100857257843,0,0.07826811820268631,-0.5350508689880371,0.8411860466003418,0,0,0.10404700040817261,0,1,-0.7752892971038818,-0.5876014232635498,-0.23162637650966644,0,0.4956471621990204,-0.7933188676834106,0.3535231351852417,0,-0.3914845585823059,0.15927788615226746,0.9062952399253845,0,0.006289000157266855,-0.024018999189138412,0.07578299939632416,1,0.6315043568611145,-0.7689741253852844,0.09940164536237717,0,0.7688770890235901,0.6376059651374817,0.04781820997595787,0,-0.10015004873275757,0.046230249106884,0.9938976168632507,0,0,0.3932250142097473,0,1,-0.1716083437204361,0.15116935968399048,0.9734981060028076,0,-0.9562609791755676,0.2120489478111267,-0.20149777829647064,0,-0.23688943684101105,-0.9654966592788696,0.10816799849271774,0,0,0.38236498832702637,0,1,0.9762730598449707,0.1963287889957428,0.09135394543409348,0,-0.21181923151016235,0.778205931186676,0.5912079215049744,0,0.04497896134853363,-0.596531093120575,0.8013280034065247,0,0,0.10548900067806244,0,1
K0.067,0.9999189376831055,0.0038165380246937275,-0.012172108516097069,0,-0.004039825405925512,0.9998228549957275,-0.01837286166846752,0,0.012099824845790863,0.018420539796352386,0.9997567534446716,0,-0.008249133825302124,0.7477632761001587,0.0013360584853217006,1,0.9489612579345703,-0.31537026166915894,-0.0037226728163659573,0,0.3153867721557617,0.9489484429359436,0.005293870344758034,0,0.0018630954436957836,-0.006197759881615639,0.9999790191650391,0,0.0013680000556632876,0.043097998946905136,0,1,0.9391754269599915,-0.3433520793914795,-0.007702589966356754,0,0.34343385696411133,0.9390434622764587,0.015853649005293846,0,0.0017896827775985003,-0.017534682527184486,0.999845027923584,0,0,0.05030699819326401,0,1,0.9760719537734985,-0.21735092997550964,-0.0065262881107628345,0,0.21742966771125793,0.9759459495544434,0.015970008447766304,0,0.0028982050716876984,-0.01700686849653721,0.9998509287834167,0,0,0.057493001222610474,0,1,0.9996618628501892,-0.020859578624367714,0.015534228645265102,0,0.02083750069141388,0.9997818470001221,0.001581976655870676,0,-0.015563832595944405,-0.0012577465968206525,0.9998780488967896,0,0,0.06468000262975693,0,1,0.9272262454032898,0.37018683552742004,-0.056675221771001816,0,-0.37199968099594116,0.927886962890625,-0.025343572720885277,0,0.0432063490152359,0.04458240047097206,0.9980707168579102,0,-0.12554900348186493,0.09467499703168869,0,1,-0.9214752316474915,0.3125838041305542,-0.23059840500354767,0,0.2713618278503418,0.09326048195362091,-0.9579489827156067,0,-0.27793341875076294,-0.9453012347221375,-0.1707603931427002,0,-0.003713000100106001,0.04665999859571457,-0.05871399864554405,1,-0.7343831658363342,-0.2825307548046112,-0.6171370148658752,0,-0.5906291007995605,0.7140108346939087,0.37595880031585693,0,0.3344227373600006,0.6405972242355347,-0.6912286877632141,0,0,0.11573699861764908,0,1,0.6425617933273315,-0.7637721300125122,0.061376068741083145,0,0.720800518989563,0.5753467082977295,-0.3865521550178528,0,0.25992515683174133,0.29262346029281616,0.9202229380607605,0,0,0.2276410013437271,0,1,0.9239621758460999,-0.3079487085342407,-0.22685304284095764,0,0.26687124371528625,0.09417035430669785,0.959119975566864,0,-0.27399688959121704,-0.9467312097549438,0.16919249296188354,0,0.0005259999888949096,0.04679400101304054,0.05871399864554405,1,0.8414403200149536,-0.16272586584091187,-0.5152654647827148,0,0.4677429497241974,0.6967923641204834,0.5437811017036438,0,0.27054572105407715,-0.698570966720581,0.6624228954315186,0,0,0.11541900038719177,0,1,0.38787591457366943,-0.8646534085273743,-0.3192594647407532,0,0.920708179473877,0.37962591648101807,0.09044580161571503,0,0.042994916439056396,-0.32902663946151733,0.9433414936065674,0,0,0.22726300358772278,0,1,-0.8313983678817749,-0.5532000660896301,0.05240940302610397,0,0.4800845980644226,-0.7625890970230103,-0.43356311321258545,0,0.27981388568878174,-0.33530259132385254,0.8995977640151978,0,0.006874999962747097,-0.024018999189138412,-0.07578299939632416,1,0.6478895545005798,-0.7532089948654175,-0.11364473402500153,0,0.7595155835151672,0.627393364906311,0.17179752886295319,0,-0.058099497109651566,-0.19762079417705536,0.9785556793212891,0,0,0.39323899149894714,0,1,0.22036686539649963,-0.0638023391366005,0.9733285307884216,0,-0.9482617378234863,0.21980255842208862,0.2290998101234436,0,-0.2285570353269577,-0.9734554886817932,-0.012064103037118912,0,0,0.3824959993362427,0,1,0.9588409662246704,-0.19061122834682465,-0.21045686304569244,0,0.27294471859931946,0.8230360150337219,0.4981100857257843,0,0.07826811820268631,-0.5350508689880371,0.8411860466003418,0,0,0.10404700040817261,0,1,-0.775367021560669,-0.587487518787384,-0.23165421187877655,0,0.49556636810302734,-0.7934112548828125,0.3534293472766876,0,-0.3914327621459961,0.1592375785112381,0.9063248634338379,0,0.006289000157266855,-0.024018999189138412,0.07578299939632416,1,0.6314336061477661,-0.7691020965576172,0.09886010736227036,0,0.7690475583076477,0.6374497413635254,0.04715248942375183,0,-0.09928343445062637,0.04625445604324341,0.993983268737793,0,0,0.3932250142097473,0,1,-0.1715967059135437,0.15103954076766968,0.9735205173492432,0,-0.9563673734664917,0.21164755523204803,-0.20140983164310455,0,-0.2364640235900879,-0.9656041264533997,0.10813118517398834,0,0,0.38236498832702637,0,1,0.9762730002403259,0.1963290274143219,0.09135297685861588,0,-0.21181896328926086,0.7782061696052551,0.5912086963653564,0,0.04497996345162392,-0.5965312719345093,0.8013277649879456,0,0,0.10548900067806244,0,1
K0.101,0.9999147653579712,0.0033689881674945354,-0.012591760605573654,0,-0.003605836071074009,0.9998158812522888,-0.018834618851542473,0,0.012525998055934906,0.018878435716032982,0.999743640422821,0,-0.008121242746710777,0.7477852702140808,0.0013400878524407744,1,0.9489840865135193,-0.3153047263622284,-0.003551241010427475,0,0.31532022356987,0.9489701986312866,0.005379101727157831,0,0.0016739645507186651,-0.006224457174539566,0.9999790191650391,0,0.0013680000556632876,0.043097998946905136,0,1,0.939278244972229,-0.3430779278278351,-0.007302322890609503,0,0.34315332770347595,0.9391409158706665,0.016150712966918945,0,0.0013169569429010153,-0.01767582818865776,0.9998428821563721,0,0,0.05030699819326401,0,1,0.9761374592781067,-0.21706463396549225,-0.006189924199134111,0,0.21713823080062866,0.9760051369667053,0.016248244792222977,0,0.0025144803803414106,-0.01720460131764412,0.9998489618301392,0,0,0.057493001222610474,0,1,0.9996538162231445,-0.02130659855902195,0.015436147339642048,0,0.021286901086568832,0.999772846698761,0.0014398300554603338,0,-0.015463314950466156,-0.001110743498429656,0.9998800754547119,0,0,0.06468000262975693,0,1,0.9270340800285339,0.3704559803009033,-0.058059412986040115,0,-0.37234553694725037,0.9277390241622925,-0.02567242458462715,0,0.04435347393155098,0.04541736841201782,0.9979832172393799,0,-0.12554900348186493,0.09467499703168869,0,1,-0.9214098453521729,0.3125889003276825,-0.2308509796857834,0,0.27139654755592346,0.09248238056898117,-0.9580138921737671,0,-0.2781148850917816,-0.9453756213188171,-0.17004986107349396,0,-0.003713000100106001,0.04665999859571457,-0.05871399864554405,1,-0.7341968417167664,-0.28425297141075134,-0.6165673136711121,0,-0.590907633304596,0.7147427797317505,0.37412744760513306,0,0.3343401253223419,0.6390174031257629,-0.6927289962768555,0,0,0.11573699861764908,0,1,0.6419910192489624,-0.7643945813179016,0.059564992785453796,0,0.7207656502723694,0.5752050876617432,-0.3868279457092285,0,0.26142725348472595,0.2912726402282715,0.920226514339447,0,0,0.2276410013437271,0,1,0.9239621758460999,-0.3079443573951721,-0.22685913741588593,0,0.26687172055244446,0.09415271878242493,0.9591220617294312,0,-0.2739966809749603,-0.9467342495918274,0.16917510330677032,0,0.0005259999888949096,0.04679400101304054,0.05871399864554405,1,0.8421431183815002,-0.16132372617721558,-0.5145571231842041,0,0.4658932685852051,0.6981619000434875,0.5436105728149414,0,0.27154725790023804,-0.6975273489952087,0.6631126403808594,0,0,0.11541900038719177,0,1,0.3871093690395355,-0.8651652336120605,-0.3188019394874573,0,0.9210466742515564,0.3788396120071411,0.09029711782932281,0,0.0426529161632061,-0.3285864591598511,0.9435102939605713,0,0,0.22726300358772278,0,1,-0.831617534160614,-0.5530782341957092,0.0501704141497612,0,0.48086366057395935,-0.7623268961906433,-0.4331591725349426,0,0.27781736850738525,-0.3360978662967682,0.8999203443527222,0,0.006874999962747097,-0.024018999189138412,-0.07578299939632416,1,0.6477275490760803,-0.7534123659133911,-0.11322253197431564,0,0.7596038579940796,0.6271688938140869,0.17222334444522858,0,-0.05874555557966232,-0.19755809009075165,0.9785296320915222,0,0,0.39323899149894714,0,1,0.21949955821037292,-0.06411731243133545,0.9735033512115479,0,-0.9485796093940735,0.21924303472042084,0.22831979393959045,0,-0.2280731499195099,-0.973561704158783,-0.012696639634668827,0,0,0.3824959993362427,0,1,0.9588409662246704,-0.19061122834682465,-0.21045686304569244,0,0.27294471859931946,0.8230360150337219,0.4981100857257843,0,0.07826811820268631,-0.5350508689880371,0.8411860466003418,0,0,0.10404700040817261,0,1,-0.7756600975990295,-0.5872264504432678,-0.2313377559185028,0,0.49540945887565613,-0.7935647964477539,0.3533053696155548,0,-0.3910512924194336,0.15943779051303864,0.9064531326293945,0,0.006289000157266855,-0.024018999189138412,0.07578299939632416,1,0.6317625641822815,-0.7688962817192078,0.09836232662200928,0,0.7688878178596497,0.6376954913139343,0.046432171016931534,0,-0.09842672944068909,0.04629548266530037,0.9940669536590576,0,0,0.3932250142097473,0,1,-0.1716119796037674,0.15122471749782562,0.973488986492157,0,-0.9563950300216675,0.2114858478307724,-0.20145145058631897,0,-0.2363434135913849,-0.9656109809875488,0.10833705216646194,0,0,0.38236498832702637,0,1,0.9762730002403259,0.19632884860038757,0.09135337173938751,0,-0.2118191421031952,0.7782067656517029,0.5912082195281982,0,0.04497939720749855,-0.5965307950973511,0.801328182220459,0,0,0.10548900067806244,0,1
K0.134,0.9999057650566101,0.0029931163880974054,-0.013355488888919353,0,-0.0032489090226590633,0.9998107552528381,-0.019172145053744316,0,0.013295580632984638,0.019213737919926643,0.9997265338897705,0,-0.007995646446943283,0.7478432655334473,0.001344999996945262,1,0.9489918947219849,-0.3152836263179779,-0.003339128801599145,0,0.315297931432724,0.9489769339561462,0.005473331548273563,0,0.0014431036543101072,-0.006246963050216436,0.9999790191650391,0,0.0013680000556632876,0.043097998946905136,0,1,0.9393758177757263,-0.3428196609020233,-0.006910164374858141,0,0.3428882658481598,0.9392305612564087,0.016534144058823586,0,0.0008220078307203948,-0.017901182174682617,0.9998389482498169,0,0,0.05030699819326401,0,1,0.9761993885040283,-0.21679586172103882,-0.005873711314052343,0,0.21686497330665588,0.9760603308677673,0.016621431335806847,0,0.0021296388003975153,-0.017499633133411407,0.9998449683189392,0,0,0.057493001222610474,0,1,0.9996446371078491,-0.021753938868641853,0.015401309356093407,0,0.02173512987792492,0.9997626543045044,0.0013876798329874873,0,-0.015427838079631329,-0.0010524370009079576,0.9998800158500671,0,0,0.06468000262975693,0,1,0.9266345500946045,0.3713899552822113,-0.05846882238984108,0,-0.3733215928077698,0.9273324012756348,-0.026180323213338852,0,0.04449690878391266,0.04608725383877754,0.9979459047317505,0,-0.12554900348186493,0.09467499703168869,0,1,-0.9213978052139282,0.31250423192977905,-0.2310148924589157,0,0.2714122235774994,0.09201021492481232,-0.9580554366111755,0,-0.27814048528671265,-0.9454498887062073,-0.16959534585475922,0,-0.003713000100106001,0.04665999859571457,-0.05871399864554405,1,-0.7341018915176392,-0.28625327348709106,-0.6157535314559937,0,-0.5913902521133423,0.7151418924331665,0.37259870767593384,0,0.33369389176368713,0.6376766562461853,-0.6942750811576843,0,0,0.11573699861764908,0,1,0.6413062810897827,-0.7651448845863342,0.05726754665374756,0,0.7207624912261963,0.5751481056213379,-0.3869190216064453,0,0.26311182975769043,0.28940996527671814,0.9203341007232666,0,0,0.2276410013437271,0,1,0.9239650368690491,-0.30805182456970215,-0.22670015692710876,0,0.2668576240539551,0.09460529685020447,0.9590808749198914,0,-0.27399954199790955,-0.9466536045074463,0.1696179360151291,0,0.0005259999888949096,0.04679400101304054,0.05871399864554405,1,0.8428276181221008,-0.1594408005475998,-0.5140226483345032,0,0.4639483392238617,0.6992995738983154,0.5438119173049927,0,0.27275025844573975,-0.6968203783035278,0.6633620262145996,0,0,0.11541900038719177,0,1,0.3869692385196686,-0.8654711842536926,-0.3181416094303131,0,0.9211176633834839,0.37868836522102356,0.09021246433258057,0,0.042400240898132324,-0.32795533537864685,0.9437416195869446,0,0,0.22726300358772278,0,1,-0.831967830657959,-0.5527539849281311,0.04787155240774155,0,0.48149070143699646,-0.7621827721595764,-0.43271604180336,0,0.2756727635860443,-0.33695659041404724,0.9002587199211121,0,0.006874999962747097,-0.024018999189138412,-0.07578299939632416,1,0.6480697393417358,-0.7531558871269226,-0.11296629905700684,0,0.7592887282371521,0.6274725794792175,0.17250661551952362,0,-0.05904113128781319,-0.19757045805454254,0.978509247303009,0,0,0.39323899149894714,0,1,0.2183738648891449,-0.06489679962396622,0.9737046360969543,0,-0.9488380551338196,0.21907900273799896,0.22739844024181366,0,-0.2280757576227188,-0.9735464453697205,-0.013735410757362843,0,0,0.3824959993362427,0,1,0.9588409662246704,-0.19061122834682465,-0.21045686304569244,0,0.27294471859931946,0.8230360150337219,0.4981100857257843,0,0.07826811820268631,-0.5350508689880371,0.8411860466003418,0,0,0.10404700040817261,0,1,-0.7761147618293762,-0.5868343710899353,-0.2308076024055481,0,0.49510687589645386,-0.7937564849853516,0.35329797863960266,0,-0.39053216576576233,0.15992522239685059,0.9065912961959839,0,0.006289000157266855,-0.024018999189138412,0.07578299939632416,1,0.6321057677268982,-0.768721342086792,0.09752191603183746,0,0.7687832713127136,0.6379032731056213,0.045297976583242416,0,-0.09703104943037033,0.04634009301662445,0.994202196598053,0,0,0.3932250142097473,0,1,-0.17159757018089294,0.15122738480567932,0.973491370677948,0,-0.9564443230628967,0.21129418909549713,-0.2014162689447403,0,-0.23615258932113647,-0.9656524062156677,0.10838297754526138,0,0,0.38236498832702637,0,1,0.9762730002403259,0.19632907211780548,0.09135296940803528,0,-0.2118189036846161,0.7782059907913208,0.5912079811096191,0,0.04497991129755974,-0.5965309143066406,0.8013280630111694,0,0,0.10548900067806244,0,1
K0.168,0.999900758266449,0.0028315833769738674,-0.013790062628686428,0,-0.0031027544755488634,0.9998018145561218,-0.019682496786117554,0,0.013731599785387516,0.01972333714365959,0.9997115731239319,0,-0.007883602753281593,0.7479214072227478,0.001377889420837164,1,0.9489882588386536,-0.3152941167354584,-0.0032008907292038202,0,0.3153079152107239,0.9489734172821045,0.005552613642066717,0,0.00128685322124511,-0.006278628949075937,0.9999790191650391,0,0.0013680000556632876,0.043097998946905136,0,1,0.9393971562385559,-0.34276530146598816,-0.006717995274811983,0,0.34283047914505005,0.9392480850219727,0.016711823642253876,0,0.0005816312623210251,-0.018002184107899666,0.9998379945755005,0,0,0.05030699819326401,0,1,0.9762126207351685,-0.21673983335494995,-0.005723785609006882,0,0.21680663526058197,0.9760696291923523,0.016808269545435905,0,0.0019437915179878473,-0.017649397253990173,0.9998419880867004,0,0,0.057493001222610474,0,1,0.9996336102485657,-0.022288653999567032,0.01536742877215147,0,0.022270701825618744,0.9997514486312866,0.0013387214858084917,0,-0.01539344247430563,-0.000995987094938755,0.9998811483383179,0,0,0.06468000262975693,0,1,0.9264745116233826,0.371817409992218,-0.05827741324901581,0,-0.37376919388771057,0.9271338582038879,-0.02682226523756981,0,0.04405798017978668,0.04663245379924774,0.9979398250579834,0,-0.12554900348186493,0.09467499703168869,0,1,-0.921389639377594,0.31247982382774353,-0.23108062148094177,0,0.2714197635650635,0.0918193832039833,-0.9580711126327515,0,-0.2781602144241333,-0.945476770401001,-0.16941462457180023,0,-0.003713000100106001,0.04665999859571457,-0.05871399864554405,1,-0.7342653274536133,-0.28814268112182617,-0.6146768927574158,0,-0.5917269587516785,0.7154520750045776,0.37146735191345215,0,0.3327363431453705,0.6364767551422119,-0.6958336234092712,0,0,0.11573699861764908,0,1,0.6405499577522278,-0.7658658027648926,0.05608111247420311,0,0.7210230231285095,0.5746988654136658,-0.38710102438926697,0,0.26423779129981995,0.28839337825775146,0.9203305840492249,0,0,0.2276410013437271,0,1,0.9239659905433655,-0.3081439435482025,-0.226569265127182,0,0.2668515145778656,0.09499342739582062,0.9590448141098022,0,-0.27400118112564087,-0.9465848803520203,0.16999933123588562,0,0.0005259999888949096,0.04679400101304054,0.05871399864554405,1,0.8433617353439331,-0.15767323970794678,-0.5136920213699341,0,0.4622536599636078,0.7003065943717957,0.5439590215682983,0,0.27397429943084717,-0.6962106823921204,0.6634972095489502,0,0,0.11541900038719177,0,1,0.3872639536857605,-0.8651421666145325,-0.31867867708206177,0,0.9209792017936707,0.3790190517902374,0.09023718535900116,0,0.042717285454273224,-0.3284420073032379,0.9435582756996155,0,0,0.22726300358772278,0,1,-0.8324514627456665,-0.5522215366363525,0.04555653780698776,0,0.48192745447158813,-0.7621487379074097,-0.4322918951511383,0,0.27344176173210144,-0.337907075881958,0.9005825519561768,0,0.006874999962747097,-0.024018999189138412,-0.07578299939632416,1,0.6482149958610535,-0.7530710697174072,-0.11269818991422653,0,0.7591339349746704,0.6275681257247925,0.1728387475013733,0,-0.059434108436107635,-0.19758984446525574,0.9784815311431885,0,0,0.39323899149894714,0,1,0.21702474355697632,-0.06547808647155762,0.9739677906036377,0,-0.9492149949073792,0.21867625415325165,0.2262103408575058,0,-0.22779543697834015,-0.9735981822013855,-0.014694590121507645,0,0,0.3824959993362427,0,1,0.9588409662246704,-0.19061122834682465,-0.21045686304569244,0,0.27294471859931946,0.8230360150337219,0.4981100857257843,0,0.07826811820268631,-0.5350508689880371,0.8411860466003418,0,0,0.10404700040817261,0,1,-0.7763472199440002,-0.5863655209541321,-0.23121359944343567,0,0.4946819543838501,-0.7941531538963318,0.3530028164386749,0,-0.39060771465301514,0.15967556834220886,0.9066029191017151,0,0.006289000157266855,-0.024018999189138412,0.07578299939632416,1,0.6325098276138306,-0.7684211730957031,0.09726112335920334,0,0.7685056328773499,0.6382646560668945,0.044917356222867966,0,-0.09659375995397568,0.04633503407239914,0.994244396686554,0,0,0.3932250142097473,0,1,-0.17158105969429016,0.15119199454784393,0.973499059677124,0,-0.956454336643219,0.21127386391162872,-0.20138931274414062,0,-0.23612350225448608,-0.9656622409820557,0.10835761576890945,0,0,0.38236498832702637,0,1,0.9762730598449707,0.1963287889957428,0.09135395288467407,0,-0.21181923151016235,0.778205931186676,0.5912079215049744,0,0.04497895389795303,-0.596531093120575,0.8013280034065247,0,0,0.10548900067806244,0,1
K0.201,0.9998941421508789,0.0028584094252437353,-0.014294615015387535,0,-0.003143919166177511,0.9997955560684204,-0.01999073103070259,0,0.014234539121389389,0.020033540204167366,0.9996978044509888,0,-0.00784549955278635,0.7480436563491821,0.0013727496843785048,1,0.9489676356315613,-0.3153570890426636,-0.003135176608338952,0,0.3153705298900604,0.9489524960517883,0.005594687536358833,0,0.0012108087539672852,-0.0062979161739349365,0.9999790191650391,0,0.0013680000556632876,0.043097998946905136,0,1,0.939289391040802,-0.3430623412132263,-0.006608207710087299,0,0.3431256413459778,0.9391393661499023,0.01678536832332611,0,0.000447600323241204,-0.018033761531114578,0.9998369812965393,0,0,0.05030699819326401,0,1,0.9761455655097961,-0.2170473337173462,-0.005507966037839651,0,0.21711046993732452,0.9760003685951233,0.016907773911952972,0,0.0017059898236766458,-0.017700286582112312,0.9998417496681213,0,0,0.057493001222610474,0,1,0.9996203184127808,-0.022914839908480644,0.015273096039891243,0,0.022899337112903595,0.9997372031211853,0.0011898840311914682,0,-0.015296358615159988,-0.0008396890480071306,0.9998829960823059,0,0,0.06468000262975693,0,1,0.9261372089385986,0.3726920485496521,-0.05804787948727608,0,-0.374663770198822,0.9267527461051941,-0.027506522834300995,0,0.043544571846723557,0.04722325876355171,0.9979345202445984,0,-0.12554900348186493,0.09467499703168869,0,1,-0.9213821887969971,0.3124970495700836,-0.23108358681201935,0,0.2714233100414276,0.09180916845798492,-0.9580711722373962,0,-0.2781788408756256,-0.9454713463783264,-0.1694103330373764,0,-0.003713000100106001,0.04665999859571457,-0.05871399864554405,1,-0.7344987988471985,-0.2896261215209961,-0.613700270652771,0,-0.5919192433357239,0.7157108783721924,0.3706619441509247,0,0.3318784832954407,0.6355115175247192,-0.6971237659454346,0,0,0.11573699861764908,0,1,0.6395599842071533,-0.7667425274848938,0.055405016988515854,0,0.7215109467506409,0.5738319158554077,-0.3874776363372803,0,0.26530230045318604,0.2877903878688812,0.9202126860618591,0,0,0.2276410013437271,0,1,0.9239170551300049,-0.3080451488494873,-0.22690322995185852,0,0.26704514026641846,0.09452857822179794,0.9590365886688232,0,-0.2739778161048889,-0.9466641545295715,0.16959860920906067,0,0.0005259999888949096,0.04679400101304054,0.05871399864554405,1,0.8439667224884033,-0.15604789555072784,-0.5131947994232178,0,0.4602079689502716,0.7021433711051941,0.5433262586593628,0,0.27555158734321594,-0.6947260499000549,0.6644006371498108,0,0,0.11541900038719177,0,1,0.387030690908432,-0.8649969100952148,-0.3193546235561371,0,0.9210675954818726,0.37880322337150574,0.09023776650428772,0,0.042917147278785706,-0.32907187938690186,0.9433287978172302,0,0,0.22726300358772278,0,1,-0.8331066370010376,-0.5514125823974609,0.0433204248547554,0,0.48213106393814087,-0.7623483538627625,-0.4317103624343872,0,0.2710759937763214,-0.3387749195098877,0.9009713530540466,0,0.006874999962747097,-0.024018999189138412,-0.07578299939632416,1,0.6486769914627075,-0.7527472972869873,-0.11219984292984009,0,0.7586899995803833,0.6279534101486206,0.1733919233083725,0,-0.060064028948545456,-0.19760023057460785,0.9784406423568726,0,0,0.39323899149894714,0,1,0.21578192710876465,-0.06600246578454971,0.9742084741592407,0,-0.9494930505752563,0.21859659254550934,0.2251175493001938,0,-0.2278170883655548,-0.9735807776451111,-0.015499736182391644,0,0,0.3824959993362427,0,1,0.9588409662246704,-0.19061122834682465,-0.21045686304569244,0,0.27294471859931946,0.8230360150337219,0.4981100857257843,0,0.07826811820268631,-0.5350508689880371,0.8411860466003418,0,0,0.10404700040817261,0,1,-0.7766329050064087,-0.5857621431350708,-0.2317827045917511,0,0.49409228563308716,-0.7946540117263794,0.3527006506919861,0,-0.3907860815525055,0.15939702093601227,0.9065758585929871,0,0.006289000157266855,-0.024018999189138412,0.07578299939632416,1,0.6331502795219421,-0.7679195404052734,0.09705743938684464,0,0.7679653763771057,0.6388962864875793,0.04516322910785675,0,-0.09669146686792374,0.04594169184565544,0.9942540526390076,0,0,0.3932250142097473,0,1,-0.171599879860878,0.15151441097259521,0.9734463095664978,0,-0.9564027190208435,0.21140561997890472,-0.20150014758110046,0,-0.23632213473320007,-0.9655836820602417,0.10863152891397476,0,0,0.38236498832702637,0,1,0.9762730598449707,0.1963287889957428,0.09135393798351288,0,-0.21181921660900116,0.7782058715820312,0.5912079811096191,0,0.04497897997498512,-0.5965311527252197,0.8013279438018799,0,0,0.10548900067806244,0,1
