1.067,30,32,25
B0,mixamorig_Hips,-1,0.04058707505464554,0.02352328412234783,0.9988988637924194,0,-0.03348538652062416,0.9991934299468994,-0.022169645875692368,0,-0.998614490032196,-0.03254871070384979,0.04134201630949974,0,0.0022538229823112488,0.7988596558570862,-0.0023766045924276114,1
B1,mixamorig_Spine,0,0.9054180383682251,-0.38476645946502686,0.17936740815639496,0,0.3816579282283783,0.9227859973907471,0.05294805392622948,0,-0.185890331864357,0.020516853779554367,0.982356071472168,0,0.0014400000218302011,0.04484400153160095,0,1
B2,mixamorig_Spine1,1,0.9981920719146729,-0.024842673912644386,0.05473312735557556,0,0.02507365308701992,0.9996795654296875,-0.0035373151767998934,0,-0.0546276830136776,0.004903275985270739,0.9984945058822632,0,0,0.052345000207424164,0,1
B3,mixamorig_Spine2,2,0.9982138872146606,-0.02488761767745018,0.05431510880589485,0,0.0250336192548275,0.9996845722198486,-0.0020093435887247324,0,-0.05424796789884567,0.003365458222106099,0.9985220432281494,0,0,0.05982299894094467,0,1
B4,mixamorig_Neck,3,0.9942950010299683,-0.10463009029626846,-0.020748786628246307,0,0.10297954082489014,0.9922888278961182,-0.06897902488708496,0,0.027806062251329422,0.06644877791404724,0.9974023103713989,0,0,0.06730099767446518,0,1
B5,mixamorig_Head,4,0.9361724853515625,0.297551691532135,-0.1871996819972992,0,-0.29234957695007324,0.954701840877533,0.05546754226088524,0,0.1952243149280548,0.0028005598578602076,0.9807546138763428,0,-0.13123999536037445,0.09945400059223175,0,1
B6,mixamorig_HeadTop_End,5,1,0,0,0,0,1,0,0,0,0,1,0,-0.006947999820113182,0.005264999810606241,0,1
B7,mixamorig_LeftShoulder,3,-0.9778508543968201,-0.03638216108083725,-0.20611770451068878,0,0.2043389528989792,0.047279614955186844,-0.9777575731277466,0,0.045318085700273514,-0.9982186555862427,-0.038798123598098755,0,-0.0036909999325871468,0.0479619987308979,-0.0578249990940094,1
B8,mixamorig_LeftArm,7,-0.8882364630699158,-0.2446490079164505,-0.38882237672805786,0,-0.4461427330970764,0.6611660718917847,0.6031715869903564,0,0.10951090604066849,0.7092294096946716,-0.696420431137085,0,0,0.11626599729061127,0,1
B9,mixamorig_LeftForeArm,8,0.0003006068873219192,-0.8244422674179077,0.5659454464912415,0,0.9998024702072144,-0.011000190861523151,-0.016555625945329666,0,0.019874636083841324,0.5658388137817383,0.824276328086853,0,0,0.22424599528312683,0,1
B10,mixamorig_LeftHand,9,1,0,0,0,0,1,0,0,0,0,1,0,0,0.2598569989204407,0,1
B11,mixamorig_RightShoulder,3,0.9871535301208496,0.004884461406618357,0.15970060229301453,0,-0.15949925780296326,-0.02859630063176155,0.986783504486084,0,0.009386757388710976,-0.9995793700218201,-0.02744988538324833,0,-0.004825999960303307,0.047926001250743866,0.0578249990940094,1
B12,mixamorig_RightArm,11,0.9998183846473694,0.000730783911421895,0.019054828211665154,0,-0.015438620001077652,0.6175372004508972,0.7863901257514954,0,-0.011192381381988525,-0.7865412831306458,0.6174361705780029,0,0,0.11645600199699402,0,1
B13,mixamorig_RightForeArm,12,0.06087985634803772,-0.8801004886627197,-0.47086861729621887,0,0.9980899095535278,0.04872367903590202,0.03797626867890358,0,-0.010480493307113647,-0.4722810387611389,0.8813853859901428,0,0,0.224604994058609,0,1
B14,mixamorig_RightHand,13,1,0,0,0,0,1,0,0,0,0,1,0,0,0.25987398624420166,0,1
B15,mixamorig_LeftUpLeg,0,-0.9809709191322327,-0.17287009954452515,0.08838610351085663,0,0.16365788877010345,-0.9811652898788452,-0.10262372344732285,0,0.10446194559335709,-0.08620579540729523,0.9907860159873962,0,0.007242000196129084,-0.025092000141739845,-0.07581000030040741,1
B16,mixamorig_LeftLeg,15,0.3630789518356323,-0.9263249039649963,-0.10047852247953415,0,0.9316139221191406,0.35900577902793884,0.05666298419237137,0,-0.016415957361459732,-0.11418034881353378,0.9933247566223145,0,0,0.390720009803772,0,1
B17,mixamorig_LeftFoot,16,0.05401119217276573,0.024106627330183983,0.9982494711875916,0,-0.8553482294082642,0.5169506072998047,0.03379562869668007,0,-0.5152307152748108,-0.8556757569313049,0.0485406368970871,0,0,0.3791869878768921,0,1
B18,mixamorig_LeftToeBase,17,0.9976338148117065,-0.06778901815414429,0.011474452912807465,0,0.0491778701543808,0.8202111124992371,0.5699441432952881,0,-0.04804738983511925,-0.568030834197998,0.8216034173965454,0,0,0.10404700040817261,0,1
B19,mixamorig_LeftToe_End,18,1,0,0,0,0,1,0,0,0,0,1,0,0,0.04368500038981438,0,1
B20,mixamorig_RightUpLeg,0,-0.8783249258995056,-0.45807933807373047,-0.13677683472633362,0,0.4563545286655426,-0.8886291980743408,0.04558626189827919,0,-0.1424260437488556,-0.022379186004400253,0.9895520210266113,0,0.0063299997709691525,-0.025092000141739845,0.07581000030040741,1
B21,mixamorig_RightLeg,20,0.800096333026886,-0.5995516777038574,0.019583318382501602,0,0.5963166952133179,0.7984799742698669,0.0826825276017189,0,-0.06520933657884598,-0.05447612330317497,0.9963834881782532,0,0,0.39068400859832764,0,1
B22,mixamorig_RightFoot,21,-0.05438252538442612,0.006302137393504381,0.9985001087188721,0,-0.9394099116325378,0.33862653374671936,-0.05330150946974754,0,-0.33845460414886475,-0.9408997297286987,-0.012495073489844799,0,0,0.3790229856967926,0,1
B23,mixamorig_RightToeBase,22,0.9910675287246704,0.00010101516090799123,0.13336186110973358,0,-0.06163738667964935,0.8871317505836487,0.45738112926483154,0,-0.1182633712887764,-0.4615158140659332,0.8792139887809753,0,0,0.10548900067806244,0,1
B24,mixamorig_RightToe_End,23,1,0,0,0,0,1,0,0,0,0,1,0,0,0.044149000197649,0,1
@20,0,1,2,3,4,5,7,8,9,11,12,13,15,16,17,18,20,21,22,23
K0,0.9997929930686951,0.020180128514766693,0.0026280393358319998,0,-0.02026977948844433,0.998979926109314,0.04035087302327156,0,-0.0018110725795850158,-0.04039578512310982,0.9991819858551025,0,-0.010820998810231686,0.8223559856414795,-0.0000540003675268963,1,0.9147270917892456,-0.37438493967056274,0.15201857686042786,0,0.37450605630874634,0.926772952079773,0.02893722429871559,0,-0.15172040462493896,0.030462224036455154,0.9879539608955383,0,0.0014400000218302011,0.04484400153160095,0,1,0.9987679719924927,-0.02570093423128128,0.04244494438171387,0,0.026059066876769066,0.999629020690918,-0.007905828766524792,0,-0.042226046323776245,0.009002171456813812,0.999068021774292,0,0,0.052345000207424164,0,1,0.9987859725952148,-0.025972982868552208,0.041867904365062714,0,0.026278017088770866,0.9996320009231567,-0.006751999258995056,0,-0.041677091270685196,0.00784400012344122,0.9991000294685364,0,0,0.05982299894094467,0,1,0.9928000569343567,-0.11835918575525284,-0.01844364032149315,0,0.1169288158416748,0.9909870028495789,-0.06536011397838593,0,0.026013363152742386,0.06273289024829865,0.9976909756660461,0,0,0.06730099767446518,0,1,0.9342849850654602,0.297981858253479,-0.19574928283691406,0,-0.29318612813949585,0.954543948173523,0.05372888594865799,0,0.2028617113828659,0.007192890625447035,0.9791811108589172,0,-0.13123999536037445,0.09945400059223175,0,1,-0.9842399954795837,-0.03714338317513466,-0.172892764210701,0,0.17252439260482788,0.012927007861435413,-0.984920084476471,0,0.03881824389100075,-0.9992259740829468,-0.0063150920905172825,0,-0.0036909999325871468,0.0479619987308979,-0.0578249990940094,1,-0.88590407371521,-0.22100499272346497,-0.4078369140625,0,-0.44839903712272644,0.6331650018692017,0.630903959274292,0,0.11879512667655945,0.7417940497398376,-0.6600218415260315,0,0,0.11626599729061127,0,1,0.08569806814193726,-0.8299060463905334,0.5512808561325073,0,0.9961289763450623,0.08224093168973923,-0.031044205650687218,0,-0.019574102014303207,0.5518078207969666,0.8337421417236328,0,0,0.22424599528312683,0,1,0.9941689968109131,0.00015790403995197266,0.10783221572637558,0,-0.10775608569383621,-0.0361519493162632,0.9935199618339539,0,0.004055224359035492,-0.9993460178375244,-0.035924121737480164,0,-0.004825999960303307,0.047926001250743866,0.0578249990940094,1,0.9996359348297119,-0.01632721908390522,-0.02148485742509365,0,0.026980778202414513,0.6184088587760925,0.7853930592536926,0,0.00046314066275954247,-0.7856868505477905,0.618624210357666,0,0,0.11645600199699402,0,1,0.10164092481136322,-0.8716439604759216,-0.4794849157333374,0,0.994818925857544,0.08806207031011581,0.05079520121216774,0,-0.0020509310998022556,-0.48216375708580017,0.8760790824890137,0,0,0.224604994058609,0,1,-0.906910240650177,-0.35828861594200134,0.22168096899986267,0,0.3428993821144104,-0.9333988428115845,-0.10577019304037094,0,0.24481303989887238,-0.019909802824258804,0.9693660140037537,0,0.007242000196129084,-0.025092000141739845,-0.07581000030040741,1,0.48540621995925903,-0.8643338084220886,-0.13156092166900635,0,0.8742820620536804,0.48046979308128357,0.06913645565509796,0,0.003454063320532441,-0.14858055114746094,0.9888940453529358,0,0,0.390720009803772,0,1,0.06730692833662033,0.0393754318356514,0.9969549775123596,0,-0.9447432160377502,0.323821485042572,0.0509924441576004,0,-0.32082751393318176,-0.9452981948852539,0.05899506434798241,0,0,0.3791869878768921,0,1,0.999847948551178,0.016149887815117836,-0.006630961783230305,0,-0.010304110124707222,0.8525100350379944,0.5226088762283325,0,0.014093038626015186,-0.5224611163139343,0.8525468707084656,0,0,0.10404700040817261,0,1,-0.9482731223106384,-0.3037198781967163,-0.09237375110387802,0,0.3013971745967865,-0.9527220726013184,0.038472119718790054,0,-0.09969126433134079,0.008640888147056103,0.9949809908866882,0,0.0063299997709691525,-0.025092000141739845,0.07581000030040741,1,0.8459399342536926,-0.5316300988197327,0.04190175235271454,0,0.5285398960113525,0.8462820649147034,0.06672794371843338,0,-0.07093524932861328,-0.034301064908504486,0.9968909621238708,0,0,0.39068400859832764,0,1,-0.05876056104898453,0.024333590641617775,0.9979760050773621,0,-0.9710789322853088,0.23035499453544617,-0.06279357522726059,0,-0.2314164936542511,-0.9728021025657654,0.010094014927744865,0,0,0.3790229856967926,0,1,0.9946079850196838,0.004285273142158985,0.10361398756504059,0,-0.04908572509884834,0.8995860815048218,0.433976948261261,0,-0.0913499966263771,-0.4367229640483856,0.8949459195137024,0,0,0.10548900067806244,0,1
K0.033,0.9997108578681946,0.017765462398529053,0.016192473471164703,0,-0.0184517540037632,0.9988930225372314,0.04326849803328514,0,-0.015405862592160702,-0.043554771691560745,0.998931884765625,0,-0.01392401847988367,0.8276280164718628,0.0005950029008090496,1,0.9186481237411499,-0.3667798340320587,0.1468309760093689,0,0.36695292592048645,0.9298500418663025,0.02689921110868454,0,-0.14639689028263092,0.029169149696826935,0.988796055316925,0,0.0014400000218302011,0.04484400153160095,0,1,0.9988679885864258,-0.025704307481646538,0.04001511633396149,0,0.026080690324306488,0.9996200799942017,-0.008912244811654091,0,-0.03977083042263985,0.009945779107511044,0.9991589784622192,0,0,0.052345000207424164,0,1,0.998885989189148,-0.02597065642476082,0.03940477967262268,0,0.02629934251308441,0.9996229410171509,-0.007846221327781677,0,-0.03918617218732834,0.008873806335031986,0.999193012714386,0,0,0.05982299894094467,0,1,0.9924659729003906,-0.12117282301187515,-0.018122203648090363,0,0.11973325163125992,0.99058997631073,-0.06629464030265808,0,0.02598480135202408,0.06362538784742355,0.9976359605789185,0,0,0.06730099767446518,0,1,0.9323200583457947,0.3031468391418457,-0.19718524813652039,0,-0.2979893088340759,0.9529218673706055,0.05605807155370712,0,0.20489582419395447,0.00649503106251359,0.9787619709968567,0,-0.13123999536037445,0.09945400059223175,0,1,-0.9856992363929749,-0.038488104939460754,-0.1640583872795105,0,0.16420681774616241,-0.0007022374775260687,-0.9864261150360107,0,0.037850480526685715,-0.9992591142654419,0.007012060843408108,0,-0.0036909999325871468,0.0479619987308979,-0.0578249990940094,1,-0.8975032567977905,-0.1932099312543869,-0.396431565284729,0,-0.422227680683136,0.6359938979148865,0.6459383368492126,0,0.1273263692855835,0.747115969657898,-0.6523851156234741,0,0,0.11626599729061127,0,1,0.1166902706027031,-0.8307881355285645,0.5442187190055847,0,0.9927828907966614,0.11283552646636963,-0.04061910882592201,0,-0.02766130305826664,0.5450308918952942,0.8379589915275574,0,0,0.22424599528312683,0,1,0.9942119717597961,-0.00016108795534819365,0.10743702203035355,0,-0.10738606005907059,-0.03230839595198631,0.9936919808387756,0,0.0033110419753938913,-0.9994779825210571,-0.032138701528310776,0,-0.004825999960303307,0.047926001250743866,0.0578249990940094,1,0.9994109869003296,-0.021399255841970444,-0.02683715708553791,0,0.03432382270693779,0.6187359690666199,0.7848489880561829,0,-0.00019006957882083952,-0.7853079438209534,0.619106113910675,0,0,0.11645600199699402,0,1,0.0945282131433487,-0.8764171004295349,-0.4721837639808655,0,0.995477020740509,0.0787188932299614,0.05317864194512367,0,-0.009436891414225101,-0.47507527470588684,0.8798948526382446,0,0,0.224604994058609,0,1,-0.8707057237625122,-0.4233004152774811,0.25037533044815063,0,0.4113065004348755,-0.905866801738739,-0.10115569829940796,0,0.26962605118751526,0.014904159121215343,0.962850034236908,0,0.007242000196129084,-0.025092000141739845,-0.07581000030040741,1,0.5884412527084351,-0.7939770221710205,-0.15276437997817993,0,0.8073809742927551,0.5871274471282959,0.058459650725126266,0,0.04327654466032982,-0.15773911774158478,0.9865319132804871,0,0,0.390720009803772,0,1,0.0725419819355011,0.050701674073934555,0.9960759878158569,0,-0.9320261478424072,0.35898062586784363,0.04960471764206886,0,-0.3550567924976349,-0.93196702003479,0.0732964500784874,0,0,0.3791869878768921,0,1,0.9982509613037109,-0.020023468881845474,-0.0556233711540699,0,0.04543862119317055,0.8617799282073975,0.5052430629730225,0,0.03781837224960327,-0.5068867206573486,0.8611821532249451,0,0,0.10404700040817261,0,1,-0.9660940766334534,-0.24427653849124908,-0.08361352235078812,0,0.2415088415145874,-0.9694929718971252,0.041908640414476395,0,-0.09130006283521652,0.020294297486543655,0.9956169724464417,0,0.0063299997709691525,-0.025092000141739845,0.07581000030040741,1,0.8573867678642273,-0.5134092569351196,0.036048632115125656,0,0.5107483267784119,0.8573917746543884,0.0633588582277298,0,-0.06343687325716019,-0.03591129556298256,0.9973400235176086,0,0,0.39068400859832764,0,1,-0.07158952951431274,0.0736711248755455,0.9947099685668945,0,-0.9755350351333618,0.20265747606754303,-0.08521894365549088,0,-0.20786350965499878,-0.9764750003814697,0.057360634207725525,0,0,0.3790229856967926,0,1,0.993541955947876,0.008610852062702179,0.11313744634389877,0,-0.057768337428569794,0.8965959548950195,0.439066082239151,0,-0.09765781462192535,-0.4427662193775177,0.8913029432296753,0,0,0.10548900067806244,0,1
K0.067,0.9994169473648071,0.014909223653376102,0.0307160634547472,0,-0.016215985640883446,0.9989549517631531,0.042742807418107986,0,-0.030046695843338966,-0.043215975165367126,0.9986140131950378,0,-0.015855981037020683,0.828931987285614,0.0009379960247315466,1,0.923606812953949,-0.3569522798061371,0.13977128267288208,0,0.3566510081291199,0.9338160157203674,0.02806316688656807,0,-0.14053784310817719,0.023930231109261513,0.9897860884666443,0,0.0014400000218302011,0.04484400153160095,0,1,0.9989640712738037,-0.025702152401208878,0.03756585344672203,0,0.02610184997320175,0.9996070265769958,-0.010188997723162174,0,-0.037289198487997055,0.011158977635204792,0.9992420077323914,0,0,0.052345000207424164,0,1,0.9989810585975647,-0.02596384473145008,0.036918964236974716,0,0.026321152225136757,0.999610960483551,-0.009225311689078808,0,-0.036665089428424835,0.01018766313791275,0.9992760419845581,0,0,0.05982299894094467,0,1,0.9920070171356201,-0.12488220632076263,-0.01806105673313141,0,0.12339770793914795,0.990032970905304,-0.06788714230060577,0,0.026358943432569504,0.06511583924293518,0.9975299835205078,0,0,0.06730099767446518,0,1,0.9302821159362793,0.30801883339881897,-0.19924575090408325,0,-0.3024270236492157,0.9513630270957947,0.05869777500629425,0,0.20763520896434784,0.00565181253477931,0.9781899452209473,0,-0.13123999536037445,0.09945400059223175,0,1,-0.9874119162559509,-0.038694117218256,-0.15336649119853973,0,0.15387696027755737,-0.01056074071675539,-0.9880340695381165,0,0.036611396819353104,-0.9991949796676636,0.01638188026845455,0,-0.0036909999325871468,0.0479619987308979,-0.0578249990940094,1,-0.9069058895111084,-0.1713433712720871,-0.38492003083229065,0,-0.40010306239128113,0.6365672945976257,0.6593167185783386,0,0.13205799460411072,0.7519460916519165,-0.6458618640899658,0,0,0.11626599729061127,0,1,0.15244437754154205,-0.8300331830978394,0.5364758372306824,0,0.9876309633255005,0.14808595180511475,-0.051526132971048355,0,-0.036676108837127686,0.5376948118209839,0.8423411250114441,0,0,0.22424599528312683,0,1,0.9945870041847229,-0.000060462025430751964,0.10391030460596085,0,-0.10386849194765091,-0.028951769694685936,0.9941699504852295,0,0.0029482755344361067,-0.9995809197425842,-0.028801318258047104,0,-0.004825999960303307,0.047926001250743866,0.0578249990940094,1,0.9991859793663025,-0.02331198938190937,-0.032920707017183304,0,0.04027393460273743,0.6227779388427734,0.7813609838485718,0,0.002287208568304777,-0.7820509672164917,0.6232100129127502,0,0,0.11645600199699402,0,1,0.08844280242919922,-0.8813170790672302,-0.46417486667633057,0,0.9959889650344849,0.071902334690094,0.05325429514050484,0,-0.013558667153120041,-0.4670228660106659,0.8841410875320435,0,0,0.224604994058609,0,1,-0.8433282971382141,-0.46305376291275024,0.27272364497184753,0,0.4570413827896118,-0.8849543333053589,-0.08926813304424286,0,0.28268399834632874,0.049363669008016586,0.957942008972168,0,0.007242000196129084,-0.025092000141739845,-0.07581000030040741,1,0.7107068300247192,-0.6795603036880493,-0.18191778659820557,0,0.6957010626792908,0.7173038721084595,0.038414496928453445,0,0.10438531637191772,-0.15386176109313965,0.9825631380081177,0,0,0.390720009803772,0,1,0.07426656037569046,0.05998384952545166,0.9954328536987305,0,-0.9258431196212769,0.37504056096076965,0.04647505655884743,0,-0.3705398440361023,-0.9250661134719849,0.08338860422372818,0,0,0.3791869878768921,0,1,0.99214106798172,-0.06497747451066971,-0.10693252086639404,0,0.10931844264268875,0.8659090995788574,0.48810896277427673,0,0.060877732932567596,-0.4959624111652374,0.8662068247795105,0,0,0.10404700040817261,0,1,-0.9747551083564758,-0.21382027864456177,-0.06429483741521835,0,0.21190132200717926,-0.9766499996185303,0.03539437800645828,0,-0.07036156952381134,0.020876681432127953,0.9973029494285583,0,0.0063299997709691525,-0.025092000141739845,0.07581000030040741,1,0.8372021317481995,-0.546836793422699,0.007942360825836658,0,0.5452444553375244,0.8357152938842773,0.06548129767179489,0,-0.04244512319564819,-0.05049053579568863,0.9978219866752625,0,0,0.39068400859832764,0,1,-0.07828468084335327,0.07452557981014252,0.9941418766975403,0,-0.9836388230323792,0.15652401745319366,-0.08919139951467514,0,-0.16225409507751465,-0.9848588109016418,0.0610528364777565,0,0,0.3790229856967926,0,1,0.9916260838508606,0.014294714666903019,0.12834876775741577,0,-0.07156308740377426,0.8881312012672424,0.4539836049079895,0,-0.10750098526477814,-0.4593670070171356,0.8817170262336731,0,0,0.10548900067806244,0,1
K0.100,0.9986889362335205,0.012050190940499306,0.04974821209907532,0,-0.014102481305599213,0.9990550875663757,0.041110809892416,0,-0.049205802381038666,-0.04175848141312599,0.9979150295257568,0,-0.015838999301195145,0.826816976070404,0.0008339994237758219,1,0.9289669990539551,-0.3460769057273865,0.13134178519248962,0,0.3450801372528076,0.938060998916626,0.031012164428830147,0,-0.13393919169902802,0.016514161601662636,0.9908519387245178,0,0.0014400000218302011,0.04484400153160095,0,1,0.999051034450531,-0.025696834549307823,0.03517773002386093,0,0.0261231642216444,0.9995899796485901,-0.0117140868678689,0,-0.03486226871609688,0.012621914967894554,0.9993119835853577,0,0,0.052345000207424164,0,1,0.999068021774292,-0.025953734293580055,0.03449190780520439,0,0.02634226717054844,0.99959397315979,-0.0108582628890872,0,-0.03419608995318413,0.01175673771649599,0.9993460178375244,0,0,0.05982299894094467,0,1,0.9915090203285217,-0.1286780685186386,-0.018783435225486755,0,0.12708592414855957,0.9894320368766785,-0.06981498748064041,0,0.02756856381893158,0.06683501601219177,0.9973829984664917,0,0,0.06730099767446518,0,1,0.928054928779602,0.3118801414966583,-0.2035791426897049,0,-0.3059918284416199,0.9501020312309265,0.060618892312049866,0,0.21232686936855316,0.0060358913615345955,0.9771800637245178,0,-0.13123999536037445,0.09945400059223175,0,1,-0.9890729188919067,-0.038063354790210724,-0.1424272358417511,0,0.14317964017391205,-0.017818395048379898,-0.9895359873771667,0,0.03512723371386528,-0.9991159439086914,0.02307361178100109,0,-0.0036909999325871468,0.0479619987308979,-0.0578249990940094,1,-0.9140000343322754,-0.15575607120990753,-0.3746258020401001,0,-0.3825739026069641,0.6382638216018677,0.6680241823196411,0,0.13506121933460236,0.7538958787918091,-0.6429610848426819,0,0,0.11626599729061127,0,1,0.19220928847789764,-0.8267502784729004,0.5287144780158997,0,0.9802329540252686,0.18748906254768372,-0.06317821890115738,0,-0.04689560830593109,0.5304068326950073,0.8464450240135193,0,0,0.22424599528312683,0,1,0.9953349828720093,0.00044082337990403175,0.09647507965564728,0,-0.09643018990755081,-0.02631218731403351,0.9949920177459717,0,0.0029770866967737675,-0.9996540546417236,-0.026146944612264633,0,-0.004825999960303307,0.047926001250743866,0.0578249990940094,1,0.998960018157959,-0.022263141348958015,-0.039788004010915756,0,0.04491085559129715,0.63089919090271,0.7745638489723206,0,0.007857993245124817,-0.7755451202392578,0.6312428116798401,0,0,0.11645600199699402,0,1,0.08365083485841751,-0.8850969076156616,-0.4578273594379425,0,0.9963780641555786,0.06723877042531967,0.05206116661429405,0,-0.01529538445174694,-0.4605238437652588,0.887515127658844,0,0,0.224604994058609,0,1,-0.8251250386238098,-0.4820478856563568,0.2946172058582306,0,0.4833870530128479,-0.8723179697990417,-0.0734657347202301,0,0.2924138605594635,0.08179572224617004,0.9527870416641235,0,0.007242000196129084,-0.025092000141739845,-0.07581000030040741,1,0.817425012588501,-0.5398690700531006,-0.20089417695999146,0,0.5530290007591248,0.8330829739570618,0.011468813754618168,0,0.1611698567867279,-0.12047519534826279,0.979546070098877,0,0,0.390720009803772,0,1,0.07263950258493423,0.048559170216321945,0.9961749911308289,0,-0.9203430414199829,0.3881329298019409,0.048190195113420486,0,-0.3843081295490265,-0.9203229546546936,0.07288485020399094,0,0,0.3791869878768921,0,1,0.9820689558982849,-0.11169225722551346,-0.15187221765518188,0,0.1715407520532608,0.8635688424110413,0.47415435314178467,0,0.07819277048110962,-0.49170467257499695,0.8672441244125366,0,0,0.10404700040817261,0,1,-0.9806270599365234,-0.19206573069095612,-0.03850209340453148,0,0.19109825789928436,-0.9811869859695435,0.027434078976511955,0,-0.04304690286517143,0.019544919952750206,0.998881995677948,0,0.0063299997709691525,-0.025092000141739845,0.07581000030040741,1,0.8029190897941589,-0.5956078767776489,-0.02389887347817421,0,0.5957120656967163,0.8003460168838501,0.06762371212244034,0,-0.021149873733520508,-0.0685332864522934,0.9974249601364136,0,0,0.39068400859832764,0,1,-0.08661182969808578,0.07652696222066879,0.9932990670204163,0,-0.9901940822601318,0.10308356583118439,-0.09428294003009796,0,-0.10960794240236282,-0.9917240142822266,0.06684819608926773,0,0,0.3790229856967926,0,1,0.9894380569458008,0.017424099147319794,0.14390380680561066,0,-0.08467789739370346,0.875225841999054,0.47624531388282776,0,-0.11765018105506897,-0.4834006428718567,0.8674570918083191,0,0,0.10548900067806244,0,1
K0.133,0.9971258640289307,0.008054056204855442,0.07532975822687149,0,-0.010857759974896908,0.9992610216140747,0.036883823573589325,0,-0.07497698068618774,-0.037595707923173904,0.9964759349822998,0,-0.01554898265749216,0.8212939500808716,0.00029499121592380106,1,0.9338071346282959,-0.336527943611145,0.12146377563476562,0,0.33466988801956177,0.9416470527648926,0.03600587695837021,0,-0.12649305164813995,0.007027731277048588,0.9919429421424866,0,0.0014400000218302011,0.04484400153160095,0,1,0.999131977558136,-0.025702940300107002,0.032781023532152176,0,0.02614206075668335,0.9995729923248291,-0.013038178905844688,0,-0.03243192657828331,0.013883834704756737,0.999377965927124,0,0,0.052345000207424164,0,1,0.9991490840911865,-0.02595631405711174,0.03206072375178337,0,0.026361685246229172,0.999576985836029,-0.012286651879549026,0,-0.03172822296619415,0.013121362775564194,0.9994099736213684,0,0,0.05982299894094467,0,1,0.991195023059845,-0.13079097867012024,-0.0206413846462965,0,0.12900300323963165,0.9890210628509521,-0.07208377867937088,0,0.029842667281627655,0.06878627091646194,0.9971849918365479,0,0,0.06730099767446518,0,1,0.9258160591125488,0.31331485509872437,-0.21142013370990753,0,-0.3075271546840668,0.9496079683303833,0.060603074729442596,0,0.21975405514240265,0.008910132572054863,0.9755150079727173,0,-0.13123999536037445,0.09945400059223175,0,1,-0.9903069734573364,-0.03720490634441376,-0.133821040391922,0,0.13475003838539124,-0.023688148707151413,-0.9905959963798523,0,0.033685073256492615,-0.9990269541740417,0.028471922501921654,0,-0.0036909999325871468,0.0479619987308979,-0.0578249990940094,1,-0.9188638925552368,-0.14515410363674164,-0.3669060468673706,0,-0.3692176640033722,0.6442750096321106,0.6697671413421631,0,0.1391688883304596,0.7508927583694458,-0.6455941796302795,0,0,0.11626599729061127,0,1,0.23235245048999786,-0.8206919431686401,0.5219937562942505,0,0.9708929061889648,0.2277790904045105,-0.07404852658510208,0,-0.0581282302737236,0.5240055322647095,0.8497291803359985,0,0,0.22424599528312683,0,1,0.9962760210037231,0.0011023671831935644,0.08621722459793091,0,-0.08616454154253006,-0.024465948343276978,0.9959800243377686,0,0.0032073231413960457,-0.9997000098228455,-0.024279853329062462,0,-0.004825999960303307,0.047926001250743866,0.0578249990940094,1,0.9986969828605652,-0.019991977140307426,-0.04694630950689316,0,0.04880804568529129,0.6425821781158447,0.7646598815917969,0,0.014879811555147171,-0.7659557461738586,0.6427212953567505,0,0,0.11645600199699402,0,1,0.08022178709506989,-0.8863509893417358,-0.4560123085975647,0,0.9966521263122559,0.06407377123832703,0.05079111456871033,0,-0.01580028049647808,-0.45855990052223206,0.8885230422019958,0,0,0.224604994058609,0,1,-0.8119468092918396,-0.48987525701522827,0.317434161901474,0,0.4969077706336975,-0.8654022216796875,-0.06450604647397995,0,0.3063082993030548,0.10536008328199387,0.9460839033126831,0,0.007242000196129084,-0.025092000141739845,-0.07581000030040741,1,0.897258460521698,-0.39485010504722595,-0.19753766059875488,0,0.40190592408180237,0.9156684875488281,-0.00475006178021431,0,0.18275460600852966,-0.07512952387332916,0.9802840352058411,0,0,0.390720009803772,0,1,0.06878874450922012,0.020481182262301445,0.997421145439148,0,-0.9194492101669312,0.3892847001552582,0.05541771277785301,0,-0.38714584708213806,-0.920890212059021,0.04560978338122368,0,0,0.3791869878768921,0,1,0.971150815486908,-0.15020863711833954,-0.18521040678024292,0,0.22110794484615326,0.8580919504165649,0.463453084230423,0,0.08931302279233932,-0.49103495478630066,0.866550087928772,0,0,0.10404700040817261,0,1,-0.9842961430549622,-0.17636072635650635,-0.007623910903930664,0,0.1762169450521469,-0.9842111468315125,0.016596928238868713,0,-0.010430585592985153,0.014992831274867058,0.9998329877853394,0,0.0063299997709691525,-0.025092000141739845,0.07581000030040741,1,0.7590135931968689,-0.6489864587783813,-0.05209589749574661,0,0.6510425209999084,0.755752444267273,0.07058137655258179,0,-0.006434760056436062,-0.08748894929885864,0.9961450695991516,0,0,0.39068400859832764,0,1,-0.0949021428823471,0.07245369255542755,0.9928460717201233,0,-0.9940160512924194,0.047294437885284424,-0.09846528619527817,0,-0.05409034714102745,-0.9962500929832458,0.0675317794084549,0,0,0.3790229856967926,0,1,0.9883309602737427,0.014128475449979305,0.15166498720645905,0,-0.08957632631063461,0.859230637550354,0.5036854147911072,0,-0.12319888174533844,-0.5113934278488159,0.8504697680473328,0,0,0.10548900067806244,0,1
K0.167,0.9944630265235901,0.004545615520328283,0.10499148815870285,0,-0.007637373637408018,0.9995480179786682,0.029064493253827095,0,-0.104811891913414,-0.029705418273806572,0.9940479397773743,0,-0.01388501562178135,0.8139270544052124,-0.0005159924039617181,1,0.9375659227371216,-0.32950523495674133,0.1113387793302536,0,0.3269229233264923,0.9441510438919067,0.04123372212052345,0,-0.11870738863945007,-0.0022601322270929813,0.9929269552230835,0,0.0014400000218302011,0.04484400153160095,0,1,0.9992049932479858,-0.025794727727770805,0.030388090759515762,0,0.026222269982099533,0.9995610117912292,-0.01375603023916483,0,-0.030019955709576607,0.014541956596076488,0.9994440078735352,0,0,0.052345000207424164,0,1,0.9992210268974304,-0.026037270203232765,0.029649918898940086,0,0.026434732601046562,0.999565064907074,-0.01309269666671753,0,-0.029296131804585457,0.013866289518773556,0.9994749426841736,0,0,0.05982299894094467,0,1,0.9911590814590454,-0.13064956665039062,-0.02311401441693306,0,0.12861444056034088,0.9888948798179626,-0.07447109371423721,0,0.03258692845702171,0.07083985954523087,0.9969549775123596,0,0,0.06730099767446518,0,1,0.9237779974937439,0.3127628564834595,-0.22093795239925385,0,-0.3074101507663727,0.9497380256652832,0.05912981554865837,0,0.22832688689231873,0.013295752927660942,0.9734939932823181,0,-0.13123999536037445,0.09945400059223175,0,1,-0.9909038543701172,-0.03672131150960922,-0.1294654756784439,0,0.130537748336792,-0.028475847095251083,-0.9910340309143066,0,0.03270544484257698,-0.9989199638366699,0.03301036357879639,0,-0.0036909999325871468,0.0479619987308979,-0.0578249990940094,1,-0.9219539761543274,-0.1373034119606018,-0.3621446490287781,0,-0.35884174704551697,0.6546329855918884,0.6653480529785156,0,0.1457172930240631,0.7433729767799377,-0.6528117060661316,0,0,0.11626599729061127,0,1,0.2669549286365509,-0.8132222294807434,0.517111599445343,0,0.9612390398979187,0.26308488845825195,-0.0824987143278122,0,-0.06895444542169571,0.5190913081169128,0.8519327640533447,0,0,0.22424599528312683,0,1,0.9971079230308533,0.0015934413531795144,0.07597541064023972,0,-0.07591865956783295,-0.023071788251399994,0.9968469738960266,0,0.0033413078635931015,-0.999733030796051,-0.02288411371409893,0,-0.004825999960303307,0.047926001250743866,0.0578249990940094,1,0.9984089136123657,-0.018678925931453705,-0.053204528987407684,0,0.05239205062389374,0.6561626195907593,0.7527983784675598,0,0.020849352702498436,-0.7543879151344299,0.6560970544815063,0,0,0.11645600199699402,0,1,0.07814286649227142,-0.8844369649887085,-0.46007129549980164,0,0.9968151450157166,0.061940018087625504,0.05023559555411339,0,-0.015933360904455185,-0.4625313878059387,0.8864598870277405,0,0,0.224604994058609,0,1,-0.8023622035980225,-0.48942816257476807,0.3415776789188385,0,0.4977179169654846,-0.864540159702301,-0.06961881369352341,0,0.3293808698654175,0.1141497790813446,0.9372710585594177,0,0.007242000196129084,-0.025092000141739845,-0.07581000030040741,1,0.9431386590003967,-0.29477187991142273,-0.15362060070037842,0,0.2961452007293701,0.9550345540046692,-0.014394992031157017,0,0.1509561836719513,-0.0319175198674202,0.9880250096321106,0,0,0.390720009803772,0,1,0.06717396527528763,-0.017261506989598274,0.9975919723510742,0,-0.9164950251579285,0.39413201808929443,0.06853298842906952,0,-0.3943661153316498,-0.9188920855522156,0.010655303485691547,0,0,0.3791869878768921,0,1,0.961505115032196,-0.17282743752002716,-0.2136307805776596,0,0.2547979950904846,0.851842999458313,0.45764806866645813,0,0.10288579761981964,-0.4944640100002289,0.8630881309509277,0,0,0.10404700040817261,0,1,-0.9871519804000854,-0.15897010266780853,0.016117477789521217,0,0.1590292602777481,-0.9872710108757019,0.002448776038363576,0,0.015523030422627926,0.0049804626032710075,0.9998670220375061,0,0.0063299997709691525,-0.025092000141739845,0.07581000030040741,1,0.7136301398277283,-0.6971970200538635,-0.0681774690747261,0,0.7004622220993042,0.7089037895202637,0.08251021057367325,0,-0.009194600395858288,-0.10663750022649765,0.9942550659179688,0,0,0.39068400859832764,0,1,-0.10109465569257736,0.06205984205007553,0.9929390549659729,0,-0.9948310852050781,0.0032852801959961653,-0.10149262845516205,0,-0.009560690261423588,-0.9980670213699341,0.061406947672367096,0,0,0.3790229856967926,0,1,0.9895250797271729,0.0031628008000552654,0.14432990550994873,0,-0.0820423811674118,0.8349443078041077,0.5441854000091553,0,-0.11878618597984314,-0.5503258109092712,0.826457142829895,0,0,0.10548900067806244,0,1
K0.200,0.9911779165267944,-0.0003494475968182087,0.13253812491893768,0,-0.0025574194733053446,0.9997600317001343,0.021761445328593254,0,-0.1325138807296753,-0.021908419206738472,0.9909389019012451,0,-0.012283999472856522,0.8053100109100342,-0.0026190003845840693,1,0.9398500323295593,-0.3255958557128906,0.10329075157642365,0,0.3224211633205414,0.9454509019851685,0.04654180258512497,0,-0.11281025409698486,-0.010439198464155197,0.9935619235038757,0,0.0014400000218302011,0.04484400153160095,0,1,0.9992539882659912,-0.026038039475679398,0.028529200702905655,0,0.02643495984375477,0.9995579123497009,-0.013625001534819603,0,-0.028161803260445595,0.014368997886776924,0.9994999766349792,0,0,0.052345000207424164,0,1,0.9992690682411194,-0.026253145188093185,0.027795951813459396,0,0.026622852310538292,0.999561071395874,-0.013015255331993103,0,-0.027442049235105515,0.013745744712650776,0.9995290040969849,0,0,0.05982299894094467,0,1,0.9913550019264221,-0.12869104743003845,-0.025570670142769814,0,0.12641994655132294,0.9890329837799072,-0.07636189460754395,0,0.03511733189225197,0.07246911525726318,0.9967519640922546,0,0,0.06730099767446518,0,1,0.9221678376197815,0.31123316287994385,-0.2296532541513443,0,-0.3064078390598297,0.9501720070838928,0.057328276336193085,0,0.2360527515411377,0.01750127412378788,0.9715831279754639,0,-0.13123999536037445,0.09945400059223175,0,1,-0.9909300804138184,-0.03673078119754791,-0.129261314868927,0,0.13041722774505615,-0.031029608100652695,-0.9909740686416626,0,0.03238830715417862,-0.9988430142402649,0.03553835675120354,0,-0.0036909999325871468,0.0479619987308979,-0.0578249990940094,1,-0.9238972067832947,-0.1314646154642105,-0.35934683680534363,0,-0.3508974015712738,0.6656059622764587,0.6586657762527466,0,0.15259212255477905,0.7346330881118774,-0.6610819101333618,0,0,0.11626599729061127,0,1,0.28995397686958313,-0.8072609901428223,0.5140590071678162,0,0.9540160298347473,0.28646981716156006,-0.08824833482503891,0,-0.07602297514677048,0.5160086154937744,0.8532031178474426,0,0,0.22424599528312683,0,1,0.9976720213890076,0.0018174952128902078,0.06817720085382462,0,-0.0681225061416626,-0.021507978439331055,0.9974450469017029,0,0.00327920145355165,-0.9997670650482178,-0.02133408933877945,0,-0.004825999960303307,0.047926001250743866,0.0578249990940094,1,0.9982119798660278,-0.018161367624998093,-0.05695537105202675,0,0.054434634745121,0.6699529886245728,0.7404051423072815,0,0.024710629135370255,-0.7421809434890747,0.6697430610656738,0,0,0.11645600199699402,0,1,0.07777485996484756,-0.8798621296882629,-0.4688219130039215,0,0.996849000453949,0.06127304583787918,0.0503772608935833,0,-0.0155989034101367,-0.47126275300979614,0.8818551898002625,0,0,0.224604994058609,0,1,-0.7923349738121033,-0.493688702583313,0.3584350347518921,0,0.5017722249031067,-0.8615267276763916,-0.07743187993764877,0,0.3470289409160614,0.11850087344646454,0.9303380846977234,0,0.007242000196129084,-0.025092000141739845,-0.07581000030040741,1,0.9678330421447754,-0.22672195732593536,-0.10906898975372314,0,0.2260710597038269,0.9739359617233276,-0.018462106585502625,0,0.11041201651096344,-0.006789105944335461,0.9938629269599915,0,0,0.390720009803772,0,1,0.06515707075595856,-0.06565135717391968,0.9957130551338196,0,-0.916985809803009,0.3896082639694214,0.08569382131099701,0,-0.39356374740600586,-0.918637752532959,-0.034815628081560135,0,0,0.3791869878768921,0,1,0.9624289870262146,-0.1657966822385788,-0.2150372564792633,0,0.24985234439373016,0.8508200645446777,0.4622547924518585,0,0.10631775110960007,-0.49861520528793335,0.8602789640426636,0,0,0.10404700040817261,0,1,-0.9889330267906189,-0.14754389226436615,0.015581783838570118,0,0.14743010699748993,-0.9890379905700684,-0.008216074667870998,0,0.01662321388721466,-0.005827925633639097,0.9998450875282288,0,0.0063299997709691525,-0.025092000141739845,0.07581000030040741,1,0.663216233253479,-0.745503842830658,-0.06609297543764114,0,0.7473422288894653,0.6549118161201477,0.1121189147233963,0,-0.04029998183250427,-0.12375307828187943,0.9914939999580383,0,0,0.39068400859832764,0,1,-0.10499987006187439,0.05405522510409355,0.9930020570755005,0,-0.9944350123405457,-0.014331283047795296,-0.10437120497226715,0,0.008589138276875019,-0.9984350204467773,0.05525914207100868,0,0,0.3790229856967926,0,1,0.9921839237213135,-0.017017994076013565,0.12362094223499298,0,-0.06228499487042427,0.7908931374549866,0.6087769865989685,0,-0.1081310361623764,-0.6117179989814758,0.7836509346961975,0,0,0.10548900067806244,0,1
