3.133,30,94,25
B0,mixamorig_Hips,-1,-0.7576550841331482,-0.13152584433555603,0.6392649412155151,0,-0.1260191947221756,0.9905329346656799,0.054440002888441086,0,-0.6403730511665344,-0.03931289166212082,-0.7670568823814392,0,0.00939099956303835,0.7208369970321655,-0.004149999935179949,1
B1,mixamorig_Spine,0,0.973330020904541,-0.22503496706485748,-0.04457968845963478,0,0.2236100137233734,0.9740579724311829,-0.03478657081723213,0,0.05125139653682709,0.02389034815132618,0.9983999133110046,0,0.0015820000553503633,0.04416000097990036,0,1
B2,mixamorig_Spine1,1,0.989901065826416,-0.10586187243461609,-0.09427789598703384,0,0.0986861139535904,0.9920740723609924,-0.07778420299291611,0,0.10176511108875275,0.06769479811191559,0.9925029873847961,0,0,0.05155299976468086,0,1
B3,mixamorig_Spine2,2,0.9890720248222351,0.10007692128419876,-0.10826098173856735,0,-0.10665106773376465,0.9926769733428955,-0.05672886595129967,0,0.10179099440574646,0.06765512377023697,0.9925029277801514,0,0,0.05891700088977814,0,1
B4,mixamorig_Neck,3,0.9866660833358765,-0.004596265032887459,-0.1626949906349182,0,0.0039047175087034702,0.9999820590019226,-0.004570085555315018,0,0.16271305084228516,0.0038738695438951254,0.9866660833358765,0,0,0.0662819966673851,0,1
B5,mixamorig_Head,4,0.9169898629188538,0.06647906452417374,-0.39333122968673706,0,-0.0962788313627243,0.9937500357627869,-0.056499820202589035,0,0.38711676001548767,0.08967921137809753,0.9176590442657471,0,-0.12752500176429749,0.1006539985537529,0,1
B6,mixamorig_HeadTop_End,5,1,0,0,0,0,1,0,0,0,0,1,0,-0.010892000049352646,0.008596999570727348,0,1
B7,mixamorig_LeftShoulder,3,-0.9590789079666138,-0.026796014979481697,-0.2818688750267029,0,0.28084808588027954,0.03636800870299339,-0.9590628743171692,0,0.035950034856796265,-0.9989789128303528,-0.02735402062535286,0,0.0009120000177063048,0.048409998416900635,-0.0625389963388443,1
B8,mixamorig_LeftArm,7,0.974711000919342,-0.051523782312870026,0.21744988858699799,0,-0.13215593993663788,0.6517659425735474,0.7468171119689941,0,-0.18020521104335785,-0.7566678524017334,0.6284740567207336,0,0,0.12941400706768036,0,1
B9,mixamorig_LeftForeArm,8,0.8292980194091797,0.4358048141002655,0.3497702181339264,0,-0.4921272099018097,0.8660948872566223,0.08769125491380692,0,-0.2647179365158081,-0.24485361576080322,0.9327220916748047,0,0,0.23996299505233765,0,1
B10,mixamorig_LeftHand,9,1,0,0,0,0,1,0,0,0,0,1,0,0,0.23996800184249878,0,1
B11,mixamorig_RightShoulder,3,0.9088110327720642,0.07566191256046295,-0.41028892993927,0,0.4033590853214264,0.09192468971014023,0.9104129672050476,0,0.10659924149513245,-0.9928869605064392,0.05302324518561363,0,0.0006249999860301614,0.04839999973773956,0.0625389963388443,1
B12,mixamorig_RightArm,11,0.8207030296325684,0.5621840357780457,0.1019638180732727,0,-0.3691210150718689,0.3854809105396271,0.8456680774688721,0,0.4361157715320587,-0.7316790223121643,0.5238791108131409,0,0,0.12941299378871918,0,1
B13,mixamorig_RightForeArm,12,0.6619558930397034,-0.7049530744552612,-0.25466614961624146,0,0.7410379648208618,0.6665490865707397,0.08108127117156982,0,0.11258910596370697,-0.2423897534608841,0.963624119758606,0,0,0.23996199667453766,0,1
B14,mixamorig_RightHand,13,1,0,0,0,0,1,0,0,0,0,1,0,0,0.23995999991893768,0,1
B15,mixamorig_LeftUpLeg,0,-0.4132772386074066,-0.7572559118270874,0.505733072757721,0,0.5012599229812622,-0.6528478264808655,-0.5679153203964233,0,0.7602239847183228,0.018797285854816437,0.6493890881538391,0,0.00834100041538477,-0.02471200004220009,-0.07583899796009064,1
B16,mixamorig_LeftLeg,15,0.6542747616767883,-0.665777325630188,-0.35869893431663513,0,0.7031577229499817,0.7101463079452515,-0.03551991656422615,0,0.278376966714859,-0.22898206114768982,0.932776927947998,0,0,0.39040499925613403,0,1
B17,mixamorig_LeftFoot,16,0.046343859285116196,-0.13242177665233612,0.9901090264320374,0,-0.8894420266151428,0.4456949830055237,0.10124120861291885,0,-0.4546928405761719,-0.8853359222412109,-0.09712617844343185,0,0,0.3791869878768921,0,1
B18,mixamorig_LeftToeBase,17,0.9806929230690002,-0.08001392334699631,-0.17843225598335266,0,0.15591292083263397,0.8706780076026917,0.46648699045181274,0,0.11803172528743744,-0.4853009879589081,0.8663439750671387,0,0,0.10404700040817261,0,1
B19,mixamorig_LeftToe_End,18,1,0,0,0,0,1,0,0,0,0,1,0,0,0.04368500038981438,0,1
B20,mixamorig_RightUpLeg,0,-0.8488699197769165,-0.5271150469779968,-0.03962088003754616,0,0.4738559126853943,-0.79203200340271,0.3848969638347626,0,-0.23426607251167297,0.30795297026634216,0.922109067440033,0,0.007553999777883291,-0.02471200004220009,0.07583899796009064,1
B21,mixamorig_RightLeg,20,0.5896440148353577,-0.8066320419311523,0.040790170431137085,0,0.7976269721984863,0.5895110368728638,0.12754204869270325,0,-0.12692585587501526,-0.04266911372542381,0.9909939765930176,0,0,0.39037200808525085,0,1
B22,mixamorig_RightFoot,21,-0.19435635209083557,0.3250879645347595,0.9254959225654602,0,-0.9808149933815002,-0.07890994846820831,-0.17825573682785034,0,0.015082054771482944,-0.9423860311508179,0.3341880142688751,0,0,0.3790229856967926,0,1
B23,mixamorig_RightToeBase,22,0.9918760657310486,0.05862515792250633,0.11289588361978531,0,-0.10315393656492233,0.8900110125541687,0.44411617517471313,0,-0.07444219291210175,-0.45215386152267456,0.8888280391693115,0,0,0.10548900067806244,0,1
B24,mixamorig_RightToe_End,23,1,0,0,0,0,1,0,0,0,0,1,0,0,0.044149000197649,0,1
@20,0,1,2,3,4,5,7,8,9,11,12,13,15,16,17,18,20,21,22,23
K0,0.6392648816108704,-0.13152578473091125,0.7576550841331482,0,0.05443992838263512,0.9905329346656799,0.1260191798210144,0,-0.7670568823814392,-0.0393129400908947,0.6403729915618896,0,-0.0041499994695186615,0.7208369970321655,-0.00939099956303835,1,0.973330020904541,-0.2250349521636963,-0.0445796400308609,0,0.22360999882221222,0.9740579724311829,-0.03478660434484482,0,0.051251355558633804,0.02389039285480976,0.9983999133110046,0,0.0015820000553503633,0.04416000097990036,0,1,0.989901065826416,-0.10586188733577728,-0.09427790343761444,0,0.09868612885475159,0.9920740723609924,-0.07778420299291611,0,0.10176511853933334,0.06769479811191559,0.9925029873847961,0,0,0.05155299976468086,0,1,0.9890720248222351,0.10007693618535995,-0.10826099663972855,0,-0.10665108263492584,0.9926769733428955,-0.056728869676589966,0,0.10179100930690765,0.06765512377023697,0.9925029277801514,0,0,0.05891700088977814,0,1,0.9866660833358765,-0.004596276208758354,-0.1626949906349182,0,0.003904724959284067,0.9999820590019226,-0.004570108838379383,0,0.16271305084228516,0.003873891197144985,0.9866660833358765,0,0,0.0662819966673851,0,1,0.9169898629188538,0.06647912412881851,-0.3933311998844147,0,-0.09627888351678848,0.9937500357627869,-0.05649979040026665,0,0.3871167302131653,0.08967920392751694,0.9176590442657471,0,-0.12752500176429749,0.1006539985537529,0,1,-0.9590790867805481,-0.026796091347932816,-0.28186890482902527,0,0.28084808588027954,0.03636785224080086,-0.959062933921814,0,0.03595008701086044,-0.9989789724349976,-0.027354013174772263,0,0.0009120000177063048,0.048409998416900635,-0.0625389963388443,1,0.9747110605239868,-0.051523834466934204,0.21744979918003082,0,-0.13215583562850952,0.6517658829689026,0.7468171715736389,0,-0.18020518124103546,-0.7566679120063782,0.6284739971160889,0,0,0.12941400706768036,0,1,0.8292980790138245,0.4358048141002655,0.3497701585292816,0,-0.4921272099018097,0.8660948872566223,0.08769134432077408,0,-0.26471781730651855,-0.2448536604642868,0.9327220916748047,0,0,0.23996299505233765,0,1,0.908811092376709,0.07566192001104355,-0.4102887511253357,0,0.40335890650749207,0.09192471206188202,0.9104129672050476,0,0.10659924149513245,-0.9928869009017944,0.053023286163806915,0,0.0006249999860301614,0.04839999973773956,0.0625389963388443,1,0.8207030892372131,0.5621839761734009,0.10196378082036972,0,-0.3691209554672241,0.38548094034194946,0.8456680774688721,0,0.4361157715320587,-0.7316790819168091,0.5238790512084961,0,0,0.12941299378871918,0,1,0.6619559526443481,-0.7049530744552612,-0.2546660304069519,0,0.7410379648208618,0.6665490865707397,0.081081323325634,0,0.11258897930383682,-0.2423897087574005,0.963624119758606,0,0,0.23996199667453766,0,1,-0.4132770299911499,-0.7572559118270874,0.5057330131530762,0,0.5012599229812622,-0.6528475880622864,-0.5679153203964233,0,0.7602238655090332,0.01879730634391308,0.6493891477584839,0,0.00834100041538477,-0.02471200004220009,-0.07583899796009064,1,0.6542747616767883,-0.665777325630188,-0.35869893431663513,0,0.7031577229499817,0.7101463079452515,-0.035520002245903015,0,0.2783770263195038,-0.22898200154304504,0.932776927947998,0,0,0.39040499925613403,0,1,0.04634401202201843,-0.13242165744304657,0.9901090860366821,0,-0.8894418478012085,0.44569534063339233,0.10124136507511139,0,-0.4546932578086853,-0.8853358030319214,-0.09712597727775574,0,0,0.3791869878768921,0,1,0.9806929230690002,-0.08001399785280228,-0.17843230068683624,0,0.15591301023960114,0.8706780076026917,0.46648699045181274,0,0.11803172528743744,-0.4853009879589081,0.8663439750671387,0,0,0.10404700040817261,0,1,-0.8488699197769165,-0.5271150469779968,-0.03962089866399765,0,0.4738559126853943,-0.79203200340271,0.38489699363708496,0,-0.23426610231399536,0.30795300006866455,0.922109067440033,0,0.007553999777883291,-0.02471200004220009,0.07583899796009064,1,0.5896440148353577,-0.8066319823265076,0.04079018533229828,0,0.7976269125938416,0.5895110368728638,0.12754195928573608,0,-0.12692579627037048,-0.042669039219617844,0.9909939765930176,0,0,0.39037200808525085,0,1,-0.194356307387352,0.32508814334869385,0.9254958033561707,0,-0.9808149933815002,-0.07890957593917847,-0.1782558262348175,0,0.015081655234098434,-0.9423859715461731,0.3341881334781647,0,0,0.3790229856967926,0,1,0.9918760657310486,0.05862512066960335,0.11289583891630173,0,-0.10315388441085815,0.8900110125541687,0.44411617517471313,0,-0.07444217056035995,-0.45215386152267456,0.8888280391693115,0,0,0.10548900067806244,0,1
K0.033,0.5989954471588135,-0.11227114498615265,0.7928422689437866,0,0.040375519543886185,0.9930970668792725,0.11012451350688934,0,-0.7997331619262695,-0.03395267203450203,0.5993936657905579,0,-0.000748958031181246,0.720291018486023,-0.009543989785015583,1,0.9730151295661926,-0.22622480988502502,-0.045440930873155594,0,0.22479426860809326,0.9737949371337891,-0.03451410308480263,0,0.052058082073926926,0.023367878049612045,0.9983710050582886,0,0.0015820000553503633,0.04416000097990036,0,1,0.9894589781761169,-0.10832507908344269,-0.09610412269830704,0,0.10102306306362152,0.9918329119682312,-0.0778551697731018,0,0.1037529706954956,0.06732580810785294,0.9923220276832581,0,0,0.05155299976468086,0,1,0.9887809753417969,0.09746434539556503,-0.11319509893655777,0,-0.10414253175258636,0.9930601119995117,-0.05465083196759224,0,0.10708301514387131,0.06582611799240112,0.9920690059661865,0,0,0.05891700088977814,0,1,0.9869149923324585,-0.010229870676994324,-0.16091801226139069,0,0.009764228947460651,0.9999459981918335,-0.003684197086840868,0,0.16094690561294556,0.002064747968688607,0.9869610071182251,0,0,0.0662819966673851,0,1,0.9185450673103333,0.05902855470776558,-0.3908839225769043,0,-0.0896562859416008,0.99413001537323,-0.06055835261940956,0,0.38501498103141785,0.09067083895206451,0.9184460639953613,0,-0.12752500176429749,0.1006539985537529,0,1,-0.964449942111969,-0.025417452678084373,-0.2630409300327301,0,0.26194122433662415,0.039794910699129105,-0.9642632007598877,0,0.034976791590452194,-0.9988849759101868,-0.031722214072942734,0,0.0009120000177063048,0.048409998416900635,-0.0625389963388443,1,0.9785671830177307,-0.04541195556521416,0.2008570432662964,0,-0.12248069792985916,0.6557467579841614,0.7449792623519897,0,-0.1655423641204834,-0.7536135911941528,0.6361303329467773,0,0,0.12941400706768036,0,1,0.8244889974594116,0.44788694381713867,0.3458540141582489,0,-0.5043763518333435,0.8587498068809509,0.09029795229434967,0,-0.25655871629714966,-0.24889016151428223,0.9339330196380615,0,0,0.23996299505233765,0,1,0.9041166305541992,0.08047866076231003,-0.41963884234428406,0,0.41372281312942505,0.08060034364461899,0.906827986240387,0,0.1068032830953598,-0.993492066860199,0.039576247334480286,0,0.0006249999860301614,0.04839999973773956,0.0625389963388443,1,0.853455126285553,0.5158416628837585,0.07431097328662872,0,-0.33105939626693726,0.42647621035575867,0.8417351245880127,0,0.402509868144989,-0.7429839372634888,0.5347521305084229,0,0,0.12941299378871918,0,1,0.6578449010848999,-0.7065989971160889,-0.26068705320358276,0,0.7455438375473022,0.6600242257118225,0.09237024188041687,0,0.10679106414318085,-0.2551189064979553,0.9609940052032471,0,0,0.23996199667453766,0,1,-0.4480713903903961,-0.7488301396369934,0.48834967613220215,0,0.4726370871067047,-0.6620928049087524,-0.5815913081169128,0,0.7588456869125366,-0.029782211408019066,0.6505894064903259,0,0.00834100041538477,-0.02471200004220009,-0.07583899796009064,1,0.6326765418052673,-0.6939557790756226,-0.3437223434448242,0,0.7276906371116638,0.6845762729644775,-0.04268813505768776,0,0.2649277448654175,-0.2231156826019287,0.9381000995635986,0,0,0.39040499925613403,0,1,0.03135780990123749,-0.12868718802928925,0.9911890029907227,0,-0.910545289516449,0.4053114652633667,0.08142859488725662,0,-0.4122193157672882,-0.9050763249397278,-0.10446589440107346,0,0,0.3791869878768921,0,1,0.9851459264755249,-0.07688876241445541,-0.1535423845052719,0,0.14054661989212036,0.8747683763504028,0.4637095332145691,0,0.09865999221801758,-0.4784016013145447,0.8725812435150146,0,0,0.10404700040817261,0,1,-0.8525682091712952,-0.5220616459846497,-0.024064164608716965,0,0.47536617517471313,-0.7937970757484436,0.37935951352119446,0,-0.2171510010957718,0.3119903802871704,0.924936056137085,0,0.007553999777883291,-0.02471200004220009,0.07583899796009064,1,0.5888967514038086,-0.8053790926933289,0.06756113469600677,0,0.795647919178009,0.5923962593078613,0.12653806805610657,0,-0.14193402230739594,-0.020762978121638298,0.989657998085022,0,0,0.39037200808525085,0,1,-0.2046772539615631,0.3095594644546509,0.9285900592803955,0,-0.9787868857383728,-0.0736192911863327,-0.191199392080307,0,0.00917455367743969,-0.9480260014533997,0.3180609345436096,0,0,0.3790229856967926,0,1,0.991784930229187,0.05794164538383484,0.114043228328228,0,-0.1032523438334465,0.8888950943946838,0.44632264971733093,0,-0.07551182806491852,-0.4544314742088318,0.8875757455825806,0,0,0.10548900067806244,0,1
K0.067,0.5599386096000671,-0.09241314977407455,0.8233646154403687,0,0.024829983711242676,0.9951859712600708,0.09481218457221985,0,-0.8281619548797607,-0.0326448455452919,0.5595371127128601,0,0.0033689599949866533,0.719186007976532,-0.008625008165836334,1,0.9722499251365662,-0.22939911484718323,-0.045888159424066544,0,0.22799482941627502,0.9730730652809143,-0.033868059515953064,0,0.05242183431982994,0.022465957328677177,0.9983720779418945,0,0.0015820000553503633,0.04416000097990036,0,1,0.9882709383964539,-0.11481484770774841,-0.10068429261445999,0,0.10721202194690704,0.9911770224571228,-0.07793987542390823,0,0.10874462127685547,0.0662311464548111,0.9918610453605652,0,0,0.05155299976468086,0,1,0.988860011100769,0.09065117686986923,-0.11805786192417145,0,-0.09738694876432419,0.9938570857048035,-0.05258224532008171,0,0.1125660315155983,0.06349379569292068,0.991614043712616,0,0,0.05891700088977814,0,1,0.9876189231872559,-0.014999274164438248,-0.15615040063858032,0,0.01497562974691391,0.9998869895935059,-0.001327972742728889,0,0.15615268051624298,-0.001026919693686068,0.9877320528030396,0,0,0.0662819966673851,0,1,0.9218989610671997,0.04949969798326492,-0.3842562735080719,0,-0.08307946473360062,0.9939910173416138,-0.0712769404053688,0,0.378418892621994,0.09763389080762863,0.9204710721969604,0,-0.12752500176429749,0.1006539985537529,0,1,-0.9709977507591248,-0.023376191034913063,-0.23794123530387878,0,0.23677439987659454,0.04406087100505829,-0.9705648422241211,0,0.03317199647426605,-0.9987549185752869,-0.03724800422787666,0,0.0009120000177063048,0.048409998416900635,-0.0625389963388443,1,0.9850268959999084,-0.04396531730890274,0.1667005866765976,0,-0.09556655585765839,0.665532648563385,0.7402251958847046,0,-0.14348895847797394,-0.7450729012489319,0.651366114616394,0,0,0.12941400706768036,0,1,0.8208552598953247,0.46230757236480713,0.33536410331726074,0,-0.5181711316108704,0.8497729301452637,0.09687089920043945,0,-0.24019914865493774,-0.2532929480075836,0.9370949268341064,0,0,0.23996299505233765,0,1,0.8980860710144043,0.08137686550617218,-0.4322250187397003,0,0.42668581008911133,0.07715629041194916,0.9011031985282898,0,0.10667792707681656,-0.9936931133270264,0.03457065299153328,0,0.0006249999860301614,0.04839999973773956,0.0625389963388443,1,0.883563756942749,0.4660124182701111,0.04634442552924156,0,-0.2855464816093445,0.4576599597930908,0.8420278429985046,0,0.3711854815483093,-0.7572187781333923,0.5374399423599243,0,0,0.12941299378871918,0,1,0.6653827428817749,-0.6954020857810974,-0.27144405245780945,0,0.7378100752830505,0.6679458618164062,0.09738707542419434,0,0.11358672380447388,-0.2650737762451172,0.9575141072273254,0,0,0.23996199667453766,0,1,-0.4866912364959717,-0.7539157271385193,0.4412972629070282,0,0.47968119382858276,-0.6528298258781433,-0.586276113986969,0,0.7300944924354553,-0.07365342974662781,0.6793654561042786,0,0.00834100041538477,-0.02471200004220009,-0.07583899796009064,1,0.5694357752799988,-0.7676771879196167,-0.293962687253952,0,0.7903535962104797,0.6096085906028748,-0.0609838031232357,0,0.22601816058158875,-0.19760820269584656,0.9538698792457581,0,0,0.39040499925613403,0,1,-0.00422310596331954,-0.1422845423221588,0.9898171424865723,0,-0.937673807144165,0.3445234000682831,0.045524004846811295,0,-0.34749218821525574,-0.9279325604438782,-0.13487133383750916,0,0,0.3791869878768921,0,1,0.9858970046043396,-0.04453105479478836,-0.16131678223609924,0,0.10969854146242142,0.8999317288398743,0.42200541496276855,0,0.12638185918331146,-0.4337504506111145,0.8921257853507996,0,0,0.10404700040817261,0,1,-0.8624538779258728,-0.5059531331062317,0.013578572310507298,0,0.4757850468158722,-0.8012948036193848,0.3627050817012787,0,-0.17263135313987732,0.31927692890167236,0.9318049550056458,0,0.007553999777883291,-0.02471200004220009,0.07583899796009064,1,0.5882319808006287,-0.8053579926490784,0.07335719466209412,0,0.7945740818977356,0.5924558639526367,0.13284499943256378,0,-0.15044866502285004,-0.01985595002770424,0.9884180426597595,0,0,0.39037200808525085,0,1,-0.2073519080877304,0.3115958273410797,0.9273150563240051,0,-0.9782058596611023,-0.07658890634775162,-0.19299596548080444,0,0.010885297320783138,-0.9471227526664734,0.32068556547164917,0,0,0.3790229856967926,0,1,0.9915300011634827,0.05604761466383934,0.11716099828481674,0,-0.10352038592100143,0.8858230113983154,0.4523288309574127,0,-0.07843194156885147,-0.4606260657310486,0.8841219544410706,0,0,0.10548900067806244,0,1
K0.100,0.5191640257835388,-0.07235175371170044,0.8516058921813965,0,0.009525972418487072,0.9968379139900208,0.07888322323560715,0,-0.8546209335327148,-0.03284097835421562,0.5182119607925415,0,0.00817000214010477,0.7175610065460205,-0.007295998744666576,1,0.9711530804634094,-0.23389585316181183,-0.04640683904290199,0,0.23255011439323425,0.9720369577407837,-0.03261689841747284,0,0.05273815989494324,0.02088410034775734,0.9983899593353271,0,0.0015820000553503633,0.04416000097990036,0,1,0.9865339994430542,-0.1239798367023468,-0.1066720262169838,0,0.11602216213941574,0.9901909828186035,-0.07784528285264969,0,0.11527697741985321,0.06442072987556458,0.991241991519928,0,0,0.05155299976468086,0,1,0.9891270399093628,0.0809609517455101,-0.12277080863714218,0,-0.08768504112958908,0.9948729872703552,-0.05038483068346977,0,0.11806217581033707,0.06060216948390007,0.9911549687385559,0,0,0.05891700088977814,0,1,0.9886160492897034,-0.019276903942227364,-0.14922194182872772,0,0.01980309933423996,0.9998019337654114,0.002041090279817581,0,0.14915305376052856,-0.0049729119054973125,0.9888019561767578,0,0,0.0662819966673851,0,1,0.9264159202575684,0.038742389529943466,-0.37450215220451355,0,-0.0764906033873558,0.9933149814605713,-0.08645803481340408,0,0.3686489164829254,0.10874196887016296,0.9231860041618347,0,-0.12752500176429749,0.1006539985537529,0,1,-0.9805509448051453,-0.019917098805308342,-0.1952500343322754,0,0.1940520852804184,0.050526853650808334,-0.9796889424324036,0,0.029377935454249382,-0.998524010181427,-0.045679155737161636,0,0.0009120000177063048,0.048409998416900635,-0.0625389963388443,1,0.9921650290489197,-0.033478084951639175,0.1203693225979805,0,-0.06635407358407974,0.6751312017440796,0.7347078919410706,0,-0.10586166381835938,-0.7369381785392761,0.6676198840141296,0,0,0.12941400706768036,0,1,0.8172661066055298,0.47916707396507263,0.32011881470680237,0,-0.5333700776100159,0.8392869830131531,0.10541894286870956,0,-0.21815821528434753,-0.2568970322608948,0.9414939284324646,0,0,0.23996299505233765,0,1,0.8879380822181702,0.08205819875001907,-0.45258378982543945,0,0.44752317667007446,0.07316393405199051,0.8912748694419861,0,0.1062491163611412,-0.9939379692077637,0.0282420814037323,0,0.0006249999860301614,0.04839999973773956,0.0625389963388443,1,0.9133791923522949,0.40577858686447144,0.03288692235946655,0,-0.2489873468875885,0.49288395047187805,0.8337088823318481,0,0.3220919072628021,-0.7696810960769653,0.551223874092102,0,0,0.12941299378871918,0,1,0.6716129779815674,-0.685403048992157,-0.2813499867916107,0,0.7306660413742065,0.6756250858306885,0.0982738807797432,0,0.12272999435663223,-0.27157509326934814,0.9545599818229675,0,0,0.23996199667453766,0,1,-0.5031371116638184,-0.7637280821800232,0.4044419229030609,0,0.4926609694957733,-0.6379760503768921,-0.5918381214141846,0,0.7100270986557007,-0.09852289408445358,0.6972478628158569,0,0.00834100041538477,-0.02471200004220009,-0.07583899796009064,1,0.48684924840927124,-0.8487578630447388,-0.20636604726314545,0,0.8554572463035583,0.5110557079315186,-0.08375325053930283,0,0.17655092477798462,-0.13576222956180573,0.9748839139938354,0,0,0.39040499925613403,0,1,0.028271209448575974,-0.20264919102191925,0.9788429737091064,0,-0.9659590125083923,0.2463691383600235,0.07890479266643524,0,-0.25714677572250366,-0.9477530717849731,-0.18878573179244995,0,0,0.3791869878768921,0,1,0.9659410715103149,-0.007122758775949478,-0.25866276025772095,0,0.09315524250268936,0.9421688914299011,0.32193127274513245,0,0.2414112240076065,-0.33506277203559875,0.9107440710067749,0,0,0.10404700040817261,0,1,-0.8729441165924072,-0.48336488008499146,0.06577624380588531,0,0.4751501679420471,-0.81197589635849,0.33901095390319824,0,-0.11045721173286438,0.327191025018692,0.9384799599647522,0,0.007553999777883291,-0.02471200004220009,0.07583899796009064,1,0.5876400470733643,-0.8062249422073364,0.06841185688972473,0,0.7940059900283813,0.5908638834953308,0.1429501622915268,0,-0.1556721031665802,-0.02968382090330124,0.9873629212379456,0,0,0.39037200808525085,0,1,-0.20628951489925385,0.3258410394191742,0.9226440191268921,0,-0.978369951248169,-0.08353748172521591,-0.18924693763256073,0,0.015410992316901684,-0.9417269825935364,0.33602607250213623,0,0,0.3790229856967926,0,1,0.9911360144615173,0.053162671625614166,0.12174808979034424,0,-0.10391832888126373,0.8811869621276855,0.4612060487270355,0,-0.0827639177441597,-0.46976998448371887,0.8789010047912598,0,0,0.10548900067806244,0,1
K0.133,0.4735093414783478,-0.0522875115275383,0.8792352676391602,0,-0.0032032430171966553,0.9981279969215393,0.06108306720852852,0,-0.880783200263977,-0.03173981234431267,0.4724554419517517,0,0.013623061589896679,0.7154790163040161,-0.0058809868060052395,1,0.9698529243469238,-0.23903128504753113,-0.047432791441679,0,0.23780283331871033,0.9708460569381714,-0.030122850090265274,0,0.053250230848789215,0.017935078591108322,0.998420000076294,0,0.0015820000553503633,0.04416000097990036,0,1,0.9844849705696106,-0.13447299599647522,-0.11271844804286957,0,0.1262272298336029,0.988978922367096,-0.07737981528043747,0,0.12188165634870529,0.061951130628585815,0.9906089901924133,0,0,0.05155299976468086,0,1,0.9894170165061951,0.06972124427556992,-0.12725412845611572,0,-0.07634350657463074,0.9959290623664856,-0.047921016812324524,0,0.12339497357606888,0.0571289025247097,0.9907119870185852,0,0,0.05891700088977814,0,1,0.9897350072860718,-0.023426011204719543,-0.1409798115491867,0,0.024512087926268578,0.9996820688247681,0.005971843376755714,0,0.14079499244689941,-0.009366245940327644,0.9899939894676208,0,0,0.0662819966673851,0,1,0.9314960241317749,0.027568913996219635,-0.36270594596862793,0,-0.06982792168855667,0.9921309947967529,-0.10392015427350998,0,0.35698679089546204,0.1221281886100769,0.9260910749435425,0,-0.12752500176429749,0.1006539985537529,0,1,-0.9876798391342163,-0.016977261751890182,-0.15556614100933075,0,0.15437187254428864,0.057293012738227844,-0.9863499999046326,0,0.025658365339040756,-0.9982129335403442,-0.053966257721185684,0,0.0009120000177063048,0.048409998416900635,-0.0625389963388443,1,0.9974660873413086,-0.031127944588661194,0.06397268921136856,0,-0.0253475122153759,0.6847010254859924,0.7283830642700195,0,-0.06647524237632751,-0.7281589508056641,0.6821770668029785,0,0,0.12941400706768036,0,1,0.8126401305198669,0.49843594431877136,0.3019568920135498,0,-0.5498605370521545,0.8274465799331665,0.11395532637834549,0,-0.1930537074804306,-0.25863873958587646,0.9464861154556274,0,0,0.23996299505233765,0,1,0.8739529848098755,0.08335065096616745,-0.4788091480731964,0,0.4744059443473816,0.06769366562366486,0.8777000308036804,0,0.10556919872760773,-0.9942180514335632,0.01961902529001236,0,0.0006249999860301614,0.04839999973773956,0.0625389963388443,1,0.9388412833213806,0.3430740535259247,0.029601041227579117,0,-0.2145135998725891,0.5154457688331604,0.8296382427215576,0,0.2693697512149811,-0.7852489948272705,0.5575161576271057,0,0,0.12941299378871918,0,1,0.6669870615005493,-0.6905570030212402,-0.27974891662597656,0,0.7301655411720276,0.6805444359779358,0.06096973642706871,0,0.14827847480773926,-0.24492903053760529,0.958135187625885,0,0,0.23996199667453766,0,1,-0.5135741829872131,-0.7712380290031433,0.37607669830322266,0,0.5033431053161621,-0.6257508397102356,-0.5958859920501709,0,0.694900631904602,-0.11673614382743835,0.7095673084259033,0,0.00834100041538477,-0.02471200004220009,-0.07583899796009064,1,0.3890600800514221,-0.9080025553703308,-0.1554453819990158,0,0.9087775945663452,0.40593671798706055,-0.0966418907046318,0,0.15085206925868988,-0.10366576910018921,0.9831060767173767,0,0,0.39040499925613403,0,1,0.05582454800605774,-0.2374461144208908,0.9697952270507812,0,-0.9854060411453247,0.14333057403564453,0.0918164774775505,0,-0.1608029156923294,-0.9607682824134827,-0.22597964107990265,0,0,0.3791869878768921,0,1,0.966923177242279,-0.014891810715198517,-0.25463125109672546,0,0.09675514698028564,0.9450967311859131,0.31213998794555664,0,0.23600290715694427,-0.326452374458313,0.9152770638465881,0,0,0.10404700040817261,0,1,-0.879315197467804,-0.4595685601234436,0.12490654736757278,0,0.47449228167533875,-0.8229650855064392,0.3123886287212372,0,-0.04077025502920151,0.3339551091194153,0.9417069554328918,0,0.007553999777883291,-0.02471200004220009,0.07583899796009064,1,0.5858679413795471,-0.8076109886169434,0.06725533306598663,0,0.7938390374183655,0.5886059403419495,0.15284688770771027,0,-0.1630278080701828,-0.036158204078674316,0.9859590530395508,0,0,0.39037200808525085,0,1,-0.20549288392066956,0.3539517819881439,0.9124097228050232,0,-0.9785751104354858,-0.08652079105377197,-0.1868305653333664,0,0.012813396751880646,-0.9312528371810913,0.364147424697876,0,0,0.3790229856967926,0,1,0.9906259775161743,0.049516234546899796,0.12730799615383148,0,-0.10441672801971436,0.8753807544708252,0.47202351689338684,0,-0.08807012438774109,-0.48089176416397095,0.8723450899124146,0,0,0.10548900067806244,0,1
K0.167,0.4196474254131317,-0.03221001476049423,0.9071155786514282,0,-0.012017915025353432,0.999085009098053,0.04103536158800125,0,-0.9076076149940491,-0.028122037649154663,0.4188764691352844,0,0.019541941583156586,0.7131630182266235,-0.004705010447651148,1,0.9684919714927673,-0.24419716000556946,-0.04890808090567589,0,0.24311473965644836,0.9696200489997864,-0.027067093178629875,0,0.05403190106153488,0.01432397123426199,0.9984359741210938,0,0.0015820000553503633,0.04416000097990036,0,1,0.982437014579773,-0.1449660211801529,-0.11748293787240982,0,0.1366087794303894,0.987678050994873,-0.07635362446308136,0,0.12710396945476532,0.058963414281606674,0.9901350140571594,0,0,0.05155299976468086,0,1,0.9896119832992554,0.05826025456190109,-0.1314287781715393,0,-0.06467197090387344,0.9968889355659485,-0.04505215957760811,0,0.12839514017105103,0.053083907812833786,0.9903010129928589,0,0,0.05891700088977814,0,1,0.9908249974250793,-0.027780765667557716,-0.1322677731513977,0,0.02935914881527424,0.9995190501213074,0.00999769102782011,0,0.13192640244960785,-0.013789230026304722,0.991163969039917,0,0,0.0662819966673851,0,1,0.9365991353988647,0.016702156513929367,-0.3500036299228668,0,-0.06305701285600662,0.99058997631073,-0.12146777659654617,0,0.34468165040016174,0.13583692908287048,0.9288398027420044,0,-0.12752500176429749,0.1006539985537529,0,1,-0.9932091236114502,-0.01433915738016367,-0.11545717716217041,0,0.11430250853300095,0.06483293324708939,-0.9913280606269836,0,0.021700246259570122,-0.9977931380271912,-0.06275380402803421,0,0.0009120000177063048,0.048409998416900635,-0.0625389963388443,1,0.9995650053024292,-0.02926536090672016,0.0036776394117623568,0,0.017559248954057693,0.6905990839004517,0.7230238914489746,0,-0.023699337616562843,-0.7226450443267822,0.690812885761261,0,0,0.12941400706768036,0,1,0.8060729503631592,0.5198968052864075,0.282760351896286,0,-0.5675739049911499,0.8144569993019104,0.12049924582242966,0,-0.1676490753889084,-0.2576186954975128,0.9515921473503113,0,0,0.23996299505233765,0,1,0.8590020537376404,0.0871090292930603,-0.5045068860054016,0,0.5011767745018005,0.058217938989400864,0.8633841276168823,0,0.10457991063594818,-0.9944960474967957,0.006352313328534365,0,0.0006249999860301614,0.04839999973773956,0.0625389963388443,1,0.9625146985054016,0.2711150348186493,0.007892118766903877,0,-0.15701919794082642,0.5332530736923218,0.8312558531761169,0,0.22115737199783325,-0.8013349175453186,0.5558339953422546,0,0,0.12941299378871918,0,1,0.6828309893608093,-0.6785519123077393,-0.2707569897174835,0,0.7045983672142029,0.7096045613288879,-0.0014106411254033446,0,0.19308766722679138,-0.18981178104877472,0.9626469612121582,0,0,0.23996199667453766,0,1,-0.5394946336746216,-0.7686610817909241,0.34366536140441895,0,0.5152447819709778,-0.6242009401321411,-0.5872781872749329,0,0.6659342050552368,-0.13976164162158966,0.7328017950057983,0,0.00834100041538477,-0.02471200004220009,-0.07583899796009064,1,0.2835122346878052,-0.9505566358566284,-0.1267380267381668,0,0.9501926898956299,0.29629266262054443,-0.09666949510574341,0,0.12944141030311584,-0.09301859140396118,0.9872148633003235,0,0,0.39040499925613403,0,1,0.06508529186248779,-0.1958674043416977,0.9784678816795349,0,-0.9910449981689453,0.10188046842813492,0.08631611615419388,0,-0.11659333854913712,-0.9753238558769226,-0.187482550740242,0,0,0.3791869878768921,0,1,0.9851118326187134,-0.021462079137563705,-0.17056995630264282,0,0.0853099599480629,0.9224252104759216,0.37663543224334717,0,0.1492546796798706,-0.3855794370174408,0.9105230569839478,0,0,0.10404700040817261,0,1,-0.879632830619812,-0.4395102262496948,0.18186965584754944,0,0.47494783997535706,-0.8323979377746582,0.2855468988418579,0,0.025887174531817436,0.33755531907081604,0.9409499168395996,0,0.007553999777883291,-0.02471200004220009,0.07583899796009064,1,0.5842981934547424,-0.8084288835525513,0.07097499072551727,0,0.7932960391044617,0.5874148607254028,0.16007979214191437,0,-0.17110489308834076,-0.03723013773560524,0.9845489859580994,0,0,0.39037200808525085,0,1,-0.2080071121454239,0.37596285343170166,0.9029870629310608,0,-0.9780790209770203,-0.0891576036810875,-0.18818369507789612,0,0.00975809246301651,-0.9223357439041138,0.3862665593624115,0,0,0.3790229856967926,0,1,0.9900309443473816,0.045347899198532104,0.13335014879703522,0,-0.10496914386749268,0.8688250780105591,0.48386383056640625,0,-0.09391577541828156,-0.4930379390716553,0.8649240732192993,0,0,0.10548900067806244,0,1
K0.200,0.3537396490573883,-0.011854967102408409,0.9352691173553467,0,-0.01783597655594349,0.9996520280838013,0.019417012110352516,0,-0.9351738095283508,-0.02355000749230385,0.3534051179885864,0,0.025290001183748245,0.7117679715156555,-0.003803001716732979,1,0.9672110080718994,-0.24893403053283691,-0.05035622417926788,0,0.24785301089286804,0.9684280753135681,-0.02678002044558525,0,0.055432770401239395,0.013420969247817993,0.9983720183372498,0,0.0015820000553503633,0.04416000097990036,0,1,0.9807770848274231,-0.15416179597377777,-0.11962389200925827,0,0.1459612399339676,0.9864749312400818,-0.07457801699638367,0,0.12950310111045837,0.05568397417664528,0.9900140166282654,0,0,0.05155299976468086,0,1,0.9896570444107056,0.04790884628891945,-0.13521675765514374,0,-0.05398615077137947,0.997672975063324,-0.04163990169763565,0,0.13290724158287048,0.04850907251238823,0.9899409413337708,0,0,0.05891700088977814,0,1,0.9917520880699158,-0.03266488015651703,-0.12393682450056076,0,0.034623123705387115,0.9993069171905518,0.013678872026503086,0,0.12340415269136429,-0.017857136204838753,0.9921960830688477,0,0,0.0662819966673851,0,1,0.9412659406661987,0.006688655819743872,-0.3375991880893707,0,-0.056146327406167984,0.9889859557151794,-0.13694830238819122,0,0.33296477794647217,0.14785969257354736,0.9312741160392761,0,-0.12752500176429749,0.1006539985537529,0,1,-0.9968671202659607,-0.012247240170836449,-0.07813811302185059,0,0.0770462155342102,0.07287994027137756,-0.9943600296974182,0,0.017872869968414307,-0.9972650408744812,-0.07170809805393219,0,0.0009120000177063048,0.048409998416900635,-0.0625389963388443,1,0.9981890320777893,-0.02587410993874073,-0.05431109294295311,0,0.05710390582680702,0.691567063331604,0.7200519442558289,0,0.018929053097963333,-0.7218490839004517,0.6917919516563416,0,0,0.12941400706768036,0,1,0.7969028353691101,0.5431540608406067,0.2644402086734772,0,-0.5864839553833008,0.8005561232566833,0.12307286262512207,0,-0.14485175907611847,-0.25316715240478516,0.9565170407295227,0,0,0.23996299505233765,0,1,0.8413590788841248,0.09212809056043625,-0.532567024230957,0,0.5309721231460571,0.04308681935071945,0.8462929725646973,0,0.10091404616832733,-0.9948150515556335,-0.012665975838899612,0,0.0006249999860301614,0.04839999973773956,0.0625389963388443,1,0.9815119504928589,0.1892692893743515,-0.02846895530819893,0,-0.08481757342815399,0.5634550452232361,0.8217819333076477,0,0.1715790331363678,-0.8041738867759705,0.5690910816192627,0,0,0.12941299378871918,0,1,0.7204679250717163,-0.6447350382804871,-0.2554251551628113,0,0.6559768319129944,0.7530820369720459,-0.05061414837837219,0,0.2249888777732849,-0.13108713924884796,0.9655029773712158,0,0,0.23996199667453766,0,1,-0.6234437823295593,-0.7412521243095398,0.24872300028800964,0,0.5516018867492676,-0.6424391269683838,-0.5319838523864746,0,0.5541238188743591,-0.19446606934070587,0.8094010949134827,0,0.00834100041538477,-0.02471200004220009,-0.07583899796009064,1,0.12690457701683044,-0.9760090708732605,-0.17692334949970245,0,0.9889559745788574,0.13826431334018707,-0.053380124270915985,0,0.07656165212392807,-0.16819515824317932,0.9827759265899658,0,0,0.39040499925613403,0,1,0.09912028908729553,-0.02141525223851204,0.9948449730873108,0,-0.9770030379295349,0.1875847727060318,0.10138065367937088,0,-0.18878884613513947,-0.9820151329040527,-0.002329333685338497,0,0,0.3791869878768921,0,1,0.9964139461517334,0.020075848326086998,-0.08219923079013824,0,0.026824790984392166,0.8463910222053528,0.5318859219551086,0,0.08025071024894714,-0.5321832299232483,0.8428168892860413,0,0,0.10404700040817261,0,1,-0.8742729425430298,-0.4277819097042084,0.22945645451545715,0,0.47892311215400696,-0.837268054485321,0.2638469338417053,0,0.07924755662679672,0.34056606888771057,0.93687504529953,0,0.007553999777883291,-0.02471200004220009,0.07583899796009064,1,0.5845487713813782,-0.8063901662826538,0.08965045213699341,0,0.7905247807502747,0.5909302234649658,0.16084697842597961,0,-0.1826825886964798,-0.02315199188888073,0.9828990697860718,0,0,0.39037200808525085,0,1,-0.21629051864147186,0.38667696714401245,0.8964928984642029,0,-0.9763290882110596,-0.08513164520263672,-0.1988328993320465,0,-0.0005641652387566864,-0.91827791929245,0.3959372043609619,0,0,0.3790229856967926,0,1,0.9893869161605835,0.040951918810606,0.13941113650798798,0,-0.1055440902709961,0.8619830012321472,0.49582910537719727,0,-0.09986487776041031,-0.5052809119224548,0.8571570515632629,0,0,0.10548900067806244,0,1
