2.700,30,80,25
B0,mixamorig_Hips,-1,-0.7576557993888855,-0.1315258890390396,0.6392651796340942,0,-0.12601915001869202,0.9905329346656799,0.0544399656355381,0,-0.6403728127479553,-0.039312850683927536,-0.7670571208000183,0,0.00939099956303835,0.7208369970321655,-0.004149999935179949,1
B1,mixamorig_Spine,0,0.973330020904541,-0.22503496706485748,-0.04457957670092583,0,0.22360999882221222,0.9740579724311829,-0.03478705510497093,0,0.051251400262117386,0.023890849202871323,0.9983999729156494,0,0.0015820000553503633,0.04416000097990036,0,1
B2,mixamorig_Spine1,1,0.989901065826416,-0.10586187243461609,-0.09427789598703384,0,0.0986861139535904,0.9920740723609924,-0.07778420299291611,0,0.10176511108875275,0.06769479811191559,0.9925029873847961,0,0,0.05155299976468086,0,1
B3,mixamorig_Spine2,2,0.9890720248222351,0.10007692128419876,-0.10826098173856735,0,-0.10665106773376465,0.9926769733428955,-0.05672886595129967,0,0.10179099440574646,0.06765512377023697,0.9925029277801514,0,0,0.05891700088977814,0,1
B4,mixamorig_Neck,3,0.9866660833358765,-0.004600901156663895,-0.16269497573375702,0,0.0039091031067073345,0.9999819993972778,-0.004571985453367233,0,0.16271305084228516,0.003875030903145671,0.9866660833358765,0,0,0.0662819966673851,0,1
B5,mixamorig_Head,4,0.9169910550117493,0.06648151576519012,-0.3933298885822296,0,-0.09628065675497055,0.9937490224838257,-0.05649850144982338,0,0.3871151804924011,0.08967868983745575,0.9176599979400635,0,-0.12752500176429749,0.1006539985537529,0,1
B6,mixamorig_HeadTop_End,5,1,0,0,0,0,1,0,0,0,0,1,0,-0.010892000049352646,0.008596999570727348,0,1
B7,mixamorig_LeftShoulder,3,-0.9590790271759033,-0.02679603546857834,-0.2818669080734253,0,0.28084608912467957,0.03636790066957474,-0.959062933921814,0,0.035950008779764175,-0.9989789724349976,-0.02735411934554577,0,0.0009120000177063048,0.048409998416900635,-0.0625389963388443,1
B8,mixamorig_LeftArm,7,0.9747111201286316,-0.051522672176361084,0.2174498438835144,0,-0.1321568489074707,0.6517651677131653,0.7468178868293762,0,-0.18020430207252502,-0.7566691637039185,0.628473699092865,0,0,0.12941400706768036,0,1
B9,mixamorig_LeftForeArm,8,0.8292980790138245,0.4358050525188446,0.3497698903083801,0,-0.49212703108787537,0.8660949468612671,0.08769029378890991,0,-0.26471826434135437,-0.24485278129577637,0.9327229857444763,0,0,0.23996299505233765,0,1
B10,mixamorig_LeftHand,9,1,0,0,0,0,1,0,0,0,0,1,0,0,0.23996800184249878,0,1
B11,mixamorig_RightShoulder,3,0.9088120460510254,0.07566362619400024,-0.41028687357902527,0,0.4033570885658264,0.09192120283842087,0.910413920879364,0,0.10659924894571304,-0.9928869605064392,0.05301962047815323,0,0.0006249999860301614,0.04839999973773956,0.0625389963388443,1
B12,mixamorig_RightArm,11,0.8207038640975952,0.5621820688247681,0.1019630879163742,0,-0.3691209852695465,0.3854842782020569,0.8456658124923706,0,0.4361130893230438,-0.7316780686378479,0.523881733417511,0,0,0.12941299378871918,0,1
B13,mixamorig_RightForeArm,12,0.6619558930397034,-0.7049530744552612,-0.25466614961624146,0,0.7410379648208618,0.6665490865707397,0.08108127117156982,0,0.11258910596370697,-0.2423897534608841,0.963624119758606,0,0,0.23996199667453766,0,1
B14,mixamorig_RightHand,13,1,0,0,0,0,1,0,0,0,0,1,0,0,0.23995999991893768,0,1
B15,mixamorig_LeftUpLeg,0,-0.4132768213748932,-0.757256031036377,0.5057320594787598,0,0.501259982585907,-0.6528471112251282,-0.5679159164428711,0,0.760223925113678,0.018796807155013084,0.6493891477584839,0,0.00834100041538477,-0.02471200004220009,-0.07583899796009064,1
B16,mixamorig_LeftLeg,15,0.654274046421051,-0.6657780408859253,-0.35869893431663513,0,0.7031579613685608,0.710145115852356,-0.03552014380693436,0,0.27837690711021423,-0.22898216545581818,0.932776927947998,0,0,0.39040499925613403,0,1
B17,mixamorig_LeftFoot,16,0.04634353518486023,-0.13242222368717194,0.9901090860366821,0,-0.8894420862197876,0.4456949532032013,0.10124120861291885,0,-0.4546929895877838,-0.8853360414505005,-0.0971267819404602,0,0,0.3791869878768921,0,1
B18,mixamorig_LeftToeBase,17,0.9806929230690002,-0.08001236617565155,-0.1784338504076004,0,0.15591277182102203,0.8706769943237305,0.4664901793003082,0,0.11803330481052399,-0.4853039085865021,0.8663420081138611,0,0,0.10404700040817261,0,1
B19,mixamorig_LeftToe_End,18,1,0,0,0,0,1,0,0,0,0,1,0,0,0.04368500038981438,0,1
B20,mixamorig_RightUpLeg,0,-0.8488720059394836,-0.5271121859550476,-0.03962186351418495,0,0.47385287284851074,-0.7920340895652771,0.3848980665206909,0,-0.23426604270935059,0.3079538941383362,0.922107994556427,0,0.007553999777883291,-0.02471200004220009,0.07583899796009064,1
B21,mixamorig_RightLeg,20,0.5896520018577576,-0.8066269755363464,0.040790997445583344,0,0.79762202501297,0.5895190238952637,0.12754099071025848,0,-0.1269250065088272,-0.04266899451613426,0.9909939765930176,0,0,0.39037200808525085,0,1
B22,mixamorig_RightFoot,21,-0.19435527920722961,0.32509011030197144,0.925495982170105,0,-0.980815052986145,-0.07890601456165314,-0.17825575172901154,0,0.015077976509928703,-0.9423850178718567,0.33418893814086914,0,0,0.3790229856967926,0,1
B23,mixamorig_RightToeBase,22,0.9918760061264038,0.0586247518658638,0.11289513856172562,0,-0.10315319150686264,0.8900117874145508,0.4441153407096863,0,-0.0744418129324913,-0.4521526098251343,0.8888282179832458,0,0,0.10548900067806244,0,1
B24,mixamorig_RightToe_End,23,1,0,0,0,0,1,0,0,0,0,1,0,0,0.044149000197649,0,1
@20,0,1,2,3,4,5,7,8,9,11,12,13,15,16,17,18,20,21,22,23
K0,0.6392651200294495,-0.13152584433555603,0.7576557993888855,0,0.05443989112973213,0.9905329346656799,0.12601915001869202,0,-0.7670570611953735,-0.03931290656328201,0.6403727531433105,0,-0.0041499994695186615,0.7208369970321655,-0.00939099956303835,1,0.973330020904541,-0.22503496706485748,-0.044579580426216125,0,0.22360999882221222,0.9740579724311829,-0.03478710353374481,0,0.05125141516327858,0.023890893906354904,0.9983999729156494,0,0.0015820000553503633,0.04416000097990036,0,1,0.989901065826416,-0.10586188733577728,-0.09427790343761444,0,0.09868612885475159,0.9920740723609924,-0.07778420299291611,0,0.10176511853933334,0.06769479811191559,0.9925029873847961,0,0,0.05155299976468086,0,1,0.9890720248222351,0.10007693618535995,-0.10826099663972855,0,-0.10665108263492584,0.9926769733428955,-0.056728869676589966,0,0.10179100930690765,0.06765512377023697,0.9925029277801514,0,0,0.05891700088977814,0,1,0.9866660237312317,-0.004600898828357458,-0.1626949906349182,0,0.00390910217538476,0.9999819993972778,-0.004571977537125349,0,0.16271306574344635,0.0038750229869037867,0.9866660833358765,0,0,0.0662819966673851,0,1,0.9169910550117493,0.06648144870996475,-0.3933298587799072,0,-0.0962805524468422,0.9937490224838257,-0.05649842694401741,0,0.38711515069007874,0.0896785780787468,0.9176599979400635,0,-0.12752500176429749,0.1006539985537529,0,1,-0.9590790271759033,-0.02679610811173916,-0.2818669080734253,0,0.28084608912467957,0.036367908120155334,-0.959062933921814,0,0.035950083285570145,-0.9989789724349976,-0.027354111894965172,0,0.0009120000177063048,0.048409998416900635,-0.0625389963388443,1,0.9747111201286316,-0.05152272805571556,0.21744973957538605,0,-0.13215672969818115,0.6517651677131653,0.7468178868293762,0,-0.18020427227020264,-0.7566691637039185,0.628473699092865,0,0,0.12941400706768036,0,1,0.8292980790138245,0.4358050525188446,0.34976980090141296,0,-0.4921269714832306,0.8660949468612671,0.08769029378890991,0,-0.2647181749343872,-0.2448527216911316,0.9327229857444763,0,0,0.23996299505233765,0,1,0.9088121652603149,0.07566380500793457,-0.4102866053581238,0,0.40335679054260254,0.09192127734422684,0.9104139804840088,0,0.10659939795732498,-0.9928869009017944,0.053019650280475616,0,0.0006249999860301614,0.04839999973773956,0.0625389963388443,1,0.82070392370224,0.5621820092201233,0.10196307301521301,0,-0.3691209554672241,0.3854842483997345,0.8456658720970154,0,0.4361130893230438,-0.7316781282424927,0.5238816738128662,0,0,0.12941299378871918,0,1,0.6619559526443481,-0.7049530744552612,-0.2546660304069519,0,0.7410379648208618,0.6665490865707397,0.081081323325634,0,0.11258897930383682,-0.2423897087574005,0.963624119758606,0,0,0.23996199667453766,0,1,-0.4132768213748932,-0.7572559118270874,0.5057320594787598,0,0.501259982585907,-0.6528471112251282,-0.5679157972335815,0,0.760223925113678,0.018796833232045174,0.6493891477584839,0,0.00834100041538477,-0.02471200004220009,-0.07583899796009064,1,0.6542739868164062,-0.6657780408859253,-0.3586989939212799,0,0.703157901763916,0.710145115852356,-0.03552020713686943,0,0.2783769965171814,-0.22898219525814056,0.932776927947998,0,0,0.39040499925613403,0,1,0.0463436059653759,-0.13242188096046448,0.9901090264320374,0,-0.889441967010498,0.4456951320171356,0.10124104470014572,0,-0.4546930491924286,-0.8853359818458557,-0.09712638705968857,0,0,0.3791869878768921,0,1,0.980692982673645,-0.08001232147216797,-0.17843374609947205,0,0.15591268241405487,0.8706769943237305,0.46649011969566345,0,0.11803323775529861,-0.4853038489818573,0.8663420677185059,0,0,0.10404700040817261,0,1,-0.8488720059394836,-0.5271121859550476,-0.039621904492378235,0,0.47385287284851074,-0.7920340895652771,0.3848981261253357,0,-0.23426611721515656,0.30795392394065857,0.922107994556427,0,0.007553999777883291,-0.02471200004220009,0.07583899796009064,1,0.5896520018577576,-0.8066269755363464,0.040790993720293045,0,0.79762202501297,0.5895190238952637,0.12754100561141968,0,-0.1269250065088272,-0.04266900196671486,0.9909939765930176,0,0,0.39037200808525085,0,1,-0.19435517489910126,0.32509028911590576,0.9254959225654602,0,-0.980815052986145,-0.07890568673610687,-0.17825578153133392,0,0.015077645890414715,-0.9423850178718567,0.3341890573501587,0,0,0.3790229856967926,0,1,0.9918760061264038,0.05862477049231529,0.1128951758146286,0,-0.10315322875976562,0.8900117874145508,0.44411537051200867,0,-0.0744418352842331,-0.45215263962745667,0.8888282179832458,0,0,0.10548900067806244,0,1
K0.034,0.6518481969833374,-0.1347721517086029,0.7462782859802246,0,0.05090878903865814,0.9896383881568909,0.1342540681362152,0,-0.7566388845443726,-0.04952112212777138,0.6519547700881958,0,-0.009631002321839333,0.7176350951194763,-0.006281362846493721,1,0.9736032485961914,-0.22368812561035156,-0.04539100453257561,0,0.2222217321395874,0.9743608236312866,-0.03518591448664665,0,0.05209789425134659,0.024170255288481712,0.9983493685722351,0,0.0015820000553503633,0.04416000097990036,0,1,0.9900017380714417,-0.10329029709100723,-0.09605557471513748,0,0.09585968405008316,0.9922543168067932,-0.07900622487068176,0,0.10347218066453934,0.0690084770321846,0.9922353625297546,0,0,0.05155299976468086,0,1,0.988578200340271,0.10269080102443695,-0.11030840873718262,0,-0.10950028151273727,0.9923194646835327,-0.0575433149933815,0,0.10355204343795776,0.068964883685112,0.9922303557395935,0,0,0.05891700088977814,0,1,0.9860169291496277,-0.0010341632878407836,-0.1666397750377655,0,-0.0004578015941660851,0.99996018409729,-0.00891457125544548,0,0.16664235293865204,0.00886620581150055,0.9859771132469177,0,0,0.0662819966673851,0,1,0.916124165058136,0.06670615822076797,-0.395306795835495,0,-0.097580187022686,0.9935075044631958,-0.05849254131317139,0,0.38883838057518005,0.09216051548719406,0.9166852831840515,0,-0.12752500176429749,0.1006539985537529,0,1,-0.9603650569915771,-0.028087865561246872,-0.2773262858390808,0,0.2765328586101532,0.0290901567786932,-0.9605637788772583,0,0.035047683864831924,-0.9991824626922607,-0.02017001248896122,0,0.0009120000177063048,0.048409998416900635,-0.0625389963388443,1,0.9754661917686462,-0.05569874495267868,0.21298794448375702,0,-0.12669679522514343,0.6491631865501404,0.7500237226486206,0,-0.18003924190998077,-0.7586074471473694,0.6261796355247498,0,0,0.12941400706768036,0,1,0.8273203372955322,0.43796712160110474,0.3517472445964813,0,-0.4949530363082886,0.864475429058075,0.0877700075507164,0,-0.26563653349876404,-0.246712327003479,0.9319714307785034,0,0,0.23996299505233765,0,1,0.9146015644073486,0.07074190676212311,-0.39811959862709045,0,0.3902164399623871,0.10367625951766968,0.9148677587509155,0,0.10599500685930252,-0.9920918941497803,0.06721778959035873,0,0.0006249999860301614,0.04839999973773956,0.0625389963388443,1,0.8217206001281738,0.5624008774757385,0.09208978712558746,0,-0.3562582731246948,0.380809485912323,0.8532665967941284,0,0.44480934739112854,-0.733954668045044,0.5132790803909302,0,0,0.12941299378871918,0,1,0.6593529582023621,-0.7069963812828064,-0.25575366616249084,0,0.7433623671531677,0.6639663577079773,0.08100132644176483,0,0.11254414916038513,-0.24352610111236572,0.9633426666259766,0,0,0.23996199667453766,0,1,-0.40806087851524353,-0.7596484422683716,0.5063807368278503,0,0.5070924162864685,-0.649824857711792,-0.5662022233009338,0,0.7591732144355774,0.025736810639500618,0.6503799557685852,0,0.00834100041538477,-0.02471200004220009,-0.07583899796009064,1,0.6582642197608948,-0.6605660915374756,-0.36102697253227234,0,0.7009904980659485,0.7127000093460083,-0.025894248858094215,0,0.2744089365005493,-0.23603135347366333,0.9321960210800171,0,0,0.39040499925613403,0,1,0.057648591697216034,-0.1303466558456421,0.9897916316986084,0,-0.8824624419212341,0.45695921778678894,0.11157488822937012,0,-0.4668373763561249,-0.8798850774765015,-0.08868291229009628,0,0,0.3791869878768921,0,1,0.9806929230690002,-0.08001279830932617,-0.178434357047081,0,0.15591318905353546,0.8706769943237305,0.4664889872074127,0,0.11803362518548965,-0.4853029251098633,0.8663421273231506,0,0,0.10404700040817261,0,1,-0.8431717157363892,-0.5366870164871216,-0.032081034034490585,0,0.4851192235946655,-0.7851651310920715,0.38493624329566956,0,-0.23177899420261383,0.30900394916534424,0.9223854541778564,0,0.007553999777883291,-0.02471200004220009,0.07583899796009064,1,0.5644089579582214,-0.8250192999839783,0.028027107939124107,0,0.816149115562439,0.5627917051315308,0.13102053105831146,0,-0.12386789917945862,-0.05107486620545387,0.9909835457801819,0,0,0.39037200808525085,0,1,-0.1902359277009964,0.326063334941864,0.9260094165802002,0,-0.9811174869537354,-0.0966872051358223,-0.1675119698047638,0,0.03491375222802162,-0.9403903484344482,0.3382996618747711,0,0,0.3790229856967926,0,1,0.9918760657310486,0.05862514674663544,0.11289583146572113,0,-0.10315386950969696,0.890011191368103,0.4441157579421997,0,-0.07444217056035995,-0.4521532654762268,0.8888278603553772,0,0,0.10548900067806244,0,1
K0.067,0.6536067128181458,-0.14042535424232483,0.7436931729316711,0,0.047486089169979095,0.9883092641830444,0.1448802649974823,0,-0.7553433775901794,-0.059379614889621735,0.652633547782898,0,-0.015216793864965439,0.714982807636261,-0.0037341199349611998,1,0.9737922549247742,-0.22271443903446198,-0.04611850157380104,0,0.2211998850107193,0.9745727181434631,-0.035749003291130066,0,0.05290767550468445,0.02461070567369461,0.9982962012290955,0,0.0015820000553503633,0.04416000097990036,0,1,0.9901370406150818,-0.10150325298309326,-0.09656830132007599,0,0.09392169117927551,0.9923549294471741,-0.08006677776575089,0,0.10395706444978714,0.07020722329616547,0.9921006560325623,0,0,0.05155299976468086,0,1,0.9882822632789612,0.10464352369308472,-0.1111183911561966,0,-0.1116054505109787,0.9920364022254944,-0.058383744210004807,0,0.10412398725748062,0.07010102272033691,0.99209064245224,0,0,0.05891700088977814,0,1,0.9847192168235779,0.008230295963585377,-0.17395760118961334,0,-0.011222234927117825,0.9998054504394531,-0.016222666949033737,0,0.17379018664360046,0.017926959320902824,0.9846197366714478,0,0,0.0662819966673851,0,1,0.9148962497711182,0.06689700484275818,-0.39810606837272644,0,-0.09771136939525604,0.9935465455055237,-0.05759891867637634,0,0.39168408513069153,0.09159660339355469,0.9155294299125671,0,-0.12752500176429749,0.1006539985537529,0,1,-0.9618872404098511,-0.02948930114507675,-0.2718524932861328,0,0.27130863070487976,0.02117166481912136,-0.9622595310211182,0,0.03413192182779312,-0.9993409514427185,-0.012364039197564125,0,0.0009120000177063048,0.048409998416900635,-0.0625389963388443,1,0.9760236740112305,-0.06172000616788864,0.2087286412715912,0,-0.11956939846277237,0.6492730379104614,0.7510981559753418,0,-0.18187959492206573,-0.7580469250679016,0.6263258457183838,0,0,0.12941400706768036,0,1,0.8254882097244263,0.44117772579193115,0.3520379066467285,0,-0.4986536204814911,0.8622506260871887,0.08870328217744827,0,-0.2644111216068268,-0.248768612742424,0.9317731261253357,0,0,0.23996299505233765,0,1,0.9201437830924988,0.06479462236166,-0.38618308305740356,0,0.3771321773529053,0.1187911406159401,0.9185096025466919,0,0.1053895652294159,-0.9908024668693542,0.08486874401569366,0,0.0006249999860301614,0.04839999973773956,0.0625389963388443,1,0.8253474831581116,0.5588690042495728,0.08042033761739731,0,-0.33855196833610535,0.37584927678108215,0.8626237511634827,0,0.45186764001846313,-0.7391906380653381,0.49941232800483704,0,0,0.12941299378871918,0,1,0.6581113338470459,-0.7078534364700317,-0.2565798759460449,0,0.7443990707397461,0.6628434062004089,0.08068227022886276,0,0.11296094954013824,-0.24409548938274384,0.9631492495536804,0,0,0.23996199667453766,0,1,-0.40643706917762756,-0.7607129812240601,0.5060871243476868,0,0.5103023648262024,-0.6484547853469849,-0.5648873448371887,0,0.7578919529914856,0.028666263446211815,0.6517499685287476,0,0.00834100041538477,-0.02471200004220009,-0.07583899796009064,1,0.6663155555725098,-0.6568556427955627,-0.3529356122016907,0,0.696887195110321,0.7169380187988281,-0.018637990579009056,0,0.2652756869792938,-0.23353777825832367,0.9354622960090637,0,0,0.39040499925613403,0,1,0.06521102786064148,-0.13539791107177734,0.9886433482170105,0,-0.8767162561416626,0.4653931260108948,0.12156544625759125,0,-0.4765673279762268,-0.8746866583824158,-0.08835676312446594,0,0,0.3791869878768921,0,1,0.9806930422782898,-0.08001299947500229,-0.17843376100063324,0,0.15591298043727875,0.8706778883934021,0.46648815274238586,0,0.11803323775529861,-0.4853019416332245,0.8663430213928223,0,0,0.10404700040817261,0,1,-0.8341324329376221,-0.5512477159500122,-0.018712356686592102,0,0.5033000707626343,-0.7745814323425293,0.3830300271511078,0,-0.22563868761062622,0.31007981300354004,0.9235463738441467,0,0.007553999777883291,-0.02471200004220009,0.07583899796009064,1,0.5409493446350098,-0.8408037424087524,0.02056976594030857,0,0.8319753408432007,0.5385332107543945,0.13341067731380463,0,-0.12324973940849304,-0.05505489557981491,0.9908474683761597,0,0,0.39037200808525085,0,1,-0.18771924078464508,0.3234751522541046,0.9274296164512634,0,-0.980959415435791,-0.10960637032985687,-0.16032490134239197,0,0.04979114979505539,-0.9398676753044128,0.3378915786743164,0,0,0.3790229856967926,0,1,0.9918760657310486,0.058625124394893646,0.11289583891630173,0,-0.10315388441085815,0.8900110125541687,0.44411614537239075,0,-0.07444217056035995,-0.4521538317203522,0.8888280391693115,0,0,0.10548900067806244,0,1
K0.101,0.646439254283905,-0.1481449455022812,0.748444139957428,0,0.04395413026213646,0.9865695238113403,0.15731516480445862,0,-0.7616978287696838,-0.0687975287437439,0.6442690491676331,0,-0.02083900012075901,0.7128456830978394,-0.0017325005028396845,1,0.9737975001335144,-0.222516730427742,-0.046959590166807175,0,0.22092851996421814,0.9745978713035583,-0.03672727569937706,0,0.053939174860715866,0.025390230119228363,0.998221755027771,0,0.0015820000553503633,0.04416000097990036,0,1,0.9901748895645142,-0.10135500133037567,-0.09633859992027283,0,0.09363452345132828,0.9922616481781006,-0.08154702931642532,0,0.10385827720165253,0.07172518223524094,0.9920027256011963,0,0,0.05155299976468086,0,1,0.9882178902626038,0.10504772514104843,-0.11131160706281662,0,-0.1121654212474823,0.9918932318687439,-0.05972191318869591,0,0.10413560271263123,0.07150358706712723,0.9919895529747009,0,0,0.05891700088977814,0,1,0.9829109311103821,0.020827095955610275,-0.18289875984191895,0,-0.025065746158361435,0.9994679093360901,-0.02089342474937439,0,0.182366281747818,0.025120867416262627,0.9829099774360657,0,0,0.0662819966673851,0,1,0.9127222299575806,0.06367892771959305,-0.40358778834342957,0,-0.09661649912595749,0.9934033751487732,-0.06175895780324936,0,0.3969928026199341,0.09536202996969223,0.9128538966178894,0,-0.12752500176429749,0.1006539985537529,0,1,-0.9626843929290771,-0.030390353873372078,-0.26891663670539856,0,0.2685352563858032,0.016077829524874687,-0.9631360173225403,0,0.033593595027923584,-0.9994083642959595,-0.00731696467846632,0,0.0009120000177063048,0.048409998416900635,-0.0625389963388443,1,0.9765923619270325,-0.06983508914709091,0.20344704389572144,0,-0.11002196371555328,0.6505614519119263,0.7514419555664062,0,-0.18483181297779083,-0.7562360763549805,0.6276499032974243,0,0,0.12941400706768036,0,1,0.8240942358970642,0.4433935880661011,0.352519154548645,0,-0.500769853591919,0.8611435890197754,0.08753017336130142,0,-0.2647593319416046,-0.24866414070129395,0.9317017793655396,0,0,0.23996299505233765,0,1,0.9255423545837402,0.05911899730563164,-0.3740004003047943,0,0.36380258202552795,0.134985089302063,0.921643078327179,0,0.10497117042541504,-0.9890826344490051,0.10342683643102646,0,0.0006249999860301614,0.04839999973773956,0.0625389963388443,1,0.8309011459350586,0.5523732900619507,0.0669829323887825,0,-0.31727883219718933,0.37145334482192993,0.8725572824478149,0,0.4570963382720947,-0.7462612390518188,0.48389744758605957,0,0,0.12941299378871918,0,1,0.6587563157081604,-0.7064732313156128,-0.25872108340263367,0,0.7431489825248718,0.6646457314491272,0.07730208337306976,0,0.11734592914581299,-0.24319139122962952,0.9628538489341736,0,0,0.23996199667453766,0,1,-0.40767189860343933,-0.7606456875801086,0.5051960349082947,0,0.5112782120704651,-0.6485459208488464,-0.5638996362686157,0,0.7565699815750122,0.02840968780219555,0.6532949209213257,0,0.00834100041538477,-0.02471200004220009,-0.07583899796009064,1,0.6774007678031921,-0.654305636882782,-0.3361721336841583,0,0.6911146640777588,0.7226132154464722,-0.013827181421220303,0,0.251969575881958,-0.22296692430973053,0.9416988492012024,0,0,0.39040499925613403,0,1,0.06970076262950897,-0.1461901068687439,0.9867982864379883,0,-0.8721007108688354,0.4713469445705414,0.13142746686935425,0,-0.4843372702598572,-0.8697472214698792,-0.09463917464017868,0,0,0.3791869878768921,0,1,0.9806930422782898,-0.08001282811164856,-0.17843389511108398,0,0.15591312944889069,0.8706771731376648,0.4664897322654724,0,0.11803313344717026,-0.4853033125400543,0.8663418889045715,0,0,0.10404700040817261,0,1,-0.8219572305679321,-0.5695487260818481,-0.0007428506505675614,0,0.5267613530158997,-0.76070237159729,0.3792817294597626,0,-0.2165844887495041,0.31136202812194824,0.9252808094024658,0,0.007553999777883291,-0.02471200004220009,0.07583899796009064,1,0.5194063186645508,-0.8543436527252197,0.017721276730298996,0,0.8454262614250183,0.5167825222015381,0.13487295806407928,0,-0.12438593804836273,-0.05507184937596321,0.9907048940658569,0,0,0.39037200808525085,0,1,-0.1864805519580841,0.317641943693161,0.9296931028366089,0,-0.9806063175201416,-0.11825193464756012,-0.15629057586193085,0,0.06029360741376877,-0.940808117389679,0.33353346586227417,0,0,0.3790229856967926,0,1,0.9918760657310486,0.05862511321902275,0.11289578676223755,0,-0.10315389186143875,0.8900120854377747,0.44411593675613403,0,-0.07444217056035995,-0.4521530270576477,0.8888279795646667,0,0,0.10548900067806244,0,1
K0.135,0.6319901347160339,-0.15752917528152466,0.7587971687316895,0,0.04010865464806557,0.9844593405723572,0.17097163200378418,0,-0.7739381790161133,-0.0776180848479271,0.6284870505332947,0,-0.02642294578254223,0.7111846208572388,-0.0002587922790553421,1,0.9736533761024475,-0.22286003828048706,-0.04830088093876839,0,0.22116094827651978,0.9744918346405029,-0.03811855986714363,0,0.05556394159793854,0.026432009413838387,0.9981057047843933,0,0.0015820000553503633,0.04416000097990036,0,1,0.9900709390640259,-0.10239990055561066,-0.09630022197961807,0,0.09447099268436432,0.9920127987861633,-0.08358272910118103,0,0.10408996790647507,0.07365528494119644,0.9918372631072998,0,0,0.05155299976468086,0,1,0.9882369637489319,0.1043180525302887,-0.11182445287704468,0,-0.11165942251682281,0.9918404221534729,-0.06151699647307396,0,0.10449475049972534,0.07327967137098312,0.9918221235275269,0,0,0.05891700088977814,0,1,0.980035662651062,0.03669465705752373,-0.19540534913539886,0,-0.042802199721336365,0.9987155199050903,-0.027123907580971718,0,0.19415895640850067,0.03494615852832794,0.9803469181060791,0,0,0.0662819966673851,0,1,0.9099297523498535,0.057414766401052475,-0.4107704162597656,0,-0.09272196888923645,0.9934660792350769,-0.0665355995297432,0,0.40426647663116455,0.09863020479679108,0.9093083143234253,0,-0.12752500176429749,0.1006539985537529,0,1,-0.9640843272209167,-0.03130947798490524,-0.26374563574790955,0,0.26354578137397766,0.010419528931379318,-0.9645907878875732,0,0.03294891119003296,-0.9994558095932007,-0.0017936656950041652,0,0.0009120000177063048,0.048409998416900635,-0.0625389963388443,1,0.9765933752059937,-0.07505456358194351,0.20157219469547272,0,-0.1041494756937027,0.6549511551856995,0.7484601140022278,0,-0.18819527328014374,-0.7519347667694092,0.6318040490150452,0,0,0.12941400706768036,0,1,0.8266779780387878,0.44099366664886475,0.34946995973587036,0,-0.4981209635734558,0.8624208569526672,0.09003210067749023,0,-0.2616864740848541,-0.24850575625896454,0.9326121211051941,0,0,0.23996299505233765,0,1,0.9314634203910828,0.05386635661125183,-0.35982513427734375,0,0.3486350178718567,0.15072354674339294,0.9250596165657043,0,0.10406379401683807,-0.9871076345443726,0.12161387503147125,0,0.0006249999860301614,0.04839999973773956,0.0625389963388443,1,0.8366715908050537,0.5452000498771667,0.0523281954228878,0,-0.2944336533546448,0.3671562671661377,0.8823288679122925,0,0.4618333578109741,-0.7536270618438721,0.46771469712257385,0,0,0.12941299378871918,0,1,0.6578989624977112,-0.7055823802947998,-0.2632918357849121,0,0.7424944639205933,0.6661796569824219,0.07004298269748688,0,0.1259785294532776,-0.24157389998435974,0.9621698260307312,0,0,0.23996199667453766,0,1,-0.4096159338951111,-0.7594956755638123,0.5053527355194092,0,0.5079415440559387,-0.650024950504303,-0.5652095675468445,0,0.7577665448188782,0.025170840322971344,0.6520403027534485,0,0.00834100041538477,-0.02471200004220009,-0.07583899796009064,1,0.690911054611206,-0.6508791446685791,-0.3146391212940216,0,0.6839704513549805,0.729474663734436,-0.007110212463885546,0,0.23414933681488037,-0.21029147505760193,0.9491848349571228,0,0,0.39040499925613403,0,1,0.07289259135723114,-0.15837833285331726,0.9846844673156738,0,-0.867700457572937,0.4766985774040222,0.1409057080745697,0,-0.49171385169029236,-0.8646817207336426,-0.10267709940671921,0,0,0.3791869878768921,0,1,0.9806929230690002,-0.08001231402158737,-0.1784340888261795,0,0.15591274201869965,0.8706779479980469,0.4664890766143799,0,0.11803381145000458,-0.4853029251098633,0.866343080997467,0,0,0.10404700040817261,0,1,-0.8069188594818115,-0.5903083682060242,0.020451772958040237,0,0.5538091063499451,-0.74407958984375,0.3736857771873474,0,-0.20537211000919342,0.3128604292869568,0.927329957485199,0,0.007553999777883291,-0.02471200004220009,0.07583899796009064,1,0.4999907910823822,-0.8658273816108704,0.01875477284193039,0,0.8567136526107788,0.4976638853549957,0.13554321229457855,0,-0.12669068574905396,-0.05170293152332306,0.9905942678451538,0,0,0.39037200808525085,0,1,-0.18625737726688385,0.3090398609638214,0.9326320886611938,0,-0.9802208542823792,-0.12307966500520706,-0.15497730672359467,0,0.06689384579658508,-0.9430510997772217,0.3258517384529114,0,0,0.3790229856967926,0,1,0.9918760061264038,0.0586252324283123,0.11289535462856293,0,-0.1031537801027298,0.8900110125541687,0.44411617517471313,0,-0.07444170117378235,-0.4521538019180298,0.8888280987739563,0,0,0.10548900067806244,0,1
K0.169,0.6118495464324951,-0.1681099385023117,0.7729032039642334,0,0.03576848283410072,0.9820339679718018,0.18528158962726593,0,-0.7901654839515686,-0.08571897447109222,0.6068705916404724,0,-0.03189769387245178,0.709966242313385,0.0007077439222484827,1,0.9736238718032837,-0.222684845328331,-0.049681466072797775,0,0.22089070081710815,0.9745131134986877,-0.03914616256952286,0,0.057132456451654434,0.027139443904161453,0.997997522354126,0,0.0015820000553503633,0.04416000097990036,0,1,0.9901233315467834,-0.10235106199979782,-0.09581536054611206,0,0.09434191882610321,0.9919304251670837,-0.08469409495592117,0,0.10371071845293045,0.0748182013630867,0.9917895793914795,0,0,0.05155299976468086,0,1,0.9882004261016846,0.10475066304206848,-0.11174824833869934,0,-0.11218787729740143,0.9917212128639221,-0.06246768310666084,0,0.10427960008382797,0.07426740974187851,0.9917713403701782,0,0,0.05891700088977814,0,1,0.9768092036247253,0.04593494534492493,-0.20912796258926392,0,-0.05542423948645592,0.9976712465286255,-0.03974089026451111,0,0.20681548118591309,0.05041002854704857,0.9770804643630981,0,0,0.0662819966673851,0,1,0.9074622988700867,0.05398673936724663,-0.4166495203971863,0,-0.09104681760072708,0.9934130907058716,-0.06957986205816269,0,0.41014885902404785,0.10107574611902237,0.9064005017280579,0,-0.12752500176429749,0.1006539985537529,0,1,-0.9653692841529846,-0.03239026665687561,-0.25887006521224976,0,0.25888779759407043,0.0037170718424022198,-0.9659004211425781,0,0.03224801644682884,-0.9994686841964722,0.004797011148184538,0,0.0009120000177063048,0.048409998416900635,-0.0625389963388443,1,0.9762704968452454,-0.07737541943788528,0.20226024091243744,0,-0.10165490955114365,0.6609466075897217,0.7435160279273987,0,-0.19121313095092773,-0.746433675289154,0.637397289276123,0,0,0.12941400706768036,0,1,0.8325298428535461,0.43338364362716675,0.3450697362422943,0,-0.4896014928817749,0.8670496940612793,0.09227907657623291,0,-0.25920024514198303,-0.2457716315984726,0.9340295791625977,0,0,0.23996299505233765,0,1,0.9369467496871948,0.04770073667168617,-0.34620144963264465,0,0.3337978422641754,0.17120389640331268,0.9269671440124512,0,0.10348803550004959,-0.9840799570083618,0.14448651671409607,0,0.0006249999860301614,0.04839999973773956,0.0625389963388443,1,0.8374212980270386,0.5446341633796692,0.045813411474227905,0,-0.27928605675697327,0.3543568253517151,0.8924295902252197,0,0.4698133170604706,-0.7601346373558044,0.4488546550273895,0,0,0.12941299378871918,0,1,0.6530440449714661,-0.7076930403709412,-0.2696368396282196,0,0.745225727558136,0.6638801693916321,0.062461212277412415,0,0.13480323553085327,-0.24173033237457275,0.9609344601631165,0,0,0.23996199667453766,0,1,-0.41370347142219543,-0.7572662830352783,0.5053676962852478,0,0.5030106902122498,-0.6528034210205078,-0.5664168000221252,0,0.7588340044021606,0.019876765087246895,0.6509799957275391,0,0.00834100041538477,-0.02471200004220009,-0.07583899796009064,1,0.7054153680801392,-0.6470538973808289,-0.28932783007621765,0,0.675488293170929,0.7373679280281067,-0.002132480964064598,0,0.21472084522247314,-0.19393324851989746,0.9572278261184692,0,0,0.39040499925613403,0,1,0.07227535545825958,-0.17367184162139893,0.9821474552154541,0,-0.8641682267189026,0.48076045513153076,0.1486055999994278,0,-0.49798595905303955,-0.859480619430542,-0.11533448845148087,0,0,0.3791869878768921,0,1,0.9806929230690002,-0.08001293241977692,-0.17843350768089294,0,0.15591295063495636,0.8706769347190857,0.4664892852306366,0,0.11803281307220459,-0.48530301451683044,0.8663420677185059,0,0,0.10404700040817261,0,1,-0.7894502282142639,-0.6122757792472839,0.04345126077532768,0,0.5827600359916687,-0.725396990776062,0.36631888151168823,0,-0.19276876747608185,0.31451216340065,0.9294745922088623,0,0.007553999777883291,-0.02471200004220009,0.07583899796009064,1,0.48294317722320557,-0.8753519058227539,0.022899901494383812,0,0.8659963011741638,0.48132768273353577,0.13555096089839935,0,-0.1296771615743637,-0.04563218727707863,0.9905056357383728,0,0,0.39037200808525085,0,1,-0.18682561814785004,0.2982751727104187,0.9360170960426331,0,-0.9798962473869324,-0.12447381019592285,-0.1559184044599533,0,0.07000301033258438,-0.9463285803794861,0.31553345918655396,0,0,0.3790229856967926,0,1,0.9918760657310486,0.058625124394893646,0.11289579421281815,0,-0.10315383225679398,0.890011191368103,0.4441158175468445,0,-0.07444214820861816,-0.4521532952785492,0.8888278603553772,0,0,0.10548900067806244,0,1
K0.202,0.5876709222793579,-0.17937539517879486,0.7889661192893982,0,0.03085891529917717,0.9793747067451477,0.19968004524707794,0,-0.8085111975669861,-0.09299954771995544,0.5810854434967041,0,-0.03718862310051918,0.7091550827026367,0.0011878237128257751,1,0.9736850261688232,-0.22223860025405884,-0.05047733709216118,0,0.22035649418830872,0.9745876789093018,-0.040278851985931396,0,0.05814608559012413,0.028095895424485207,0.9979127645492554,0,0.0015820000553503633,0.04416000097990036,0,1,0.9903783798217773,-0.10174665600061417,-0.09379386156797409,0,0.09376657009124756,0.9918822050094604,-0.085893914103508,0,0.10177186876535416,0.07627274841070175,0.9918791055679321,0,0,0.05155299976468086,0,1,0.9882641434669495,0.1057739183306694,-0.11020603030920029,0,-0.11323647201061249,0.9915178418159485,-0.06379706412553787,0,0.10252320021390915,0.07552769780158997,0.9918591380119324,0,0,0.05891700088977814,0,1,0.9734995365142822,0.05339942127466202,-0.22236600518226624,0,-0.06690466403961182,0.9963160157203674,-0.053645648062229156,0,0.21868230402469635,0.0671013817191124,0.9734864830970764,0,0,0.0662819966673851,0,1,0.9054331183433533,0.048308372497558594,-0.4217309057712555,0,-0.08819492161273956,0.9932318329811096,-0.07557706534862518,0,0.41522568464279175,0.10562451928853989,0.9035657644271851,0,-0.12752500176429749,0.1006539985537529,0,1,-0.965924084186554,-0.03305736929178238,-0.2567071318626404,0,0.25685685873031616,-0.00029129895847290754,-0.9664498567581177,0,0.031873494386672974,-0.9994532465934753,0.008772280998528004,0,0.0009120000177063048,0.048409998416900635,-0.0625389963388443,1,0.9761733412742615,-0.0825788751244545,0.20066522061824799,0,-0.0957084447145462,0.6660908460617065,0.7397050261497498,0,-0.19474521279335022,-0.7412854433059692,0.6423164010047913,0,0,0.12941400706768036,0,1,0.8351351022720337,0.4297420382499695,0.343322217464447,0,-0.48568370938301086,0.8691152334213257,0.09354525804519653,0,-0.2581861913204193,-0.24486888945102692,0.9345471262931824,0,0,0.23996299505233765,0,1,0.9430455565452576,0.040883589535951614,-0.33014288544654846,0,0.31656414270401,0.19471701979637146,0.9283710718154907,0,0.1022394523024559,-0.9800065755844116,0.1706845611333847,0,0.0006249999860301614,0.04839999973773956,0.0625389963388443,1,0.8348486423492432,0.5487554669380188,0.04353425279259682,0,-0.26888489723205566,0.3375013768672943,0.9021052718162537,0,0.4803420901298523,-0.7648266553878784,0.42931443452835083,0,0,0.12941299378871918,0,1,0.6439533829689026,-0.7125828266143799,-0.2784797251224518,0,0.7509665489196777,0.6582815647125244,0.05209469422698021,0,0.14619626104831696,-0.24267549812793732,0.9590285420417786,0,0,0.23996199667453766,0,1,-0.4183579087257385,-0.7539461255073547,0.5065001845359802,0,0.49576011300086975,-0.6567999720573425,-0.5681866407394409,0,0.7610511183738708,0.013397229835391045,0.6485535502433777,0,0.00834100041538477,-0.02471200004220009,-0.07583899796009064,1,0.7203483581542969,-0.6417588591575623,-0.2631435692310333,0,0.665815532207489,0.7461101412773132,0.0030261788051575422,0,0.19439192116260529,-0.17738491296768188,0.9647518396377563,0,0,0.39040499925613403,0,1,0.0691540315747261,-0.18938636779785156,0.979464054107666,0,-0.8608893156051636,0.48476317524909973,0.15451467037200928,0,-0.504071056842804,-0.853895366191864,-0.12951739132404327,0,0,0.3791869878768921,0,1,0.980692982673645,-0.08001119643449783,-0.17843572795391083,0,0.15591280162334442,0.8706768155097961,0.4664911925792694,0,0.11803527921438217,-0.4853048622608185,0.8663409948348999,0,0,0.10404700040817261,0,1,-0.770157516002655,-0.6343528628349304,0.06673163920640945,0,0.6120133996009827,-0.705426812171936,0.35750970244407654,0,-0.17971299588680267,0.3161793649196625,0.9315220713615417,0,0.007553999777883291,-0.02471200004220009,0.07583899796009064,1,0.4684584140777588,-0.8829946517944336,0.029454819858074188,0,0.8734177947044373,0.4678814113140106,0.13501456379890442,0,-0.1329984962940216,-0.0375223383307457,0.9904062151908875,0,0,0.39037200808525085,0,1,-0.18803776800632477,0.2859799861907959,0.9396054148674011,0,-0.9796623587608337,-0.1228182464838028,-0.15867291390895844,0,0.07002334296703339,-0.9503323435783386,0.30325815081596375,0,0,0.3790229856967926,0,1,0.9918760061264038,0.05862470343708992,0.11289519816637039,0,-0.10315322875976562,0.8900110125541687,0.4441162049770355,0,-0.07444179803133011,-0.4521537721157074,0.8888280391693115,0,0,0.10548900067806244,0,1
