4.567,30,136,25
B0,mixamorig_Hips,-1,0.011267732828855515,0.0044020116329193115,0.9999270439147949,0,0.01832021214067936,0.9998220205307007,-0.004607993643730879,0,-0.9997690916061401,0.018370792269706726,0.011185078881680965,0,-0.002601000014692545,1.5052670240402222,-0.013949999585747719,1
B1,mixamorig_Spine,0,0.9516481161117554,-0.30716174840927124,-0.004308824427425861,0,0.30718323588371277,0.9516329765319824,0.005825056228786707,0,0.0023111833725124598,-0.006866998504847288,0.9999740123748779,0,0.0019039999460801482,0.08382300287485123,0,1
B2,mixamorig_Spine1,1,0.9389430284500122,-0.34396496415138245,-0.008555339649319649,0,0.3440609872341156,0.9388189911842346,0.015528717078268528,0,0.0026905827689915895,-0.017524149268865585,0.9998430609703064,0,0,0.0978190004825592,0,1
B3,mixamorig_Spine2,2,0.975925087928772,-0.21800270676612854,-0.006704123690724373,0,0.21808427572250366,0.9757999181747437,0.015944894403219223,0,0.0030658517498522997,-0.017023075371980667,0.9998499751091003,0,0,0.11179299652576447,0,1
B4,mixamorig_Neck,3,0.9994470477104187,-0.02917391248047352,0.015975018963217735,0,0.029142089188098907,0.9995729327201843,0.002220887690782547,0,-0.016032982617616653,-0.0017541138222441077,0.9998700618743896,0,0,0.12576699256896973,0,1
B5,mixamorig_Head,4,0.9276589751243591,0.3696388602256775,-0.05306011438369751,0,-0.37129008769989014,0.9281719326972961,-0.02529504895210266,0,0.03989890217781067,0.0431659035384655,0.9982709884643555,0,-0.014254000037908554,0.24727000296115875,0,1
B6,mixamorig_HeadTop_End,5,1,0,0,0,0,1,0,0,0,0,1,0,-0.026902999728918076,0.4666840136051178,0,1
B7,mixamorig_LeftShoulder,3,-0.9190210700035095,0.31412455439567566,-0.23817214369773865,0,0.27405884861946106,0.07483378797769547,-0.9587969779968262,0,-0.2833583652973175,-0.9464278221130371,-0.1548624038696289,0,-0.006889999844133854,0.08881700038909912,-0.11453399807214737,1
B8,mixamorig_LeftArm,7,-0.7435168623924255,-0.28894320130348206,-0.6030709743499756,0,-0.5824488401412964,0.7228820323944092,0.37174510955810547,0,0.3285360634326935,0.6276569962501526,-0.7057698965072632,0,0,0.23068900406360626,0,1
B9,mixamorig_LeftForeArm,8,0.6399757862091064,-0.7662742137908936,0.05704624950885773,0,0.7230027318000793,0.5753693580627441,-0.3823838233947754,0,0.26018819212913513,0.28596100211143494,0.9222409129142761,0,0,0.45370998978614807,0,1
B10,mixamorig_LeftHand,9,1,0,0,0,0,1,0,0,0,0,1,0,0,0.46660301089286804,0,1
B11,mixamorig_RightShoulder,3,0.9549800157546997,-0.26906102895736694,-0.12497483193874359,0,0.15827125310897827,0.10576125979423523,0.9817149639129639,0,-0.2509240210056305,-0.9572991132736206,0.14358466863632202,0,-0.012136000208556652,0.08869700133800507,0.11453399807214737,1
B12,mixamorig_RightArm,11,0.8008831143379211,-0.15663497149944305,-0.577971875667572,0,0.5236310958862305,0.6514329314231873,0.5490408539772034,0,0.2905110716819763,-0.7423620223999023,0.603740930557251,0,0,0.23162899911403656,0,1
B13,mixamorig_RightForeArm,12,0.4418281614780426,-0.8058809638023376,-0.39413708448410034,0,0.8964629769325256,0.3800661265850067,0.22782574594020844,0,-0.03380226343870163,-0.4539889991283417,0.8903660178184509,0,0,0.4552069902420044,0,1
B14,mixamorig_RightHand,13,1,0,0,0,0,1,0,0,0,0,1,0,0,0.4665910005569458,0,1
B15,mixamorig_LeftUpLeg,0,-0.8276249766349792,-0.5587918758392334,0.05279575660824776,0,0.4860210120677948,-0.7605248689651489,-0.43056386709213257,0,0.28074830770492554,-0.33068591356277466,0.9010149240493774,0,0.010546999983489513,-0.047040000557899475,-0.15385299921035767,1
B16,mixamorig_LeftLeg,15,0.6447357535362244,-0.7566561102867126,-0.10856709629297256,0,0.7625178098678589,0.6266492009162903,0.16086387634277344,0,-0.05368515104055405,-0.18649904429912567,0.980987012386322,0,0,0.7855859994888306,0,1
B17,mixamorig_LeftFoot,16,0.22616513073444366,-0.06680862605571747,0.9717950820922852,0,-0.9436400532722473,0.2324630171060562,0.2355939745903015,0,-0.24164621531963348,-0.9703080058097839,-0.01046830601990223,0,0,0.7789809703826904,0,1
B18,mixamorig_LeftToeBase,17,0.9596410393714905,-0.18948207795619965,-0.20780964195728302,0,0.27105310559272766,0.8201430439949036,0.5038807988166809,0,0.07495726644992828,-0.5398722290992737,0.8384028077125549,0,0,0.20650699734687805,0,1
B19,mixamorig_LeftToe_End,18,1,0,0,0,0,1,0,0,0,0,1,0,0,0.08651299774646759,0,1
B20,mixamorig_RightUpLeg,0,-0.773064136505127,-0.5911056995391846,-0.23014295101165771,0,0.5012242794036865,-0.7915928959846497,0.3495068848133087,0,-0.38877516984939575,0.15483808517456055,0.908228874206543,0,0.010521999560296535,-0.047040000557899475,0.15385299921035767,1
B21,mixamorig_RightLeg,20,0.6305561661720276,-0.7703529000282288,0.09463679045438766,0,0.7690771222114563,0.6365689039230347,0.057444121688604355,0,-0.10449504852294922,0.036561235785484314,0.993852972984314,0,0,0.7856550216674805,0,1
B22,mixamorig_RightFoot,21,-0.1745167374610901,0.15395502746105194,0.9725440144538879,0,-0.9537709355354309,0.2189996987581253,-0.20581606030464172,0,-0.2446732521057129,-0.9635028839111328,0.1086188331246376,0,0,0.7788980007171631,0,1
B23,mixamorig_RightToeBase,22,0.9767020344734192,0.1949559897184372,0.08969978988170624,0,-0.20955215394496918,0.7762740254402161,0.594546914100647,0,0.04627886414527893,-0.5994919538497925,0.7990419268608093,0,0,0.21162700653076172,0,1
B24,mixamorig_RightToe_End,23,1,0,0,0,0,1,0,0,0,0,1,0,0,0.08831799775362015,0,1
@20,0,1,2,3,4,5,7,8,9,11,12,13,15,16,17,18,20,21,22,23
K0,0.9999268651008606,0.004402217920869589,-0.01126786693930626,0,-0.004608200863003731,0.9998220205307007,-0.018320217728614807,0,0.011185209266841412,0.018370801582932472,0.9997689723968506,0,-0.013949998654425144,1.5052670240402222,0.002600999316200614,1,0.9516481161117554,-0.30716174840927124,-0.00430881604552269,0,0.30718323588371277,0.9516329765319824,0.005825029220432043,0,0.002311183838173747,-0.00686697056517005,0.9999740123748779,0,0.0019039999460801482,0.08382300287485123,0,1,0.9389430284500122,-0.34396499395370483,-0.008555390872061253,0,0.344061017036438,0.9388189911842346,0.015528777614235878,0,0.0026906090788543224,-0.017524223774671555,0.9998430609703064,0,0,0.0978190004825592,0,1,0.975925087928772,-0.21800272166728973,-0.006704138126224279,0,0.21808429062366486,0.9757999181747437,0.015944907441735268,0,0.0030658624600619078,-0.01702309213578701,0.9998499751091003,0,0,0.11179299652576447,0,1,0.9994470477104187,-0.02917391248047352,0.015975018963217735,0,0.029142089188098907,0.9995729327201843,0.0022208867594599724,0,-0.016032982617616653,-0.001754112890921533,0.9998700618743896,0,0,0.12576699256896973,0,1,0.9276589751243591,0.3696388900279999,-0.05306010693311691,0,-0.3712901175022125,0.9281719326972961,-0.0252950731664896,0,0.03989888355135918,0.04316592216491699,0.9982709884643555,0,-0.014254000037908554,0.24727000296115875,0,1,-0.9190210700035095,0.3141247630119324,-0.23817254602909088,0,0.2740592360496521,0.0748334527015686,-0.9587969779968262,0,-0.2833585739135742,-0.9464278817176819,-0.1548624038696289,0,-0.006889999844133854,0.08881700038909912,-0.11453399807214737,1,-0.7435169816017151,-0.2889432907104492,-0.6030709147453308,0,-0.5824488401412964,0.722882091999054,0.3717450499534607,0,0.3285360634326935,0.6276569366455078,-0.7057700753211975,0,0,0.23068900406360626,0,1,0.6399757862091064,-0.7662742137908936,0.057046275585889816,0,0.7230027318000793,0.5753692984580994,-0.38238394260406494,0,0.2601882517337799,0.2859610915184021,0.9222408533096313,0,0,0.45370998978614807,0,1,0.9549800753593445,-0.26906079053878784,-0.1249747946858406,0,0.1582711935043335,0.1057613268494606,0.9817149639129639,0,-0.2509237825870514,-0.9572991132736206,0.14358468353748322,0,-0.012136000208556652,0.08869700133800507,0.11453399807214737,1,0.8008831143379211,-0.15663489699363708,-0.577971875667572,0,0.5236310958862305,0.6514328718185425,0.5490409135818481,0,0.2905111312866211,-0.7423620820045471,0.6037408709526062,0,0,0.23162899911403656,0,1,0.44182801246643066,-0.8058809638023376,-0.39413732290267944,0,0.8964630961418152,0.38006591796875,0.22782579064369202,0,-0.03380228579044342,-0.4539892077445984,0.8903659582138062,0,0,0.4552069902420044,0,1,-0.827625036239624,-0.5587919354438782,0.05279568210244179,0,0.4860210716724396,-0.7605248689651489,-0.4305639863014221,0,0.28074830770492554,-0.3306860029697418,0.9010148644447327,0,0.010546999983489513,-0.047040000557899475,-0.15385299921035767,1,0.6447356939315796,-0.7566561698913574,-0.10856714844703674,0,0.7625178694725037,0.6266491413116455,0.16086389124393463,0,-0.05368515104055405,-0.18649910390377045,0.980987012386322,0,0,0.7855859994888306,0,1,0.22616541385650635,-0.06680873036384583,0.9717949628829956,0,-0.9436399340629578,0.2324630618095398,0.2355942726135254,0,-0.24164627492427826,-0.9703080058097839,-0.010468305088579655,0,0,0.7789809703826904,0,1,0.9596410393714905,-0.1894819736480713,-0.2078096717596054,0,0.2710530459880829,0.8201431035995483,0.5038807988166809,0,0.07495734840631485,-0.5398722290992737,0.8384028077125549,0,0,0.20650699734687805,0,1,-0.773064136505127,-0.5911056995391846,-0.23014286160469055,0,0.5012242794036865,-0.7915928363800049,0.3495068848133087,0,-0.3887750804424286,0.15483811497688293,0.9082289338111877,0,0.010521999560296535,-0.047040000557899475,0.15385299921035767,1,0.6305561661720276,-0.7703529000282288,0.09463684260845184,0,0.7690771222114563,0.6365689039230347,0.05744421109557152,0,-0.10449515283107758,0.03656121343374252,0.993852972984314,0,0,0.7856550216674805,0,1,-0.17451635003089905,0.15395523607730865,0.9725441336631775,0,-0.9537711143493652,0.2189997285604477,-0.2058156281709671,0,-0.24467337131500244,-0.9635029435157776,0.10861901938915253,0,0,0.7788980007171631,0,1,0.9767020344734192,0.19495591521263123,0.08969981223344803,0,-0.2095521092414856,0.7762740850448608,0.594546914100647,0,0.046278808265924454,-0.5994920134544373,0.7990419268608093,0,0,0.21162700653076172,0,1
K0.034,0.9999258518218994,0.004221254028379917,-0.011444131843745708,0,-0.004434548784047365,0.9998159408569336,-0.01867721974849701,0,0.011363176628947258,0.018726574257016182,0.9997597932815552,0,-0.013648070394992828,1.5052099227905273,0.002520660636946559,1,0.9516924619674683,-0.3070245087146759,-0.004162378143519163,0,0.30704519152641296,0.951676607131958,0.005895835813134909,0,0.0021510720252990723,-0.006889061536639929,0.9999739527702332,0,0.0019039999460801482,0.08382300287485123,0,1,0.9390290975570679,-0.34373822808265686,-0.00831357017159462,0,0.34383001923561096,0.9389020204544067,0.015624248422682285,0,0.0024349745362997055,-0.017530065029859543,0.9998430013656616,0,0,0.0978190004825592,0,1,0.975979745388031,-0.2177608162164688,-0.006633257959038019,0,0.21784116327762604,0.9758536219596863,0.01596246287226677,0,0.002997090807184577,-0.017024042084813118,0.9998509287834167,0,0,0.11179299652576447,0,1,0.9994410276412964,-0.02949371188879013,0.015742065384984016,0,0.02946765162050724,0.9995638728141785,0.0018847406608983874,0,-0.015790782868862152,-0.0014198049902915955,0.9998739957809448,0,0,0.12576699256896973,0,1,0.9274851083755493,0.3698387145996094,-0.054691702127456665,0,-0.37156108021736145,0.9280637502670288,-0.02529558353126049,0,0.04140210896730423,0.043782591819763184,0.9981831908226013,0,-0.014254000037908554,0.24727000296115875,0,1,-0.918943464756012,0.31410905718803406,-0.23849378526210785,0,0.2740890383720398,0.07382359355688095,-0.9588664770126343,0,-0.2835821211338043,-0.9465124607086182,-0.15393351018428802,0,-0.006889999844133854,0.08881700038909912,-0.11453399807214737,1,-0.7432547807693481,-0.2897462844848633,-0.603008508682251,0,-0.5824962258338928,0.7235938310623169,0.3702840805053711,0,0.32904496788978577,0.6264658570289612,-0.7065910696983337,0,0,0.23068900406360626,0,1,0.6398454308509827,-0.7664178013801575,0.05658428743481636,0,0.7230026721954346,0.5753689408302307,-0.38238444924354553,0,0.260509192943573,0.28557729721069336,0.9222686886787415,0,0,0.45370998978614807,0,1,0.9549821019172668,-0.269117146730423,-0.12484323233366013,0,0.1582612693309784,0.10620658099651337,0.9816684126853943,0,-0.25092461705207825,-0.9572334885597229,0.14401619136333466,0,-0.012136000208556652,0.08869700133800507,0.11453399807214737,1,0.801486611366272,-0.156240776181221,-0.577240526676178,0,0.522908627986908,0.6514360308647156,0.5497247576713562,0,0.29014602303504944,-0.7424415946006775,0.6038172841072083,0,0,0.23162899911403656,0,1,0.4413050711154938,-0.8061061501502991,-0.39426249265670776,0,0.8967172503471375,0.37955930829048157,0.22766755521297455,0,-0.03387824445962906,-0.45401275157928467,0.8903506398200989,0,0,0.4552069902420044,0,1,-0.8277264833450317,-0.5587584376335144,0.051544591784477234,0,0.48648613691329956,-0.7603616714477539,-0.43032723665237427,0,0.2796418368816376,-0.3311178982257843,0.9012006521224976,0,0.010546999983489513,-0.047040000557899475,-0.15385299921035767,1,0.6443374752998352,-0.7570770382881165,-0.10799547284841537,0,0.7628337144851685,0.6263211369514465,0.16064587235450745,0,-0.05398145690560341,-0.1858927458524704,0.9810860753059387,0,0,0.7855859994888306,0,1,0.2258813977241516,-0.06726451963186264,0.971829891204834,0,-0.9438405632972717,0.23182323575019836,0.23542138934135437,0,-0.24112825095653534,-0.9704296588897705,-0.011122445575892925,0,0,0.7789809703826904,0,1,0.9596410393714905,-0.18948204815387726,-0.20780961215496063,0,0.27105292677879333,0.8201428651809692,0.5038801431655884,0,0.07495737075805664,-0.5398718118667603,0.838403046131134,0,0,0.20650699734687805,0,1,-0.7731135487556458,-0.5910113453865051,-0.23021821677684784,0,0.5011404156684875,-0.7916727662086487,0.3494473099708557,0,-0.3887846767902374,0.1547907441854477,0.9082321524620056,0,0.010521999560296535,-0.047040000557899475,0.15385299921035767,1,0.6303515434265137,-0.7705909013748169,0.09405940026044846,0,0.7693676948547363,0.6362795233726501,0.05676335096359253,0,-0.10358931869268417,0.03658536449074745,0.9939467310905457,0,0,0.7856550216674805,0,1,-0.17448867857456207,0.15368761122226715,0.9725911021232605,0,-0.953870952129364,0.21868523955345154,-0.205686554312706,0,-0.24430280923843384,-0.9636165499687195,0.108440101146698,0,0,0.7788980007171631,0,1,0.9767020344734192,0.19495585560798645,0.08969984948635101,0,-0.20955215394496918,0.7762740850448608,0.5945478677749634,0,0.04627886041998863,-0.5994921922683716,0.7990409135818481,0,0,0.21162700653076172,0,1
K0.067,0.9999188184738159,0.003812650451436639,-0.012134972959756851,0,-0.004043872933834791,0.9998098611831665,-0.01908697560429573,0,0.012059887871146202,0.01913449354469776,0.9997437596321106,0,-0.013384251855313778,1.5051965713500977,0.002475102199241519,1,0.9517642259597778,-0.3068043887615204,-0.003929429221898317,0,0.3068237006664276,0.9517474174499512,0.005995580460876226,0,0.0019003538182005286,-0.006912021432071924,0.9999740123748779,0,0.0019039999460801482,0.08382300287485123,0,1,0.939175546169281,-0.343352735042572,-0.0075594838708639145,0,0.3434321880340576,0.9390423893928528,0.015922246500849724,0,0.0016317308181896806,-0.017549971118569374,0.999845027923584,0,0,0.0978190004825592,0,1,0.9760730266571045,-0.21735163033008575,-0.006382424850016832,0,0.21742790937423706,0.9759448766708374,0.016028789803385735,0,0.002745008794590831,-0.01703297160565853,0.9998509883880615,0,0,0.11179299652576447,0,1,0.9994337558746338,-0.02985954098403454,0.015532376244664192,0,0.02983854152262211,0.9995538592338562,0.0015820491826161742,0,-0.015572672709822655,-0.0011176889529451728,0.9998779892921448,0,0,0.12576699256896973,0,1,0.9272271990776062,0.370186984539032,-0.05667493864893913,0,-0.371999591588974,0.9278870820999146,-0.025344673544168472,0,0.04320564493536949,0.044583290815353394,0.9980707764625549,0,-0.014254000037908554,0.24727000296115875,0,1,-0.9188773036003113,0.3140937387943268,-0.23876555263996124,0,0.2741146385669708,0.07297024875879288,-0.9589247107505798,0,-0.2837696373462677,-0.9465839266777039,-0.1531486064195633,0,-0.006889999844133854,0.08881700038909912,-0.11453399807214737,1,-0.7431005835533142,-0.2908695638179779,-0.6026573181152344,0,-0.5825453996658325,0.7243682146072388,0.3686889708042145,0,0.32930561900138855,0.6250485181808472,-0.7077234387397766,0,0,0.23068900406360626,0,1,0.6393856406211853,-0.766916811466217,0.05499158054590225,0,0.7229974269866943,0.575347900390625,-0.38242605328559875,0,0.26164963841438293,0.28427642583847046,0.922347903251648,0,0,0.45370998978614807,0,1,0.9549829959869385,-0.2691957950592041,-0.12466047704219818,0,0.15824711322784424,0.10682220757007599,0.9816039800643921,0,-0.2509273290634155,-0.9571428894996643,0.14461293816566467,0,-0.012136000208556652,0.08869700133800507,0.11453399807214737,1,0.8020036816596985,-0.15590603649616241,-0.5766131281852722,0,0.5221726298332214,0.6517398953437805,0.5500640869140625,0,0.29004359245300293,-0.7422454357147217,0.6041079759597778,0,0,0.23162899911403656,0,1,0.4412556290626526,-0.8061515092849731,-0.39422547817230225,0,0.8967492580413818,0.37962624430656433,0.22743172943592072,0,-0.033686064183712006,-0.45387667417526245,0.8904274702072144,0,0,0.4552069902420044,0,1,-0.8279150128364563,-0.5586873292922974,0.04924248903989792,0,0.4873223304748535,-0.7600530385971069,-0.42992499470710754,0,0.27762073278427124,-0.33194461464881897,0.9015207886695862,0,0.010546999983489513,-0.047040000557899475,-0.15385299921035767,1,0.644144594669342,-0.757345974445343,-0.10726266354322433,0,0.7629324793815613,0.6260745525360107,0.16113492846488953,0,-0.05488048493862152,-0.18562838435173035,0.9810866117477417,0,0,0.7855859994888306,0,1,0.22530660033226013,-0.06761563569307327,0.9719384908676147,0,-0.9440708756446838,0.231370747089386,0.23494254052639008,0,-0.24076387286186218,-0.9705126285552979,-0.011704608798027039,0,0,0.7789809703826904,0,1,0.9596410393714905,-0.1894819736480713,-0.2078096717596054,0,0.2710530459880829,0.8201431035995483,0.5038807988166809,0,0.07495734840631485,-0.5398722290992737,0.8384028077125549,0,0,0.20650699734687805,0,1,-0.7731903791427612,-0.5909000635147095,-0.23024652898311615,0,0.5010599493980408,-0.7917630076408386,0.34935635328292847,0,-0.38873541355133057,0.15475165843963623,0.908259928226471,0,0.010521999560296535,-0.047040000557899475,0.15385299921035767,1,0.6302785873413086,-0.7707160711288452,0.09351686388254166,0,0.7695426344871521,0.6361257433891296,0.056098610162734985,0,-0.10272467881441116,0.036607496440410614,0.9940361976623535,0,0,0.7856550216674805,0,1,-0.1744757443666458,0.15355835855007172,0.9726134538650513,0,-0.9539813995361328,0.2182869017124176,-0.20559702813625336,0,-0.24387988448143005,-0.9637268781661987,0.10840608924627304,0,0,0.7788980007171631,0,1,0.9767019152641296,0.1949562281370163,0.08969882130622864,0,-0.20955179631710052,0.7762740850448608,0.5945470333099365,0,0.04627979174256325,-0.5994920134544373,0.7990421056747437,0,0,0.21162700653076172,0,1
K0.101,0.9999157190322876,0.003364981384947896,-0.012553652748465538,0,-0.003610027953982353,0.9998028874397278,-0.019548611715435982,0,0.012485383078455925,0.01959226280450821,0.9997295141220093,0,-0.01312746200710535,1.5052415132522583,0.002482131589204073,1,0.9517862200737,-0.3067394196987152,-0.003758041886612773,0,0.3067575693130493,0.9517681002616882,0.006078910082578659,0,0.001712142489850521,-0.0069386279210448265,0.9999740719795227,0,0.0019039999460801482,0.08382300287485123,0,1,0.9392791390419006,-0.34307923913002014,-0.007156476844102144,0,0.3431519865989685,0.9391400218009949,0.016215616837143898,0,0.0011576921679079533,-0.0176867488771677,0.9998428821563721,0,0,0.0978190004825592,0,1,0.9761384129524231,-0.21706579625606537,-0.0060435691848397255,0,0.21713709831237793,0.9760051965713501,0.016303228214383125,0,0.002359681064262986,-0.017226485535502434,0.9998489618301392,0,0,0.11179299652576447,0,1,0.9994217157363892,-0.030306579545140266,0.01543445698916912,0,0.03028791956603527,0.9995396733283997,0.0014399418141692877,0,-0.015470999293029308,-0.0009716320200823247,0.9998800754547119,0,0,0.12576699256896973,0,1,0.9270340800285339,0.37045595049858093,-0.05805949866771698,0,-0.37234553694725037,0.9277390241622925,-0.025672927498817444,0,0.044353365898132324,0.045417867600917816,0.9979832172393799,0,-0.014254000037908554,0.24727000296115875,0,1,-0.9188138246536255,0.3140920102596283,-0.23901234567165375,0,0.2741382122039795,0.07219130545854568,-0.958976686000824,0,-0.28395235538482666,-0.9466434717178345,-0.1524350345134735,0,-0.006889999844133854,0.08881700038909912,-0.11453399807214737,1,-0.7429217100143433,-0.29257437586784363,-0.6020525097846985,0,-0.5828328728675842,0.7250712513923645,0.366848349571228,0,0.32920053601264954,0.6234356760978699,-0.7091931700706482,0,0,0.23068900406360626,0,1,0.6388091444969177,-0.7675248384475708,0.05317770317196846,0,0.7229640483856201,0.57520592212677,-0.3827015459537506,0,0.26314494013786316,0.2829189598560333,0.9223400354385376,0,0,0.45370998978614807,0,1,0.9549829363822937,-0.2691933810710907,-0.12466604262590408,0,0.1582476943731308,0.10680384933948517,0.9816060662269592,0,-0.2509271204471588,-0.9571454524993896,0.14459513127803802,0,-0.012136000208556652,0.08869700133800507,0.11453399807214737,1,0.8026596903800964,-0.15473158657550812,-0.5760166645050049,0,0.5204953551292419,0.653302788734436,0.5498002171516418,0,0.29124194383621216,-0.7411167025566101,0.6049171090126038,0,0,0.23162899911403656,0,1,0.44049322605133057,-0.8067224025726318,-0.39390915632247925,0,0.897105872631073,0.37884071469306946,0.22733616828918457,0,-0.0341683067381382,-0.4535179138183594,0.8905914425849915,0,0,0.4552069902420044,0,1,-0.8281275629997253,-0.5585651993751526,0.04700399935245514,0,0.48809540271759033,-0.7597928643226624,-0.42950841784477234,0,0.27562180161476135,-0.33274537324905396,0.9018386006355286,0,0.010546999983489513,-0.047040000557899475,-0.15385299921035767,1,0.6439797282218933,-0.7575462460517883,-0.10683783888816833,0,0.7630252242088318,0.6258516311645508,0.1615644097328186,0,-0.055527813732624054,-0.18556398153305054,0.981061577796936,0,0,0.7855859994888306,0,1,0.2244398444890976,-0.06792917847633362,0.9721176624298096,0,-0.9443966746330261,0.2308230996131897,0.2341691106557846,0,-0.2402942180633545,-0.9706217646598816,-0.012346222065389156,0,0,0.7789809703826904,0,1,0.9596410393714905,-0.1894819736480713,-0.2078096717596054,0,0.2710530459880829,0.8201431035995483,0.5038807988166809,0,0.07495734840631485,-0.5398722290992737,0.8384028077125549,0,0,0.20650699734687805,0,1,-0.7734822034835815,-0.5906416773796082,-0.22992931306362152,0,0.500903308391571,-0.7919164299964905,0.3492336571216583,0,-0.3883568048477173,0.15495368838310242,0.9083877801895142,0,0.010521999560296535,-0.047040000557899475,0.15385299921035767,1,0.6306027173995972,-0.7705109715461731,0.09302067011594772,0,0.7693912982940674,0.6363722085952759,0.05538087710738182,0,-0.1018674299120903,0.03664599731564522,0.9941232800483704,0,0,0.7856550216674805,0,1,-0.1744917631149292,0.15374338626861572,0.9725819230079651,0,-0.9540101885795593,0.21812091767787933,-0.2056398093700409,0,-0.24375629425048828,-0.963735818862915,0.10861247777938843,0,0,0.7788980007171631,0,1,0.9767020344734192,0.19495587050914764,0.08969983458518982,0,-0.20955216884613037,0.7762740850448608,0.5945478677749634,0,0.046278879046440125,-0.5994921326637268,0.7990409135818481,0,0,0.21162700653076172,0,1
K0.134,0.9999067783355713,0.00298928190022707,-0.013317649252712727,0,-0.0032538154628127813,0.9997966885566711,-0.019886311143636703,0,0.013255499303340912,0.019927799701690674,0.9997134804725647,0,-0.012875261716544628,1.5053565502166748,0.002490029437467456,1,0.951793909072876,-0.3067173659801483,-0.003545076120644808,0,0.30673423409461975,0.9517749547958374,0.006171673536300659,0,0.0014811562141403556,-0.006961562670767307,0.9999750256538391,0,0.0019039999460801482,0.08382300287485123,0,1,0.9393767714500427,-0.3428210914134979,-0.006761137396097183,0,0.34288686513900757,0.9392297267913818,0.016595490276813507,0,0.0006609765696339309,-0.01790771447122097,0.9998389482498169,0,0,0.0978190004825592,0,1,0.9761995673179626,-0.2167976349592209,-0.005723576061427593,0,0.21686424314975739,0.9760593175888062,0.016673782840371132,0,0.0019717144314199686,-0.017518188804388046,0.9998449683189392,0,0,0.11179299652576447,0,1,0.9994086027145386,-0.030753910541534424,0.015399857424199581,0,0.030736157670617104,0.9995265007019043,0.001387649797834456,0,-0.0154352318495512,-0.0009134961292147636,0.9998800158500671,0,0,0.12576699256896973,0,1,0.9266346096992493,0.3713899254798889,-0.05846843495965004,0,-0.3733215630054474,0.9273324012756348,-0.026180928573012352,0,0.0444963239133358,0.04608767107129097,0.9979459047317505,0,-0.014254000037908554,0.24727000296115875,0,1,-0.9188028573989868,0.3140031397342682,-0.2391740083694458,0,0.27415019273757935,0.07171855866909027,-0.9590093493461609,0,-0.2839786112308502,-0.9467096924781799,-0.1519792377948761,0,-0.006889999844133854,0.08881700038909912,-0.11453399807214737,1,-0.7428316473960876,-0.2945539057254791,-0.6011982560157776,0,-0.5833240151405334,0.7254486083984375,0.36531680822372437,0,0.32853323221206665,0.6220627427101135,-0.7107070684432983,0,0,0.23068900406360626,0,1,0.6381192207336426,-0.7682543992996216,0.05087536573410034,0,0.7229614853858948,0.5751491785049438,-0.382793128490448,0,0.26482149958610535,0.2810485363006592,0.9224319458007812,0,0,0.45370998978614807,0,1,0.9549850821495056,-0.26925262808799744,-0.12452822923660278,0,0.15823669731616974,0.10726743191480637,0.9815577268600464,0,-0.25092896819114685,-0.957077145576477,0.14504432678222656,0,-0.012136000208556652,0.08869700133800507,0.11453399807214737,1,0.80333012342453,-0.1530318558216095,-0.5755354166030884,0,0.5186830759048462,0.6546528935432434,0.5499070286750793,0,0.29262277483940125,-0.7402776479721069,0.6052775979042053,0,0,0.23162899911403656,0,1,0.44030091166496277,-0.8071190714836121,-0.39331239461898804,0,0.8971877098083496,0.3786889910697937,0.22726331651210785,0,-0.034485477954149246,-0.4529391825199127,0.8908742070198059,0,0,0.4552069902420044,0,1,-0.8284758925437927,-0.5582369565963745,0.044708721339702606,0,0.4887116551399231,-0.7596560120582581,-0.42904964089393616,0,0.27347463369369507,-0.33360764384269714,0.9021735787391663,0,0.010546999983489513,-0.047040000557899475,-0.15385299921035767,1,0.6443217992782593,-0.7572897672653198,-0.10658542811870575,0,0.7627139091491699,0.6261575222015381,0.16184638440608978,0,-0.05582539737224579,-0.18557551503181458,0.9810433387756348,0,0,0.7855859994888306,0,1,0.22331222891807556,-0.06870848685503006,0.9723230004310608,0,-0.9446612596511841,0.2306634783744812,0.23325885832309723,0,-0.2403060346841812,-0.9706045389175415,-0.013396254740655422,0,0,0.7789809703826904,0,1,0.9596410393714905,-0.18948206305503845,-0.20780959725379944,0,0.27105292677879333,0.8201428651809692,0.5038801431655884,0,0.07495735585689545,-0.5398718118667603,0.838403046131134,0,0,0.20650699734687805,0,1,-0.7739365696907043,-0.5902527570724487,-0.22939865291118622,0,0.5006003975868225,-0.7921106815338135,0.34922850131988525,0,-0.38784223794937134,0.15544365346431732,0.9085242748260498,0,0.010521999560296535,-0.047040000557899475,0.15385299921035767,1,0.6309422850608826,-0.7703336477279663,0.09218141436576843,0,0.7692961692810059,0.636584460735321,0.054250869899988174,0,-0.100472591817379,0.03668566048145294,0.9942633509635925,0,0,0.7856550216674805,0,1,-0.17447726428508759,0.1537490040063858,0.9725833535194397,0,-0.954060435295105,0.21793243288993835,-0.20560574531555176,0,-0.2435692995786667,-0.9637773633003235,0.10866160690784454,0,0,0.7788980007171631,0,1,0.976702094078064,0.1949567198753357,0.08969900757074356,0,-0.20955224335193634,0.7762739658355713,0.5945470333099365,0,0.046279940754175186,-0.5994920134544373,0.7990421056747437,0,0,0.21162700653076172,0,1
K0.168,0.9999016523361206,0.002827166812494397,-0.013751660473644733,0,-0.003107349155470729,0.9997867345809937,-0.020396003499627113,0,0.01369106862694025,0.020436739549040794,0.9996975064277649,0,-0.012650168500840664,1.5055139064788818,0.0025567051488906145,1,0.9517914056777954,-0.3067290484905243,-0.003406429197639227,0,0.3067449629306793,0.9517713785171509,0.006249248515814543,0,0.00132531498093158,-0.006992883048951626,0.9999750256538391,0,0.0019039999460801482,0.08382300287485123,0,1,0.9393972158432007,-0.3427664637565613,-0.00656762532889843,0,0.3428293764591217,0.939248263835907,0.01677137240767479,0,0.00041996626532636583,-0.018006563186645508,0.9998379945755005,0,0,0.0978190004825592,0,1,0.9762135744094849,-0.21674108505249023,-0.005572488997131586,0,0.2168053686618805,0.9760696291923523,0.016859207302331924,0,0.0017850520089268684,-0.017666315659880638,0.9998419880867004,0,0,0.11179299652576447,0,1,0.9993922710418701,-0.03128862380981445,0.015365231782197952,0,0.03127172961831093,0.9995102882385254,0.0013390099629759789,0,-0.015399598516523838,-0.0008576985565014184,0.9998810291290283,0,0,0.12576699256896973,0,1,0.9264745116233826,0.37181735038757324,-0.05827760323882103,0,-0.3737691640853882,0.9271337985992432,-0.026823263615369797,0,0.04405779018998146,0.04663345217704773,0.9979398846626282,0,-0.014254000037908554,0.24727000296115875,0,1,-0.9187948703765869,0.31397655606269836,-0.2392377257347107,0,0.27415502071380615,0.07152761518955231,-0.959022045135498,0,-0.28399842977523804,-0.9467329978942871,-0.15179747343063354,0,-0.006889999844133854,0.08881700038909912,-0.11453399807214737,1,-0.7429942488670349,-0.29641735553741455,-0.6000800132751465,0,-0.5836676359176636,0.7257421612739563,0.36418336629867554,0,0.32755330204963684,0.6208338141441345,-0.7122318744659424,0,0,0.23068900406360626,0,1,0.6373577117919922,-0.7689645886421204,0.0496847927570343,0,0.7232232093811035,0.5746999382972717,-0.3829736113548279,0,0.26593929529190063,0.28002437949180603,0.9224225878715515,0,0,0.45370998978614807,0,1,0.9549849629402161,-0.26930320262908936,-0.12441778182983398,0,0.15823505818843842,0.1076643243432045,0.9815137386322021,0,-0.2509295344352722,-0.9570183157920837,0.1454310566186905,0,-0.012136000208556652,0.08869700133800507,0.11453399807214737,1,0.8038458228111267,-0.15141883492469788,-0.5752426385879517,0,0.5171073079109192,0.6558440923690796,0.5499719977378845,0,0.2939932644367218,-0.7395545840263367,0.6054971218109131,0,0,0.23162899911403656,0,1,0.44061732292175293,-0.8067207336425781,-0.3937744200229645,0,0.8970471620559692,0.3790193498134613,0.22726647555828094,0,-0.03409247472882271,-0.453372061252594,0.8906696438789368,0,0,0.4552069902420044,0,1,-0.8289565443992615,-0.5577043294906616,0.04239625111222267,0,0.48914116621017456,-0.7596285939216614,-0.42860838770866394,0,0.2712421715259552,-0.3345600366592407,0.9024953246116638,0,0.010546999983489513,-0.047040000557899475,-0.15385299921035767,1,0.6444647312164307,-0.7572072148323059,-0.10631638020277023,0,0.7625640034675598,0.6262532472610474,0.16217784583568573,0,-0.05622129142284393,-0.18559107184410095,0.9810177683830261,0,0,0.7855859994888306,0,1,0.2219637632369995,-0.06928923726081848,0.9725900888442993,0,-0.9450472593307495,0.2302684336900711,0.2320828139781952,0,-0.24003760516643524,-0.970657229423523,-0.0143703892827034,0,0,0.7789809703826904,0,1,0.9596409201622009,-0.1894821673631668,-0.20780912041664124,0,0.2710528075695038,0.8201428651809692,0.5038802623748779,0,0.07495690882205963,-0.5398718118667603,0.8384031057357788,0,0,0.20650699734687805,0,1,-0.7741712331771851,-0.5897854566574097,-0.22980666160583496,0,0.5001756548881531,-0.7925074100494385,0.3489357829093933,0,-0.3879207968711853,0.15519237518310547,0.9085329174995422,0,0.010521999560296535,-0.047040000557899475,0.15385299921035767,1,0.6313449740409851,-0.7700350284576416,0.09192133694887161,0,0.7690233588218689,0.6369469165802002,0.0538761205971241,0,-0.10003551095724106,0.036675240844488144,0.9943081736564636,0,0,0.7856550216674805,0,1,-0.1744627058506012,0.1537143886089325,0.9725919961929321,0,-0.954072117805481,0.21790653467178345,-0.20557992160320282,0,-0.24353480339050293,-0.963789165019989,0.10863808542490005,0,0,0.7788980007171631,0,1,0.9767020344734192,0.19495585560798645,0.08969981968402863,0,-0.20955215394496918,0.7762740850448608,0.5945478677749634,0,0.04627889394760132,-0.5994921326637268,0.7990409731864929,0,0,0.21162700653076172,0,1
K0.201,0.9998940825462341,0.0028548010159283876,-0.014256629161536694,0,-0.0031496649608016014,0.9997806549072266,-0.020703032612800598,0,0.014194400049746037,0.02074574865400791,0.9996838569641113,0,-0.012572954408824444,1.5057616233825684,0.002544587943702936,1,0.9517706036567688,-0.3067924380302429,-0.003340308554470539,0,0.30680811405181885,0.9517507553100586,0.006289441604167223,0,0.001249588211067021,-0.007010940462350845,0.9999750256538391,0,0.0019039999460801482,0.08382300287485123,0,1,0.9392903447151184,-0.343063622713089,-0.00645719189196825,0,0.34312430024147034,0.9391394853591919,0.016844063997268677,0,0.00028561687213368714,-0.018037065863609314,0.9998369812965393,0,0,0.0978190004825592,0,1,0.9761455059051514,-0.2170484960079193,-0.005355827044695616,0,0.21710926294326782,0.9760003685951233,0.01695689931511879,0,0.0015468199271708727,-0.017715204507112503,0.9998417496681213,0,0,0.11179299652576447,0,1,0.9993739128112793,-0.03191480413079262,0.015271064825356007,0,0.03190033137798309,0.999489963054657,0.0011897567892447114,0,-0.01530125830322504,-0.0007018604082986712,0.9998830556869507,0,0,0.12576699256896973,0,1,0.9261381030082703,0.3726922273635864,-0.058048099279403687,0,-0.37466371059417725,0.9267529249191284,-0.027507537975907326,0,0.043544355779886246,0.0472242496907711,0.9979345202445984,0,-0.014254000037908554,0.24727000296115875,0,1,-0.9187881350517273,0.31399455666542053,-0.2392406314611435,0,0.27415788173675537,0.07151691615581512,-0.9590223431587219,0,-0.2840178310871124,-0.9467273354530334,-0.15179291367530823,0,-0.006889999844133854,0.08881700038909912,-0.11453399807214737,1,-0.7432254552841187,-0.2978772819042206,-0.599070131778717,0,-0.583864152431488,0.7259888648986816,0.36337509751319885,0,0.3266773521900177,0.6198458075523376,-0.7134939432144165,0,0,0.23068900406360626,0,1,0.6363597512245178,-0.7698346376419067,0.04900385066866875,0,0.7237129211425781,0.5738326907157898,-0.3833470046520233,0,0.26699382066726685,0.27941131591796875,0.922303318977356,0,0,0.45370998978614807,0,1,0.9549567699432373,-0.26925429701805115,-0.12473506480455399,0,0.1584288477897644,0.10718822479248047,0.9815348386764526,0,-0.25091248750686646,-0.9570856094360352,0.1450178623199463,0,-0.012136000208556652,0.08869700133800507,0.11453399807214737,1,0.80434650182724,-0.1500752717256546,-0.574894905090332,0,0.5153025388717651,0.6578822731971741,0.549230694770813,0,0.29578715562820435,-0.7380164265632629,0.6064993143081665,0,0,0.23162899911403656,0,1,0.4404549300670624,-0.8064842224121094,-0.394439697265625,0,0.8971348404884338,0.3788034915924072,0.227280393242836,0,-0.033882878720760345,-0.45397236943244934,0.8903709650039673,0,0,0.4552069902420044,0,1,-0.8296109437942505,-0.5568956732749939,0.040165599435567856,0,0.4893381595611572,-0.7598398923873901,-0.4280098080635071,0,0.2688761055469513,-0.33542686700820923,0.9028812050819397,0,0.010546999983489513,-0.047040000557899475,-0.15385299921035767,1,0.644923985004425,-0.7568851113319397,-0.10581925511360168,0,0.762129008769989,0.6266418695449829,0.16272392868995667,0,-0.056852567940950394,-0.18559254705905914,0.9809808731079102,0,0,0.7855859994888306,0,1,0.22072257101535797,-0.06981685012578964,0.9728346467018127,0,-0.9453303813934326,0.2301919162273407,0.2310023307800293,0,-0.24006666243076324,-0.9706379771232605,-0.015191463753581047,0,0,0.7789809703826904,0,1,0.9596410393714905,-0.18948204815387726,-0.20780961215496063,0,0.27105292677879333,0.8201428651809692,0.5038801431655884,0,0.07495737075805664,-0.5398718118667603,0.838403046131134,0,0,0.20650699734687805,0,1,-0.7744634747505188,-0.589178740978241,-0.23038069903850555,0,0.49958357214927673,-0.7930142879486084,0.34863147139549255,0,-0.3881014883518219,0.1549079418182373,0.9085046648979187,0,0.010521999560296535,-0.047040000557899475,0.15385299921035767,1,0.6319910287857056,-0.7695288062095642,0.09171797335147858,0,0.7684792876243591,0.6375806331634521,0.054129503667354584,0,-0.10013191401958466,0.03627403452992439,0.9943130612373352,0,0,0.7856550216674805,0,1,-0.174483060836792,0.15403582155704498,0.972537100315094,0,-0.9540182948112488,0.21803569793701172,-0.20569422841072083,0,-0.2437320202589035,-0.9637078046798706,0.10890933871269226,0,0,0.7788980007171631,0,1,0.9767019152641296,0.1949562281370163,0.08969882875680923,0,-0.20955179631710052,0.7762740850448608,0.5945470333099365,0,0.04627978429198265,-0.5994920134544373,0.7990421056747437,0,0,0.21162700653076172,0,1
