0.800,30,23,25
B0,mixamorig_Hips,-1,0.18398123979568481,0.12677103281021118,-0.9747198820114136,0,-0.012458093464374542,0.9918689727783203,0.12664993107318878,0,0.9828510284423828,-0.011158071458339691,0.1840648055076599,0,0.015585999935865402,0.6023430228233337,-0.08605600148439407,1
B1,mixamorig_Spine,0,0.9868299961090088,0.15402469038963318,-0.04942110553383827,0,-0.15453830361366272,0.9879639148712158,-0.006722023710608482,0,0.047790903598070145,0.014270946383476257,0.9987549781799316,0,-0.00395399983972311,0.05672900006175041,0,1
B2,mixamorig_Spine1,1,0.9936040043830872,0.07997303456068039,-0.07972494512796402,0,-0.07815894484519958,0.9966109991073608,0.025625057518482208,0,0.08150404691696167,-0.019229935482144356,0.996487021446228,0,0,0.0663440003991127,0,1
B3,mixamorig_Spine2,2,0.9940659999847412,0.07831673324108124,-0.07548829913139343,0,-0.07650826126337051,0.9967150092124939,0.026563066989183426,0,0.07732070237398148,-0.02062997780740261,0.9967930316925049,0,0,0.07582200318574905,0,1
B4,mixamorig_Neck,3,0.9969180226325989,-0.07803196460008621,-0.008031834848225117,0,0.07787902653217316,0.9968029856681824,-0.017864277586340904,0,0.009400143288075924,0.017183711752295494,0.9998080134391785,0,0,0.08529999852180481,0,1
B5,mixamorig_Head,4,0.84906005859375,-0.5272548794746399,-0.03316980227828026,0,0.5262580513954163,0.8496249318122864,-0.03449467942118645,0,0.046369343996047974,0.011832168325781822,0.9988539814949036,0,-0.08771199733018875,0.17520299553871155,0,1
B6,mixamorig_HeadTop_End,5,1,0,0,0,0,1,0,0,0,0,1,0,-0.14908699691295624,0.2977980077266693,0,1
B7,mixamorig_LeftShoulder,3,0.9939000010490417,0.01115379761904478,-0.10971884429454803,0,0.10922715812921524,0.037862490862607956,0.9932950139045715,0,0.015233252197504044,-0.9992210268974304,0.03641325980424881,0,0.001408000010997057,0.08018399775028229,0.1500760018825531,1
B8,mixamorig_LeftArm,7,0.9626709818840027,0.08918846398591995,-0.2555587887763977,0,0.21974530816078186,0.2937490940093994,0.930280864238739,0,0.1580406278371811,-0.9517130255699158,0.26318520307540894,0,0,0.3003869950771332,0,1
B9,mixamorig_LeftForeArm,8,0.25336384773254395,-0.9099490642547607,-0.3283279240131378,0,-0.9485679268836975,-0.3002842664718628,0.10023679584264755,0,-0.1898021548986435,0.28604504466056824,-0.9392300248146057,0,0,0.33677300810813904,0,1
B10,mixamorig_LeftHand,9,1,0,0,0,0,1,0,0,0,0,1,0,0,0.5506730079650879,0,1
B11,mixamorig_RightShoulder,3,-0.9979669451713562,-0.0024452414363622665,-0.06368793547153473,0,0.06347507238388062,0.05199997127056122,-0.9966279864311218,0,0.0057487632147967815,-0.9986439347267151,-0.051738981157541275,0,-0.0021039999555796385,0.08042900264263153,-0.1500760018825531,1
B12,mixamorig_RightArm,11,-0.9512941837310791,0.2365908920764923,0.19764591753482819,0,0.2757781445980072,0.3665378987789154,0.8885920643806458,0,0.1377880871295929,0.899819016456604,-0.4139321744441986,0,0,0.3003869950771332,0,1
B13,mixamorig_RightForeArm,12,-0.1478065401315689,0.9349831938743591,-0.32242798805236816,0,-0.9803659319877625,-0.18153245747089386,-0.07699485868215561,0,-0.13051998615264893,0.3047170042991638,0.9434570074081421,0,0,0.33481499552726746,0,1
B14,mixamorig_RightHand,13,1,0,0,0,0,1,0,0,0,0,1,0,0,0.5475829839706421,0,1
B15,mixamorig_LeftUpLeg,0,-0.427490770816803,0.8483539819717407,0.3123258352279663,0,-0.8576977849006653,-0.48978421092033386,0.1564151495695114,0,0.2856678068637848,-0.20101521909236908,0.9370099902153015,0,0.0037060000468045473,-0.031321000307798386,0.3167180120944977,1
B16,mixamorig_LeftLeg,15,-0.6749527454376221,0.684967041015625,0.2743312120437622,0,-0.7122167348861694,-0.7019591927528381,0.0003872066445183009,0,0.19283466041088104,-0.19512204825878143,0.9616350531578064,0,0,0.25246700644493103,0,1
B17,mixamorig_LeftFoot,16,-0.19904090464115143,0.3501972258090973,-0.9152839779853821,0,0.7634940147399902,0.6409410238265991,0.07919866591691971,0,0.6143781542778015,-0.6830499768257141,-0.3949469327926636,0,0,0.2765679955482483,0,1
B18,mixamorig_LeftToeBase,17,0.9626650214195251,0.007424056064337492,-0.2705918550491333,0,0.17215916514396667,0.7546128630638123,0.6331820487976074,0,0.20889312028884888,-0.6561278104782104,0.725162148475647,0,0,0.07574500143527985,0,1
B19,mixamorig_LeftToe_End,18,1,0,0,0,0,1,0,0,0,0,1,0,0,0.04323900118470192,0,1
B20,mixamorig_RightUpLeg,0,-0.8677889108657837,0.4964669644832611,0.021541176363825798,0,-0.49122509360313416,-0.8635648488998413,0.11381734907627106,0,0.07510867714881897,0.08818777650594711,0.9932680726051331,0,0.023063000291585922,-0.031321000307798386,-0.3167180120944977,1
B21,mixamorig_RightLeg,20,0.5000118017196655,0.8660129904747009,-0.0031800500582903624,0,-0.8654939532279968,0.4998331665992737,0.03296196460723877,0,0.030135001987218857,-0.013729066587984562,0.9994519948959351,0,0,0.2519350051879883,0,1
B22,mixamorig_RightFoot,21,0.16415990889072418,-0.21221688389778137,-0.9633349180221558,0,0.9445380568504333,0.3154047429561615,0.0914749801158905,0,0.28442811965942383,-0.9249240159988403,0.25222399830818176,0,0,0.27811700105667114,0,1
B23,mixamorig_RightToeBase,22,0.9512650370597839,-0.002977822907269001,0.3083587884902954,0,-0.19111904501914978,0.7790578007698059,0.5971121191978455,0,-0.242007315158844,-0.626944899559021,0.7405210733413696,0,0,0.07741600275039673,0,1
B24,mixamorig_RightToe_End,23,1,0,0,0,0,1,0,0,0,0,1,0,0,0.04300700128078461,0,1
@20,0,1,2,3,4,5,7,8,9,11,12,13,15,16,17,18,20,21,22,23
K0,-0.9747198224067688,0.1267709732055664,-0.1839812844991684,0,0.1266498565673828,0.9918690323829651,0.012458023615181446,0,0.1840648353099823,-0.011158134788274765,-0.982850968837738,0,-0.08605599403381348,0.6023430228233337,-0.015586001798510551,1,0.9868299961090088,0.15402469038963318,-0.049421101808547974,0,-0.1545383185148239,0.9879639148712158,-0.006722038611769676,0,0.04779089614748955,0.014270961284637451,0.9987549781799316,0,-0.00395399983972311,0.05672900006175041,0,1,0.9936040043830872,0.07997303456068039,-0.07972494512796402,0,-0.07815894484519958,0.9966109991073608,0.025625061243772507,0,0.08150404691696167,-0.019229939207434654,0.996487021446228,0,0,0.0663440003991127,0,1,0.9940659999847412,0.07831673324108124,-0.07548829913139343,0,-0.07650826126337051,0.9967150092124939,0.026563046500086784,0,0.07732070237398148,-0.02062995731830597,0.9967930316925049,0,0,0.07582200318574905,0,1,0.9969180226325989,-0.07803197205066681,-0.008031846024096012,0,0.07787903398275375,0.9968029856681824,-0.017864283174276352,0,0.00940015446394682,0.017183717340230942,0.9998080134391785,0,0,0.08529999852180481,0,1,0.84906005859375,-0.5272548794746399,-0.0331697091460228,0,0.5262580513954163,0.8496249318122864,-0.034494735300540924,0,0.046369291841983795,0.011832263320684433,0.9988539814949036,0,-0.08771199733018875,0.17520299553871155,0,1,0.9939000606536865,0.011153924278914928,-0.10971862077713013,0,0.10922692716121674,0.03786266967654228,0.9932950139045715,0,0.015233388170599937,-0.9992210268974304,0.03641343116760254,0,0.001408000010997057,0.08018399775028229,0.1500760018825531,1,0.9626708626747131,0.08918863534927368,-0.25555914640426636,0,0.21974563598632812,0.2937489449977875,0.930280864238739,0,0.158040851354599,-0.9517130851745605,0.26318496465682983,0,0,0.3003869950771332,0,1,0.25336384773254395,-0.9099491238594055,-0.32832783460617065,0,-0.9485679268836975,-0.3002842664718628,0.10023689270019531,0,-0.18980221450328827,0.2860449254512787,-0.9392300248146057,0,0,0.33677300810813904,0,1,-0.9979669451713562,-0.0024453012738376856,-0.06368816643953323,0,0.06347529590129852,0.05199996754527092,-0.9966279864311218,0,0.005748834926635027,-0.9986439347267151,-0.051738984882831573,0,-0.0021039999555796385,0.08042900264263153,-0.1500760018825531,1,-0.9512939453125,0.23659078776836395,0.19764599204063416,0,0.2757781744003296,0.3665378987789154,0.888592004776001,0,0.13778798282146454,0.8998189568519592,-0.4139319658279419,0,0,0.3003869950771332,0,1,-0.1478065401315689,0.9349830746650696,-0.3224280774593353,0,-0.9803658723831177,-0.18153248727321625,-0.07699491828680038,0,-0.13052009046077728,0.3047170639038086,0.9434569478034973,0,0,0.33481499552726746,0,1,-0.427490770816803,0.8483541011810303,0.31232547760009766,0,-0.8576978445053101,-0.4897840619087219,0.15641498565673828,0,0.2856674790382385,-0.20101499557495117,0.9370101094245911,0,0.0037060000468045473,-0.031321000307798386,0.3167180120944977,1,-0.6749528050422668,0.6849671006202698,0.27433133125305176,0,-0.712216854095459,-0.7019591927528381,0.0003871880180668086,0,0.19283472001552582,-0.19512216746807098,0.9616349935531616,0,0,0.25246700644493103,0,1,-0.19904081523418427,0.35019737482070923,-0.9152838587760925,0,0.7634943127632141,0.6409406661987305,0.07919862866401672,0,0.6143777966499329,-0.6830501556396484,-0.39494702219963074,0,0,0.2765679955482483,0,1,0.9626650214195251,0.007424129173159599,-0.2705918550491333,0,0.1721591353416443,0.7546128630638123,0.6331821084022522,0,0.20889316499233246,-0.6561278700828552,0.7251620888710022,0,0,0.07574500143527985,0,1,-0.867789089679718,0.4964669644832611,0.02154127135872841,0,-0.49122506380081177,-0.8635650873184204,0.11381731182336807,0,0.07510872930288315,0.08818769454956055,0.9932680726051331,0,0.023063000291585922,-0.031321000307798386,-0.3167180120944977,1,0.5000118017196655,0.8660129904747009,-0.003180032828822732,0,-0.8654939532279968,0.4998331665992737,0.03296193480491638,0,0.03013496845960617,-0.013729066587984562,0.9994520545005798,0,0,0.2519350051879883,0,1,0.16416019201278687,-0.2122170627117157,-0.963334858417511,0,0.9445379972457886,0.31540486216545105,0.09147516638040543,0,0.28442811965942383,-0.9249238967895508,0.25222426652908325,0,0,0.27811700105667114,0,1,0.9512650370597839,-0.0029779213946312666,0.30835869908332825,0,-0.19111891090869904,0.7790578603744507,0.5971121191978455,0,-0.2420073002576828,-0.6269448399543762,0.7405210733413696,0,0,0.07741600275039673,0,1
K0.035,-0.9727230668067932,0.14693526923656464,-0.17949776351451874,0,0.1453811228275299,0.9891345500946045,0.02185630425810814,0,0.18075886368751526,-0.0048354556784033775,-0.9835153818130493,0,-0.10006105154752731,0.6164743304252625,-0.01297836285084486,1,0.9879924654960632,0.14787806570529938,-0.04475337639451027,0,-0.14820806682109833,0.9889474511146545,-0.004129528068006039,0,0.043648093938827515,0.0107127595692873,0.9989898800849915,0,-0.00395399983972311,0.05672900006175041,0,1,0.9929208755493164,0.06810986250638962,-0.09731312841176987,0,-0.06464431434869766,0.9971715211868286,0.03833529353141785,0,0.0996488630771637,-0.0317731611430645,0.994515061378479,0,0,0.0663440003991127,0,1,0.9932728409767151,0.06730476766824722,-0.09422845393419266,0,-0.06394964456558228,0.9972225427627563,0.0381879098713398,0,0.09653698652982712,-0.03190514072775841,0.994818389415741,0,0,0.07582200318574905,0,1,0.996834397315979,-0.07949937880039215,0.0007484151283279061,0,0.07949981093406677,0.9966683387756348,-0.018204178661108017,0,0.0007012998103164136,0.01820605993270874,0.9998340010643005,0,0,0.08529999852180481,0,1,0.8619816899299622,-0.5067676305770874,0.01319603156298399,0,0.5068843364715576,0.8612117767333984,-0.03718796744942665,0,0.0074810790829360485,0.03874420374631882,0.9992212653160095,0,-0.08771199733018875,0.17520299553871155,0,1,0.9940604567527771,0.01126483641564846,-0.10824179649353027,0,0.1077565848827362,0.03723495826125145,0.9934796690940857,0,0.015221783891320229,-0.9992435574531555,0.03579997643828392,0,0.001408000010997057,0.08018399775028229,0.1500760018825531,1,0.927905261516571,0.07118653506040573,-0.36595702171325684,0,0.32390451431274414,0.33211278915405273,0.885881781578064,0,0.18460188806056976,-0.9405497312545776,0.28511160612106323,0,0,0.3003869950771332,0,1,0.2670908570289612,-0.9054882526397705,-0.32977890968322754,0,-0.9439181685447693,-0.31475383043289185,0.0997452661395073,0,-0.1941172480583191,0.28464314341545105,-0.9387744069099426,0,0,0.33677300810813904,0,1,-0.9970393180847168,-0.0009489987860433757,-0.07688312232494354,0,0.07671137154102325,0.055650744587183,-0.9954988956451416,0,0.005223332904279232,-0.9984498023986816,-0.05541320890188217,0,-0.0021039999555796385,0.08042900264263153,-0.1500760018825531,1,-0.9173130989074707,0.2942836284637451,0.26820462942123413,0,0.36658236384391785,0.36127814650535583,0.8573772311210632,0,0.1554156243801117,0.8848026394844055,-0.43928447365760803,0,0,0.3003869950771332,0,1,-0.18690547347068787,0.9268851280212402,-0.32549941539764404,0,-0.9718754887580872,-0.22278228402137756,-0.07632802426815033,0,-0.1432628184556961,0.3020787537097931,0.942456066608429,0,0,0.33481499552726746,0,1,-0.17711783945560455,0.9562653303146362,0.2327803075313568,0,-0.9664899110794067,-0.21365207433700562,0.1423034965991974,0,0.18581385910511017,-0.1997753083705902,0.9620622396469116,0,0.0037060000468045473,-0.031321000307798386,0.3167180120944977,1,-0.5561494827270508,0.7997532486915588,0.22603626549243927,0,-0.8202910423278809,-0.5719216465950012,0.005272530484944582,0,0.13349178433418274,-0.1824832260608673,0.9741045832633972,0,0,0.25246700644493103,0,1,-0.24208875000476837,0.3138865828514099,-0.9180784225463867,0,0.609036922454834,0.7857483625411987,0.10804616659879684,0,0.7552925944328308,-0.5329867601394653,-0.38138923048973083,0,0,0.2765679955482483,0,1,0.9625216126441956,0.008748683147132397,-0.27106523513793945,0,0.17205891013145447,0.7528876662254333,0.6352611184120178,0,0.20963916182518005,-0.6580910682678223,0.7231646180152893,0,0,0.07574500143527985,0,1,-0.9522305130958557,0.3032380938529968,0.03611813858151436,0,-0.29921215772628784,-0.9500977396965027,0.08823481947183609,0,0.06107192859053612,0.07321290671825409,0.995444655418396,0,0.023063000291585922,-0.031321000307798386,-0.3167180120944977,1,0.6302459239959717,0.7761397361755371,-0.01992153190076351,0,-0.7757300138473511,0.6305602788925171,0.02521168440580368,0,0.03212955221533775,-0.0004358333826530725,0.9994840025901794,0,0,0.2519350051879883,0,1,0.17500580847263336,-0.2000565379858017,-0.9640276432037354,0,0.9409708380699158,0.322124719619751,0.10397233814001083,0,0.289736807346344,-0.9253177642822266,0.24462108314037323,0,0,0.27811700105667114,0,1,0.9441837072372437,-0.05957168713212013,0.3239879608154297,0,-0.18888290226459503,0.7078788876533508,0.680610716342926,0,-0.26988935470581055,-0.7038173079490662,0.6571155786514282,0,0,0.07741600275039673,0,1
K0.070,-0.9706202149391174,0.17483045160770416,-0.16532030701637268,0,0.17237450182437897,0.9845982193946838,0.029201243072748184,0,0.1678794026374817,-0.00015368129243142903,-0.9858075380325317,0,-0.09610944986343384,0.628736674785614,-0.009246771223843098,1,0.9906530380249023,0.12906113266944885,-0.04415195807814598,0,-0.12947086989879608,0.9915612936019897,-0.006538435351103544,0,0.042935535311698914,0.012193719856441021,0.9990034103393555,0,-0.00395399983972311,0.05672900006175041,0,1,0.9927255511283875,0.049636296927928925,-0.10969340056180954,0,-0.044196825474500656,0.9976956248283386,0.051476214081048965,0,0.11199574172496796,-0.046253666281700134,0.9926319718360901,0,0,0.0663440003991127,0,1,0.9929742217063904,0.05009991303086281,-0.10719791799783707,0,-0.044801026582717896,0.9976792931556702,0.051282547414302826,0,0.1095183715224266,-0.04611966013908386,0.9929141402244568,0,0,0.07582200318574905,0,1,0.9971140623092651,-0.0753137469291687,0.009587254375219345,0,0.07549919188022614,0.9969301819801331,-0.020731106400489807,0,-0.00799648929387331,0.021395115181803703,0.9997395873069763,0,0,0.08529999852180481,0,1,0.8697556257247925,-0.4894932806491852,0.06262921541929245,0,0.49242421984672546,0.8691806793212891,-0.045196834951639175,0,-0.0323125384747982,0.07015030086040497,0.9970124959945679,0,-0.08771199733018875,0.17520299553871155,0,1,0.9948045015335083,0.010963808745145798,-0.10121425986289978,0,0.10069549828767776,0.04049636796116829,0.9940924048423767,0,0.014997858554124832,-0.9991199970245361,0.03918198496103287,0,0.001408000010997057,0.08018399775028229,0.1500760018825531,1,0.8846858739852905,0.038711413741111755,-0.4645783007144928,0,0.4202861785888672,0.3649776875972748,0.8307535648345947,0,0.2017202228307724,-0.9302112460136414,0.3066205680370331,0,0,0.3003869950771332,0,1,0.2964615523815155,-0.8951535820960999,-0.33288225531578064,0,-0.9331445693969727,-0.34571295976638794,0.0986076071858406,0,-0.20335069298744202,0.28139394521713257,-0.9377984404563904,0,0,0.33677300810813904,0,1,-0.9960851073265076,0.00047550012823194265,-0.08840160071849823,0,0.08828356117010117,0.057289786636829376,-0.9944469332695007,0,0.004591647535562515,-0.9983571767807007,-0.05710747838020325,0,-0.0021039999555796385,0.08042900264263153,-0.1500760018825531,1,-0.8836372494697571,0.3614718019962311,0.2975284159183502,0,0.42588815093040466,0.35670047998428345,0.8314952254295349,0,0.19443346560001373,0.861453652381897,-0.4691402018070221,0,0,0.3003869950771332,0,1,-0.2091507762670517,0.9215019941329956,-0.3272453546524048,0,-0.9662308096885681,-0.24625129997730255,-0.07588540017604828,0,-0.1505131721496582,0.30032312870025635,0.9418874979019165,0,0,0.33481499552726746,0,1,-0.13707487285137177,0.9748520255088806,0.17570807039737701,0,-0.9844983220100403,-0.1536695808172226,0.08454438298940659,0,0.10941930115222931,-0.16139547526836395,0.9808049201965332,0,0.0037060000468045473,-0.031321000307798386,0.3167180120944977,1,-0.2746356427669525,0.9414395093917847,0.19562159478664398,0,-0.9589940309524536,-0.28299713134765625,0.015595014207065105,0,0.07004206627607346,-0.1833169013261795,0.9805554151535034,0,0,0.25246700644493103,0,1,-0.24907775223255157,0.2397841513156891,-0.9383298754692078,0,0.5380532741546631,0.8398476243019104,0.07179248332977295,0,0.8052691221237183,-0.48698970675468445,-0.33820411562919617,0,0,0.2765679955482483,0,1,0.9624210000038147,0.00966370478272438,-0.27138954401016235,0,0.17199069261550903,0.7516925930976868,0.6366921067237854,0,0.21015436947345734,-0.6594424843788147,0.7217828631401062,0,0,0.07574500143527985,0,1,-0.9887974262237549,0.14516541361808777,0.034738052636384964,0,-0.14321817457675934,-0.9882610440254211,0.05318574607372284,0,0.042050980031490326,0.04761478677392006,0.9979799389839172,0,0.023063000291585922,-0.031321000307798386,-0.3167180120944977,1,0.7090488076210022,0.7043449878692627,-0.033891357481479645,0,-0.7039635181427002,0.7098264694213867,0.02414197474718094,0,0.04106123745441437,0.0067404345609247684,0.9991341233253479,0,0,0.2519350051879883,0,1,0.21387629210948944,-0.12859243154525757,-0.9683598279953003,0,0.8633496761322021,0.4886758625507355,0.12579001486301422,0,0.4570385813713074,-0.8629369139671326,0.21553650498390198,0,0,0.27811700105667114,0,1,0.9302834868431091,-0.1549864262342453,0.3324926793575287,0,-0.19450317323207855,0.5600864887237549,0.8052775859832764,0,-0.31103193759918213,-0.8138077855110168,0.4908941388130188,0,0,0.07741600275039673,0,1
K0.104,-0.9706260561943054,0.19195283949375153,-0.14504830539226532,0,0.1889709085226059,0.9813873767852783,0.03419528901576996,0,0.1489124298095703,0.005780931096524,-0.9888335466384888,0,-0.08471090346574783,0.6326991319656372,-0.006267610937356949,1,0.992680549621582,0.11208433657884598,-0.04497964680194855,0,-0.11251705884933472,0.9936239719390869,-0.00719906110316515,0,0.04388594254851341,0.012207342311739922,0.9989623427391052,0,-0.00395399983972311,0.05672900006175041,0,1,0.9924667477607727,0.038228590041399,-0.11639627814292908,0,-0.030985405668616295,0.997505784034729,0.06341485679149628,0,0.1185302585363388,-0.05933056399226189,0.9911761283874512,0,0,0.0663440003991127,0,1,0.9926576614379883,0.04011733829975128,-0.11411353200674057,0,-0.033033862709999084,0.9974474906921387,0.06330202519893646,0,0.11636169254779816,-0.05906759575009346,0.9914485216140747,0,0,0.07582200318574905,0,1,0.9976350665092468,-0.0664176270365715,0.01769147999584675,0,0.06686049699783325,0.9974297881126404,-0.025744009763002396,0,-0.01593616046011448,0.026865996420383453,0.9995120167732239,0,0,0.08529999852180481,0,1,0.8720223307609558,-0.47712650895118713,0.10921372473239899,0,0.48459306359291077,0.8729828596115112,-0.05542026832699776,0,-0.06889920681715012,0.10125190019607544,0.9924725294113159,0,-0.08771199733018875,0.17520299553871155,0,1,0.9958837628364563,0.010470153763890266,-0.09002860635519028,0,0.0894518718123436,0.04645630717277527,0.9949069023132324,0,0.014599240384995937,-0.99886554479599,0.045328538864851,0,0.001408000010997057,0.08018399775028229,0.1500760018825531,1,0.845061182975769,-0.0015472810482606292,-0.5346677899360657,0,0.49395063519477844,0.38503047823905945,0.779591977596283,0,0.20465712249279022,-0.9229022264480591,0.32613852620124817,0,0,0.3003869950771332,0,1,0.3333977460861206,-0.8805803060531616,-0.33678534626960754,0,-0.9179526567459106,-0.38464656472206116,0.09700167179107666,0,-0.21496109664440155,0.27681291103363037,-0.9365714192390442,0,0,0.33677300810813904,0,1,-0.9953344464302063,0.0015220465138554573,-0.09647411108016968,0,0.09640559554100037,0.05651664361357689,-0.9937360286712646,0,0.003939883317798376,-0.9984007477760315,-0.05639974772930145,0,-0.0021039999555796385,0.08042900264263153,-0.1500760018825531,1,-0.8582706451416016,0.42227208614349365,0.291647344827652,0,0.4551504850387573,0.36378931999206543,0.8127084374427795,0,0.23708589375019073,0.8302671909332275,-0.5044270157814026,0,0,0.3003869950771332,0,1,-0.24609734117984772,0.9112837314605713,-0.33014702796936035,0,-0.9555164575576782,-0.28522998094558716,-0.07504348456859589,0,-0.16255392134189606,0.2969932556152344,0.9409420490264893,0,0,0.33481499552726746,0,1,-0.15915369987487793,0.9752485752105713,0.1534942239522934,0,-0.9852720499038696,-0.16674897074699402,0.037864625453948975,0,0.06252243369817734,-0.14520731568336487,0.9874240756034851,0,0.0037060000468045473,-0.031321000307798386,0.3167180120944977,1,0.08148672431707382,0.9807068109512329,0.1776905357837677,0,-0.9963871240615845,0.07587922364473343,0.03813965246081352,0,0.02392079494893551,-0.18015645444393158,0.9833468198776245,0,0,0.25246700644493103,0,1,-0.2518942058086395,0.16079829633235931,-0.9543023705482483,0,0.48671573400497437,0.8733607530593872,0.018688049167394638,0,0.8364553451538086,-0.4597666263580322,-0.29825758934020996,0,0,0.2765679955482483,0,1,0.9624300599098206,0.009584765881299973,-0.271361380815506,0,0.17199642956256866,0.7517955899238586,0.6365692615509033,0,0.21010956168174744,-0.6593263149261475,0.7219017744064331,0,0,0.07574500143527985,0,1,-0.9985576272010803,-0.04161665961146355,0.03391114994883537,0,0.042120471596717834,-0.9990103244781494,0.014279878698289394,0,0.03328331559896469,0.015687638893723488,0.9993225932121277,0,0.023063000291585922,-0.031321000307798386,-0.3167180120944977,1,0.7587016820907593,0.6487997174263,-0.058567341417074203,0,-0.6483290195465088,0.7607966065406799,0.029304299503564835,0,0.06357044726610184,0.015737684443593025,0.9978532195091248,0,0,0.2519350051879883,0,1,0.23199570178985596,-0.05802575498819351,-0.9709842205047607,0,0.7989826798439026,0.5807139873504639,0.15619632601737976,0,0.5548011064529419,-0.8120371103286743,0.18108487129211426,0,0,0.27811700105667114,0,1,0.9312272667884827,-0.15440601110458374,0.33011144399642944,0,-0.19741107523441315,0.5476866364479065,0.8130607008934021,0,-0.3063392639160156,-0.8223124146461487,0.47953951358795166,0,0,0.07741600275039673,0,1
K0.139,-0.9761760830879211,0.18043167889118195,-0.12052179872989655,0,0.17826177179813385,0.9835658669471741,0.028638338670134544,0,0.12370842695236206,0.006471636705100536,-0.9922978281974792,0,-0.0756126269698143,0.625048041343689,-0.004794738255441189,1,0.992563009262085,0.11192315071821213,-0.04787367209792137,0,-0.11247018724679947,0.9936152100563049,-0.008881873451173306,0,0.0465739406645298,0.014200186356902122,0.9988141655921936,0,-0.00395399983972311,0.05672900006175041,0,1,0.9923871755599976,0.03994373977184296,-0.11650196462869644,0,-0.03185274824500084,0.9970027804374695,0.07050318270921707,0,0.1189689114689827,-0.06625552475452423,0.9906848073005676,0,0,0.0663440003991127,0,1,0.9925455451011658,0.042623888701200485,-0.11417680233716965,0,-0.03473799675703049,0.9969288110733032,0.07018883526325226,0,0.11681783944368362,-0.06569933146238327,0.9909777045249939,0,0,0.07582200318574905,0,1,0.9982279539108276,-0.054388679563999176,0.02414611540734768,0,0.055169861763715744,0.9979326725006104,-0.03296012431383133,0,-0.022303543984889984,0.03423386067152023,0.9991651773452759,0,0,0.08529999852180481,0,1,0.869567334651947,-0.47153645753860474,0.14664797484874725,0,0.4840795397758484,0.8726447820663452,-0.06448039412498474,0,-0.09756675362586975,0.12705937027931213,0.9870848655700684,0,-0.08771199733018875,0.17520299553871155,0,1,0.9969502091407776,0.01004529558122158,-0.07739270478487015,0,0.076754629611969,0.05316750705242157,0.995631754398346,0,0.014116189442574978,-0.9985349774360657,0.05223430320620537,0,0.001408000010997057,0.08018399775028229,0.1500760018825531,1,0.8249587416648865,-0.03486786037683487,-0.5641161203384399,0,0.5314258933067322,0.38767167925834656,0.7531910538673401,0,0.19242963194847107,-0.9211373925209045,0.3383428156375885,0,0,0.3003869950771332,0,1,0.35103994607925415,-0.8729761242866516,-0.33864957094192505,0,-0.9100257754325867,-0.40324297547340393,0.09616439044475555,0,-0.22050733864307404,0.27442240715026855,-0.9359855651855469,0,0,0.33677300810813904,0,1,-0.9950307607650757,0.001937266206368804,-0.09954956918954849,0,0.09951093792915344,0.05330485478043556,-0.9936074018478394,0,0.003381590126082301,-0.9985764026641846,-0.053232695907354355,0,-0.0021039999555796385,0.08042900264263153,-0.1500760018825531,1,-0.8441504240036011,0.4673694968223572,0.262632817029953,0,0.4604542851448059,0.3811642825603485,0.8016824722290039,0,0.2745758593082428,0.7976714372634888,-0.5369625091552734,0,0,0.3003869950771332,0,1,-0.31207960844039917,0.8889093399047852,-0.33532917499542236,0,-0.9320564270019531,-0.35484176874160767,-0.07320088148117065,0,-0.18405781686306,0.28970131278038025,0.9392529726028442,0,0,0.33481499552726746,0,1,-0.24577228724956512,0.9569563865661621,0.1543700248003006,0,-0.96830815076828,-0.24968251585960388,0.006166714709252119,0,0.044444773346185684,-0.14796212315559387,0.9879936575889587,0,0.0037060000468045473,-0.031321000307798386,0.3167180120944977,1,0.4719924032688141,0.8752809762954712,0.10538943856954575,0,-0.8812893629074097,0.4652530550956726,0.08288060873746872,0,0.023511050269007683,-0.13199755549430847,0.9909713268280029,0,0,0.25246700644493103,0,1,-0.25534021854400635,0.04261636361479759,-0.9659116864204407,0,0.4088541269302368,0.9100679755210876,-0.06792869418859482,0,0.8761503100395203,-0.41226187348365784,-0.24980081617832184,0,0,0.2765679955482483,0,1,0.9625771641731262,0.00823450181633234,-0.2708823084831238,0,0.172097846865654,0.7535582184791565,0.6344549059867859,0,0.20934990048408508,-0.6573297381401062,0.723940372467041,0,0,0.07574500143527985,0,1,-0.9672472476959229,-0.25076866149902344,0.03935009986162186,0,0.25116467475891113,-0.9679295420646667,0.005386481061577797,0,0.036737337708473206,0.015093403868377209,0.999210774898529,0,0.023063000291585922,-0.031321000307798386,-0.3167180120944977,1,0.796389102935791,0.593951940536499,-0.11395491659641266,0,-0.5938104391098022,0.8036636710166931,0.03890543803572655,0,0.1146894246339798,0.03668377175927162,0.9927241802215576,0,0,0.2519350051879883,0,1,0.240822896361351,0.025694245472550392,-0.9702287912368774,0,0.7212216258049011,0.6642178297042847,0.19660647213459015,0,0.6494950652122498,-0.7470974326133728,0.1414276361465454,0,0,0.27811700105667114,0,1,0.940190315246582,-0.0961499959230423,0.3267984390258789,0,-0.1937965452671051,0.6379932165145874,0.7452565431594849,0,-0.2801515758037567,-0.764015257358551,0.581201434135437,0,0,0.07741600275039673,0,1
K0.174,-0.982891321182251,0.1566494256258011,-0.09687734395265579,0,0.15591241419315338,0.9876539707183838,0.015178371220827103,0,0.09805906563997269,-0.00018568889936432242,-0.9951809644699097,0,-0.074061319231987,0.6065486669540405,-0.004042969550937414,1,0.992191731929779,0.11304302513599396,-0.052691392600536346,0,-0.11390633881092072,0.99339759349823,-0.013669217936694622,0,0.050798289477825165,0.019564365968108177,0.9985170960426331,0,-0.00395399983972311,0.05672900006175041,0,1,0.9929042458534241,0.0464155375957489,-0.10948129743337631,0,-0.03843558207154274,0.9965245723724365,0.07390645146369934,0,0.11253122240304947,-0.06917405128479004,0.9912375807762146,0,0,0.0663440003991127,0,1,0.9931282997131348,0.04899565503001213,-0.10628203302621841,0,-0.04123175889253616,0.9964014291763306,0.07405681908130646,0,0.10952801257371902,-0.06916572153568268,0.9915744662284851,0,0,0.07582200318574905,0,1,0.9987089037895203,-0.04219868406653404,0.02827981486916542,0,0.04333321005105972,0.9982280135154724,-0.04078375920653343,0,-0.02650867961347103,0.04195655509829521,0.9987677335739136,0,0,0.08529999852180481,0,1,0.8643841743469238,-0.4730197787284851,0.17056342959403992,0,0.48943695425987244,0.869247555732727,-0.06971174478530884,0,-0.11528683453798294,0.1437378078699112,0.9828773736953735,0,-0.08771199733018875,0.17520299553871155,0,1,0.9976434111595154,0.009853754192590714,-0.06790294498205185,0,0.06722551584243774,0.05772121995687485,0.996066689491272,0,0.013734430074691772,-0.9982838034629822,0.05692274868488312,0,0.001408000010997057,0.08018399775028229,0.1500760018825531,1,0.8300856947898865,-0.0556727759540081,-0.5548500418663025,0,0.5314709544181824,0.38019493222236633,0.7569611072540283,0,0.16880904138088226,-0.9232291579246521,0.3451828062534332,0,0,0.3003869950771332,0,1,0.336081326007843,-0.8794510960578918,-0.3370693027973175,0,-0.9167761206626892,-0.3874755799770355,0.09687741100788116,0,-0.21580493450164795,0.2764582335948944,-0.9364826083183289,0,0,0.33677300810813904,0,1,-0.9952302575111389,0.00171564519405365,-0.09753943234682083,0,0.09750708937644958,0.04866011068224907,-0.9940444827079773,0,0.003040850628167391,-0.9988139271736145,-0.048595279455184937,0,-0.0021039999555796385,0.08042900264263153,-0.1500760018825531,1,-0.8402067422866821,0.4987057149410248,0.21294516324996948,0,0.4389137029647827,0.3948279321193695,0.807134211063385,0,0.3184458017349243,0.7716243267059326,-0.5506259202957153,0,0,0.3003869950771332,0,1,-0.36174771189689636,0.8683669567108154,-0.3392297029495239,0,-0.9105163812637329,-0.4072418808937073,-0.07150951027870178,0,-0.20024515688419342,0.2830059826374054,0.9379817247390747,0,0,0.33481499552726746,0,1,-0.38774070143699646,0.9132581353187561,0.12496379762887955,0,-0.9215569496154785,-0.3869779706001282,-0.031323906034231186,0,0.01975143514573574,-0.12730684876441956,0.9916669726371765,0,0.0037060000468045473,-0.031321000307798386,0.3167180120944977,1,0.7987290620803833,0.6008712649345398,0.03140762448310852,0,-0.6008555889129639,0.7937819957733154,0.09424616396427155,0,0.03169899806380272,-0.09414859861135483,0.9950534701347351,0,0,0.25246700644493103,0,1,-0.2480214387178421,-0.06761138141155243,-0.966392457485199,0,0.320526659488678,0.9356498718261719,-0.14772266149520874,0,0.9141925573348999,-0.3463928699493408,-0.21038995683193207,0,0,0.2765679955482483,0,1,0.9622786045074463,0.010961359366774559,-0.27184560894966125,0,0.17189554870128632,0.7499949932098389,0.6387168765068054,0,0.2108839750289917,-0.6613523364067078,0.7198196649551392,0,0,0.07574500143527985,0,1,-0.91352778673172,-0.40328875184059143,0.053154781460762024,0,0.4049156904220581,-0.9140365719795227,0.024100730195641518,0,0.03886584937572479,0.043539874255657196,0.9982954263687134,0,0.023063000291585922,-0.031321000307798386,-0.3167180120944977,1,0.7848113775253296,0.5983880162239075,-0.16125647723674774,0,-0.5989521145820618,0.7991850972175598,0.050592001527547836,0,0.15914735198020935,0.05687970295548439,0.9856148362159729,0,0,0.2519350051879883,0,1,0.21944622695446014,0.09403496980667114,-0.9710820913314819,0,0.6629774570465088,0.7158481478691101,0.21913978457450867,0,0.7157543897628784,-0.6918951869010925,0.0947471484541893,0,0,0.27811700105667114,0,1,0.9503624439239502,-0.010782526805996895,0.3109578490257263,0,-0.19060121476650238,0.769758403301239,0.6092149019241333,0,-0.24593134224414825,-0.6382440328598022,0.7294944524765015,0,0,0.07741600275039673,0,1
K0.209,-0.9892895817756653,0.12875843048095703,-0.06875555962324142,0,0.12875840067863464,0.991665780544281,0.004449962172657251,0,0.06875555217266083,-0.0044505600817501545,-0.9976240396499634,0,-0.07714742422103882,0.5876750349998474,-0.002887567738071084,1,0.9917343258857727,0.11642652004957199,-0.05392969027161598,0,-0.11763877421617508,0.9928576350212097,-0.019867533817887306,0,0.05123138427734375,0.02604753151535988,0.9983469843864441,0,-0.00395399983972311,0.05672900006175041,0,1,0.9939507246017456,0.055848196148872375,-0.0945693776011467,0,-0.048914290964603424,0.9960493445396423,0.07411666959524155,0,0.09833503514528275,-0.06904251128435135,0.992755651473999,0,0,0.0663440003991127,0,1,0.9942868947982788,0.05697129666805267,-0.09026924520730972,0,-0.05024715140461922,0.9959103465080261,0.07508889585733414,0,0.09417793154716492,-0.07012408971786499,0.9930826425552368,0,0,0.07582200318574905,0,1,0.9989921450614929,-0.033365316689014435,0.0300288163125515,0,0.03475525602698326,0.9982889890670776,-0.047021545469760895,0,-0.028408542275428772,0.04801780357956886,0.9984422922134399,0,0,0.08529999852180481,0,1,0.85856693983078,-0.4798130393028259,0.1806688904762268,0,0.4979444146156311,0.8643038272857666,-0.07092727720737457,0,-0.12212096899747849,0.15085884928703308,0.9809828400611877,0,-0.08771199733018875,0.17520299553871155,0,1,0.9977957010269165,0.009873841889202595,-0.06562411785125732,0,0.0649469643831253,0.05788220092654228,0.996208667755127,0,0.013634868897497654,-0.9982745051383972,0.05711331591010094,0,0.001408000010997057,0.08018399775028229,0.1500760018825531,1,0.8603124618530273,-0.052805256098508835,-0.5070247650146484,0,0.48874303698539734,0.36813750863075256,0.7909517288208008,0,0.14488841593265533,-0.9282705187797546,0.3425214886665344,0,0,0.3003869950771332,0,1,0.3018912672996521,-0.8931229114532471,-0.33345627784729004,0,-0.9310282468795776,-0.3514363765716553,0.09838365763425827,0,-0.20505739748477936,0.28075605630874634,-0.9376183152198792,0,0,0.33677300810813904,0,1,-0.9957591891288757,0.0010887925745919347,-0.09199045598506927,0,0.09194837510585785,0.04425511881709099,-0.9947798848152161,0,0.00298794312402606,-0.9990195631980896,-0.04416763782501221,0,-0.0021039999555796385,0.08042900264263153,-0.1500760018825531,1,-0.8556901812553406,0.495130717754364,0.15046682953834534,0,0.3827781677246094,0.4099235236644745,0.8279154896736145,0,0.348246306180954,0.7660342454910278,-0.540292501449585,0,0,0.3003869950771332,0,1,-0.38017508387565613,0.859887421131134,-0.34067800641059875,0,-0.9016252160072327,-0.42668288946151733,-0.0708112120628357,0,-0.20625099539756775,0.28024300932884216,0.9375096559524536,0,0,0.33481499552726746,0,1,-0.5403107404708862,0.8376314043998718,0.0802372619509697,0,-0.8414633870124817,-0.5376363396644592,-0.05372358113527298,0,-0.0018620822811499238,-0.09654417634010315,0.9953271746635437,0,0.0037060000468045473,-0.031321000307798386,0.3167180120944977,1,0.9549902081489563,0.2930617928504944,0.04590919613838196,0,-0.2953169345855713,0.9538677334785461,0.05407585948705673,0,-0.027943741530179977,-0.06519970297813416,0.9974808096885681,0,0,0.25246700644493103,0,1,-0.2668173611164093,-0.12356241047382355,-0.9557933807373047,0,0.22699497640132904,0.9557880163192749,-0.18692918121814728,0,0.9366331100463867,-0.26683616638183594,-0.22697274386882782,0,0,0.2765679955482483,0,1,0.9621425867080688,0.01219054777175188,-0.2722736597061157,0,0.17180712521076202,0.7483832240104675,0.6406279802322388,0,0.2115747183561325,-0.6631541848182678,0.7179571986198425,0,0,0.07574500143527985,0,1,-0.8901299238204956,-0.45330604910850525,0.04670720547437668,0,0.4553006887435913,-0.8889771103858948,0.049201708287000656,0,0.019218208268284798,0.06506175547838211,0.9976959228515625,0,0.023063000291585922,-0.031321000307798386,-0.3167180120944977,1,0.6780188679695129,0.7164856195449829,-0.1641319841146469,0,-0.7166504859924316,0.6940022706985474,0.06909115612506866,0,0.16341063380241394,0.07078009098768234,0.9840154647827148,0,0,0.2519350051879883,0,1,0.17665556073188782,0.11389850080013275,-0.9776602983474731,0,0.65150386095047,0.731012761592865,0.2028854340314865,0,0.7377907633781433,-0.6727905869483948,0.054932162165641785,0,0,0.27811700105667114,0,1,0.9516494274139404,0.0004044132656417787,0.30718758702278137,0,-0.1913628727197647,0.7830404043197632,0.5918002724647522,0,-0.2403010129928589,-0.6219707727432251,0.7452574968338013,0,0,0.07741600275039673,0,1
