1.933,30,58,25
B0,mixamorig_Hips,-1,0.680249810218811,-0.0776543840765953,-0.7288551330566406,0,0.04703659191727638,0.9969469904899597,-0.06231783330440521,0,0.7314697504043579,0.008108837530016899,0.6818261742591858,0,0.031998999416828156,0.9952260255813599,-0.040394000709056854,1
B1,mixamorig_Spine,0,0.9557129144668579,0.2856299579143524,-0.0709061473608017,0,-0.2833060622215271,0.9581469297409058,0.04112779721617699,0,0.07968591153621674,-0.019218239933252335,0.9966349601745605,0,-0.023020999506115913,0.12121699750423431,0,1
B2,mixamorig_Spine1,1,0.9681530594825745,0.20462392270565033,-0.14425323903560638,0,-0.19447007775306702,0.9775220155715942,0.08143726736307144,0,0.15767471492290497,-0.05079079791903496,0.9861840605735779,0,0,0.1439480036497116,0,1
B3,mixamorig_Spine2,2,0.9681530594825745,0.20462392270565033,-0.14425323903560638,0,-0.19447007775306702,0.9775220155715942,0.08143726736307144,0,0.15767471492290497,-0.05079079791903496,0.9861840605735779,0,0,0.16451199352741241,0,1
B4,mixamorig_Neck,3,0.9654290676116943,-0.2597057819366455,0.02234489470720291,0,0.25984516739845276,0.9656440019607544,-0.003523813793435693,0,-0.020662056282162666,0.009208204224705696,0.9997439980506897,0,0,0.18507599830627441,0,1
B5,mixamorig_Head,4,0.9314630627632141,-0.10245591402053833,-0.34911301732063293,0,0.11163504421710968,0.9937299489974976,0.00621691532433033,0,0.34628695249557495,-0.04476405680179596,0.9370600581169128,0,-0.2194959968328476,0.30166399478912354,0,1
B6,mixamorig_HeadTop_End,5,1,0,0,0,0,1,0,0,0,0,1,0,-0.47626999020576477,0.6545630097389221,0,1
B7,mixamorig_LeftShoulder,3,0.9978089928627014,0.01606934331357479,0.06417406350374222,0,-0.0629449412226677,-0.06791418045759201,0.9957038760185242,0,0.020358646288514137,-0.9975619316101074,-0.06675391644239426,0,-0.02285899966955185,0.14002400636672974,0.31891700625419617,1
B8,mixamorig_LeftArm,7,-0.9371979236602783,-0.19181978702545166,-0.291316956281662,0,-0.34590402245521545,0.4037547707557678,0.8469550609588623,0,-0.04484211280941963,0.8945319056510925,-0.4447491466999054,0,0,0.7218000292778015,0,1
B9,mixamorig_LeftForeArm,8,-0.6848827600479126,0.5979472994804382,0.4164067506790161,0,0.7116407752037048,0.6716741919517517,0.20596396923065186,0,-0.1565340906381607,0.43739327788352966,-0.8855418562889099,0,0,0.32924601435661316,0,1
B10,mixamorig_LeftHand,9,1,0,0,0,0,1,0,0,0,0,1,0,0,0.8448500037193298,0,1
B11,mixamorig_RightShoulder,3,-0.9823579788208008,-0.008500877767801285,0.18681682646274567,0,-0.18551914393901825,-0.08159119635820389,-0.9792469143867493,0,0.023567086085677147,-0.9966300129890442,0.07857473939657211,0,-0.011376000009477139,0.1378439962863922,-0.31891700625419617,1
B12,mixamorig_RightArm,11,0.9792570471763611,0.20219384133815765,-0.013150986284017563,0,-0.06907005608081818,0.3941250741481781,0.916458010673523,0,0.1904851645231247,-0.8965389728546143,0.39991500973701477,0,0,0.7212690114974976,0,1
B13,mixamorig_RightForeArm,12,0.7025690078735352,-0.5771540999412537,0.41628193855285645,0,0.6673509478569031,0.7374690175056458,-0.10384020954370499,0,-0.24706317484378815,0.35076093673706055,0.9032869338989258,0,0,0.3127799928188324,0,1
B14,mixamorig_RightHand,13,1,0,0,0,0,1,0,0,0,0,1,0,0,0.8417630195617676,0,1
B15,mixamorig_LeftUpLeg,0,-0.5588249564170837,0.816460132598877,-0.14528793096542358,0,-0.7977180480957031,-0.48136022686958313,0.3632327616214752,0,0.22662919759750366,0.3188823163509369,0.9203009605407715,0,0.008400999940931797,-0.06772100180387497,0.6049990057945251,1
B16,mixamorig_LeftLeg,15,0.4539352357387543,0.8472458124160767,-0.2758929133415222,0,-0.8778861165046692,0.4782538115978241,0.024267029017210007,0,0.15250703692436218,0.23118700087070465,0.9608819484710693,0,0,0.4281870126724243,0,1
B17,mixamorig_LeftFoot,16,-0.04237406700849533,-0.32829901576042175,-0.9436231255531311,0,0.3775762915611267,0.8691668510437012,-0.3193500339984894,0,0.9250081181526184,-0.36982178688049316,0.08712778240442276,0,0,0.46614599227905273,0,1
B18,mixamorig_LeftToeBase,17,0.9995569586753845,-0.0030679511837661266,-0.029608942568302155,0,0.026016071438789368,0.5734139680862427,0.8188520073890686,0,0.014465992338955402,-0.8192599415779114,0.5732400417327881,0,0,0.19677500426769257,0,1
B19,mixamorig_LeftToe_End,18,1,0,0,0,0,1,0,0,0,0,1,0,0,0.07857900112867355,0,1
B20,mixamorig_RightUpLeg,0,-0.9614140391349792,-0.18910232186317444,-0.19980880618095398,0,0.2635228633880615,-0.8415641784667969,-0.4715149998664856,0,-0.07898730784654617,-0.5059751272201538,0.8589238524436951,0,0.02771499939262867,-0.06772100180387497,-0.6049990057945251,1
B21,mixamorig_RightLeg,20,0.6295578479766846,0.7761850953102112,-0.034542981535196304,0,-0.7696428298950195,0.6291022300720215,0.10899814963340759,0,0.10633386671543121,-0.042034901678562164,0.9934420585632324,0,0,0.4272739887237549,0,1
B22,mixamorig_RightFoot,21,0.24884238839149475,0.4313700795173645,-0.8671779036521912,0,0.8908860087394714,0.24933642148971558,0.3796757161617279,0,0.37999969720840454,-0.867035984992981,-0.3222559988498688,0,0,0.46706900000572205,0,1
B23,mixamorig_RightToeBase,22,0.9993320107460022,0.0037650088779628277,-0.03635081276297569,0,0.02775515988469124,0.5688858032226562,0.8219481110572815,0,0.023774102330207825,-0.8224079012870789,0.5684012174606323,0,0,0.195591002702713,0,1
B24,mixamorig_RightToe_End,23,1,0,0,0,0,1,0,0,0,0,1,0,0,0.07788799703121185,0,1
@20,0,1,2,3,4,5,7,8,9,11,12,13,15,16,17,18,20,21,22,23
K0,-0.7288551330566406,-0.07765446603298187,-0.6802497506141663,0,-0.062317997217178345,0.9969469904899597,-0.04703652858734131,0,0.681826114654541,0.008108996786177158,-0.7314697504043579,0,-0.040393996983766556,0.9952260255813599,-0.031998999416828156,1,0.9557129144668579,0.2856299579143524,-0.07090611755847931,0,-0.2833060622215271,0.9581469297409058,0.0411277711391449,0,0.07968587428331375,-0.01921822503209114,0.9966349601745605,0,-0.023020999506115913,0.12121699750423431,0,1,0.9681530594825745,0.20462392270565033,-0.14425326883792877,0,-0.19447007775306702,0.9775220155715942,0.08143723011016846,0,0.15767474472522736,-0.050790756940841675,0.9861840605735779,0,0,0.1439480036497116,0,1,0.9681530594825745,0.20462392270565033,-0.14425326883792877,0,-0.19447007775306702,0.9775220155715942,0.08143723011016846,0,0.15767474472522736,-0.050790756940841675,0.9861840605735779,0,0,0.16451199352741241,0,1,0.9654290676116943,-0.2597057819366455,0.022344917058944702,0,0.25984516739845276,0.9656440019607544,-0.003523801686242223,0,-0.020662082359194756,0.009208198636770248,0.9997439980506897,0,0,0.18507599830627441,0,1,0.9314630031585693,-0.10245592147111893,-0.3491130471229553,0,0.11163506656885147,0.9937299489974976,0.006216925568878651,0,0.34628698229789734,-0.04476407542824745,0.9370600581169128,0,-0.2194959968328476,0.30166399478912354,0,1,0.9978089928627014,0.016069425269961357,0.06417369097471237,0,-0.06294456869363785,-0.06791417300701141,0.9957039952278137,0,0.020358696579933167,-0.9975619912147522,-0.06675390154123306,0,-0.02285899966955185,0.14002400636672974,0.31891700625419617,1,-0.9371979236602783,-0.19181983172893524,-0.29131704568862915,0,-0.345904141664505,0.4037547707557678,0.8469550609588623,0,-0.044842109084129333,0.8945319056510925,-0.4447491765022278,0,0,0.7218000292778015,0,1,-0.6848827004432678,0.5979472398757935,0.4164067506790161,0,0.7116407155990601,0.6716743111610413,0.20596382021903992,0,-0.15653420984745026,0.4373931586742401,-0.8855418562889099,0,0,0.32924601435661316,0,1,-0.9823579788208008,-0.008501053787767887,0.1868167519569397,0,-0.1855190545320511,-0.08159120380878448,-0.979246973991394,0,0.023567255586385727,-0.9966299533843994,0.07857473194599152,0,-0.011376000009477139,0.1378439962863922,-0.31891700625419617,1,0.9792570471763611,0.20219387114048004,-0.013150883838534355,0,-0.06907016038894653,0.3941250741481781,0.916458010673523,0,0.1904851347208023,-0.8965389728546143,0.39991500973701477,0,0,0.7212690114974976,0,1,0.7025690078735352,-0.5771540999412537,0.4162818491458893,0,0.6673509478569031,0.7374690771102905,-0.10384014993906021,0,-0.24706314504146576,0.350760817527771,0.9032869338989258,0,0,0.3127799928188324,0,1,-0.5588249564170837,0.8164600133895874,-0.14528802037239075,0,-0.7977179884910583,-0.48136022686958313,0.36323264241218567,0,0.22662903368473053,0.3188823461532593,0.9203009605407715,0,0.008400999940931797,-0.06772100180387497,0.6049990057945251,1,0.4539352357387543,0.8472458124160767,-0.2758929431438446,0,-0.8778861165046692,0.4782538115978241,0.024267015978693962,0,0.15250703692436218,0.23118701577186584,0.9608819484710693,0,0,0.4281870126724243,0,1,-0.042373623698949814,-0.32829877734184265,-0.9436230659484863,0,0.3775762617588043,0.8691669702529907,-0.3193497061729431,0,0.9250079989433289,-0.369821697473526,0.08712809532880783,0,0,0.46614599227905273,0,1,0.9995569586753845,-0.003067920682951808,-0.029608968645334244,0,0.026016077026724815,0.5734139084815979,0.8188520073890686,0,0.014466029591858387,-0.8192599415779114,0.5732399821281433,0,0,0.19677500426769257,0,1,-0.9614140391349792,-0.18910226225852966,-0.19980871677398682,0,0.26352277398109436,-0.8415641784667969,-0.4715149700641632,0,-0.07898727804422379,-0.5059750080108643,0.8589239120483398,0,0.02771499939262867,-0.06772100180387497,-0.6049990057945251,1,0.6295578479766846,0.776185154914856,-0.034543074667453766,0,-0.7696428298950195,0.6291022300720215,0.10899816453456879,0,0.10633393377065659,-0.04203483834862709,0.9934420585632324,0,0,0.4272739887237549,0,1,0.24884194135665894,0.43137049674987793,-0.8671778440475464,0,0.8908862471580505,0.2493361085653305,0.37967538833618164,0,0.37999942898750305,-0.8670358657836914,-0.3222566843032837,0,0,0.46706900000572205,0,1,0.9993320107460022,0.003765108762308955,-0.03635081276297569,0,0.02775510586798191,0.5688858032226562,0.8219480514526367,0,0.02377418242394924,-0.8224078416824341,0.5684012174606323,0,0,0.195591002702713,0,1
K0.033,-0.7285420298576355,-0.07797780632972717,-0.680547833442688,0,-0.0625283494591713,0.9969220161437988,-0.04729020223021507,0,0.6821410655975342,0.008100645616650581,-0.7311757802963257,0,-0.04044899716973305,0.99543297290802,-0.03209099918603897,1,0.9557280540466309,0.28557971119880676,-0.07090628147125244,0,-0.2832573652267456,0.9581629633903503,0.0411093644797802,0,0.07967972010374069,-0.01920463517308235,0.9966350197792053,0,-0.023020999506115913,0.12121699750423431,0,1,0.9681719541549683,0.2045230269432068,-0.14426620304584503,0,-0.19437196850776672,0.9775439500808716,0.08141022175550461,0,0.1576767861843109,-0.05077778175473213,0.9861840009689331,0,0,0.1439480036497116,0,1,0.968172013759613,0.20452307164669037,-0.14426666498184204,0,-0.19437190890312195,0.9775440096855164,0.08141077309846878,0,0.1576773226261139,-0.05077822133898735,0.9861838817596436,0,0,0.16451199352741241,0,1,0.9655890464782715,-0.2591126263141632,0.022336822003126144,0,0.25925031304359436,0.9658039212226868,-0.0034611320588737726,0,-0.02067617140710354,0.009132863022387028,0.9997450113296509,0,0,0.18507599830627441,0,1,0.931663990020752,-0.10192234814167023,-0.34873077273368835,0,0.11102961003780365,0.9937980771064758,0.006171114277094603,0,0.3459392189979553,-0.04446887597441673,0.9372029304504395,0,-0.2194959968328476,0.30166399478912354,0,1,0.9977849721908569,0.016149768605828285,0.06452424079179764,0,-0.06329122185707092,-0.0678052082657814,0.9956889748573303,0,0.020455237478017807,-0.9975680112838745,-0.06663292646408081,0,-0.02285899966955185,0.14002400636672974,0.31891700625419617,1,-0.9371840357780457,-0.19200588762760162,-0.291238009929657,0,-0.3459291458129883,0.4040048122406006,0.8468260169029236,0,-0.0449339896440506,0.8943790197372437,-0.44504714012145996,0,0,0.7218000292778015,0,1,-0.6847533583641052,0.5980996489524841,0.41640082001686096,0,0.7117962837219238,0.671493649482727,0.20601490139961243,0,-0.1563931256532669,0.43746209144592285,-0.8855329751968384,0,0,0.32924601435661316,0,1,-0.9824450016021729,-0.008534984663128853,0.1863570362329483,0,-0.18507298827171326,-0.08096808940172195,-0.9793840646743774,0,0.02344798669219017,-0.9966800212860107,0.07796706259250641,0,-0.011376000009477139,0.1378439962863922,-0.31891700625419617,1,0.9793779850006104,0.201601043343544,-0.013249494135379791,0,-0.06872090697288513,0.3940800428390503,0.9165029525756836,0,0.18998944759368896,-0.8966929316520691,0.39980778098106384,0,0,0.7212690114974976,0,1,0.702022910118103,-0.5774210095405579,0.4168311357498169,0,0.6676769852638245,0.7372650504112244,-0.10318855941295624,0,-0.24773181974887848,0.35074934363365173,0.9031078815460205,0,0,0.3127799928188324,0,1,-0.5596140623092651,0.8159458637237549,-0.1451379805803299,0,-0.7971840500831604,-0.48210179805755615,0.36342301964759827,0,0.22656196355819702,0.3190779685974121,0.9202489852905273,0,0.008400999940931797,-0.06772100180387497,0.6049990057945251,1,0.45438331365585327,0.8470526933670044,-0.27574819326400757,0,-0.8776382803916931,0.47870659828186035,0.02431763894855976,0,0.15260079503059387,0.23095762729644775,0.960922122001648,0,0,0.4281870126724243,0,1,-0.0424201637506485,-0.3283087909221649,-0.9436179995536804,0,0.37762418389320374,0.869138777256012,-0.3193715810775757,0,0.924986720085144,-0.3698805272579193,0.08710826933383942,0,0,0.46614599227905273,0,1,0.9995549917221069,-0.002857466693967581,-0.029682040214538574,0,0.025951528921723366,0.5736259818077087,0.8187059164047241,0,0.014686967246234417,-0.8191120624542236,0.5734449625015259,0,0,0.19677500426769257,0,1,-0.9615398049354553,-0.1886831820011139,-0.19959990680217743,0,0.2630767822265625,-0.8415278792381287,-0.47182711958885193,0,-0.07894307374954224,-0.506190836429596,0.8588010668754578,0,0.02771499939262867,-0.06772100180387497,-0.6049990057945251,1,0.6294450759887695,0.7762969732284546,-0.03409777209162712,0,-0.7697709798812866,0.6289419531822205,0.10901594161987305,0,0.10607422888278961,-0.04237205907702446,0.9934549331665039,0,0,0.4272739887237549,0,1,0.24866624176502228,0.4311428666114807,-0.8673409819602966,0,0.8907968997955322,0.24981416761875153,0.3795700967311859,0,0.38032296299934387,-0.8670108914375305,-0.3219403624534607,0,0,0.46706900000572205,0,1,0.9993320107460022,0.003765108762308955,-0.03635081276297569,0,0.02775510586798191,0.5688858032226562,0.8219480514526367,0,0.02377418242394924,-0.8224078416824341,0.5684012174606323,0,0,0.195591002702713,0,1
K0.067,-0.7283172011375427,-0.0782611295580864,-0.680756688117981,0,-0.0627170279622078,0.9969000220298767,-0.047506872564554214,0,0.6823641657829285,0.008094963617622852,-0.73096764087677,0,-0.040484994649887085,0.9956430196762085,-0.032193999737501144,1,0.9557589292526245,0.2854751646518707,-0.07091423869132996,0,-0.28315481543540955,0.9581940770149231,0.04107598215341568,0,0.07967576384544373,-0.019179021939635277,0.9966360330581665,0,-0.023020999506115913,0.12121699750423431,0,1,0.9682130813598633,0.2043089121580124,-0.14429686963558197,0,-0.19416409730911255,0.977590024471283,0.0813470184803009,0,0.1576831340789795,-0.05074397847056389,0.9861850142478943,0,0,0.1439480036497116,0,1,0.9682130813598633,0.2043089121580124,-0.14429686963558197,0,-0.19416409730911255,0.977590024471283,0.0813470184803009,0,0.1576831340789795,-0.05074397847056389,0.9861850142478943,0,0,0.16451199352741241,0,1,0.9658749103546143,-0.25804340839385986,0.022328652441501617,0,0.2581765949726105,0.966092050075531,-0.003252123948186636,0,-0.020732346922159195,0.008905881084501743,0.9997449517250061,0,0,0.18507599830627441,0,1,0.931956946849823,-0.10084035992622375,-0.3482629358768463,0,0.10971768200397491,0.9939460754394531,0.005806755740195513,0,0.34556904435157776,-0.043622251600027084,0.937379002571106,0,-0.2194959968328476,0.30166399478912354,0,1,0.9977899193763733,0.016265371814370155,0.06442096829414368,0,-0.06319262832403183,-0.06721360236406326,0.9957350492477417,0,0.02052597887814045,-0.9976059794425964,-0.06603723764419556,0,-0.02285899966955185,0.14002400636672974,0.31891700625419617,1,-0.9371049404144287,-0.19230784475803375,-0.2912951409816742,0,-0.34610408544540405,0.40376871824264526,0.8468660712242126,0,-0.04524313285946846,0.894420862197876,-0.44493213295936584,0,0,0.7218000292778015,0,1,-0.6846919655799866,0.5982899069786072,0.416228324174881,0,0.711924135684967,0.6713159084320068,0.20615412294864655,0,-0.1560806781053543,0.4374748766422272,-0.8855811953544617,0,0,0.32924601435661316,0,1,-0.9826021790504456,-0.008610233664512634,0.18552665412425995,0,-0.18426722288131714,-0.07977014780044556,-0.9796339273452759,0,0.02323434129357338,-0.9967760443687439,0.07679560035467148,0,-0.011376000009477139,0.1378439962863922,-0.31891700625419617,1,0.9795939326286316,0.20054732263088226,-0.013248943723738194,0,-0.06819871068000793,0.3936851918697357,0.9167119860649109,0,0.1890600621700287,-0.8971021175384521,0.3993287682533264,0,0,0.7212690114974976,0,1,0.7010301947593689,-0.5778740644454956,0.41787272691726685,0,0.668179988861084,0.7370109558105469,-0.10174113512039185,0,-0.2491832822561264,0.35053786635398865,0.9027909636497498,0,0,0.3127799928188324,0,1,-0.5603098273277283,0.8155031800270081,-0.14493681490421295,0,-0.7967178225517273,-0.4827950596809387,0.36352336406707764,0,0.22647981345653534,0.3191596269607544,0.9202411770820618,0,0.008400999940931797,-0.06772100180387497,0.6049990057945251,1,0.45482197403907776,0.8468960523605347,-0.27550700306892395,0,-0.8774020075798035,0.4791359603404999,0.024379219859838486,0,0.15265201032161713,0.23064222931861877,0.9609900116920471,0,0,0.4281870126724243,0,1,-0.042463917285203934,-0.32835468649864197,-0.9435989856719971,0,0.3776172995567322,0.8691198825836182,-0.3194308876991272,0,0.9249879121780396,-0.3698839247226715,0.0870862603187561,0,0,0.46614599227905273,0,1,0.999550998210907,-0.0022909350227564573,-0.029878975823521614,0,0.02578306943178177,0.5738888382911682,0.8185270428657532,0,0.015272015705704689,-0.8189298510551453,0.5736901760101318,0,0,0.19677500426769257,0,1,-0.9616140723228455,-0.1884719282388687,-0.19944104552268982,0,0.26283207535743713,-0.8414719700813293,-0.4720652103424072,0,-0.07885295152664185,-0.5063637495040894,0.8587071299552917,0,0.02771499939262867,-0.06772100180387497,-0.6049990057945251,1,0.6295148730278015,0.7762540578842163,-0.03377121314406395,0,-0.7697349190711975,0.6289740800857544,0.10909007489681244,0,0.10592278093099594,-0.04267892614006996,0.9934579730033875,0,0,0.4272739887237549,0,1,0.2484482079744339,0.43097570538520813,-0.8674870133399963,0,0.8906968235969543,0.2503330707550049,0.37946319580078125,0,0.38070008158683777,-0.8669449090957642,-0.32167384028434753,0,0,0.46706900000572205,0,1,0.9993320107460022,0.003765108762308955,-0.03635081276297569,0,0.02775510586798191,0.5688858032226562,0.8219480514526367,0,0.02377418242394924,-0.8224078416824341,0.5684012174606323,0,0,0.195591002702713,0,1
K0.100,-0.7283039689064026,-0.07859978079795837,-0.6807318925857544,0,-0.06286343187093735,0.9968749284744263,-0.047846220433712006,0,0.6823651194572449,0.007946553640067577,-0.7309688925743103,0,-0.04049099609255791,0.9958469867706299,-0.032308999449014664,1,0.9558089971542358,0.28531402349472046,-0.07088633626699448,0,-0.2829989492893219,0.9582429528236389,0.041012056171894073,0,0.07962766289710999,-0.019138935953378677,0.9966410398483276,0,-0.023020999506115913,0.12121699750423431,0,1,0.9682899713516235,0.2039751410484314,-0.14425471425056458,0,-0.19385387003421783,0.9776650667190552,0.08119401335716248,0,0.15759426355361938,-0.05065498128533363,0.9862040281295776,0,0,0.1439480036497116,0,1,0.9682900309562683,0.2039746344089508,-0.14425423741340637,0,-0.19385337829589844,0.9776648879051208,0.08119391649961472,0,0.1575937718153,-0.05065507814288139,0.9862040877342224,0,0,0.16451199352741241,0,1,0.9663339257240295,-0.25632205605506897,0.022326234728097916,0,0.25645098090171814,0.9665520191192627,-0.003077002940699458,0,-0.020790761336684227,0.008698997087776661,0.9997460246086121,0,0,0.18507599830627441,0,1,0.9323099851608276,-0.09886203706264496,-0.3478851318359375,0,0.10729397088289261,0.9942150115966797,0.005004896316677332,0,0.3453778922557831,-0.041992101818323135,0.9375240206718445,0,-0.2194959968328476,0.30166399478912354,0,1,0.9978389739990234,0.016432516276836395,0.06362491846084595,0,-0.06241448596119881,-0.06588955968618393,0.9958730936050415,0,0.020556911826133728,-0.9976920485496521,-0.06472153961658478,0,-0.02285899966955185,0.14002400636672974,0.31891700625419617,1,-0.9369518756866455,-0.19265031814575195,-0.2915589213371277,0,-0.346448689699173,0.4028235077857971,0.8471758365631104,0,-0.04576192796230316,0.8947731256484985,-0.4441695511341095,0,0,0.7218000292778015,0,1,-0.6844199895858765,0.5987208485603333,0.41605716943740845,0,0.7122921943664551,0.6708739399909973,0.20631976425647736,0,-0.15559381246566772,0.4375632405281067,-0.8856228590011597,0,0,0.32924601435661316,0,1,-0.9828400015830994,-0.008899368345737457,0.18424612283706665,0,-0.18301036953926086,-0.07796831429004669,-0.9800139665603638,0,0.02308686636388302,-0.9969159960746765,0.07500168681144714,0,-0.011376000009477139,0.1378439962863922,-0.31891700625419617,1,0.979885995388031,0.1991378366947174,-0.012961823493242264,0,-0.0676601380109787,0.392631858587265,0.9172040224075317,0,0.18773917853832245,-0.8978779911994934,0.39820796251296997,0,0,0.7212690114974976,0,1,0.6994649171829224,-0.5786818861961365,0.41937536001205444,0,0.6690700650215149,0.7364858388900757,-0.09967217594385147,0,-0.25118565559387207,0.3503088355064392,0.9023251533508301,0,0,0.3127799928188324,0,1,-0.5607277154922485,0.8152351975440979,-0.14483310282230377,0,-0.7964768409729004,-0.48325812816619873,0.36343613266944885,0,0.22629410028457642,0.3191448748111725,0.9202920198440552,0,0.008400999940931797,-0.06772100180387497,0.6049990057945251,1,0.4551161825656891,0.8467978239059448,-0.2753221094608307,0,-0.8772252202033997,0.4794516861438751,0.024550337344408035,0,0.15279288589954376,0.23034632205963135,0.9610389471054077,0,0,0.4281870126724243,0,1,-0.04246535524725914,-0.3283557891845703,-0.9435991048812866,0,0.3774612545967102,0.8691809773445129,-0.31944671273231506,0,0.9250511527061462,-0.3697377145290375,0.0870315432548523,0,0,0.46614599227905273,0,1,0.9995439648628235,-0.0014390458818525076,-0.030178047716617584,0,0.025532953441143036,0.5742100477218628,0.8183099031448364,0,0.016150949522852898,-0.8187071084976196,0.5739848017692566,0,0,0.19677500426769257,0,1,-0.9614659547805786,-0.18905320763587952,-0.1996041238307953,0,0.26340579986572266,-0.8414071202278137,-0.4718589186668396,0,-0.07874187082052231,-0.5062531232833862,0.8587819337844849,0,0.02771499939262867,-0.06772100180387497,-0.6049990057945251,1,0.6303041577339172,0.7756048440933228,-0.03396810218691826,0,-0.7690641283988953,0.6297718286514282,0.10921375453472137,0,0.10609889775514603,-0.04271424934267998,0.9934379458427429,0,0,0.4272739887237549,0,1,0.24822978675365448,0.4309873878955841,-0.8675438165664673,0,0.8904651999473572,0.25107210874557495,0.3795184791088104,0,0.3813835680484772,-0.8667250275611877,-0.32145556807518005,0,0,0.46706900000572205,0,1,0.999330997467041,0.00375865469686687,-0.03637012466788292,0,0.02777465432882309,0.5688858032226562,0.8219471573829651,0,0.02377987653017044,-0.8224078416824341,0.5684010982513428,0,0,0.195591002702713,0,1
K0.133,-0.7285650372505188,-0.07895918190479279,-0.6804108023643494,0,-0.06301499158143997,0.9968480467796326,-0.04820583388209343,0,0.682072103023529,0.007754995487630367,-0.7312438488006592,0,-0.04042299464344978,0.9960229992866516,-0.03241400048136711,1,0.955880880355835,0.285094290971756,-0.07080580294132233,0,-0.2827886939048767,0.958310067653656,0.04090693220496178,0,0.07951619476079941,-0.019079061225056648,0.9966509938240051,0,-0.023020999506115913,0.12121699750423431,0,1,0.9684088826179504,0.20351436734199524,-0.14410191774368286,0,-0.1934376060962677,0.977768063545227,0.08093678206205368,0,0.15737009048461914,-0.05050518736243248,0.9862469434738159,0,0,0.1439480036497116,0,1,0.9684088826179504,0.20351436734199524,-0.14410191774368286,0,-0.1934376060962677,0.977768063545227,0.08093678206205368,0,0.15737009048461914,-0.05050518736243248,0.9862469434738159,0,0,0.16451199352741241,0,1,0.96698397397995,-0.25385797023773193,0.022308798506855965,0,0.25398799777030945,0.9672019481658936,-0.003154998878017068,0,-0.02077620103955269,0.008717003278434277,0.9997460246086121,0,0,0.18507599830627441,0,1,0.9326620697975159,-0.09587756544351578,-0.3477779030799866,0,0.10367633402347565,0.9946039319038391,0.0038380457554012537,0,0.3455331027507782,-0.03963591530919075,0.9375690221786499,0,-0.2194959968328476,0.30166399478912354,0,1,0.997937023639679,0.01664968580007553,0.0620013065636158,0,-0.06082428991794586,-0.06374705582857132,0.9961108565330505,0,0.02053733356297016,-0.9978269934654236,-0.06260283291339874,0,-0.02285899966955185,0.14002400636672974,0.31891700625419617,1,-0.9368368983268738,-0.1930101066827774,-0.29169028997421265,0,-0.34664690494537354,0.4012390673160553,0.8478459119796753,0,-0.04660531133413315,0.8954070806503296,-0.44280198216438293,0,0,0.7218000292778015,0,1,-0.6836591362953186,0.5995288491249084,0.41614311933517456,0,0.7131271958351135,0.6699848175048828,0.20632492005825043,0,-0.1551119089126587,0.43781909346580505,-0.8855819702148438,0,0,0.32924601435661316,0,1,-0.9831631183624268,-0.009274816140532494,0.18249697983264923,0,-0.18129178881645203,-0.0756501704454422,-0.9805150628089905,0,0.022900007665157318,-0.9970910549163818,0.07269489020109177,0,-0.011376000009477139,0.1378439962863922,-0.31891700625419617,1,0.9802179932594299,0.19754119217395782,-0.012240510433912277,0,-0.06728880852460861,0.3907780647277832,0.9180219769477844,0,0.18613046407699585,-0.8990379571914673,0.39633995294570923,0,0,0.7212690114974976,0,1,0.6973509192466736,-0.5798708200454712,0.4212501645088196,0,0.6704440116882324,0.7355440258979797,-0.09736312180757523,0,-0.2533899247646332,0.35032084584236145,0.9017030596733093,0,0,0.3127799928188324,0,1,-0.560867965221405,0.8151600360870361,-0.14471407234668732,0,-0.7964659333229065,-0.48354998230934143,0.363072007894516,0,0.2259850651025772,0.31889498233795166,0.9204540252685547,0,0.008400999940931797,-0.06772100180387497,0.6049990057945251,1,0.45547688007354736,0.846575140953064,-0.2754119038581848,0,-0.8769740462303162,0.479898065328598,0.024793336167931557,0,0.15315909683704376,0.23023630678653717,0.9610069394111633,0,0,0.4281870126724243,0,1,-0.04237208142876625,-0.3282548487186432,-0.943638026714325,0,0.3769761323928833,0.8694218993186951,-0.3193652331829071,0,0.9252528548240662,-0.3692612648010254,0.08690503984689713,0,0,0.46614599227905273,0,1,0.9995309710502625,-0.0006979593308642507,-0.030601894482970238,0,0.02544904313981533,0.574478030204773,0.8181240558624268,0,0.01700911670923233,-0.8185200691223145,0.574226975440979,0,0,0.19677500426769257,0,1,-0.9610689878463745,-0.1905803084373474,-0.20006588101387024,0,0.26493072509765625,-0.8412321209907532,-0.47131699323654175,0,-0.0784781351685524,-0.5059720277786255,0.8589730858802795,0,0.02771499939262867,-0.06772100180387497,-0.6049990057945251,1,0.6318108439445496,0.7743431329727173,-0.03474901244044304,0,-0.7677409648895264,0.6313371062278748,0.10948586463928223,0,0.10671801120042801,-0.04249613732099533,0.9933810234069824,0,0,0.4272739887237549,0,1,0.24808725714683533,0.43122225999832153,-0.8674678206443787,0,0.8901151418685913,0.2519058883190155,0.3797878623008728,0,0.3822929263114929,-0.866365909576416,-0.3213425576686859,0,0,0.46706900000572205,0,1,0.9993299841880798,0.0037438625004142523,-0.03641486167907715,0,0.027819862589240074,0.568885862827301,0.8219460844993591,0,0.023793138563632965,-0.8224079608917236,0.5684001445770264,0,0,0.195591002702713,0,1
K0.167,-0.7290299534797668,-0.07942847162485123,-0.6798579692840576,0,-0.06329692155122757,0.9968119859695435,-0.0485835075378418,0,0.6815490126609802,0.007614078465849161,-0.7317329049110413,0,-0.04028399661183357,0.9961820244789124,-0.03248799964785576,1,0.9559760689735413,0.2848217487335205,-0.07061317563056946,0,-0.282535195350647,0.9583929181098938,0.04070484638214111,0,0.07926881313323975,-0.018962152302265167,0.996673047542572,0,-0.023020999506115913,0.12121699750423431,0,1,0.9685860276222229,0.20293596386909485,-0.1437271386384964,0,-0.19294804334640503,0.9779040217399597,0.08046578615903854,0,0.15688087046146393,-0.05020620673894882,0.9863410592079163,0,0,0.1439480036497116,0,1,0.9685860276222229,0.20293596386909485,-0.1437271386384964,0,-0.19294804334640503,0.9779040217399597,0.08046578615903854,0,0.15688087046146393,-0.05020620673894882,0.9863410592079163,0,0,0.16451199352741241,0,1,0.9678009152412415,-0.2507353127002716,0.022202802821993828,0,0.25086677074432373,0.9680161476135254,-0.003300157841295004,0,-0.020665202289819717,0.008763839490711689,0.9997479915618896,0,0,0.18507599830627441,0,1,0.9329591393470764,-0.09221002459526062,-0.3479728400707245,0,0.09932804852724075,0.9950510263442993,0.0026304605416953564,0,0.34600818157196045,-0.037017572671175,0.9375009536743164,0,-0.2194959968328476,0.30166399478912354,0,1,0.9980729818344116,0.01705184392631054,0.05965528264641762,0,-0.058513179421424866,-0.06105927377939224,0.9964179992675781,0,0.020633259788155556,-0.9979880452156067,-0.059943825006484985,0,-0.02285899966955185,0.14002400636672974,0.31891700625419617,1,-0.9368361234664917,-0.1933910995721817,-0.2914418876171112,0,-0.34649890661239624,0.3994671106338501,0.8487430810928345,0,-0.0477178692817688,0.8961170315742493,-0.44124487042427063,0,0,0.7218000292778015,0,1,-0.6824392080307007,0.6005929708480835,0.416612833738327,0,0.7143459916114807,0.6687760353088379,0.20603179931640625,0,-0.15487922728061676,0.4382092356681824,-0.8854289054870605,0,0,0.32924601435661316,0,1,-0.9835709929466248,-0.00971224159002304,0.1802612543106079,0,-0.1790892481803894,-0.07308804243803024,-0.9811139702796936,0,0.022703753784298897,-0.9972779750823975,0.07014787942171097,0,-0.011376000009477139,0.1378439962863922,-0.31891700625419617,1,0.9805680513381958,0.19586871564388275,-0.011067132465541363,0,-0.06719128787517548,0.38830697536468506,0.9190768599510193,0,0.18431590497493744,-0.9004740118980408,0.3939221501350403,0,0,0.7212690114974976,0,1,0.694801926612854,-0.5813369154930115,0.42343610525131226,0,0.6721989512443542,0.7342609763145447,-0.09491885453462601,0,-0.25573277473449707,0.35058313608169556,0.9009400010108948,0,0,0.3127799928188324,0,1,-0.5609432458877563,0.8151788711547852,-0.14431597292423248,0,-0.7964732646942139,-0.4838739037513733,0.3626246750354767,0,0.22577297687530518,0.3183553218841553,0.9206929206848145,0,0.008400999940931797,-0.06772100180387497,0.6049990057945251,1,0.45593076944351196,0.8461930155754089,-0.27583417296409607,0,-0.8766488432884216,0.48048222064971924,0.02497699484229088,0,0.15366880595684052,0.2304219901561737,0.9608810544013977,0,0,0.4281870126724243,0,1,-0.04220253974199295,-0.3279213011264801,-0.943761944770813,0,0.3762686550617218,0.8698402047157288,-0.31906208395957947,0,0.9255490303039551,-0.36857306957244873,0.08667699247598648,0,0,0.46614599227905273,0,1,0.9995189905166626,-0.0004359010490588844,-0.031001195311546326,0,0.025624100118875504,0.574539065361023,0.8180760145187378,0,0.017454801127314568,-0.8184770345687866,0.574273943901062,0,0,0.19677500426769257,0,1,-0.9604411125183105,-0.1928999423980713,-0.20085276663303375,0,0.26730504631996155,-0.8408631086349487,-0.4706348776817322,0,-0.07810425758361816,-0.5057061910629272,0.8591628670692444,0,0.02771499939262867,-0.06772100180387497,-0.6049990057945251,1,0.6338289380073547,0.7726431488990784,-0.03583572059869766,0,-0.765955924987793,0.6334380507469177,0.10985089838504791,0,0.10757526755332947,-0.042178090661764145,0.9933019876480103,0,0,0.4272739887237549,0,1,0.2480272799730301,0.43162375688552856,-0.8672850131988525,0,0.8897048234939575,0.25271710753440857,0.3802091181278229,0,0.3832849860191345,-0.865929901599884,-0.3213369846343994,0,0,0.46706900000572205,0,1,0.9993289709091187,0.003735222853720188,-0.036431919783353806,0,0.02784022130072117,0.5688360929489136,0.8219789266586304,0,0.023794079199433327,-0.8224420547485352,0.5683507919311523,0,0,0.195591002702713,0,1
K0.200,-0.7295430898666382,-0.08005110919475555,-0.6792338490486145,0,-0.06377297639846802,0.9967620372772217,-0.04897689074277878,0,0.6809551119804382,0.007586018182337284,-0.7322857975959778,0,-0.04006299749016762,0.9963529706001282,-0.03252900019288063,1,0.9560830593109131,0.2845127582550049,-0.07041793316602707,0,-0.2822452187538147,0.9584868550300598,0.04049886018037796,0,0.07901707291603088,-0.01884514093399048,0.9966949820518494,0,-0.023020999506115913,0.12121699750423431,0,1,0.968779981136322,0.20228293538093567,-0.14334219694137573,0,-0.19238406419754028,0.9780539274215698,0.0799890086054802,0,0.15637680888175964,-0.04991498962044716,0.986435055732727,0,0,0.1439480036497116,0,1,0.968779981136322,0.20228293538093567,-0.14334219694137573,0,-0.19238406419754028,0.9780539274215698,0.0799890086054802,0,0.15637680888175964,-0.04991498962044716,0.986435055732727,0,0,0.16451199352741241,0,1,0.9687179923057556,-0.2471829652786255,0.02205679565668106,0,0.24731503427028656,0.9689289927482605,-0.003435750724747777,0,-0.020522207021713257,0.00878324918448925,0.9997509121894836,0,0,0.18507599830627441,0,1,0.9332399964332581,-0.08833339810371399,-0.3482237756252289,0,0.09484058618545532,0.9954910278320312,0.0016481318743899465,0,0.3465081751346588,-0.03456386178731918,0.9374099373817444,0,-0.2194959968328476,0.30166399478912354,0,1,0.9982230067253113,0.017518047243356705,0.05696018040180206,0,-0.05585495010018349,-0.058166902512311935,0.9967430830001831,0,0.020774181932210922,-0.9981529712677002,-0.05708504840731621,0,-0.02285899966955185,0.14002400636672974,0.31891700625419617,1,-0.9369460344314575,-0.19375796616077423,-0.2908420264720917,0,-0.34603604674339294,0.39793092012405396,0.8496530652046204,0,-0.04889201000332832,0.8967209458351135,-0.43988704681396484,0,0,0.7218000292778015,0,1,-0.6810540556907654,0.6016637682914734,0.41733238101005554,0,0.7156401872634888,0.667573869228363,0.20543479919433594,0,-0.15499761700630188,0.4385722279548645,-0.8852291703224182,0,0,0.32924601435661316,0,1,-0.9840589761734009,-0.01019282080233097,0.1775495707988739,0,-0.17641082406044006,-0.07044897973537445,-0.9817919731140137,0,0.022515427321195602,-0.9974629282951355,0.06752794235944748,0,-0.011376000009477139,0.1378439962863922,-0.31891700625419617,1,0.9809280037879944,0.19413892924785614,-0.009484213776886463,0,-0.06741006672382355,0.3855587840080261,0.9202180504798889,0,0.18230679631233215,-0.9020280241966248,0.39129218459129333,0,0,0.7212690114974976,0,1,0.6919780373573303,-0.5828688144683838,0.4259462356567383,0,0.6740462183952332,0.7329269051551819,-0.09208895266056061,0,-0.2585117518901825,0.3508310317993164,0.9000499844551086,0,0,0.3127799928188324,0,1,-0.5612331628799438,0.8150950074195862,-0.1436566412448883,0,-0.7963131070137024,-0.48446810245513916,0.36218175292015076,0,0.22561563551425934,0.3176642954349518,0.9209709763526917,0,0.008400999940931797,-0.06772100180387497,0.6049990057945251,1,0.45653825998306274,0.8456518054008484,-0.2764892280101776,0,-0.876234233379364,0.4812345802783966,0.025036988779902458,0,0.15422874689102173,0.23083899915218353,0.9606910943984985,0,0,0.4281870126724243,0,1,-0.04199332371354103,-0.3273903727531433,-0.9439558982849121,0,0.3755056858062744,0.8703511953353882,-0.3185671269893646,0,0.925868034362793,-0.3678380846977234,0.08638788759708405,0,0,0.46614599227905273,0,1,0.9995120167732239,-0.0006388656329363585,-0.031230205669999123,0,0.025931134819984436,0.5743952393531799,0.8181668519973755,0,0.017415793612599373,-0.8185781240463257,0.574131965637207,0,0,0.19677500426769257,0,1,-0.9596741199493408,-0.19561982154846191,-0.20188717544078827,0,0.2701641917228699,-0.8402912020683289,-0.47002479434013367,0,-0.07769783586263657,-0.5056132078170776,0.8592549562454224,0,0.02771499939262867,-0.06772100180387497,-0.6049990057945251,1,0.6360703110694885,0.7707467675209045,-0.036935266107320786,0,-0.7639783024787903,0.6357646584510803,0.11018091440200806,0,0.10840373486280441,-0.04186507686972618,0.9932250380516052,0,0,0.4272739887237549,0,1,0.2479986995458603,0.43208885192871094,-0.8670618534088135,0,0.8892819285392761,0.2534956634044647,0.3806803524494171,0,0.38428428769111633,-0.865470826625824,-0.3213822841644287,0,0,0.46706900000572205,0,1,0.9993320107460022,0.0037480902392417192,-0.03636474162340164,0,0.02778209187090397,0.5686833262443542,0.8220878839492798,0,0.023761257529258728,-0.8225481510162354,0.5681986808776855,0,0,0.195591002702713,0,1
