0.667,30,19,33
B0,mixamorig_Hips,-1,0.9983670115470886,-0.05600220337510109,0.01129094883799553,0,0.052691783756017685,0.9790279865264893,0.19679315388202667,0,-0.022075003013014793,-0.1958768516778946,0.9803799986839294,0,0.022823000326752663,0.48960500955581665,-0.010594000108540058,1
B1,mixamorig_Spine,0,0.9956810474395752,0.09256178885698318,-0.007200119085609913,0,-0.09154023230075836,0.991707980632782,0.09019383043050766,0,0.01548891793936491,-0.08914518356323242,0.9958979487419128,0,0,0.11110000312328339,-0.009592000395059586,1
B2,mixamorig_Spine1,1,0.9999600052833557,0.008709762245416641,0.0018902684096246958,0,-0.008771228604018688,0.999334990978241,0.03539540246129036,0,-0.001580726820975542,-0.03541059419512749,0.9993720650672913,0,0,0.13009800016880035,0,1
B3,mixamorig_Spine2,2,0.9999939799308777,0.003049154533073306,0.0014638119610026479,0,-0.0031648625154048204,0.9962089657783508,0.08692941814661026,0,-0.0011932018678635359,-0.08693356812000275,0.9962130188941956,0,0,0.14868399500846863,0,1
B4,mixamorig_Neck,3,0.999970018863678,-0.0049629961140453815,0.005869642831385136,0,0.004849997349083424,0.9998059272766113,0.01911202073097229,0,-0.0059633562341332436,-0.01908297836780548,0.9998000264167786,0,0,0.1672690063714981,0,1
B5,mixamorig_Head,4,0.998399019241333,-0.05653110519051552,0.0016740026185289025,0,0.05476389452815056,0.9589489698410034,-0.27824029326438904,0,0.014123957604169846,0.27788668870925903,0.9605101346969604,0,0,0.061935000121593475,0.041638001799583435,1
B6,mixamorig_HeadTop_End,5,1,0,0,0,0,1,0,0,0,0,1,0,0,0.3509509861469269,0.2359369993209839,1
B7,mixamorig_LeftShoulder,3,0.06938638538122177,0.00897406879812479,-0.9975489974021912,0,0.9710380434989929,0.22856315970420837,0.06959857046604156,0,0.2286277711391449,-0.9734880924224854,0.007144997362047434,0,0.1751130074262619,0.19006000459194183,-0.002339000115171075,1
B8,mixamorig_LeftArm,7,0.9494110345840454,0.17991499602794647,-0.25738877058029175,0,0.23069921135902405,0.15650011599063873,0.9603569507598877,0,0.2130640298128128,-0.9711530804634094,0.1070767268538475,0,0,0.3328019976615906,0,1
B9,mixamorig_LeftForeArm,8,0.0007313168025575578,0.9995420575141907,0.030237067490816116,0,-0.999707043170929,-2.421631961624371e-7,0.02418702095746994,0,0.024175969883799553,-0.03024592623114586,0.9992499947547913,0,0,0.39250099658966064,0,1
B10,mixamorig_LeftHand,9,0.9948559999465942,0.04604493826627731,-0.09023398905992508,0,-0.06347103416919708,0.9775400161743164,-0.20096376538276672,0,0.07895395904779434,0.2056572288274765,0.9754339456558228,0,0,0.3555609881877899,0,1
B11,mixamorig_LeftHandIndex1,10,-0.3433534801006317,-0.9379279017448425,0.04899202659726143,0,0.18001030385494232,-0.014522118493914604,0.983557939529419,0,-0.9217941164970398,0.34652674198150635,0.17382270097732544,0,0,0.1563519984483719,0,1
B12,mixamorig_LeftHandIndex2,11,0.1361827403306961,-0.9743350744247437,0.17923706769943237,0,0.7396280169487,0.2203601747751236,0.6359179019927979,0,-0.6590940356254578,0.045967742800712585,0.7506549954414368,0,0,0.07732199877500534,0,1
B13,mixamorig_LeftHandIndex3,12,0.2045406699180603,-0.3203212320804596,0.9249640107154846,0,0.5951801538467407,0.7908970713615417,0.14227858185768127,0,-0.7771252393722534,0.5214177370071411,0.3524189889431,0,-0.022495999932289124,0.0492280013859272,-0.07839500159025192,1
B14,mixamorig_LeftHandIndex4,13,1,0,0,0,0,1,0,0,0,0,1,0,-0.00749199977144599,0.02568800002336502,-0.04678000137209892,1
B15,mixamorig_RightShoulder,3,0.12386495620012283,-0.010382003150880337,0.9922449588775635,0,-0.9670161008834839,0.2230224758386612,0.1230490431189537,0,-0.2225703001022339,-0.9747579097747803,0.017585119232535362,0,-0.1751130074262619,0.18933099508285522,0.00609799986705184,1
B16,mixamorig_RightArm,15,0.9051889777183533,-0.28161510825157166,-0.3183180093765259,0,0.4048360288143158,0.34330612421035767,0.8474950194358826,0,-0.12938691675662994,-0.8960100412368774,0.4247649908065796,0,0,0.33279600739479065,0,1
B17,mixamorig_RightForeArm,16,-0.004189304541796446,-0.9997210502624512,0.023242736235260963,0,0.9996960759162903,-0.0047519272193312645,-0.024204159155488014,0,0.024307850748300552,0.023134272545576096,0.9994369149208069,0,0,0.3922550082206726,0,1
B18,mixamorig_RightHand,17,0.27403295040130615,-0.25430580973625183,-0.9274880886077881,0,0.2153102159500122,0.9561479687690735,-0.1985490769147873,0,0.9373090863227844,-0.14528882503509521,0.3167710304260254,0,0,0.3557170033454895,0,1
B19,mixamorig_RightHandIndex1,18,-0.34594711661338806,-0.9115949273109436,-0.22206895053386688,0,-0.9241260290145874,0.29013776779174805,0.24861937761306763,0,-0.162209615111351,0.29122892022132874,-0.9428011178970337,0,0,0.2134229987859726,0,1
B20,mixamorig_RightHandIndex2,19,0.2101648449897766,-0.9545489549636841,0.21134613454341888,0,0.9635619521141052,0.23882202804088593,0.1204681470990181,0,-0.16546683013439178,0.17832690477371216,0.969959020614624,0,0,0.05642800033092499,0,1
B21,mixamorig_RightHandIndex3,20,0.6284701228141785,-0.6576279401779175,0.4153919517993927,0,0.7713010907173157,0.5959516763687134,-0.2234642058610916,0,-0.10059723258018494,0.4608328342437744,0.8817669749259949,0,-0.007871000096201897,0.0676570013165474,-0.02751299925148487,1
B22,mixamorig_RightHandIndex4,21,1,0,0,0,0,1,0,0,0,0,1,0,-0.003519000019878149,0.058681000024080276,-0.013879000209271908,1
B23,mixamorig_LeftUpLeg,0,-0.9707819819450378,0.22351215779781342,0.08731864392757416,0,-0.2325238585472107,-0.9660999774932861,-0.11217392235994339,0,0.059286341071128845,-0.12920016050338745,0.9898449182510376,0,0.17341700196266174,-0.06148499995470047,-0.015062999911606312,1
B24,mixamorig_LeftLeg,23,0.8805409669876099,-0.010007655248045921,-0.4738650918006897,0,-0.013008283451199532,-0.9999110102653503,-0.0030548006761819124,0,-0.4737918972969055,0.008854040876030922,-0.8805920481681824,0,0,0.22782500088214874,0,1
B25,mixamorig_LeftFoot,24,0.5045178532600403,-0.714867115020752,-0.4841768741607666,0,-0.4350697696208954,-0.694870114326477,0.5725991725921631,0,-0.7457719445228577,-0.07823579013347626,-0.6615912318229675,0,0,0.1571580022573471,0,1
B26,mixamorig_LeftToeBase,25,0.9877289533615112,-0.00010093580931425095,-0.15617945790290833,0,0.08970373868942261,0.8189670443534851,0.5667858719825745,0,0.1278485357761383,-0.5738402009010315,0.808925986289978,0,0,0.2575500011444092,0,1
B27,mixamorig_LeftToe_End,26,1,0,0,0,0,1,0,0,0,0,1,0,0,0.12922899425029755,0,1
B28,mixamorig_RightUpLeg,0,-0.9851679801940918,-0.09711874276399612,-0.14146305620670319,0,-0.005913793575018644,-0.8047078251838684,0.5936411619186401,0,-0.1714901179075241,0.5856727957725525,0.7921980619430542,0,-0.17341700196266174,-0.06148499995470047,-0.007178000174462795,1
B29,mixamorig_RightLeg,28,0.9493310451507568,-0.24519184231758118,-0.19659756124019623,0,-0.16315440833568573,0.15015307068824768,-0.9751079082489014,0,0.2686082124710083,0.957775890827179,0.10254082828760147,0,0,0.22769199311733246,0,1
B30,mixamorig_RightFoot,29,0.9984390139579773,0.05576295778155327,-0.003021113807335496,0,0.023918917402625084,-0.3781311511993408,0.9254429340362549,0,0.05046308413147926,-0.9240710735321045,-0.37887489795684814,0,0,0.1583160012960434,0,1
B31,mixamorig_RightToeBase,30,0.9871650338172913,0.00247532082721591,0.1596817821264267,0,-0.09011191874742508,0.834135890007019,0.5441483855247498,0,-0.13184940814971924,-0.5515537261962891,0.8236531615257263,0,0,0.25699400901794434,0,1
B32,mixamorig_RightToe_End,31,1,0,0,0,0,1,0,0,0,0,1,0,0,0.1294270008802414,0,1
@28,0,1,2,3,4,5,7,8,9,10,11,12,13,15,16,17,18,19,20,21,23,24,25,26,28,29,30,31
K0,0.01129100751131773,-0.056002214550971985,-0.9983669519424438,0,0.19679313898086548,0.9790279865264893,-0.052691780030727386,0,0.9803799390792847,-0.1958768516778946,0.02207506075501442,0,-0.010593998245894909,0.48960500955581665,-0.022822998464107513,1,0.9956810474395752,0.09256178140640259,-0.0072001004591584206,0,-0.09154022485017776,0.991707980632782,0.09019383043050766,0,0.015488898381590843,-0.08914518356323242,0.9958979487419128,0,0,0.11110000312328339,-0.009592000395059586,1,0.9999600052833557,0.008709766902029514,0.0018902707379311323,0,-0.008771233260631561,0.999334990978241,0.03539540618658066,0,-0.0015807290328666568,-0.035410597920417786,0.9993720650672913,0,0,0.13009800016880035,0,1,0.9999939799308777,0.0030491461511701345,0.0014638046268373728,0,-0.0031648536678403616,0.9962089657783508,0.08692941814661026,0,-0.0011931952321901917,-0.08693356812000275,0.9962130188941956,0,0,0.14868399500846863,0,1,0.999970018863678,-0.004962999373674393,0.005869643297046423,0,0.004850000608712435,0.9998059272766113,0.01911202073097229,0,-0.005963356699794531,-0.01908297836780548,0.9998000264167786,0,0,0.1672690063714981,0,1,0.998399019241333,-0.05653110891580582,0.0016739791026338935,0,0.05476389080286026,0.9589489698410034,-0.27824029326438904,0,0.014123980887234211,0.27788668870925903,0.9605101346969604,0,0,0.061935000121593475,0.041638001799583435,1,0.0693860799074173,0.008974503725767136,-0.9975489974021912,0,0.9710381031036377,0.2285628318786621,0.06959839165210724,0,0.22862748801708221,-0.9734882116317749,0.007144469767808914,0,0.1751130074262619,0.19006000459194183,-0.002339000115171075,1,0.9494110345840454,0.179915189743042,-0.25738877058029175,0,0.23069918155670166,0.15650013089179993,0.9603569507598877,0,0.21306420862674713,-0.9711530804634094,0.10707668960094452,0,0,0.3328019976615906,0,1,0.0007313170935958624,0.9995419979095459,0.030237048864364624,0,-0.9997069239616394,0,0.02418709546327591,0,0.02417604811489582,-0.030245903879404068,0.9992499947547913,0,0,0.39250099658966064,0,1,0.9948559999465942,0.04604494944214821,-0.09023400396108627,0,-0.06347104161977768,0.9775400161743164,-0.20096376538276672,0,0.07895397394895554,0.2056572288274765,0.9754339456558228,0,0,0.3555609881877899,0,1,-0.3433537185192108,-0.9379278421401978,0.04899220913648605,0,0.18001008033752441,-0.014521886594593525,0.9835579991340637,0,-0.9217941164970398,0.34652701020240784,0.17382240295410156,0,0,0.1563519984483719,0,1,0.13618294894695282,-0.9743349552154541,0.17923711240291595,0,0.7396280765533447,0.22036036849021912,0.6359177231788635,0,-0.6590938568115234,0.0459677018225193,0.7506551146507263,0,0,0.07732199877500534,0,1,0.2045409083366394,-0.3203212022781372,0.9249639511108398,0,0.5951799750328064,0.7908971905708313,0.1422785222530365,0,-0.7771252989768982,0.521417498588562,0.3524191379547119,0,-0.022495999932289124,0.0492280013859272,-0.07839500159025192,1,0.12386542558670044,-0.010381708852946758,0.9922449588775635,0,-0.9670160412788391,0.22302258014678955,0.12304947525262833,0,-0.22257040441036224,-0.974757969379425,0.01758549176156521,0,-0.1751130074262619,0.18933099508285522,0.00609799986705184,1,0.905189037322998,-0.28161507844924927,-0.3183179497718811,0,0.404835969209671,0.34330615401268005,0.8474950194358826,0,-0.12938691675662994,-0.8960100412368774,0.4247649908065796,0,0,0.33279600739479065,0,1,-0.004189135506749153,-0.9997209906578064,0.02324257604777813,0,0.9996959567070007,-0.004751747939735651,-0.024203885346651077,0,0.024307575076818466,0.02313411422073841,0.9994369149208069,0,0,0.3922550082206726,0,1,0.2740330994129181,-0.2543056905269623,-0.9274880290031433,0,0.21531029045581818,0.9561479687690735,-0.19854891300201416,0,0.9373089671134949,-0.14528891444206238,0.31677117943763733,0,0,0.3557170033454895,0,1,-0.3459470570087433,-0.9115949273109436,-0.2220686823129654,0,-0.9241260290145874,0.2901378273963928,0.24861934781074524,0,-0.1622096747159958,0.29122865200042725,-0.9428011178970337,0,0,0.2134229987859726,0,1,0.2101648449897766,-0.9545490145683289,0.21134623885154724,0,0.96356201171875,0.23882202804088593,0.12046803534030914,0,-0.16546675562858582,0.1783270239830017,0.969959020614624,0,0,0.05642800033092499,0,1,0.6284701824188232,-0.6576279401779175,0.41539183259010315,0,0.7713010311126709,0.5959517359733582,-0.22346419095993042,0,-0.10059718042612076,0.46083274483680725,0.8817670345306396,0,-0.007871000096201897,0.0676570013165474,-0.02751299925148487,1,-0.9707819819450378,0.22351214289665222,0.08731864392757416,0,-0.2325238287448883,-0.9660999774932861,-0.11217387765645981,0,0.05928635597229004,-0.12920011579990387,0.9898449182510376,0,0.17341700196266174,-0.06148499995470047,-0.015062999911606312,1,0.8805409669876099,-0.010007665492594242,-0.4738650918006897,0,-0.01300833374261856,-0.9999110102653503,-0.003054872155189514,0,-0.4737918972969055,0.008854128420352936,-0.8805920481681824,0,0,0.22782500088214874,0,1,0.5045177340507507,-0.7148672342300415,-0.4841768741607666,0,-0.4350697994232178,-0.6948699951171875,0.5725992918014526,0,-0.7457720637321472,-0.07823573052883148,-0.6615910530090332,0,0,0.1571580022573471,0,1,0.9877289533615112,-0.00010110056609846652,-0.1561795026063919,0,0.08970388770103455,0.8189671039581299,0.5667857527732849,0,0.12784847617149353,-0.5738402009010315,0.808925986289978,0,0,0.2575500011444092,0,1,-0.9851679801940918,-0.09711873531341553,-0.14146296679973602,0,-0.005913732573390007,-0.8047078251838684,0.5936411023139954,0,-0.17149004340171814,0.5856727361679077,0.792198121547699,0,-0.17341700196266174,-0.06148499995470047,-0.007178000174462795,1,0.9493309855461121,-0.24519221484661102,-0.1965974122285843,0,-0.1631542444229126,0.15015289187431335,-0.9751079678535461,0,0.26860854029655457,0.957775890827179,0.10254062712192535,0,0,0.22769199311733246,0,1,0.9984390139579773,0.05576278641819954,-0.003021043026819825,0,0.023918787017464638,-0.3781311511993408,0.9254429340362549,0,0.05046295002102852,-0.9240710735321045,-0.37887486815452576,0,0,0.1583160012960434,0,1,0.9871650338172913,0.0024752290919423103,0.15968166291713715,0,-0.09011177718639374,0.834135890007019,0.5441483855247498,0,-0.13184936344623566,-0.5515537261962891,0.8236531615257263,0,0,0.25699400901794434,0,1
K0.035,0.02743673324584961,0.004647670779377222,-0.9996124505996704,0,0.1654321402311325,0.9861783981323242,0.009125886484980583,0,0.985839307308197,-0.16561855375766754,0.026288660243153572,0,-0.02034527063369751,0.4908956289291382,-0.021170971915125847,1,0.9940671920776367,0.02980855479836464,-0.10460158437490463,0,-0.019031692296266556,0.9945454597473145,0.10255277901887894,0,0.10708800703287125,-0.09995362907648087,0.9892125129699707,0,0,0.11110000312328339,-0.009592000395059586,1,0.9988279938697815,0.009094877168536186,-0.04754157364368439,0,-0.007080253213644028,0.9990767240524292,0.042373962700366974,0,0.047883063554763794,-0.041987694799900055,0.9979701638221741,0,0,0.13009800016880035,0,1,0.9988034963607788,0.005667275749146938,-0.04858217388391495,0,-0.001107449526898563,0.9956303238868713,0.0933755561709404,0,0.04889905825257301,-0.09320999681949615,0.9944450855255127,0,0,0.14868399500846863,0,1,0.9994322061538696,-0.003620793577283621,0.03348379582166672,0,0.0027266733814030886,0.999639630317688,0.026710335165262222,0,-0.03356843814253807,-0.02660387195646763,0.9990819692611694,0,0,0.1672690063714981,0,1,0.9888251423835754,-0.03602924942970276,0.14465981721878052,0,0.07173816114664078,0.9656180739402771,-0.24986903369426727,0,-0.13068357110023499,0.2574544847011566,0.9574124217033386,0,0,0.061935000121593475,0.041638001799583435,1,0.06785467267036438,0.009096288122236729,-0.9976534247398376,0,0.9653208255767822,0.2520689070224762,0.06795386970043182,0,0.25209540128707886,-0.9676660895347595,0.008323218673467636,0,0.1751130074262619,0.19006000459194183,-0.002339000115171075,1,0.9162313342094421,0.18665438890457153,-0.35451340675354004,0,0.31686872243881226,0.2038973569869995,0.9262933731079102,0,0.24518118798732758,-0.9610336422920227,0.1276722550392151,0,0,0.3328019976615906,0,1,0.2086254060268402,0.9776704907417297,0.025207018479704857,0,-0.9778321981430054,0.2080499529838562,0.023657571524381638,0,0.017884980887174606,-0.029583793133497238,0.9994018077850342,0,0,0.39250099658966064,0,1,0.989524781703949,0.1442357897758484,-0.0060027847066521645,0,-0.1437772810459137,0.9809390902519226,-0.13071748614311218,0,-0.012965770438313484,0.1302112489938736,0.9914012551307678,0,0,0.3555609881877899,0,1,-0.3476236164569855,-0.9375240206718445,-0.014389321208000183,0,0.17208491265773773,-0.07887790352106094,0.9819186925888062,0,-0.9217078685760498,0.3388620913028717,0.1887536346912384,0,0,0.1563519984483719,0,1,0.152806356549263,-0.9729853868484497,0.17305761575698853,0,0.7357927560806274,0.2289150357246399,0.6373435854911804,0,-0.6597419381141663,0.0299444030970335,0.7508957386016846,0,0,0.07732199877500534,0,1,0.22166302800178528,-0.3221021890640259,0.9203886985778809,0,0.5904974341392517,0.7954682111740112,0.1361713856458664,0,-0.7760010361671448,0.5133029818534851,0.36652639508247375,0,-0.022495999932289124,0.0492280013859272,-0.07839500159025192,1,0.0998225286602974,-0.012242637574672699,0.9949299097061157,0,-0.9630053043365479,0.25035935640335083,0.0997002124786377,0,-0.25031065940856934,-0.968075156211853,0.013201754540205002,0,-0.1751130074262619,0.18933099508285522,0.00609799986705184,1,0.7810075879096985,-0.3473549485206604,-0.519010603427887,0,0.6219984292984009,0.35800525546073914,0.6963837742805481,0,-0.056083839386701584,-0.8667047619819641,0.4956590533256531,0,0,0.33279600739479065,0,1,0.23975519835948944,-0.9706788659095764,0.01733713410794735,0,0.9706537127494812,0.2393292337656021,-0.023500803858041763,0,0.018662454560399055,0.02246280387043953,0.9995737075805664,0,0,0.3922550082206726,0,1,0.15832696855068207,-0.38948825001716614,-0.9073208570480347,0,0.3200160562992096,0.8895513415336609,-0.3260176181793213,0,0.9340887665748596,-0.23873990774154663,0.26548251509666443,0,0,0.3557170033454895,0,1,-0.31803035736083984,-0.9213616847991943,-0.22349214553833008,0,-0.9332762956619263,0.26274678111076355,0.24486508965492249,0,-0.16688761115074158,0.2864546775817871,-0.9434472322463989,0,0,0.2134229987859726,0,1,0.21488884091377258,-0.9538062810897827,0.20994609594345093,0,0.9623679518699646,0.2434123307466507,0.12082183361053467,0,-0.1663440465927124,0.1760820895433426,0.9702188968658447,0,0,0.05642800033092499,0,1,0.6322959065437317,-0.6553152799606323,0.41323527693748474,0,0.7681256532669067,0.5997645258903503,-0.2242012470960617,0,-0.10092134028673172,0.45917823910713196,0.8825932741165161,0,-0.007871000096201897,0.0676570013165474,-0.02751299925148487,1,-0.9899671673774719,0.13107185065746307,0.05277970805764198,0,0.012233907356858253,-0.2926197946071625,0.9561512470245361,0,0.1407688409090042,0.9472035765647888,0.2880803048610687,0,0.17341700196266174,-0.06148499995470047,-0.015062999911606312,1,0.8516177535057068,0.2125345915555954,-0.47914040088653564,0,0.03615950793027878,-0.9357501268386841,-0.3508056700229645,0,-0.5229139924049377,0.28142687678337097,-0.8045865893363953,0,0,0.22782500088214874,0,1,0.9867782592773438,-0.16059695184230804,0.021847844123840332,0,-0.018235575407743454,0.023932378739118576,0.9995468854904175,0,-0.1610470712184906,-0.9867296814918518,0.020687375217676163,0,0,0.1571580022573471,0,1,0.9849344491958618,0.00028231958276592195,-0.1729259192943573,0,0.0929003357887268,0.8425742387771606,0.5305081605911255,0,0.14585267007350922,-0.5385805368423462,0.8298540115356445,0,0,0.2575500011444092,0,1,-0.9870224595069885,0.0013729642378166318,-0.16057857871055603,0,-0.043654393404722214,-0.9645988941192627,0.26008141040802,0,-0.15453682839870453,0.2637161314487457,0.9521406292915344,0,-0.17341700196266174,-0.06148499995470047,-0.007178000174462795,1,0.9604260325431824,-0.22479325532913208,-0.16446562111377716,0,-0.10406458377838135,0.25811243057250977,-0.9604941606521606,0,0.2583633363246918,0.9395990967750549,0.2245049774646759,0,0,0.22769199311733246,0,1,0.9836851358413696,0.16510142385959625,0.0714583471417427,0,0.03147711232304573,-0.5490329265594482,0.8352075219154358,0,0.17712683975696564,-0.8193315267562866,-0.5452721118927002,0,0,0.1583160012960434,0,1,0.9874417781829834,0.0026167836040258408,0.15796387195587158,0,-0.08978632837533951,0.8319892883300781,0.5474773049354553,0,-0.12999163568019867,-0.5547850728034973,0.8217760920524597,0,0,0.25699400901794434,0,1
K0.070,0.04356784746050835,0.08603198826313019,-0.9953392148017883,0,0.1726861298084259,0.9806405305862427,0.09232029318809509,0,0.9840123653411865,-0.17590346932411194,0.027867866680026054,0,-0.008547177538275719,0.4947863519191742,-0.016928790137171745,1,0.9812259674072266,-0.067629873752594,-0.18061447143554688,0,0.08212846517562866,0.9938681125640869,0.07403283566236496,0,0.17450007796287537,-0.08747649937868118,0.9807632565498352,0,0,0.11110000312328339,-0.009592000395059586,1,0.9971920847892761,0.005785427521914244,-0.0746636837720871,0,-0.0035177560057491064,0.9995297789573669,0.030467675998806953,0,0.07480481266975403,-0.030119461938738823,0.9967430830001831,0,0,0.13009800016880035,0,1,0.9970876574516296,0.00347115914337337,-0.07618491351604462,0,0.0026535154320299625,0.99677973985672,0.08014407008886337,0,0.07621777802705765,-0.08011282980442047,0.9938676953315735,0,0,0.14868399500846863,0,1,0.9988024830818176,-0.023320958018302917,0.04299833998084068,0,0.021615589037537575,0.9989778399467468,0.03970883786678314,0,-0.04388042166829109,-0.03873183950781822,0.9982852935791016,0,0,0.1672690063714981,0,1,0.9698886275291443,0.027699170634150505,0.2419670820236206,0,0.018154822289943695,0.982524573802948,-0.1852453202009201,0,-0.2428697794675827,0.1840602308511734,0.9524366855621338,0,0,0.061935000121593475,0.041638001799583435,1,0.023170270025730133,0.008657526224851608,-0.9996938109397888,0,0.9552991390228271,0.2946074903011322,0.024692676961421967,0,0.2947311997413635,-0.9555793404579163,-0.0014443977270275354,0,0.1751130074262619,0.19006000459194183,-0.002339000115171075,1,0.8413539528846741,0.25303494930267334,-0.47759488224983215,0,0.4131794571876526,0.2685435116291046,0.8701539039611816,0,0.3484342396259308,-0.9294394850730896,0.12139125913381577,0,0,0.3328019976615906,0,1,0.2784830629825592,0.9601531028747559,0.0235167033970356,0,-0.9603119492530823,0.2779600918292999,0.023234082385897636,0,0.015771567821502686,-0.029053661972284317,0.9994534254074097,0,0,0.39250099658966064,0,1,0.9854236245155334,0.1631639301776886,0.048135507851839066,0,-0.1521967202425003,0.9720016717910767,-0.1790228933095932,0,-0.07599792629480362,0.16908742487430573,0.9826670289039612,0,0,0.3555609881877899,0,1,-0.35491862893104553,-0.9338899850845337,-0.04339153319597244,0,0.17732056975364685,-0.11281498521566391,0.9776654839515686,0,-0.9179272651672363,0.33929750323295593,0.20563805103302002,0,0,0.1563519984483719,0,1,0.1635022759437561,-0.9719455242156982,0.1690819263458252,0,0.7332448363304138,0.23438619077205658,0.6382907032966614,0,-0.6600144505500793,0.01961646042764187,0.7509969472885132,0,0,0.07732199877500534,0,1,0.23266220092773438,-0.3231619894504547,0.9172973036766052,0,0.5874100923538208,0.798404335975647,0.13228625059127808,0,-0.7751241326332092,0.5080516934394836,0.37558713555336,0,-0.022495999932289124,0.0492280013859272,-0.07839500159025192,1,0.13384856283664703,-0.015859315171837807,0.9908753633499146,0,-0.9361833333969116,0.3259172737598419,0.13167710602283478,0,-0.32503148913383484,-0.9452651739120483,0.028776323422789574,0,-0.1751130074262619,0.18933099508285522,0.00609799986705184,1,0.7659723162651062,-0.29513439536094666,-0.5711232423782349,0,0.6426879167556763,0.37287867069244385,0.6692631840705872,0,0.015437107533216476,-0.8796912431716919,0.4752941131591797,0,0,0.33279600739479065,0,1,0.254404753446579,-0.9669484496116638,0.01698225550353527,0,0.9669241905212402,0.253987193107605,-0.02341022528707981,0,0.01832321286201477,0.022376233711838722,0.9995818138122559,0,0,0.3922550082206726,0,1,0.11251481622457504,-0.3983917832374573,-0.9102887511253357,0,0.38678207993507385,0.8614121675491333,-0.3291931450366974,0,0.9152815937995911,-0.31504425406455994,0.2510124146938324,0,0,0.3557170033454895,0,1,-0.35423165559768677,-0.909539520740509,-0.21739114820957184,0,-0.9231836795806885,0.303034245967865,0.2364368885755539,0,-0.14917169511318207,0.28444528579711914,-0.9470160603523254,0,0,0.2134229987859726,0,1,0.2349197119474411,-0.9503641724586487,0.20401008427143097,0,0.9570423364639282,0.26284539699554443,0.12239963561296463,0,-0.16994743049144745,0.1664922684431076,0.9712868332862854,0,0,0.05642800033092499,0,1,0.6483864188194275,-0.6452606320381165,0.40402159094810486,0,0.7544206380844116,0.615813672542572,-0.2272050827741623,0,-0.1021956130862236,0.4521193206310272,0.8860840201377869,0,-0.007871000096201897,0.0676570013165474,-0.02751299925148487,1,-0.9951028227806091,0.08272138237953186,0.05410361289978027,0,0.055839262902736664,0.01881232298910618,0.9982627630233765,0,0.08155984431505203,0.9963951110839844,-0.02333931066095829,0,0.17341700196266174,-0.06148499995470047,-0.015062999911606312,1,0.8988891839981079,0.3554261028766632,-0.25626033544540405,0,0.09170977771282196,-0.7244907021522522,-0.6831566691398621,0,-0.4284699857234955,0.5905806422233582,-0.6838330030441284,0,0,0.22782500088214874,0,1,0.9993694424629211,0.034766409546136856,-0.007179497741162777,0,-0.00009497623250354081,0.20485717058181763,0.9787916541099548,0,0.03549985587596893,-0.9781741499900818,0.20473136007785797,0,0,0.1571580022573471,0,1,0.9840671420097351,0.0007945645484142005,-0.1777952015399933,0,0.09354818612337112,0.8480684757232666,0.5215638279914856,0,0.1511968970298767,-0.5298861861228943,0.8344818353652954,0,0,0.2575500011444092,0,1,-0.9723984003067017,0.1504029780626297,-0.1783851683139801,0,-0.12824805080890656,-0.9832007884979248,-0.12987688183784485,0,-0.1949222981929779,-0.10341451317071915,0.9753515720367432,0,-0.17341700196266174,-0.06148499995470047,-0.007178000174462795,1,0.958614706993103,-0.19108104705810547,-0.21105964481830597,0,-0.08821380883455276,0.5054971575737,-0.8583070039749146,0,0.270696222782135,0.8414039611816406,0.46772095561027527,0,0,0.22769199311733246,0,1,0.971207857131958,0.19322197139263153,0.13935470581054688,0,-0.009754026308655739,-0.5522118210792542,0.8336470127105713,0,0.23803237080574036,-0.8110043406486511,-0.5344281196594238,0,0,0.1583160012960434,0,1,0.9962512254714966,0.00979078933596611,0.08594740927219391,0,-0.06709024310112,0.714647114276886,0.696260392665863,0,-0.05460513383150101,-0.6994165182113647,0.7126249670982361,0,0,0.25699400901794434,0,1
K0.105,0.040160778909921646,0.17794054746627808,-0.9832209944725037,0,0.1790197193622589,0.9668116569519043,0.18228308856487274,0,0.9830253720283508,-0.18333666026592255,0.006973045412451029,0,0.003936998546123505,0.49332505464553833,-0.00471314275637269,1,0.9542719125747681,-0.18020784854888916,-0.23851729929447174,0,0.1960347294807434,0.9796006083488464,0.04418422654271126,0,0.22568939626216888,-0.0889214500784874,0.9701325297355652,0,0,0.11110000312328339,-0.009592000395059586,1,0.9961424469947815,-0.00016523223894182593,-0.08775199204683304,0,0.0018273744499310851,0.999820351600647,0.01886136829853058,0,0.08773310482501984,-0.018948962911963463,0.9959636926651001,0,0,0.13009800016880035,0,1,0.9959778189659119,-0.002429459011182189,-0.08956613391637802,0,0.008453503251075745,0.9977214336395264,0.06694024801254272,0,0.08919940143823624,-0.06742813438177109,0.9937286972999573,0,0,0.14868399500846863,0,1,0.9983468055725098,-0.00331591023132205,0.057377107441425323,0,0.0009617401519790292,0.9991582632064819,0.0410088375210762,0,-0.057464808225631714,-0.04088586941361427,0.9975098967552185,0,0,0.1672690063714981,0,1,0.9472714066505432,0.05217207223176956,0.3161553740501404,0,-0.010391860269010067,0.9911392331123352,-0.1324218362569809,0,-0.32026273012161255,0.12215398997068405,0.9394200444221497,0,0,0.061935000121593475,0.041638001799583435,1,-0.01027198601514101,0.0062720500864088535,-0.9999274611473083,0,0.9379100203514099,0.3467981219291687,-0.007459565997123718,0,0.3467262387275696,-0.9379187226295471,-0.009444952942430973,0,0.1751130074262619,0.19006000459194183,-0.002339000115171075,1,0.7617254257202148,0.3100026249885559,-0.5689221024513245,0,0.4711415767669678,0.33773478865623474,0.8148377537727356,0,0.44474688172340393,-0.8887260556221008,0.11120611429214478,0,0,0.3328019976615906,0,1,0.2988305389881134,0.9540289044380188,0.02302469126880169,0,-0.9541857242584229,0.29832252860069275,0.02308601699769497,0,0.015155942179262638,-0.02886863611638546,0.9994685649871826,0,0,0.39250099658966064,0,1,0.9788398146629333,0.1988690197467804,0.04820726811885834,0,-0.186538964509964,0.964038074016571,-0.1892981082201004,0,-0.08411913365125656,0.17629992961883545,0.9807353615760803,0,0,0.3555609881877899,0,1,-0.3656768798828125,-0.9264711141586304,-0.08905670046806335,0,0.18437708914279938,-0.1658944934606552,0.9687535762786865,0,-0.91229647397995,0.3378307819366455,0.2314838320016861,0,0,0.1563519984483719,0,1,0.16630356013774872,-0.9716507196426392,0.16804015636444092,0,0.7325674295425415,0.23581451177597046,0.6385424137115479,0,-0.6600666046142578,0.01690891571342945,0.7510165572166443,0,0,0.07732199877500534,0,1,0.23554085195064545,-0.32342827320098877,0.9164684414863586,0,0.5865920186042786,0.7991722226142883,0.13127401471138,0,-0.7748743295669556,0.5066729784011841,0.37795838713645935,0,-0.022495999932289124,0.0492280013859272,-0.07839500159025192,1,0.10863430052995682,-0.017592577263712883,0.9939262270927429,0,-0.9183100461959839,0.38109490275382996,0.10711503773927689,0,-0.38066452741622925,-0.9243685007095337,0.02524450607597828,0,-0.1751130074262619,0.18933099508285522,0.00609799986705184,1,0.7790054678916931,-0.2932332456111908,-0.5542240142822266,0,0.6262951493263245,0.4062962532043457,0.6653406620025635,0,0.030079137533903122,-0.865411639213562,0.5001574754714966,0,0,0.33279600739479065,0,1,0.17813125252723694,-0.9838268756866455,0.0188289824873209,0,0.9838016629219055,0.17767083644866943,-0.023818524554371834,0,0.020087944343686104,0.022766809910535812,0.9995391964912415,0,0,0.3922550082206726,0,1,0.11287259310483932,-0.41997963190078735,-0.9004870057106018,0,0.3096764087677002,0.8760075569152832,-0.3697458505630493,0,0.9441190361976624,-0.23712539672851562,0.22893501818180084,0,0,0.3557170033454895,0,1,-0.38799145817756653,-0.8967249393463135,-0.21295028924942017,0,-0.9116005897521973,0.33932363986968994,0.23204177618026733,0,-0.13581855595111847,0.2841557562351227,-0.9491092562675476,0,0,0.2134229987859726,0,1,0.24952243268489838,-0.9475579261779785,0.19968295097351074,0,0.952889084815979,0.2769795358181,0.12363068014383316,0,-0.17245525121688843,0.1594270020723343,0.9720297455787659,0,0,0.05642800033092499,0,1,0.6599796414375305,-0.6376776695251465,0.3972338140010834,0,0.7441864609718323,0.6273927688598633,-0.22926940023899078,0,-0.10302155464887619,0.4469289183616638,0.8886170387268066,0,-0.007871000096201897,0.0676570013165474,-0.02751299925148487,1,-0.9988227486610413,0.04745969548821449,0.010041768662631512,0,0.011740808375179768,0.03565748408436775,0.9992949962615967,0,0.04706818610429764,0.9982366561889648,-0.036172833293676376,0,0.17341700196266174,-0.06148499995470047,-0.015062999911606312,1,0.8861724138259888,0.46324416995048523,-0.010148518718779087,0,0.18293054401874542,-0.36989596486091614,-0.9108864068984985,0,-0.42571642994880676,0.8053454160690308,-0.41253283619880676,0,0,0.22782500088214874,0,1,0.999221682548523,0.030873894691467285,-0.024551985785365105,0,0.01759391278028488,0.20825277268886566,0.9779165983200073,0,0.035305123776197433,-0.9775877594947815,0.20754756033420563,0,0,0.1571580022573471,0,1,0.9857456088066101,0.0005415655323304236,-0.16824333369731903,0,0.09200513362884521,0.8354880809783936,0.5417518019676208,0,0.14085865020751953,-0.5495086312294006,0.8235287070274353,0,0,0.2575500011444092,0,1,-0.929787814617157,0.30934658646583557,-0.19949717819690704,0,-0.20766912400722504,-0.8883211016654968,-0.409584105014801,0,-0.3039212226867676,-0.3393971621990204,0.8901925086975098,0,-0.17341700196266174,-0.06148499995470047,-0.007178000174462795,1,0.9581082463264465,-0.19256532192230225,-0.21200807392597198,0,-0.06939021497964859,0.56210857629776,-0.8241477012634277,0,0.2778736650943756,0.8043336272239685,0.5251984000205994,0,0,0.22769199311733246,0,1,0.9611940979957581,0.20684516429901123,0.18253996968269348,0,-0.0798749327659607,-0.42467522621154785,0.9018151760101318,0,0.2640564739704132,-0.8814003467559814,-0.39167386293411255,0,0,0.1583160012960434,0,1,0.9924106597900391,0.09378229081630707,-0.07954047620296478,0,0.0458206869661808,0.3182305097579956,0.9469056725502014,0,0.11411511152982712,-0.9433633089065552,0.31151798367500305,0,0,0.25699400901794434,0,1
K0.140,0.025722378864884377,0.18450602889060974,-0.9824946522712708,0,0.1896764636039734,0.9640659689903259,0.18601109087467194,0,0.9815099835395813,-0.191140815615654,-0.010198381729424,0,0.0023552998900413513,0.4889538586139679,0.003843270242214203,1,0.9360308051109314,-0.19306498765945435,-0.29423123598098755,0,0.204989492893219,0.9787139296531677,0.009927835315465927,0,0.2860514521598816,-0.06960705667734146,0.955682635307312,0,0,0.11110000312328339,-0.009592000395059586,1,0.9949889183044434,-0.0031125065870583057,-0.09993384033441544,0,0.003678182139992714,0.9999781250953674,0.00547674298286438,0,0.09991464018821716,-0.005816875025629997,0.9949789643287659,0,0,0.13009800016880035,0,1,0.9948247075080872,-0.005480961874127388,-0.10146030783653259,0,0.01088387705385685,0.9985469579696655,0.05277484282851219,0,0.1010236069560051,-0.05360599607229233,0.993438720703125,0,0,0.14868399500846863,0,1,0.9978048205375671,-0.0095299007371068,0.06553344428539276,0,0.00603842455893755,0.998562216758728,0.05327095091342926,0,-0.06594687700271606,-0.05275828018784523,0.9964274168014526,0,0,0.1672690063714981,0,1,0.91359943151474,0.07719101756811142,0.39922070503234863,0,-0.04250682145357132,0.9945668578147888,-0.09502868354320526,0,-0.4043869376182556,0.06984853744506836,0.9119166135787964,0,0,0.061935000121593475,0.041638001799583435,1,-0.001133621553890407,0.004375695250928402,-0.9999896287918091,0,0.9141947627067566,0.40527525544166565,0.0007370298262685537,0,0.40527427196502686,-0.9141845703125,-0.004459674470126629,0,0.1751130074262619,0.19006000459194183,-0.002339000115171075,1,0.6810820698738098,0.3647375702857971,-0.6348965167999268,0,0.5232167840003967,0.364153116941452,0.7704781293869019,0,0.5122216939926147,-0.8569470643997192,0.05718132108449936,0,0,0.3328019976615906,0,1,0.31399157643318176,0.9491552114486694,0.022657485678792,0,-0.9493122100830078,0.3134952187538147,0.022968217730522156,0,0.014697393402457237,-0.028720857575535774,0.9994796514511108,0,0,0.39250099658966064,0,1,0.9716929793357849,0.23565013706684113,0.016784414649009705,0,-0.22560925781726837,0.9466732740402222,-0.23002055287361145,0,-0.07009376585483551,0.21972274780273438,0.9730411171913147,0,0,0.3555609881877899,0,1,-0.3821808993816376,-0.9115473628044128,-0.1517218053340912,0,0.19633106887340546,-0.24053318798542023,0.9505778551101685,0,-0.9029902219772339,0.33350470662117004,0.2708919942378998,0,0,0.1563519984483719,0,1,0.1702183336019516,-0.9712238311767578,0.16658475995063782,0,0.7316129803657532,0.23780767619609833,0.6388973593711853,0,-0.6601276397705078,0.013123536482453346,0.7510393857955933,0,0,0.07732199877500534,0,1,0.23956263065338135,-0.3237926661968231,0.9152968525886536,0,0.5854414701461792,0.800246000289917,0.12986378371715546,0,-0.774511456489563,0.5047421455383301,0.3812706470489502,0,-0.022495999932289124,0.0492280013859272,-0.07839500159025192,1,0.04956365376710892,-0.014848620630800724,0.9986606240272522,0,-0.9076080322265625,0.41667985916137695,0.05124016851186752,0,-0.4168826639652252,-0.9089320302009583,0.0071754236705601215,0,-0.1751130074262619,0.18933099508285522,0.00609799986705184,1,0.8094408512115479,-0.3251534402370453,-0.4889582097530365,0,0.5871942639350891,0.44421231746673584,0.6766669154167175,0,-0.00281930691562593,-0.8348357677459717,0.5504921078681946,0,0,0.33279600739479065,0,1,0.10124833136796951,-0.9946463704109192,0.020690936595201492,0,0.9946204423904419,0.10074476152658463,-0.02408074587583542,0,0.021867334842681885,0.023017775267362595,0.999496340751648,0,0,0.3922550082206726,0,1,0.1461019515991211,-0.4350280463695526,-0.888484001159668,0,0.26753270626068115,0.8820308446884155,-0.38787540793418884,0,0.9524075984954834,-0.1810293197631836,0.2452508509159088,0,0,0.3557170033454895,0,1,-0.3827565014362335,-0.8990170359611511,-0.21275703608989716,0,-0.9138453602790833,0.3346366584300995,0.23001033067703247,0,-0.1355869024991989,0.28246498107910156,-0.9496467709541321,0,0,0.2134229987859726,0,1,0.25145336985588074,-0.9471678733825684,0.19911041855812073,0,0.9523229598999023,0.27884647250175476,0.12379857897758484,0,-0.1727791577577591,0.1584877371788025,0.9721259474754333,0,0,0.05642800033092499,0,1,0.6615042686462402,-0.6366583704948425,0.39633163809776306,0,0.7428174018859863,0.6289169192314148,-0.22953416407108307,0,-0.10312474519014359,0.44623953104019165,0.8889514803886414,0,-0.007871000096201897,0.0676570013165474,-0.02751299925148487,1,-0.9992304444313049,0.00568384351208806,-0.03880744054913521,0,-0.0388173945248127,-0.0016493040602654219,0.9992451071739197,0,0.005615550559014082,0.9999827742576599,0.0018686058465391397,0,0.17341700196266174,-0.06148499995470047,-0.015062999911606312,1,0.8670822381973267,0.4412892162799835,0.2311546504497528,0,0.204101100564003,0.10859060287475586,-0.9729084372520447,0,-0.45443516969680786,0.890770435333252,0.004089373163878918,0,0,0.22782500088214874,0,1,0.9998592734336853,-0.016756827011704445,-0.0009279894875362515,0,0.0055096945725381374,0.27552124857902527,0.9612794518470764,0,-0.01585230603814125,-0.9611489176750183,0.2755747139453888,0,0,0.1571580022573471,0,1,0.9882722496986389,-0.00035232515074312687,-0.15270352363586426,0,0.08896715939044952,0.8140767216682434,0.5739025473594666,0,0.1241101399064064,-0.5807573795318604,0.8045604825019836,0,0,0.2575500011444092,0,1,-0.9265995025634766,0.3335612714290619,-0.17363983392715454,0,-0.21833612024784088,-0.853148341178894,-0.47378009557724,0,-0.30617526173591614,-0.4010925590991974,0.8633553385734558,0,-0.17341700196266174,-0.06148499995470047,-0.007178000174462795,1,0.9617027044296265,-0.20462357997894287,-0.18236809968948364,0,-0.05328661948442459,0.5130733251571655,-0.8566891551017761,0,0.2688668966293335,0.833597719669342,0.48252010345458984,0,0,0.22769199311733246,0,1,0.9818033576011658,0.13127253949642181,0.13722306489944458,0,-0.11657579988241196,-0.15379446744918823,0.9812015891075134,0,0.14990900456905365,-0.9793440103530884,-0.13569273054599762,0,0,0.1583160012960434,0,1,0.9856807589530945,0.1422974020242691,-0.09046763926744461,0,0.07357113808393478,0.11982781440019608,0.9900649785995483,0,0.15172424912452698,-0.9825441837310791,0.10764303058385849,0,0,0.25699400901794434,0,1
