0.667,30,19,25
B0,mixamorig_Hips,-1,0.028022058308124542,0.194962278008461,-0.9804099202156067,0,0.07661174982786179,0.9774920344352722,0.1965717375278473,0,0.9966670274734497,-0.08061926811933517,0.012454936280846596,0,0.09343499690294266,1.0423829555511475,-0.12145300209522247,1
B1,mixamorig_Spine,0,0.9339479207992554,0.35334503650665283,-0.053740110248327255,0,-0.35716792941093445,0.9282230138778687,-0.10407966375350952,0,0.01310678105801344,0.11639928072690964,0.993116021156311,0,-0.023020999506115913,0.12121699750423431,0,1
B2,mixamorig_Spine1,1,0.9993729591369629,0.035399917513132095,-0.0008498254464939237,0,-0.03540607914328575,0.9993339776992798,-0.008872242644429207,0,0.0005351823638193309,0.008896762505173683,0.9999600052833557,0,0,0.1439480036497116,0,1
B3,mixamorig_Spine2,2,0.996213972568512,0.08693220466375351,0.0002931075287051499,0,-0.0869307816028595,0.9962090253829956,-0.003369623329490423,0,-0.0005849248846061528,0.00333138438872993,0.9999939799308777,0,0,0.16451199352741241,0,1
B4,mixamorig_Neck,3,0.9677159786224365,-0.2519742548465729,0.005963182542473078,0,0.2519477605819702,0.9677290320396423,0.004850519355386496,0,-0.0069929431192576885,-0.003191510448232293,0.999970018863678,0,0,0.18507599830627441,0,1
B5,mixamorig_Head,4,0.9605101346969604,-0.27788668870925903,-0.014123957604169846,0,0.27824029326438904,0.9589489698410034,0.05476389452815056,0,-0.0016740026185289025,-0.05653110519051552,0.998399019241333,0,-0.2194959968328476,0.30166399478912354,0,1
B6,mixamorig_HeadTop_End,5,1,0,0,0,0,1,0,0,0,0,1,0,-0.47626999020576477,0.6545630097389221,0,1
B7,mixamorig_LeftShoulder,3,0.9904389977455139,-0.0011841312516480684,0.1379491090774536,0,-0.13705387711524963,-0.12249501794576645,0.9829599261283875,0,0.015734124928712845,-0.9924679398536682,-0.12148609012365341,0,-0.02285899966955185,0.14002400636672974,0.31891700625419617,1
B8,mixamorig_LeftArm,7,-0.9232959151268005,-0.3248181641101837,0.20498482882976532,0,0.016821209341287613,0.49898114800453186,0.8664500117301941,0,-0.38372188806533813,0.8034370541572571,-0.4552430212497711,0,0,0.7218000292778015,0,1
B9,mixamorig_LeftForeArm,8,-0.15829214453697205,0.8590009808540344,0.4868878424167633,0,0.9510030150413513,-8.33332975958001e-8,0.3091809153556824,0,0.2655869126319885,0.5119730234146118,-0.8169129490852356,0,0,0.32924601435661316,0,1
B10,mixamorig_LeftHand,9,1,0,0,0,0,1,0,0,0,0,1,0,0,0.8448500037193298,0,1
B11,mixamorig_RightShoulder,3,-0.9940989017486572,0.009302950464189053,0.10807721316814423,0,-0.10837475955486298,-0.1283952295780182,-0.9857839345932007,0,0.004705899860709906,-0.9916790127754211,0.12864574790000916,0,-0.011376000009477139,0.1378439962863922,-0.31891700625419617,1
B12,mixamorig_RightArm,11,0.7947878837585449,-0.5623831152915955,-0.2281171977519989,0,0.5853098034858704,0.610980212688446,0.5330249667167664,0,-0.16038912534713745,-0.5571609139442444,0.8147679567337036,0,0,0.7212690114974976,0,1
B13,mixamorig_RightForeArm,12,0.1540611833333969,-0.7641727924346924,0.6263421773910522,0,0.9696851372718811,-0.004752003122121096,-0.24431084096431732,0,0.18967214226722717,0.644993782043457,0.7402752041816711,0,0,0.3127799928188324,0,1
B14,mixamorig_RightHand,13,1,0,0,0,0,1,0,0,0,0,1,0,0,0.8417630195617676,0,1
B15,mixamorig_LeftUpLeg,0,-0.7903940081596375,-0.41470715403556824,0.45088282227516174,0,0.31851083040237427,-0.9069100022315979,-0.275799036026001,0,0.5232860445976257,-0.0743788555264473,0.8489050269126892,0,0.008400999940931797,-0.06772100180387497,0.6049990057945251,1
B16,mixamorig_LeftLeg,15,-0.7523750066757202,0.3795868456363678,0.5383731126785278,0,-0.4573889970779419,-0.8891820311546326,-0.012270757928490639,0,0.4740538001060486,-0.2554781436920166,0.8426170349121094,0,0,0.4281870126724243,0,1
B17,mixamorig_LeftFoot,16,-0.1649443507194519,-0.19088824093341827,-0.9676539301872253,0,0.8632520437240601,-0.5024831295013428,-0.048023771494627,0,-0.47706297039985657,-0.8432511687278748,0.24766653776168823,0,0,0.46614599227905273,0,1
B18,mixamorig_LeftToeBase,17,0.9995959997177124,-0.00000714948191671283,0.028434108942747116,0,-0.022679999470710754,0.6029421091079712,0.7974629402160645,0,-0.01714980974793434,-0.7977850437164307,0.6026979088783264,0,0,0.19677500426769257,0,1
B19,mixamorig_LeftToe_End,18,1,0,0,0,0,1,0,0,0,0,1,0,0,0.07857900112867355,0,1
B20,mixamorig_RightUpLeg,0,-0.6538446545600891,0.7304072976112366,-0.19746282696723938,0,-0.7465516924858093,-0.6652302145957947,0.01134320255368948,0,-0.12307319045066833,0.15483304858207703,0.9802449941635132,0,0.02771499939262867,-0.06772100180387497,-0.6049990057945251,1
B21,mixamorig_RightLeg,20,0.28194600343704224,0.9576830863952637,0.05787370726466179,0,-0.9581009745597839,0.2778681814670563,0.0695149153470993,0,0.050491999834775925,-0.07504831254482269,0.9959009885787964,0,0,0.4272739887237549,0,1
B22,mixamorig_RightFoot,21,-0.012004892341792583,-0.19032618403434753,-0.9816469550132751,0,0.8196490406990051,0.5604378581047058,-0.11868399381637573,0,0.5727410316467285,-0.8060311079025269,0.14927272498607635,0,0,0.46706900000572205,0,1
B23,mixamorig_RightToeBase,22,0.9995779991149902,-0.00004330075535108335,-0.029046909883618355,0,0.022942885756492615,0.614469051361084,0.7886070013046265,0,0.017814289778470993,-0.788940966129303,0.6142110228538513,0,0,0.195591002702713,0,1
B24,mixamorig_RightToe_End,23,1,0,0,0,0,1,0,0,0,0,1,0,0,0.07788799703121185,0,1
@20,0,1,2,3,4,5,7,8,9,11,12,13,15,16,17,18,20,21,22,23
K0,-0.9804098606109619,0.1949620246887207,-0.028022119775414467,0,0.1965714693069458,0.977492094039917,-0.07661199569702148,0,0.012454969808459282,-0.08061952143907547,-0.9966669082641602,0,-0.12145299464464188,1.0423829555511475,-0.09343499690294266,1,0.9339479207992554,0.3533450663089752,-0.05374016985297203,0,-0.35716795921325684,0.9282230138778687,-0.10407967120409012,0,0.013106830418109894,0.11639931797981262,0.993116021156311,0,-0.023020999506115913,0.12121699750423431,0,1,0.9993729591369629,0.035399921238422394,-0.0008498215465806425,0,-0.03540608286857605,0.9993339776992798,-0.008872239850461483,0,0.0005351784639060497,0.00889675971120596,0.9999600052833557,0,0,0.1439480036497116,0,1,0.996213972568512,0.0869322121143341,0.00029309146339073777,0,-0.0869307890534401,0.9962090253829956,-0.00336961867287755,0,-0.0005849084700457752,0.0033313811291009188,0.9999939799308777,0,0,0.16451199352741241,0,1,0.9677159786224365,-0.2519742548465729,0.005963122472167015,0,0.2519477605819702,0.9677290320396423,0.0048504965379834175,0,-0.00699287885800004,-0.003191503696143627,0.999970018863678,0,0,0.18507599830627441,0,1,0.9605101346969604,-0.27788668870925903,-0.014123980887234211,0,0.27824029326438904,0.9589489698410034,0.05476389080286026,0,-0.0016739791026338935,-0.05653110891580582,0.998399019241333,0,-0.2194959968328476,0.30166399478912354,0,1,0.9904389381408691,-0.0011840069200843573,0.13794924318790436,0,-0.13705401122570038,-0.12249486148357391,0.9829599261283875,0,0.015734242275357246,-0.992467999458313,-0.12148591130971909,0,-0.02285899966955185,0.14002400636672974,0.31891700625419617,1,-0.9232957363128662,-0.3248182535171509,0.20498496294021606,0,0.016821308061480522,0.49898114800453186,0.8664499521255493,0,-0.3837220072746277,0.8034369945526123,-0.4552428126335144,0,0,0.7218000292778015,0,1,-0.15829217433929443,0.8590009212493896,0.48688793182373047,0,0.9510030150413513,0,0.3091809153556824,0,0.2655869126319885,0.5119730830192566,-0.8169129490852356,0,0,0.32924601435661316,0,1,-0.9940989017486572,0.009303144179284573,0.108077272772789,0,-0.10837484151124954,-0.128395214676857,-0.9857839345932007,0,0.004705715458840132,-0.9916790127754211,0.12864574790000916,0,-0.011376000009477139,0.1378439962863922,-0.31891700625419617,1,0.7947878241539001,-0.5623831748962402,-0.2281171977519989,0,0.5853098630905151,0.6109801530838013,0.5330250263214111,0,-0.16038919985294342,-0.5571609735488892,0.8147679567337036,0,0,0.7212690114974976,0,1,0.15406103432178497,-0.7641726136207581,0.6263423562049866,0,0.9696850180625916,-0.004752345848828554,-0.24431093037128448,0,0.18967244029045105,0.6449939012527466,0.7402750253677368,0,0,0.3127799928188324,0,1,-0.7903940081596375,-0.4147071838378906,0.45088285207748413,0,0.3185108006000519,-0.9069100618362427,-0.27579909563064575,0,0.5232861042022705,-0.07437890022993088,0.8489050269126892,0,0.008400999940931797,-0.06772100180387497,0.6049990057945251,1,-0.7523750066757202,0.3795869052410126,0.5383731126785278,0,-0.45738908648490906,-0.8891820311546326,-0.012270797975361347,0,0.4740537703037262,-0.2554782032966614,0.8426170349121094,0,0,0.4281870126724243,0,1,-0.16494439542293549,-0.19088807702064514,-0.9676539301872253,0,0.8632519245147705,-0.5024831295013428,-0.048023905605077744,0,-0.47706303000450134,-0.84325110912323,0.24766649305820465,0,0,0.46614599227905273,0,1,0.9995959997177124,-0.000007094366992532741,0.028434187173843384,0,-0.022680094465613365,0.6029421091079712,0.7974629402160645,0,-0.01714981161057949,-0.7977850437164307,0.6026979088783264,0,0,0.19677500426769257,0,1,-0.6538445949554443,0.7304072976112366,-0.1974627524614334,0,-0.7465516328811646,-0.6652302145957947,0.011343092657625675,0,-0.12307323515415192,0.15483291447162628,0.9802449941635132,0,0.02771499939262867,-0.06772100180387497,-0.6049990057945251,1,0.28194600343704224,0.9576830267906189,0.05787377059459686,0,-0.9581009745597839,0.2778681814670563,0.0695146918296814,0,0.05049176886677742,-0.07504831254482269,0.9959009885787964,0,0,0.4272739887237549,0,1,-0.012004800140857697,-0.19032615423202515,-0.9816470146179199,0,0.8196489810943604,0.5604379177093506,-0.11868389695882797,0,0.5727411508560181,-0.8060310482978821,0.14927272498607635,0,0,0.46706900000572205,0,1,0.9995779991149902,-0.00004325616828282364,-0.029046764597296715,0,0.022942744195461273,0.6144689917564392,0.7886070013046265,0,0.017814233899116516,-0.7889410257339478,0.6142109632492065,0,0,0.195591002702713,0,1
K0.035,-0.9861509799957275,0.16548047959804535,-0.011016895063221455,0,0.165486678481102,0.9862123131752014,0.0003631233412306756,0,0.01092508528381586,-0.0014650467783212662,-0.9999388456344604,0,-0.19860690832138062,1.0778459310531616,-0.10211881250143051,1,0.9261505007743835,0.3643851578235626,-0.09731100499629974,0,-0.36640405654907227,0.9304503202438354,-0.0031136032193899155,0,0.08940847218036652,0.03853880241513252,0.9952489137649536,0,-0.023020999506115913,0.12121699750423431,0,1,0.99795001745224,0.042304035276174545,-0.04801369458436966,0,-0.04205767810344696,0.9990968704223633,0.006130903959274292,0,0.04822969436645508,-0.004098991397768259,0.9988279938697815,0,0,0.1439480036497116,0,1,0.9944884181022644,0.09353068470954895,-0.04737677797675133,0,-0.093054860830307,0.9955868721008301,0.012156558223068714,0,0.048304732888936996,-0.007680919021368027,0.9988034963607788,0,0,0.16451199352741241,0,1,0.9690582752227783,-0.244539275765419,0.033568501472473145,0,0.2445874959230423,0.9696236252784729,0.0027265010867267847,0,-0.03321552276611328,0.005568293388932943,0.9994322061538696,0,0,0.18507599830627441,0,1,0.9574124217033386,-0.2574544847011566,0.13068357110023499,0,0.24986903369426727,0.9656180739402771,0.07173816114664078,0,-0.14465981721878052,-0.03602924942970276,0.9888251423835754,0,-0.2194959968328476,0.30166399478912354,0,1,0.9914845824241638,0.0003616372123360634,0.13022634387016296,0,-0.1295413225889206,-0.09972739964723587,0.986545979976654,0,0.013343906961381435,-0.9950146675109863,-0.09883131831884384,0,-0.02285899966955185,0.14002400636672974,0.31891700625419617,1,-0.9063745737075806,-0.2918771207332611,0.30543965101242065,0,0.11393643170595169,0.5273125767707825,0.8419979810714722,0,-0.4068218469619751,0.7979656457901001,-0.4446869194507599,0,0,0.7218000292778015,0,1,-0.3282510042190552,0.8402048349380493,0.4316334128379822,0,0.9301935434341431,0.20804950594902039,0.30241572856903076,0,0.16428998112678528,0.5007706880569458,-0.8498453497886658,0,0,0.32924601435661316,0,1,-0.9969313740730286,0.008675207383930683,0.07779340445995331,0,-0.0782754123210907,-0.10784153640270233,-0.9910823106765747,0,-0.0002084844745695591,-0.9941303730010986,0.1081896647810936,0,-0.011376000009477139,0.1378439962863922,-0.31891700625419617,1,0.6514254212379456,-0.6770439743995667,-0.3424263894557953,0,0.7577294707298279,0.5575824975967407,0.33904018998146057,0,-0.038614146411418915,-0.4803260266780853,0.8762397766113281,0,0,0.7212690114974976,0,1,0.3349316716194153,-0.7419734597206116,0.5807722210884094,0,0.9415158033370972,0.23933011293411255,-0.23721323907375336,0,0.03700961172580719,0.6262562274932861,0.7787386775016785,0,0,0.3127799928188324,0,1,0.8755312561988831,0.058145273476839066,0.4796491265296936,0,-0.38392671942710876,0.6864261031150818,0.6175918579101562,0,-0.2933337986469269,-0.7248715162277222,0.6233113408088684,0,0.008400999940931797,-0.06772100180387497,0.6049990057945251,1,-0.4655989408493042,0.19471676647663116,0.8633091449737549,0,-0.35158365964889526,-0.9359104633331299,0.021476062014698982,0,0.812161922454834,-0.29352620244026184,0.5042181611061096,0,0,0.4281870126724243,0,1,-0.3561619520187378,0.7558884024620056,-0.5493456721305847,0,0.05331844463944435,0.6033798456192017,0.7956699728965759,0,0.9329020380973816,0.2540971636772156,-0.25520381331443787,0,0,0.46614599227905273,0,1,0.9995858669281006,0.00007770496449666098,0.028766294941306114,0,-0.022183122113347054,0.6387374401092529,0.7691051363945007,0,-0.018314357846975327,-0.7694251537322998,0.6384750008583069,0,0,0.19677500426769257,0,1,-0.8864735960960388,0.4354458749294281,-0.1566898077726364,0,-0.4372517764568329,-0.8990025520324707,-0.024601571261882782,0,-0.1515771448612213,0.0467042475938797,0.987341046333313,0,0.02771499939262867,-0.06772100180387497,-0.6049990057945251,1,0.37218987941741943,0.927097737789154,0.04432195425033569,0,-0.9281245470046997,0.37215083837509155,0.009438744746148586,0,-0.007743809372186661,-0.04464927315711975,0.9989724159240723,0,0,0.4272739887237549,0,1,-0.01176544837653637,-0.12718184292316437,-0.9918100833892822,0,0.9403173327445984,0.33594805002212524,-0.054233960807323456,0,0.3400942087173462,-0.9332544207572937,0.11563876271247864,0,0,0.46706900000572205,0,1,0.9995786547660828,-0.000035531458706827834,-0.029016025364398956,0,0.022989388555288315,0.6111028790473938,0.7912175059318542,0,0.017703663557767868,-0.7915511131286621,0.6108461618423462,0,0,0.195591002702713,0,1
K0.070,-0.9844549298286438,0.1749178171157837,-0.015878809615969658,0,0.17256870865821838,0.9801205992698669,0.09789397567510605,0,0.032686568796634674,0.09363206475973129,-0.9950705170631409,0,-0.16198885440826416,1.0879247188568115,-0.07320448011159897,1,0.9259160757064819,0.35365861654281616,-0.1326807737350464,0,-0.3379190266132355,0.9325104355812073,0.12741625308990479,0,0.16878819465637207,-0.07314145565032959,0.9829350709915161,0,-0.023020999506115913,0.12121699750423431,0,1,0.9968559741973877,0.030870744958519936,-0.07296960800886154,0,-0.02971729077398777,0.9994161128997803,0.016840720549225807,0,0.07344694435596466,-0.014619325287640095,0.9971920847892761,0,0,0.1439480036497116,0,1,0.9940724968910217,0.08087323606014252,-0.07266128808259964,0,-0.07938367128372192,0.9965749382972717,0.023163851350545883,0,0.07428576052188873,-0.017258428037166595,0.9970877766609192,0,0,0.16451199352741241,0,1,0.9715704917907715,-0.23264773190021515,0.04388033226132393,0,0.23189416527748108,0.9725003838539124,0.021615618839859962,0,-0.047702472656965256,-0.010825506411492825,0.9988024830818176,0,0,0.18507599830627441,0,1,0.9524366855621338,-0.1840602159500122,0.2428697943687439,0,0.1852453351020813,0.982524573802948,0.01815471611917019,0,-0.2419670671224594,0.02769927680492401,0.9698886275291443,0,-0.2194959968328476,0.30166399478912354,0,1,0.9971173405647278,0.0010703851003199816,0.07587075233459473,0,-0.07561494410037994,-0.06921891868114471,0.9947319626808167,0,0.0063164313323795795,-0.9976009726524353,-0.06893841177225113,0,-0.02285899966955185,0.14002400636672974,0.31891700625419617,1,-0.8387640118598938,-0.3005671203136444,0.4540199935436249,0,0.22822579741477966,0.5629844069480896,0.7943310737609863,0,-0.49435579776763916,0.7698750495910645,-0.40361377596855164,0,0,0.7218000292778015,0,1,-0.3853616416454315,0.8251509666442871,0.41306599974632263,0,0.9135271310806274,0.2779598832130432,0.2969970107078552,0,0.13025139272212982,0.49179765582084656,-0.8609119653701782,0,0,0.32924601435661316,0,1,-0.995810866355896,0.007070300169289112,0.091158427298069,0,-0.09129567444324493,-0.02242228575050831,-0.9955710768699646,0,-0.004995004273951054,-0.9997233152389526,0.022973928600549698,0,-0.011376000009477139,0.1378439962863922,-0.31891700625419617,1,0.6367669105529785,-0.6529625058174133,-0.41008296608924866,0,0.7704267501831055,0.5602911710739136,0.3041655719280243,0,0.0311571191996336,-0.5096214413642883,0.8598346710205078,0,0,0.7212690114974976,0,1,0.34579336643218994,-0.7391220927238464,0.5780355930328369,0,0.937897264957428,0.25398746132850647,-0.23630188405513763,0,0.027842145413160324,0.6238500475883484,0.7810482382774353,0,0,0.3127799928188324,0,1,0.7214043140411377,0.6750043034553528,0.1547422558069229,0,-0.6914451122283936,0.7144896984100342,0.10680899024009705,0,-0.038465216755867004,-0.18404825031757355,0.9821643829345703,0,0.008400999940931797,-0.06772100180387497,0.6049990057945251,1,-0.643659234046936,0.7459949851036072,0.17086367309093475,0,-0.7588828802108765,-0.6510204672813416,-0.01641044206917286,0,0.09899366647005081,-0.140228271484375,0.985158383846283,0,0,0.4281870126724243,0,1,-0.1357971876859665,0.13553033769130707,-0.9814226031303406,0,-0.15848122537136078,0.9748713970184326,0.15655432641506195,0,0.9779787063598633,0.17679667472839355,-0.11090578883886337,0,0,0.46614599227905273,0,1,0.9995835423469543,0.00010097363701788709,0.02884896658360958,0,-0.022050557658076286,0.6474846005439758,0.7617602348327637,0,-0.01860232837498188,-0.7620784044265747,0.6472166180610657,0,0,0.19677500426769257,0,1,-0.9810358285903931,-0.02592247538268566,-0.19208687543869019,0,0.04338953271508217,-0.9952374696731567,-0.08729210495948792,0,-0.1889091283082962,-0.09397118538618088,0.9774877429008484,0,0.02771499939262867,-0.06772100180387497,-0.6049990057945251,1,0.6308078169822693,0.775532066822052,0.02512548305094242,0,-0.775300920009613,0.6312711834907532,-0.020106041803956032,0,-0.03145390376448631,-0.006796766072511673,0.9994824528694153,0,0,0.4272739887237549,0,1,0.06751390546560287,-0.09656669199466705,-0.9930339455604553,0,0.940944254398346,0.33712220191955566,0.031189341098070145,0,0.33176183700561523,-0.9364949464797974,0.11362425237894058,0,0,0.46706900000572205,0,1,0.9996209144592285,0.00016821468307171017,-0.027525821700692177,0,0.024626314640045166,0.44130438566207886,0.8970200419425964,0,0.012298154644668102,-0.8973575830459595,0.4411328136920929,0,0,0.195591002702713,0,1
K0.105,-0.9831575155258179,0.1827462613582611,-0.002211453393101692,0,0.17895378172397614,0.9650700688362122,0.19135095179080963,0,0.03710288926959038,0.18773247301578522,-0.981519341468811,0,-0.10875597596168518,1.0549982786178589,-0.04061668738722801,1,0.9229236245155334,0.35168567299842834,-0.15661752223968506,0,-0.30579063296318054,0.9168246388435364,0.25675731897354126,0,0.233888640999794,-0.18907518684864044,0.9537010788917542,0,-0.023020999506115913,0.12121699750423431,0,1,0.9962686896324158,0.01994655840098858,-0.0839708223938942,0,-0.01786377839744091,0.9995156526565552,0.02548237331211567,0,0.08443843573331833,-0.023887254297733307,0.9961424469947815,0,0,0.1439480036497116,0,1,0.9941473007202148,0.06843187659978867,-0.0835907906293869,0,-0.06593666225671768,0.9973018169403076,0.03225814923644066,0,0.08557280153036118,-0.026557670906186104,0.9959777593612671,0,0,0.16451199352741241,0,1,0.9714062809944153,-0.2303645759820938,0.05746472254395485,0,0.23069192469120026,0.9730266332626343,0.0009618253679946065,0,-0.05613623932003975,0.012322316877543926,0.9983468651771545,0,0,0.18507599830627441,0,1,0.9394201040267944,-0.1221538558602333,0.3202629089355469,0,0.13242197036743164,0.9911391735076904,-0.010392693802714348,0,-0.31615543365478516,0.05217292159795761,0.9472714066505432,0,-0.2194959968328476,0.30166399478912354,0,1,0.9995731115341187,0.0006517256260849535,0.029197337105870247,0,-0.029171839356422424,-0.025066856294870377,0.9992596507072449,0,0.001383132068440318,-0.9996857047080994,-0.025037167593836784,0,-0.02285899966955185,0.14002400636672974,0.31891700625419617,1,-0.7601868510246277,-0.31006094813346863,0.5709442496299744,0,0.30595654249191284,0.6043941378593445,0.7355939745903015,0,-0.5731546878814697,0.7338734269142151,-0.36458757519721985,0,0,0.7218000292778015,0,1,-0.4019964933395386,0.8198865056037903,0.40765756368637085,0,0.9076991081237793,0.2983231544494629,0.29510247707366943,0,0.1203368678689003,0.4886605143547058,-0.8641349673271179,0,0,0.32924601435661316,0,1,-0.9985939860343933,0.008906478062272072,0.05226005241274834,0,-0.05199435353279114,0.02782638929784298,-0.9982593059539795,0,-0.010345189832150936,-0.9995733499526978,-0.027324238792061806,0,-0.011376000009477139,0.1378439962863922,-0.31891700625419617,1,0.6573897004127502,-0.6410154700279236,-0.3961542248725891,0,0.7521055936813354,0.590686559677124,0.2922782301902771,0,0.0466480553150177,-0.4900903105735779,0.8704223036766052,0,0,0.7212690114974976,0,1,0.2892407178878784,-0.7520233988761902,0.5922842025756836,0,0.9542689323425293,0.1776706725358963,-0.24042674899101257,0,0.07557491958141327,0.6347392201423645,0.7690216302871704,0,0,0.3127799928188324,0,1,0.45694592595100403,0.8860015869140625,0.07875397801399231,0,-0.8889160752296448,0.4580487012863159,0.004503801930695772,0,-0.03208275884389877,-0.07206360995769501,0.996883749961853,0,0.008400999940931797,-0.06772100180387497,0.6049990057945251,1,-0.15070633590221405,0.978855311870575,0.1383122205734253,0,-0.9869808554649353,-0.14103162288665771,-0.07732296735048294,0,-0.056181564927101135,-0.14816448092460632,0.9873653054237366,0,0,0.4281870126724243,0,1,-0.09096378833055496,0.042049016803503036,-0.9949658513069153,0,0.03634192794561386,0.9985829591751099,0.038879357278347015,0,0.9951907396316528,-0.03262236341834068,-0.09236303716897964,0,0,0.46614599227905273,0,1,0.9995892643928528,0.0000505461503053084,0.02866658940911293,0,-0.02233942411839962,0.628044843673706,0.7778569459915161,0,-0.017964573577046394,-0.7781772613525391,0.6277875900268555,0,0,0.19677500426769257,0,1,-0.8919973373413086,-0.34457430243492126,-0.29258960485458374,0,0.40719011425971985,-0.89356529712677,-0.18904583156108856,0,-0.1963074952363968,-0.28776779770851135,0.9373644590377808,0,0.02771499939262867,-0.06772100180387497,-0.6049990057945251,1,0.7754901647567749,0.6250900030136108,0.08875235915184021,0,-0.6254711747169495,0.7797830700874329,-0.02690563164651394,0,-0.08602607250213623,-0.034647002816200256,0.9956904053688049,0,0,0.4272739887237549,0,1,0.18987616896629333,0.0812758356332779,-0.978438138961792,0,0.7180292010307312,0.6681832671165466,0.194845050573349,0,0.6696122884750366,-0.7395437359809875,0.0685136541724205,0,0,0.46706900000572205,0,1,0.9996992945671082,-0.00034366027102805674,-0.024517307057976723,0,0.024505428969860077,0.04812987893819809,0.9985403418540955,0,0.0008368563139811158,-0.998840868473053,0.04812382906675339,0,0,0.195591002702713,0,1
K0.140,-0.9807850122451782,0.1948503702878952,-0.00972206611186266,0,0.18935908377170563,0.9627701640129089,0.19291765987873077,0,0.04695015400648117,0.18736965954303741,-0.9811665415763855,0,-0.09445318579673767,1.0137622356414795,-0.01004320103675127,1,0.9127522706985474,0.3333074450492859,-0.23619651794433594,0,-0.262340784072876,0.9214561581611633,0.28652423620224,0,0.3131454288959503,-0.1995617002248764,0.9285013675689697,0,-0.023020999506115913,0.12121699750423431,0,1,0.9954335689544678,0.007093439809978008,-0.09519809484481812,0,-0.00420017633587122,0.9995245337486267,0.03055807203054428,0,0.09536949545145035,-0.030018648132681847,0.9949889779090881,0,0,0.1439480036497116,0,1,0.9940282702445984,0.0548754520714283,-0.09431738406419754,0,-0.051506176590919495,0.9979574680328369,0.03779548034071922,0,0.09619881957769394,-0.03271185979247093,0.9948247075080872,0,0,0.16451199352741241,0,1,0.973574161529541,-0.21864119172096252,0.06594701111316681,0,0.21872474253177643,0.9757674932479858,0.006038476713001728,0,-0.06566924601793289,0.008545341901481152,0.9978048205375671,0,0,0.18507599830627441,0,1,0.9119168519973755,-0.06984853744506836,0.40438735485076904,0,0.09502868354320526,0.9945668578147888,-0.04250680282711983,0,-0.3992209732532501,0.07719102501869202,0.9135992527008057,0,-0.2194959968328476,0.30166399478912354,0,1,0.9997748136520386,0.0007130819140002131,0.021202458068728447,0,-0.021214207634329796,0.03828015550971031,0.9990414381027222,0,-0.00009923514153342694,-0.999267041683197,0.038286689668893814,0,-0.02285899966955185,0.14002400636672974,0.31891700625419617,1,-0.6809899806976318,-0.3345555067062378,0.6514031887054443,0,0.3699449300765991,0.610508382320404,0.7003000974655151,0,-0.6319760680198669,0.717880368232727,-0.29198282957077026,0,0,0.7218000292778015,0,1,-0.4143902361392975,0.8156988620758057,0.4036283493041992,0,0.9030632376670837,0.31349483132362366,0.2935946583747864,0,0.11294940114021301,0.48616454005241394,-0.8665366172790527,0,0,0.32924601435661316,0,1,-0.9997950196266174,0.014308540150523186,-0.014321631751954556,0,0.015008094720542431,0.04907980561256409,-0.9986822009086609,0,-0.013586779125034809,-0.9986922144889832,-0.0492844395339489,0,-0.011376000009477139,0.1378439962863922,-0.31891700625419617,1,0.6985811591148376,-0.6371486186981201,-0.3256166875362396,0,0.7153527140617371,0.6320605874061584,0.29794368147850037,0,0.01597505435347557,-0.4410684406757355,0.8973311185836792,0,0,0.7212690114974976,0,1,0.23223747313022614,-0.7602927088737488,0.6066468954086304,0,0.9647629261016846,0.10074563324451447,-0.24307045340538025,0,0.12368767708539963,0.6417204737663269,0.7568992376327515,0,0,0.3127799928188324,0,1,0.167387917637825,0.9858846068382263,-0.0036226846277713776,0,-0.9846563935279846,0.16699329018592834,-0.05065036192536354,0,-0.04933043196797371,0.012045354582369328,0.9987098574638367,0,0.008400999940931797,-0.06772100180387497,0.6049990057945251,1,0.5502785444259644,0.8111772537231445,0.1979542076587677,0,-0.8136944770812988,0.5741520524024963,-0.09083160758018494,0,-0.18733631074428558,-0.11109153926372528,0.9759938716888428,0,0,0.4281870126724243,0,1,-0.041617535054683685,-0.013485212810337543,-0.9990424513816833,0,-0.004042534157633781,0.9999030232429504,-0.013328426517546177,0,0.9991251230239868,0.003483965527266264,-0.04166800528764725,0,0,0.46614599227905273,0,1,0.999597430229187,-0.000021758316506748088,0.02836725115776062,0,-0.022774023935198784,0.5955953001976013,0.8029616475105286,0,-0.01691287010908127,-0.803284227848053,0.5953549146652222,0,0,0.19677500426769257,0,1,-0.6767694354057312,-0.6551659107208252,-0.3357700705528259,0,0.7243021726608276,-0.6741991639137268,-0.1443646103143692,0,-0.13179311156272888,-0.3409005105495453,0.9308153986930847,0,0.02771499939262867,-0.06772100180387497,-0.6049990057945251,1,0.9108477830886841,0.3969322144985199,0.11314413696527481,0,-0.3989318311214447,0.9169647097587585,-0.005361955612897873,0,-0.10587754100561142,-0.04025288298726082,0.9935644865036011,0,0,0.4272739887237549,0,1,0.17943190038204193,0.12970831990242004,-0.9751816391944885,0,0.6070650219917297,0.7654322981834412,0.21350868046283722,0,0.7741292119026184,-0.6303088068962097,0.05860157310962677,0,0,0.46706900000572205,0,1,0.9996229410171509,0.00017099625256378204,-0.027458956465125084,0,0.02467348799109459,0.43328624963760376,0.900918185710907,0,0.012051645666360855,-0.9012563228607178,0.4331187605857849,0,0,0.195591002702713,0,1
K0.175,-0.9770468473434448,0.19602207839488983,-0.08339554071426392,0,0.18434330821037292,0.9742065072059631,0.1301497220993042,0,0.10675672441720963,0.11178901791572571,-0.9879810214042664,0,-0.07124626636505127,0.9517308473587036,0.0013095595641061664,1,0.8867117166519165,0.31023937463760376,-0.3427731692790985,0,-0.23266278207302094,0.940133810043335,0.24903258681297302,0,0.39951226115226746,-0.14106951653957367,0.9058086276054382,0,-0.023020999506115913,0.12121699750423431,0,1,0.9950933456420898,-0.0004535838670562953,-0.09894204884767532,0,0.0030504008755087852,0.9996547102928162,0.026096148416399956,0,0.09889598190784454,-0.026269901543855667,0.9947505593299866,0,0,0.1439480036497116,0,1,0.9940499663352966,0.04784803465008736,-0.09785446524620056,0,-0.04476405307650566,0.9984362125396729,0.03347322344779968,0,0.09930305182933807,-0.028893690556287766,0.9946371912956238,0,0,0.16451199352741241,0,1,0.9763221740722656,-0.20666058361530304,0.06392931938171387,0,0.20546986162662506,0.9783501625061035,0.024740660563111305,0,-0.06765821576118469,-0.011019312776625156,0.9976480603218079,0,0,0.18507599830627441,0,1,0.9036861062049866,-0.02582082897424698,0.4274165630340576,0,0.05835212767124176,0.9962944984436035,-0.06318626552820206,0,-0.42420122027397156,0.08204121142625809,0.9018441438674927,0,-0.2194959968328476,0.30166399478912354,0,1,0.9998393058776855,-0.0011021430836990476,0.01790020801126957,0,-0.017787683755159378,0.06633757799863815,0.9976385831832886,0,-0.0022869976237416267,-0.9977969527244568,0.06630733609199524,0,-0.02285899966955185,0.14002400636672974,0.31891700625419617,1,-0.64146488904953,-0.3320784866809845,0.6915532946586609,0,0.4272500276565552,0.5940685272216797,0.6815718412399292,0,-0.6371653079986572,0.7326705455780029,-0.23919352889060974,0,0,0.7218000292778015,0,1,-0.38595840334892273,0.8249687552452087,0.41287174820899963,0,0.9133251309394836,0.27869027853012085,0.29693156480789185,0,0.1298959106206894,0.4916893541812897,-0.8610275983810425,0,0,0.32924601435661316,0,1,-0.9991396069526672,0.01694045588374138,-0.0378461554646492,0,0.038838569074869156,0.06269386410713196,-0.997276782989502,0,-0.014521612785756588,-0.9978892207145691,-0.0632978305220604,0,-0.011376000009477139,0.1378439962863922,-0.31891700625419617,1,0.7346147298812866,-0.6300267577171326,-0.25180840492248535,0,0.677147626876831,0.6575183868408203,0.3303641676902771,0,-0.04256964474916458,-0.4132021367549896,0.9096444249153137,0,0,0.7212690114974976,0,1,0.19138891994953156,-0.7633854746818542,0.616938591003418,0,0.9686866402626038,0.04562109336256981,-0.2440589964389801,0,0.15816567838191986,0.6443305015563965,0.7482127547264099,0,0,0.3127799928188324,0,1,-0.20229294896125793,0.9758742451667786,-0.08213908970355988,0,-0.9793174862861633,-0.20123779773712158,0.0210158359259367,0,0.003979325294494629,0.0846915990114212,0.9963996410369873,0,0.008400999940931797,-0.06772100180387497,0.6049990057945251,1,0.9499364495277405,0.09431396424770355,0.2978684604167938,0,-0.08679873496294022,0.9954857230186462,-0.038389142602682114,0,-0.30014461278915405,0.01061264704912901,0.9538350701332092,0,0,0.4281870126724243,0,1,-0.07456890493631363,-0.10853283107280731,-0.991291880607605,0,-0.23547235131263733,0.9678658843040466,-0.08825483918190002,0,0.9690161347389221,0.2268407642841339,-0.09772917628288269,0,0,0.46614599227905273,0,1,0.9996048212051392,-0.00007395879219984636,0.028109785169363022,0,-0.02311142161488533,0.5670614838600159,0.823351263999939,0,-0.016000866889953613,-0.8236753344535828,0.5668355822563171,0,0,0.19677500426769257,0,1,-0.3610328137874603,-0.8917232751846313,-0.2729193866252899,0,0.9325014352798462,-0.3482760488986969,-0.09562459588050842,0,-0.009780613705515862,-0.289021372795105,0.9572725296020508,0,0.02771499939262867,-0.06772100180387497,-0.6049990057945251,1,0.9960474967956543,0.05873475596308708,0.06663598865270615,0,-0.061691563576459885,0.9971594214439392,0.04321710765361786,0,-0.06390833109617233,-0.04715714603662491,0.9968410730361938,0,0,0.4272739887237549,0,1,0.10120832920074463,0.12849824130535126,-0.9865317940711975,0,0.49345582723617554,0.8545639514923096,0.16193276643753052,0,0.8638622760772705,-0.5031986236572266,0.023080773651599884,0,0,0.46706900000572205,0,1,0.9996297359466553,0.00017290894174948335,-0.027207041159272194,0,0.024832170456647873,0.4028399586677551,0.914933443069458,0,0.011118285357952118,-0.9152703881263733,0.40268656611442566,0,0,0.195591002702713,0,1
K0.211,-0.9810370802879333,0.1564469039440155,-0.11441468447446823,0,0.1511833220720291,0.9870640635490417,0.053372908383607864,0,0.1212845891714096,0.03506319597363472,-0.9919981360435486,0,-0.04212165251374245,0.9218798875808716,0.008536265231668949,1,0.8850874900817871,0.30021342635154724,-0.35565754771232605,0,-0.2546945810317993,0.952004075050354,0.16976280510425568,0,0.3895523250102997,-0.05967085435986519,0.919069230556488,0,-0.023020999506115913,0.12121699750423431,0,1,0.996320366859436,0.004126803949475288,-0.08560426533222198,0,-0.0020645586773753166,0.9997056126594543,0.02416500635445118,0,0.08567879348993301,-0.02389935590326786,0.9960356950759888,0,0,0.1439480036497116,0,1,0.9949774742126465,0.05374092608690262,-0.08444920182228088,0,-0.051223043352365494,0.9981836080551147,0.031705912202596664,0,0.08599971234798431,-0.027220919728279114,0.995922863483429,0,0,0.16451199352741241,0,1,0.9763021469116211,-0.2088148593902588,0.05684611573815346,0,0.20817402005195618,0.9779433608055115,0.017034897580742836,0,-0.05914940685033798,-0.0047973208129405975,0.9982377290725708,0,0,0.18507599830627441,0,1,0.926660418510437,-0.013998559676110744,0.375638872385025,0,0.03766895830631256,0.9977341890335083,-0.05574367195367813,0,-0.3740074336528778,0.06580539047718048,0.9250881671905518,0,-0.2194959968328476,0.30166399478912354,0,1,0.9997937679290771,-0.0007876607123762369,0.020299002528190613,0,-0.020206263288855553,0.0643472746014595,0.9977229237556458,0,-0.0020920534152537584,-0.9979276061058044,0.06431811302900314,0,-0.02285899966955185,0.14002400636672974,0.31891700625419617,1,-0.6651298999786377,-0.30546048283576965,0.6813926100730896,0,0.4658227860927582,0.5434560775756836,0.6983302235603333,0,-0.5836191177368164,0.7818882465362549,-0.21917837858200073,0,0,0.7218000292778015,0,1,-0.29413849115371704,0.8470407128334045,0.44272342324256897,0,0.9377616047859192,0.1662919670343399,0.3048761487007141,0,0.18462128937244415,0.504845142364502,-0.8432355523109436,0,0,0.32924601435661316,0,1,-0.9999089241027832,0.013466502539813519,-0.0010321836452931166,0,0.0016736742109060287,0.04771208390593529,-0.9988598227500916,0,-0.013401900418102741,-0.9987705945968628,-0.04773027449846268,0,-0.011376000009477139,0.1378439962863922,-0.31891700625419617,1,0.761449933052063,-0.6203874349594116,-0.18791870772838593,0,0.6376221776008606,0.6646178960800171,0.3895128071308136,0,-0.11675482243299484,-0.4164159297943115,0.9016466736793518,0,0,0.7212690114974976,0,1,0.18811897933483124,-0.7635320425033569,0.6177620887756348,0,0.9688724279403687,0.041208457201719284,-0.24410580098628998,0,0.16092565655708313,0.644453763961792,0.7475175261497498,0,0,0.3127799928188324,0,1,-0.24501879513263702,0.9672623872756958,-0.06609996408224106,0,-0.968843936920166,-0.2417358160018921,0.0539034903049469,0,0.036160100251436234,0.07724794000387192,0.9963564276695251,0,0.008400999940931797,-0.06772100180387497,0.6049990057945251,1,0.9655136466026306,0.14276039600372314,0.21772098541259766,0,-0.1416357308626175,0.9896991848945618,-0.020846083760261536,0,-0.2184542864561081,-0.010709892958402634,0.9757880568504333,0,0,0.4281870126724243,0,1,-0.05187635123729706,-0.24159273505210876,-0.9689899682998657,0,-0.0774260014295578,0.9683487415313721,-0.2372877448797226,0,0.995647668838501,0.06271541863679886,-0.06893999129533768,0,0,0.46614599227905273,0,1,0.9996145367622375,-0.0001279199932469055,0.02777222730219364,0,-0.023500539362430573,0.528995931148529,0.8482989072799683,0,-0.014799905009567738,-0.8486243486404419,0.5287888646125793,0,0,0.19677500426769257,0,1,-0.32013142108917236,-0.9262585043907166,-0.1988999992609024,0,0.9468428492546082,-0.3057985305786133,-0.09987768530845642,0,0.03168921172618866,-0.22030095756053925,0.9749166965484619,0,0.02771499939262867,-0.06772100180387497,-0.6049990057945251,1,0.9558925032615662,0.2932135760784149,0.017172979190945625,0,-0.2937152683734894,0.9543952941894531,0.05349065363407135,0,-0.000705625512637198,-0.056175269186496735,0.9984203577041626,0,0,0.4272739887237549,0,1,0.05769297108054161,0.10228842496871948,-0.9930806756019592,0,0.5016334056854248,0.8570740818977356,0.11742193251848221,0,0.8631541132926941,-0.5049366354942322,-0.0018641423666849732,0,0,0.46706900000572205,0,1,0.9996302723884583,0.0001730377844069153,-0.027187125757336617,0,0.024843446910381317,0.40039700269699097,0.9160050749778748,0,0.011044148355722427,-0.9163419604301453,0.40024471282958984,0,0,0.195591002702713,0,1
