2.700,30,80,25
B0,mixamorig_Hips,-1,-0.7582260370254517,-0.1315450221300125,0.6385840177536011,0,-0.12761378288269043,0.9904329776763916,0.052501238882541656,0,-0.6393809914588928,-0.04168432578444481,-0.7677590250968933,0,0.01783199980854988,0.5273529887199402,-0.008313000202178955,1
B1,mixamorig_Spine,0,0.9872729778289795,-0.1517598032951355,-0.047550268471241,0,0.15024518966674805,0.9880649447441101,-0.033974822610616684,0,0.052138764411211014,0.026398226618766785,0.998291015625,0,-0.002191999927163124,0.0561939999461174,0,1
B2,mixamorig_Spine1,1,0.9893789887428284,-0.10566000640392303,-0.09982579946517944,0,0.09888799488544464,0.9925959706306458,-0.07052275538444519,0,0.10653820633888245,0.059902213513851166,0.9925029277801514,0,0,0.06560900062322617,0,1
B3,mixamorig_Spine2,2,0.9886029958724976,0.1003827452659607,-0.11219676584005356,0,-0.1063462570309639,0.9931470155715942,-0.04848092421889305,0,0.10656119138002396,0.05986006557941437,0.9925029873847961,0,0,0.07498200237751007,0,1
B4,mixamorig_Neck,3,0.9835641384124756,-0.0783119723200798,-0.16269466280937195,0,0.07861705869436264,0.9968940019607544,-0.004571848548948765,0,0.16254737973213196,-0.008293869905173779,0.9866660237312317,0,0,0.08435499668121338,0,1
B5,mixamorig_Head,4,0.9169910550117493,0.06648151576519012,-0.3933298885822296,0,-0.09628065675497055,0.9937490224838257,-0.05649850144982338,0,0.3871151804924011,0.08967868983745575,0.9176599979400635,0,-0.1646530032157898,0.17463800311088562,0,1
B6,mixamorig_HeadTop_End,5,1,0,0,0,0,1,0,0,0,0,1,0,-0.2398650050163269,0.2544099986553192,0,1
B7,mixamorig_LeftShoulder,3,-0.9531798958778381,-0.029299089685082436,-0.3009791374206543,0,0.29130178689956665,0.17822523415088654,-0.9398819804191589,0,0.08117979764938354,-0.9835529923439026,-0.16134589910507202,0,0.0024210000410676003,0.08201099932193756,-0.14988699555397034,1
B8,mixamorig_LeftArm,7,0.9966650009155273,-0.009873109869658947,0.08099998533725739,0,-0.06397707015275955,0.5216050744056702,0.8507850170135498,0,-0.050649914890527725,-0.853130042552948,0.5192340016365051,0,0,0.29964199662208557,0,1
B9,mixamorig_LeftForeArm,8,0.8148940801620483,0.45227983593940735,0.3624790906906128,0,-0.49830710887908936,0.8660959601402283,0.03958795964717865,0,-0.2960369288921356,-0.21288596093654633,0.9311510324478149,0,0,0.3374539911746979,0,1
B10,mixamorig_LeftHand,9,1,0,0,0,0,1,0,0,0,0,1,0,0,0.5373309850692749,0,1
B11,mixamorig_RightShoulder,3,0.9105119109153748,0.08713036775588989,-0.404197096824646,0,0.37765493988990784,0.22278335690498352,0.8987460136413574,0,0.1683564931154251,-0.970966100692749,0.1699417233467102,0,-0.002595999976620078,0.08220600336790085,0.14988699555397034,1
B12,mixamorig_RightArm,11,0.827114999294281,0.4938562214374542,0.268302857875824,0,-0.43108105659484863,0.2511388659477234,0.8666590452194214,0,0.3606237471103668,-0.832487165927887,0.4206129312515259,0,0,0.29964199662208557,0,1
B13,mixamorig_RightForeArm,12,0.6582832336425781,-0.7128987908363342,-0.2417421042919159,0,0.743192195892334,0.6665488481521606,0.058116111904382706,0,0.1197020560503006,-0.2179177850484848,0.9685991406440735,0,0,0.3323169946670532,0,1
B14,mixamorig_RightHand,13,1,0,0,0,0,1,0,0,0,0,1,0,0,0.5359060168266296,0,1
B15,mixamorig_LeftUpLeg,0,-0.360877126455307,-0.8925601840019226,0.27037861943244934,0,0.29691383242607117,-0.3847872018814087,-0.8739458918571472,0,0.884087085723877,-0.23510777950286865,0.40387409925460815,0,0.02911500073969364,-0.031606998294591904,-0.2385219931602478,1
B16,mixamorig_LeftLeg,15,0.5330098271369934,-0.609950065612793,-0.5863969326019287,0,0.8379788994789124,0.4763942062854767,0.2661580741405487,0,0.11701292544603348,-0.6332530379295349,0.7650479674339294,0,0,0.28234899044036865,0,1
B17,mixamorig_LeftFoot,16,-0.37916868925094604,-0.1643911600112915,0.910608172416687,0,-0.8952568769454956,0.3140121400356293,-0.3160882294178009,0,-0.2339799553155899,-0.935079038143158,-0.26623591780662537,0,0,0.2821139991283417,0,1
B18,mixamorig_LeftToeBase,17,0.9813719987869263,-0.10179007053375244,0.16293489933013916,0,-0.005615083035081625,0.8325421214103699,0.5539329051971436,0,-0.1920350193977356,-0.5445290803909302,0.8164619207382202,0,0,0.09650900214910507,0,1
B19,mixamorig_LeftToe_End,18,1,0,0,0,0,1,0,0,0,0,1,0,0,0.04324899986386299,0,1
B20,mixamorig_RightUpLeg,0,-0.857014000415802,-0.5027328133583069,0.11307583749294281,0,0.4094112515449524,-0.531067967414856,0.7418548464775085,0,-0.31290408968925476,0.6820751428604126,0.6609578132629395,0,0.025661999359726906,-0.031606998294591904,0.2385219931602478,1
B21,mixamorig_RightLeg,20,0.37574827671051025,-0.8166739344596863,0.4380140006542206,0,0.9260850548744202,0.34842395782470703,-0.14480392634868622,0,-0.034356992691755295,0.46004796028137207,0.8872290253639221,0,0,0.2886810004711151,0,1
B22,mixamorig_RightFoot,21,0.3692830204963684,0.793999969959259,0.48290199041366577,0,-0.8838949799537659,0.13962192833423615,0.44635891914367676,0,0.28698503971099854,-0.5916669368743896,0.753372073173523,0,0,0.28394898772239685,0,1
B23,mixamorig_RightToeBase,22,0.8697490096092224,0.05596882477402687,0.490310937166214,0,-0.4120401442050934,0.6291449666023254,0.6590899229049683,0,-0.27158790826797485,-0.7752699255943298,0.5702590942382812,0,0,0.049348000437021255,0,1
B24,mixamorig_RightToe_End,23,1,0,0,0,0,1,0,0,0,0,1,0,0,0.0429610013961792,0,1
@20,0,1,2,3,4,5,7,8,9,11,12,13,15,16,17,18,20,21,22,23
K0,0.6385839581489563,-0.13154514133930206,0.7582260370254517,0,0.05250130966305733,0.9904329776763916,0.1276138573884964,0,-0.7677590847015381,-0.04168431833386421,0.639380931854248,0,-0.00831299927085638,0.5273529887199402,-0.01783199980854988,1,0.9872729778289795,-0.1517598032951355,-0.047550249844789505,0,0.15024518966674805,0.9880649447441101,-0.033974796533584595,0,0.05213874578475952,0.026398204267024994,0.998291015625,0,-0.002191999927163124,0.0561939999461174,0,1,0.9893789887428284,-0.10566000640392303,-0.09982579201459885,0,0.09888799488544464,0.9925959706306458,-0.07052277028560638,0,0.10653819888830185,0.05990222841501236,0.9925029277801514,0,0,0.06560900062322617,0,1,0.9886029958724976,0.1003827452659607,-0.11219678074121475,0,-0.1063462570309639,0.9931470155715942,-0.04848093166947365,0,0.10656120628118515,0.059860073029994965,0.9925029873847961,0,0,0.07498200237751007,0,1,0.9835641384124756,-0.07831195741891861,-0.16269464790821075,0,0.07861704379320145,0.9968940019607544,-0.004571857396513224,0,0.16254736483097076,-0.008293857797980309,0.9866660237312317,0,0,0.08435499668121338,0,1,0.9169910550117493,0.06648144870996475,-0.3933298587799072,0,-0.0962805524468422,0.9937490224838257,-0.05649842694401741,0,0.38711515069007874,0.0896785780787468,0.9176599979400635,0,-0.1646530032157898,0.17463800311088562,0,1,-0.9531798958778381,-0.029298963025212288,-0.30097928643226624,0,0.291301965713501,0.17822520434856415,-0.9398819208145142,0,0.08117970079183578,-0.9835529923439026,-0.1613459289073944,0,0.0024210000410676003,0.08201099932193756,-0.14988699555397034,1,0.9966650009155273,-0.009873117320239544,0.08100005239248276,0,-0.06397712230682373,0.5216050744056702,0.8507850170135498,0,-0.05064995586872101,-0.853130042552948,0.5192340016365051,0,0,0.29964199662208557,0,1,0.8148940205574036,0.45227983593940735,0.3624790906906128,0,-0.49830716848373413,0.8660959601402283,0.039587996900081635,0,-0.29603689908981323,-0.2128860205411911,0.9311510324478149,0,0,0.3374539911746979,0,1,0.9105117917060852,0.08713031560182571,-0.40419742465019226,0,0.3776552677154541,0.22278344631195068,0.8987457752227783,0,0.1683565229177475,-0.9709660410881042,0.1699417680501938,0,-0.002595999976620078,0.08220600336790085,0.14988699555397034,1,0.8271150588989258,0.4938561022281647,0.26830267906188965,0,-0.4310809075832367,0.2511391043663025,0.8666589856147766,0,0.36062365770339966,-0.8324871063232422,0.42061305046081543,0,0,0.29964199662208557,0,1,0.6582831740379333,-0.712898850440979,-0.2417420595884323,0,0.7431922554969788,0.6665487885475159,0.058116186410188675,0,0.11970195919275284,-0.2179178148508072,0.9685991406440735,0,0,0.3323169946670532,0,1,-0.3608769178390503,-0.8925603032112122,0.27037858963012695,0,0.29691362380981445,-0.38478705286979675,-0.8739460706710815,0,0.8840872049331665,-0.23510770499706268,0.4038737714290619,0,0.02911500073969364,-0.031606998294591904,-0.2385219931602478,1,0.5330098271369934,-0.6099501252174377,-0.5863969326019287,0,0.8379788994789124,0.4763942360877991,0.26615801453590393,0,0.11701297760009766,-0.6332529783248901,0.7650479674339294,0,0,0.28234899044036865,0,1,-0.37916868925094604,-0.16439126431941986,0.9106080532073975,0,-0.895256757736206,0.314012348651886,-0.3160881996154785,0,-0.23398004472255707,-0.9350789189338684,-0.2662360370159149,0,0,0.2821139991283417,0,1,0.9813719987869263,-0.10179008543491364,0.16293492913246155,0,-0.005615088623017073,0.8325421214103699,0.5539329051971436,0,-0.19203506410121918,-0.5445290803909302,0.8164618611335754,0,0,0.09650900214910507,0,1,-0.857014000415802,-0.5027326941490173,0.11307592689990997,0,0.4094112515449524,-0.531067967414856,0.7418547868728638,0,-0.3129039406776428,0.6820751428604126,0.6609578728675842,0,0.025661999359726906,-0.031606998294591904,0.2385219931602478,1,0.3757481276988983,-0.8166739344596863,0.43801409006118774,0,0.9260851144790649,0.3484237790107727,-0.1448039412498474,0,-0.03435692563652992,0.46004804968833923,0.8872289657592773,0,0,0.2886810004711151,0,1,0.3692830204963684,0.793999969959259,0.48290205001831055,0,-0.8838949799537659,0.13962188363075256,0.44635894894599915,0,0.2869850695133209,-0.5916669964790344,0.7533720135688782,0,0,0.28394898772239685,0,1,0.8697489500045776,0.05596880242228508,0.49031102657318115,0,-0.41204020380973816,0.6291449069976807,0.659089982509613,0,-0.27158796787261963,-0.7752699851989746,0.5702590346336365,0,0,0.049348000437021255,0,1
K0.034,0.6512100696563721,-0.13480150699615479,0.7468292713165283,0,0.04924089461565018,0.9895293712615967,0.13567206263542175,0,-0.7572983503341675,-0.051576483994722366,0.6510292887687683,0,-0.011071724817156792,0.5239723920822144,-0.015956249088048935,1,0.9874435067176819,-0.15037809312343597,-0.048396117985248566,0,0.14883920550346375,0.9882768392562866,-0.03398790583014488,0,0.05293978750705719,0.026357894763350487,0.9982494711875916,0,-0.002191999927163124,0.0561939999461174,0,1,0.9894605875015259,-0.10308152437210083,-0.10169142484664917,0,0.09606942534446716,0.992795467376709,-0.07160838693380356,0,0.108340322971344,0.061084263026714325,0.9922353029251099,0,0,0.06560900062322617,0,1,0.9880911111831665,0.10300756245851517,-0.11429912596940994,0,-0.10918352007865906,0.992806613445282,-0.049140218645334244,0,0.10841512680053711,0.06103460490703583,0.9922302961349487,0,0,0.07498200237751007,0,1,0.9831834435462952,-0.07470642775297165,-0.1666400134563446,0,0.0742604210972786,0.9971989989280701,-0.008914755657315254,0,0.16683922708034515,-0.003609917825087905,0.9859771132469177,0,0,0.08435499668121338,0,1,0.916124165058136,0.06670615822076797,-0.395306795835495,0,-0.097580187022686,0.9935075044631958,-0.05849254131317139,0,0.38883838057518005,0.09216051548719406,0.9166852831840515,0,-0.1646530032157898,0.17463800311088562,0,1,-0.9547145962715149,-0.030627230182290077,-0.2959442734718323,0,0.286679744720459,0.17141292989253998,-0.9425668120384216,0,0.0795968770980835,-0.9847234487533569,-0.15487021207809448,0,0.0024210000410676003,0.08201099932193756,-0.14988699555397034,1,0.9970099925994873,-0.01310262642800808,0.07614853233098984,0,-0.058343078941106796,0.518479585647583,0.8530968427658081,0,-0.05065927281975746,-0.8549889326095581,0.5161648988723755,0,0,0.29964199662208557,0,1,0.8127999901771545,0.4545697867870331,0.3643112778663635,0,-0.5011270642280579,0.8644763231277466,0.03939291089773178,0,-0.29703187942504883,-0.21458499133586884,0.9304442405700684,0,0,0.3374539911746979,0,1,0.915823221206665,0.08186566084623337,-0.3931495249271393,0,0.36556175351142883,0.23529930412769318,0.9005552530288696,0,0.16623228788375854,-0.968469500541687,0.1855655461549759,0,-0.002595999976620078,0.08220600336790085,0.14988699555397034,1,0.8292055726051331,0.49563130736351013,0.2583965063095093,0,-0.41890597343444824,0.2449997067451477,0.8743523955345154,0,0.37004923820495605,-0.8332614302635193,0.4107779264450073,0,0,0.29964199662208557,0,1,0.6556470990180969,-0.714979350566864,-0.24275751411914825,0,0.7455127239227295,0.6639659404754639,0.057964518666267395,0,0.11973932385444641,-0.21898314356803894,0.968353807926178,0,0,0.3323169946670532,0,1,-0.3507876396179199,-0.8949901461601257,0.2755735218524933,0,0.30490750074386597,-0.3873962461948395,-0.8700327277183533,0,0.8854260444641113,-0.2211720496416092,0.4087825417518616,0,0.02911500073969364,-0.031606998294591904,-0.2385219931602478,1,0.5460001826286316,-0.6018214225769043,-0.5828334093093872,0,0.8298838138580322,0.4838365316390991,0.27783846855163574,0,0.11478696018457413,-0.6353839635848999,0.7636168003082275,0,0,0.28234899044036865,0,1,-0.37112435698509216,-0.15122242271900177,0.9161868691444397,0,-0.8918135166168213,0.33294352889060974,-0.30629685521125793,0,-0.25871941447257996,-0.9307416677474976,-0.2584255635738373,0,0,0.2821139991283417,0,1,0.9813718795776367,-0.10179024934768677,0.16293543577194214,0,-0.0056152320466935635,0.8325421214103699,0.5539329051971436,0,-0.19203560054302216,-0.544529139995575,0.816461980342865,0,0,0.09650900214910507,0,1,-0.8573122620582581,-0.5008960962295532,0.11881804466247559,0,0.4108823239803314,-0.5267330408096313,0.7441288828849792,0,-0.31014594435691833,0.6867713332176208,0.6573842763900757,0,0.025661999359726906,-0.031606998294591904,0.2385219931602478,1,0.34327346086502075,-0.8313624262809753,0.43703457713127136,0,0.9387713074684143,0.31833234429359436,-0.13181042671203613,0,-0.02954002097249031,0.45552247762680054,0.8897340297698975,0,0,0.2886810004711151,0,1,0.34805577993392944,0.8098998665809631,0.47214338183403015,0,-0.8834575414657593,0.11487982422113419,0.4542080760002136,0,0.31362348794937134,-0.5752086639404297,0.7554972171783447,0,0,0.28394898772239685,0,1,0.8697488307952881,0.05596926435828209,0.49031126499176025,0,-0.4120407998561859,0.6291441917419434,0.659089982509613,0,-0.2715877294540405,-0.7752709984779358,0.5702590346336365,0,0,0.049348000437021255,0,1
K0.067,0.6529754996299744,-0.14046575129032135,0.7442390322685242,0,0.0460900217294693,0.9881994128227234,0.14607203006744385,0,-0.7559752464294434,-0.061079513281583786,0.6517444849014282,0,-0.013718249276280403,0.5215146541595459,-0.014529935084283352,1,0.987555742263794,-0.1493726372718811,-0.04921283572912216,0,0.14780300855636597,0.9884276390075684,-0.034144382923841476,0,0.053743522614240646,0.02644565887749195,0.9982044100761414,0,-0.002191999927163124,0.0561939999461174,0,1,0.9895848631858826,-0.10129524767398834,-0.10228071361780167,0,0.09412872046232224,0.9929071068763733,-0.07262768596410751,0,0.10891208797693253,0.06224370375275612,0.9921006560325623,0,0,0.06560900062322617,0,1,0.9877851009368896,0.10496214032173157,-0.11517085134983063,0,-0.11128686368465424,0.9925337433815002,-0.04991750419139862,0,0.10907147079706192,0.06212475150823593,0.99209064245224,0,0,0.07498200237751007,0,1,0.9825814366340637,-0.06537055224180222,-0.1739574521780014,0,0.06351424008607864,0.997848629951477,-0.016222406178712845,0,0.17464374005794525,0.004891061224043369,0.9846197962760925,0,0,0.08435499668121338,0,1,0.9148963689804077,0.06689698994159698,-0.3981066346168518,0,-0.09771136194467545,0.9935465455055237,-0.05759890004992485,0,0.39168447256088257,0.09159661829471588,0.9155292510986328,0,-0.1646530032157898,0.17463800311088562,0,1,-0.9565092921257019,-0.032053783535957336,-0.2899370491504669,0,0.2811185121536255,0.16403132677078247,-0.9455509781837463,0,0.07786719501018524,-0.9859339594841003,-0.14788652956485748,0,0.0024210000410676003,0.08201099932193756,-0.14988699555397034,1,0.9973127841949463,-0.018376974388957024,0.0709243193268776,0,-0.05115431919693947,0.5183672904968262,0.8536264896392822,0,-0.052451908588409424,-0.8549605011940002,0.5160341858863831,0,0,0.29964199662208557,0,1,0.8108636140823364,0.45792052149772644,0.3644288182258606,0,-0.5049020051956177,0.8622517585754395,0.03996354714035988,0,-0.2959291636943817,-0.2164057493209839,0.9303731918334961,0,0,0.3374539911746979,0,1,0.920811653137207,0.07559473067522049,-0.38261154294013977,0,0.35377198457717896,0.25105932354927063,0.9010081887245178,0,0.16416949033737183,-0.9650150537490845,0.2044348269701004,0,-0.002595999976620078,0.08220600336790085,0.14988699555397034,1,0.8339565396308899,0.49386775493621826,0.24619238078594208,0,-0.4020465314388275,0.23818433284759521,0.8840963244438171,0,0.37798750400543213,-0.8362786769866943,0.39719322323799133,0,0,0.29964199662208557,0,1,0.6543958783149719,-0.7158551812171936,-0.2435516119003296,0,0.7465381622314453,0.6628429889678955,0.057614006102085114,0,0.12019316107034683,-0.21952290832996368,0.9681747555732727,0,0,0.3323169946670532,0,1,-0.35104790329933167,-0.8927584886550903,0.2823961675167084,0,0.30473706126213074,-0.39409998059272766,-0.8670755624771118,0,0.8853814005851746,-0.21832850575447083,0.41040468215942383,0,0.02911500073969364,-0.031606998294591904,-0.2385219931602478,1,0.5602917671203613,-0.5971395373344421,-0.5740183591842651,0,0.8208484053611755,0.4930187463760376,0.2883419692516327,0,0.11082138866186142,-0.6327376365661621,0.7663953900337219,0,0,0.28234899044036865,0,1,-0.36604079604148865,-0.14996612071990967,0.9184356331825256,0,-0.8901083469390869,0.3443739116191864,-0.29852011799812317,0,-0.2715173363685608,-0.9267775416374207,-0.25954097509384155,0,0,0.2821139991283417,0,1,0.9813719391822815,-0.10179103910923004,0.16293619573116302,0,-0.005615066271275282,0.8325418829917908,0.5539332628250122,0,-0.19203676283359528,-0.5445297360420227,0.8164620995521545,0,0,0.09650900214910507,0,1,-0.849216878414154,-0.510421633720398,0.13527804613113403,0,0.4275576174259186,-0.5143225789070129,0.7434152364730835,0,-0.30987873673439026,0.6891600489616394,0.6550061702728271,0,0.025661999359726906,-0.031606998294591904,0.2385219931602478,1,0.3116495609283447,-0.8432320952415466,0.437989205121994,0,0.9498775005340576,0.28842490911483765,-0.12059609591960907,0,-0.024636512622237206,0.45361974835395813,0.89085453748703,0,0,0.2886810004711151,0,1,0.33377695083618164,0.8188173174858093,0.4670456051826477,0,-0.882911205291748,0.0979776456952095,0.45920485258102417,0,0.3302445411682129,-0.5656312108039856,0.7556449174880981,0,0,0.28394898772239685,0,1,0.8697490096092224,0.055969446897506714,0.4903109073638916,0,-0.412040650844574,0.6291440725326538,0.6590902209281921,0,-0.27158722281455994,-0.7752708792686462,0.5702589750289917,0,0,0.049348000437021255,0,1
K0.101,0.6457841396331787,-0.14819881319999695,0.7489988803863525,0,0.04283098131418228,0.986469030380249,0.15825650095939636,0,-0.7623171210289001,-0.07011915743350983,0.6433931589126587,0,-0.016275135800242424,0.5199026465415955,-0.013530999422073364,1,0.9875391125679016,-0.14915208518505096,-0.050203803926706314,0,0.14752578735351562,0.9884493350982666,-0.03469427675008774,0,0.05479862540960312,0.026855593547225,0.9981358647346497,0,-0.002191999927163124,0.0561939999461174,0,1,0.9896111488342285,-0.10115636885166168,-0.10216216742992401,0,0.09383313357830048,0.9928251504898071,-0.0741201862692833,0,0.10892689973115921,0.06376396864652634,0.9920026659965515,0,0,0.06560900062322617,0,1,0.9877082109451294,0.10536139458417892,-0.11546288430690765,0,-0.11185181140899658,0.9924028515815735,-0.0512373261153698,0,0.1091872900724411,0.06352227926254272,0.9919896721839905,0,0,0.07498200237751007,0,1,0.9817193150520325,-0.05267374962568283,-0.1828985959291458,0,0.04968409240245819,0.9985466599464417,-0.020893320441246033,0,0.18373334407806396,0.011424228549003601,0.9829098582267761,0,0,0.08435499668121338,0,1,0.9127222299575806,0.06367892771959305,-0.40358778834342957,0,-0.09661649912595749,0.9934033751487732,-0.06175895780324936,0,0.3969928026199341,0.09536202996969223,0.9128538966178894,0,-0.1646530032157898,0.17463800311088562,0,1,-0.9574671983718872,-0.0329839363694191,-0.2866499125957489,0,0.2781083583831787,0.15923435986042023,-0.9472594261169434,0,0.07688885927200317,-0.9866895079612732,-0.14328855276107788,0,0.0024210000410676003,0.08201099932193756,-0.14988699555397034,1,0.9976059794425964,-0.02564200572669506,0.06421945989131927,0,-0.04158565029501915,0.5195228457450867,0.8534438610076904,0,-0.055247481912374496,-0.8540711998939514,0.5172126889228821,0,0,0.29964199662208557,0,1,0.809458315372467,0.46012333035469055,0.3647785484790802,0,-0.5068937540054321,0.8611443042755127,0.038589928299188614,0,-0.2963709533214569,-0.2161410003900528,0.9302944540977478,0,0,0.3374539911746979,0,1,0.9256590604782104,0.06958107650279999,-0.371905654668808,0,0.3417881727218628,0.26782500743865967,0.9008060097694397,0,0.16228455305099487,-0.9609515070915222,0.2241324931383133,0,-0.002595999976620078,0.08220600336790085,0.14988699555397034,1,0.8406873941421509,0.48937955498695374,0.2318476438522339,0,-0.3816702961921692,0.2317509949207306,0.8947737812995911,0,0.3841528296470642,-0.8407137393951416,0.38161152601242065,0,0,0.29964199662208557,0,1,0.6551240682601929,-0.7144452929496765,-0.2457253634929657,0,0.745185375213623,0.6646450161933899,0.05427331477403641,0,0.12454479187726974,-0.21866661310195923,0.9678187370300293,0,0,0.3323169946670532,0,1,-0.3594887852668762,-0.8867627382278442,0.2905508875846863,0,0.2977901101112366,-0.4041041433811188,-0.8648821711540222,0,0.8843581080436707,-0.22439227998256683,0.40934011340141296,0,0.02911500073969364,-0.031606998294591904,-0.2385219931602478,1,0.5752973556518555,-0.5953679084777832,-0.560865581035614,0,0.8111299872398376,0.503587007522583,0.2974357306957245,0,0.10536099970340729,-0.6260492205619812,0.77263343334198,0,0,0.28234899044036865,0,1,-0.36354127526283264,-0.15833637118339539,0.918023943901062,0,-0.8901896476745605,0.34951409697532654,-0.292236328125,0,-0.27459055185317993,-0.9234551191329956,-0.26801207661628723,0,0,0.2821139991283417,0,1,0.9813718795776367,-0.10179025679826736,0.16293542087078094,0,-0.005615221336483955,0.8325421214103699,0.5539329051971436,0,-0.19203560054302216,-0.544529139995575,0.816461980342865,0,0,0.09650900214910507,0,1,-0.8332313299179077,-0.5290653109550476,0.1606723666191101,0,0.45658379793167114,-0.49446359276771545,0.7396194934844971,0,-0.3118603527545929,0.6896344423294067,0.6535650491714478,0,0.025661999359726906,-0.031606998294591904,0.2385219931602478,1,0.28119778633117676,-0.8525755405426025,0.44050225615501404,0,0.9594509601593018,0.2591119706630707,-0.11097092926502228,0,-0.01952829211950302,0.4538451135158539,0.8908661007881165,0,0,0.2886810004711151,0,1,0.3261338174343109,0.8219847679138184,0.46688002347946167,0,-0.8827223777770996,0.0880647674202919,0.46156978607177734,0,0.3382878303527832,-0.5626592040061951,0.7543056011199951,0,0,0.28394898772239685,0,1,0.8697478175163269,0.055969588458538055,0.49031129479408264,0,-0.41204139590263367,0.629144012928009,0.6590898633003235,0,-0.27158766984939575,-0.7752711772918701,0.5702589154243469,0,0,0.049348000437021255,0,1
K0.135,0.6312705278396606,-0.15759946405887604,0.7593807578086853,0,0.039254914969205856,0.9843741059303284,0.17166133224964142,0,-0.7745682001113892,-0.07855530083179474,0.6275926828384399,0,-0.01867791824042797,0.5189207792282104,-0.012982548214495182,1,0.9874080419540405,-0.14948219060897827,-0.051767878234386444,0,0.1477615237236023,0.9883808493614197,-0.03562858700752258,0,0.05649225786328316,0.027530672028660774,0.9980236291885376,0,-0.002191999927163124,0.0561939999461174,0,1,0.9894906878471375,-0.10221096128225327,-0.10227619856595993,0,0.09465993940830231,0.9925922155380249,-0.07615344226360321,0,0.10930241644382477,0.06567174196243286,0.9918372631072998,0,0,0.06560900062322617,0,1,0.9877104759216309,0.10462798923254013,-0.11610785126686096,0,-0.1113504096865654,0.9923678040504456,-0.05298970267176628,0,0.10967744886875153,0.06526711583137512,0.9918220639228821,0,0,0.07498200237751007,0,1,0.9800379276275635,-0.0366361141204834,-0.19540558755397797,0,0.031941402703523636,0.9991214871406555,-0.027123795822262764,0,0.19622761011123657,0.02034081518650055,0.9803469181060791,0,0,0.08435499668121338,0,1,0.9099297523498535,0.057414766401052475,-0.4107704162597656,0,-0.09272196888923645,0.9934660792350769,-0.0665355995297432,0,0.40426647663116455,0.09863020479679108,0.9093083143234253,0,-0.1646530032157898,0.17463800311088562,0,1,-0.9590767025947571,-0.03389174863696098,-0.2811109125614166,0,0.2728985846042633,0.1540398895740509,-0.9496300220489502,0,0.07548695802688599,-0.9874835014343262,-0.1384870707988739,0,0.0024210000410676003,0.08201099932193756,-0.14988699555397034,1,0.9976593255996704,-0.0308089517056942,0.061050016433000565,0,-0.035870544612407684,0.5243034362792969,0.8507750034332275,0,-0.05822024866938591,-0.850973904132843,0.5219713449478149,0,0,0.29964199662208557,0,1,0.812103807926178,0.457717627286911,0.3619147539138794,0,-0.5044999718666077,0.8624218106269836,0.04133744537830353,0,-0.29320216178894043,-0.21615615487098694,0.9312940835952759,0,0,0.3374539911746979,0,1,0.931075930595398,0.06392333656549454,-0.3591811954975128,0,0.32802614569664,0.28422272205352783,0.9008983373641968,0,0.159675732254982,-0.9566246867179871,0.24366416037082672,0,-0.002595999976620078,0.08220600336790085,0.14988699555397034,1,0.8477079272270203,0.48441100120544434,0.2161887139081955,0,-0.35971376299858093,0.22540591657161713,0.9054269194602966,0,0.38986849784851074,-0.8453034162521362,0.3653276264667511,0,0,0.29964199662208557,0,1,0.654423713684082,-0.7134990692138672,-0.2502973675727844,0,0.7443065047264099,0.6661791205406189,0.04703858494758606,0,0.13318097591400146,-0.21708127856254578,0.9670261144638062,0,0,0.3323169946670532,0,1,-0.3729323446750641,-0.8774881958961487,0.3015558421611786,0,0.2819712460041046,-0.41681089997291565,-0.8641532063484192,0,0.8839758634567261,-0.23724055290222168,0.4028686285018921,0,0.02911500073969364,-0.031606998294591904,-0.2385219931602478,1,0.5923625826835632,-0.593174397945404,-0.5452066659927368,0,0.7997714281082153,0.5146809220314026,0.3089821934700012,0,0.09732715785503387,-0.6190699934959412,0.7792813777923584,0,0,0.28234899044036865,0,1,-0.36199384927749634,-0.17081722617149353,0.91639643907547,0,-0.8913914561271667,0.3510493040084839,-0.2866804599761963,0,-0.2727303206920624,-0.9206444025039673,-0.2793426513671875,0,0,0.2821139991283417,0,1,0.9813719987869263,-0.10179086029529572,0.1629357933998108,0,-0.005614922381937504,0.8325420618057251,0.5539329648017883,0,-0.1920361965894699,-0.5445290803909302,0.8164618611335754,0,0,0.09650900214910507,0,1,-0.8097506761550903,-0.5541887879371643,0.1928163319826126,0,0.49456584453582764,-0.4677676558494568,0.7325285077095032,0,-0.315765917301178,0.6885260343551636,0.6528582572937012,0,0.025661999359726906,-0.031606998294591904,0.2385219931602478,1,0.2527153491973877,-0.8595419526100159,0.4442090392112732,0,0.9674353003501892,0.23125065863132477,-0.10291571915149689,0,-0.014263247139751911,0.45575231313705444,0.8899927139282227,0,0,0.2886810004711151,0,1,0.3245581090450287,0.8204166889190674,0.47072041034698486,0,-0.883136510848999,0.08462727069854736,0.4614192843437195,0,0.3387204706668854,-0.565467894077301,0.7520067095756531,0,0,0.28394898772239685,0,1,0.869748055934906,0.05596909672021866,0.49031099677085876,0,-0.4120410084724426,0.6291448473930359,0.6590902209281921,0,-0.2715880274772644,-0.7752708792686462,0.570259153842926,0,0,0.049348000437021255,0,1
K0.169,0.6110124588012695,-0.16820202767848969,0.7735451459884644,0,0.03516077250242233,0.9819680452346802,0.1857490837574005,0,-0.790840208530426,-0.08629660308361053,0.605908989906311,0,-0.020998289808630943,0.5184937715530396,-0.012813186272978783,1,0.9873507618904114,-0.14928694069385529,-0.05339820683002472,0,0.14748547971248627,0.9883994460105896,-0.036241333931684494,0,0.05818914994597435,0.027907462790608406,0.9979152679443359,0,-0.002191999927163124,0.0561939999461174,0,1,0.9895361661911011,-0.10217155516147614,-0.101875901222229,0,0.09452136605978012,0.9925174117088318,-0.07729737460613251,0,0.10901124030351639,0.06685911864042282,0.9917896389961243,0,0,0.06560900062322617,0,1,0.987666130065918,0.10505454987287521,-0.11610368639230728,0,-0.11188401281833649,0.9922562837600708,-0.0539432168006897,0,0.10953759402036667,0.06626800447702408,0.991771399974823,0,0,0.07498200237751007,0,1,0.9775108098983765,-0.02718019299209118,-0.20912811160087585,0,0.019276222214102745,0.9990244507789612,-0.03974100574851036,0,0.21000415086746216,0.034816041588783264,0.9770805239677429,0,0,0.08435499668121338,0,1,0.9074622988700867,0.05398673936724663,-0.4166495203971863,0,-0.09104681760072708,0.9934130907058716,-0.06957986205816269,0,0.41014885902404785,0.10107574611902237,0.9064005017280579,0,-0.1646530032157898,0.17463800311088562,0,1,-0.960582435131073,-0.03498638793826103,-0.2757836878299713,0,0.26794570684432983,0.1477905660867691,-0.9520310163497925,0,0.0740663930773735,-0.9883999228477478,-0.132590651512146,0,0.0024210000410676003,0.08201099932193756,-0.14988699555397034,1,0.9975877404212952,-0.03363749384880066,0.060730207711458206,0,-0.03363925218582153,0.5310125946998596,0.8466961979866028,0,-0.06072920188307762,-0.8466960787773132,0.528599739074707,0,0,0.29964199662208557,0,1,0.8181704878807068,0.4499305784702301,0.35799336433410645,0,-0.4962378442287445,0.8670504093170166,0.044399287551641464,0,-0.290421724319458,-0.21397605538368225,0.9326677322387695,0,0,0.3374539911746979,0,1,0.9359641075134277,0.057357147336006165,-0.3473919630050659,0,0.31488272547721863,0.30511197447776794,0.8987522125244141,0,0.15754331648349762,-0.9505876302719116,0.26751309633255005,0,-0.002595999976620078,0.08220600336790085,0.14988699555397034,1,0.8492557406425476,0.48478591442108154,0.20916123688220978,0,-0.34554025530815125,0.21079465746879578,0.9144226312637329,0,0.39920854568481445,-0.8488510847091675,0.34653112292289734,0,0,0.29964199662208557,0,1,0.6496805548667908,-0.7156137824058533,-0.2565380930900574,0,0.7468025088310242,0.663879930973053,0.039376016706228256,0,0.14213240146636963,-0.21716497838497162,0.9657313227653503,0,0,0.3323169946670532,0,1,-0.39095693826675415,-0.8651530742645264,0.31410735845565796,0,0.26199716329574585,-0.43175703287124634,-0.8631007671356201,0,0.8823322057723999,-0.25513991713523865,0.3954659402370453,0,0.02911500073969364,-0.031606998294591904,-0.2385219931602478,1,0.6097519397735596,-0.5912910103797913,-0.5278042554855347,0,0.7875461578369141,0.5270151495933533,0.3194148540496826,0,0.08929374068975449,-0.6104341149330139,0.7870175838470459,0,0,0.28234899044036865,0,1,-0.36355456709861755,-0.18879084289073944,0.9122428297996521,0,-0.8930519223213196,0.34931400418281555,-0.2836150527000427,0,-0.26511526107788086,-0.9177896976470947,-0.295594722032547,0,0,0.2821139991283417,0,1,0.9813719391822815,-0.10179032385349274,0.16293573379516602,0,-0.005615317262709141,0.8325421810150146,0.553932785987854,0,-0.19203589856624603,-0.5445290803909302,0.8164620399475098,0,0,0.09650900214910507,0,1,-0.7794126272201538,-0.5831483602523804,0.22902941703796387,0,0.5379205346107483,-0.43547654151916504,0.7218051552772522,0,-0.32118237018585205,0.6857832074165344,0.6531029343605042,0,0.025661999359726906,-0.031606998294591904,0.2385219931602478,1,0.22724805772304535,-0.8643878102302551,0.44854605197906494,0,0.9737956523895264,0.20593103766441345,-0.09650937467813492,0,-0.008948049508035183,0.4587234556674957,0.888533890247345,0,0,0.2886810004711151,0,1,0.3284131586551666,0.8147673606872559,0.47780725359916687,0,-0.8841150999069214,0.08715071529150009,0.4590710997581482,0,0.3323945701122284,-0.5732011198997498,0.7489688396453857,0,0,0.28394898772239685,0,1,0.8697490096092224,0.055969882756471634,0.4903110861778259,0,-0.4120410084724426,0.629144012928009,0.659089982509613,0,-0.27158698439598083,-0.7752708792686462,0.5702590346336365,0,0,0.049348000437021255,0,1
K0.202,0.5866613388061523,-0.17949528992176056,0.7896898984909058,0,0.030459892004728317,0.9793277382850647,0.199971005320549,0,-0.8092592358589172,-0.09326142072677612,0.5800012946128845,0,-0.023210547864437103,0.5184391736984253,-0.013004474341869354,1,0.9873614311218262,-0.14882008731365204,-0.05450425297021866,0,0.14693810045719147,0.9884510040283203,-0.037067703902721405,0,0.059391170740127563,0.028590451925992966,0.9978251457214355,0,-0.002191999927163124,0.0561939999461174,0,1,0.9897924661636353,-0.10158964991569519,-0.09995035082101822,0,0.09392257779836655,0.9924681186676025,-0.07864531874656677,0,0.10718709230422974,0.06845495849847794,0.9918791055679321,0,0,0.06560900062322617,0,1,0.9877266883850098,0.10605800151824951,-0.1146654337644577,0,-0.11295238137245178,0.9920554161071777,-0.05538428947329521,0,0.10788052529096603,0.06765627861022949,0.9918591976165771,0,0,0.07498200237751007,0,1,0.9747684001922607,-0.019489027559757233,-0.2223658412694931,0,0.007726337295025587,0.9985305070877075,-0.05364583060145378,0,0.22308453917503357,0.050574179738759995,0.9734864234924316,0,0,0.08435499668121338,0,1,0.9054330587387085,0.048308368772268295,-0.4217309355735779,0,-0.08819492161273956,0.9932318329811096,-0.07557706534862518,0,0.41522568464279175,0.10562451183795929,0.9035657048225403,0,-0.1646530032157898,0.17463800311088562,0,1,-0.9612553119659424,-0.03567663952708244,-0.27334076166152954,0,0.2657163143157959,0.14399364590644836,-0.9532366991043091,0,0.07336760312318802,-0.9889349341392517,-0.12893477082252502,0,0.0024210000410676003,0.08201099932193756,-0.14988699555397034,1,0.9975723624229431,-0.03890266641974449,0.057757068425416946,0,-0.027897890657186508,0.5366732478141785,0.843328595161438,0,-0.06380445510149002,-0.8428932428359985,0.5342854857444763,0,0,0.29964199662208557,0,1,0.820857584476471,0.4462343454360962,0.35646700859069824,0,-0.49246126413345337,0.8691152334213257,0.04603923484683037,0,-0.28926658630371094,-0.21333782374858856,0.9331728219985962,0,0,0.3374539911746979,0,1,0.9414408802986145,0.05004093796014786,-0.3334449529647827,0,0.29969045519828796,0.3290005028247833,0.895513117313385,0,0.1545158326625824,-0.9430026412010193,0.29473763704299927,0,-0.002595999976620078,0.08220600336790085,0.14988699555397034,1,0.8472838401794434,0.4892255961894989,0.20680591464042664,0,-0.33610454201698303,0.19235843420028687,0.9219720363616943,0,0.4112713932991028,-0.8506802916526794,0.32741308212280273,0,0,0.29964199662208557,0,1,0.6407172083854675,-0.7205331921577454,-0.26516762375831604,0,0.7522198557853699,0.6582816243171692,0.028836090117692947,0,0.1537775695323944,-0.2179400473833084,0.963771402835846,0,0,0.3323169946670532,0,1,-0.41073498129844666,-0.8502391576766968,0.32922834157943726,0,0.23759670555591583,-0.4484294056892395,-0.8616600632667542,0,0.8802527189254761,-0.27569031715393066,0.38619956374168396,0,0.02911500073969364,-0.031606998294591904,-0.2385219931602478,1,0.6280388236045837,-0.5877808332443237,-0.5099813342094421,0,0.7739155292510986,0.5403040051460266,0.33034276962280273,0,0.08137577772140503,-0.6021502614021301,0.7942242622375488,0,0,0.28234899044036865,0,1,-0.3669711649417877,-0.20861221849918365,0.9065388441085815,0,-0.8945481777191162,0.3464682996273041,-0.28238818049430847,0,-0.2551773488521576,-0.9145711064338684,-0.31375759840011597,0,0,0.2821139991283417,0,1,0.9813719987869263,-0.10178924351930618,0.1629328727722168,0,-0.005614242982119322,0.8325430154800415,0.5539310574531555,0,-0.19203312695026398,-0.5445278882980347,0.8164640665054321,0,0,0.09650900214910507,0,1,-0.7433879375457764,-0.6134419441223145,0.26657599210739136,0,0.5830186605453491,-0.3989582061767578,0.7077581882476807,0,-0.32781583070755005,0.6815575957298279,0.6542288064956665,0,0.025661999359726906,-0.031606998294591904,0.2385219931602478,1,0.20567478239536285,-0.8673436045646667,0.453226238489151,0,0.9786127209663391,0.18407927453517914,-0.09182164072990417,0,-0.003788676345720887,0.4624185264110565,0.8866541981697083,0,0,0.2886810004711151,0,1,0.33671480417251587,0.8057077527046204,0.48729556798934937,0,-0.8855022192001343,0.09498286992311478,0.4548231065273285,0,0.3201700448989868,-0.5846474766731262,0.7454387545585632,0,0,0.28394898772239685,0,1,0.8697490096092224,0.05596879869699478,0.4903109669685364,0,-0.41204023361206055,0.6291446685791016,0.6590901613235474,0,-0.2715880274772644,-0.7752707600593567,0.5702592730522156,0,0,0.049348000437021255,0,1
