3.967,30,119,25
B0,mixamorig_Hips,-1,0.6799679398536682,-0.07768498361110687,-0.7291140556335449,0,0.04675809666514397,0.9969419836997986,-0.06261491030454636,0,0.7317488193511963,0.008484147489070892,0.6815211772918701,0,0.011365000158548355,0.5416160225868225,-0.008806000463664532,1
B1,mixamorig_Spine,0,0.9824439883232117,0.1708589345216751,-0.07490583509206772,0,-0.1688210368156433,0.9851009845733643,0.03278915211558342,0,0.07939212769269943,-0.01956782303750515,0.9966509938240051,0,-0.00395399983972311,0.05672900006175041,0,1
B2,mixamorig_Spine1,1,0.9670659899711609,0.20339596271514893,-0.15301614999771118,0,-0.19570204615592957,0.9785779714584351,0.0639280155301094,0,0.16274087131023407,-0.03187702223658562,0.9861540198326111,0,0,0.0663440003991127,0,1
B3,mixamorig_Spine2,2,0.9670659899711609,0.20339596271514893,-0.15301614999771118,0,-0.19570204615592957,0.9785779714584351,0.0639280155301094,0,0.16274087131023407,-0.03187702223658562,0.9861540198326111,0,0,0.07582200318574905,0,1
B4,mixamorig_Neck,3,0.9893059730529785,-0.1441500335931778,0.02221520058810711,0,0.14426395297050476,0.9895330667495728,-0.0035998050589114428,0,-0.021463772282004356,0.006766163744032383,0.9997469782829285,0,0,0.08529999852180481,0,1
B5,mixamorig_Head,4,0.93144291639328,-0.10236985981464386,-0.34919020533561707,0,0.11152929067611694,0.9937419295310974,0.006168405991047621,0,0.3463738262653351,-0.04469049349427223,0.9370320439338684,0,-0.08771199733018875,0.17520299553871155,0,1
B6,mixamorig_HeadTop_End,5,1,0,0,0,0,1,0,0,0,0,1,0,-0.14908699691295624,0.2977980077266693,0,1
B7,mixamorig_LeftShoulder,3,0.9997429847717285,0.021473998203873634,-0.00721987709403038,0,0.004753121640533209,0.11277993768453598,0.9936089515686035,0,0.02215101756155491,-0.9933879971504211,0.11264889687299728,0,0.001408000010997057,0.08018399775028229,0.1500760018825531,1
B8,mixamorig_LeftArm,7,0.9306870102882385,-0.1917830854654312,0.3115151822566986,0,-0.2693259119987488,0.21705380082130432,0.9382700324058533,0,-0.24755993485450745,-0.9571350812911987,0.15035702288150787,0,0,0.3003869950771332,0,1
B9,mixamorig_LeftForeArm,8,-0.679286777973175,-0.7245382070541382,-0.11667875945568085,0,-0.7338578104972839,0.6716592311859131,0.10162211954593658,0,0.004739245865494013,0.15465612709522247,-0.9879569411277771,0,0,0.33677300810813904,0,1
B10,mixamorig_LeftHand,9,1,0,0,0,0,1,0,0,0,0,1,0,0,0.5506730079650879,0,1
B11,mixamorig_RightShoulder,3,-0.9851020574569702,-0.025902291759848595,0.17001000046730042,0,-0.17164897918701172,0.08754300326108932,-0.9812610149383545,0,0.010533710941672325,-0.9958240985870361,-0.09068496525287628,0,-0.0021039999555796385,0.08042900264263153,-0.1500760018825531,1
B12,mixamorig_RightArm,11,-0.880626916885376,-0.47237005829811096,-0.03690088540315628,0,-0.1567239910364151,0.2169068455696106,0.9635289907455444,0,-0.44713884592056274,0.8542940616607666,-0.265046089887619,0,0,0.3003869950771332,0,1
B13,mixamorig_RightForeArm,12,0.7249240279197693,0.6021541357040405,-0.33450689911842346,0,-0.6655519008636475,0.7374680042266846,-0.11481112241744995,0,0.17755411565303802,0.3058609962463379,0.9353730082511902,0,0,0.33481499552726746,0,1
B14,mixamorig_RightHand,13,1,0,0,0,0,1,0,0,0,0,1,0,0,0.5475829839706421,0,1
B15,mixamorig_LeftUpLeg,0,-0.6179110407829285,0.7793769836425781,-0.10371791571378708,0,-0.7645559906959534,-0.5648400187492371,0.3104991614818573,0,0.1834118366241455,0.27115896344184875,0.9448980093002319,0,0.0037060000468045473,-0.031321000307798386,0.3167180120944977,1
B16,mixamorig_LeftLeg,15,0.4716068208217621,0.8437609672546387,-0.25623029470443726,0,-0.8576028943061829,0.506486177444458,0.08938007801771164,0,0.2051927149295807,0.17759175598621368,0.9624751210212708,0,0,0.25246700644493103,0,1
B17,mixamorig_LeftFoot,16,-0.25636017322540283,-0.33726903796195984,-0.9058300256729126,0,0.6158640384674072,0.6652981042861938,-0.4220079183578491,0,0.7449771165847778,-0.6660540103912354,0.03715590760111809,0,0,0.2765679955482483,0,1
B18,mixamorig_LeftToeBase,17,0.9451860189437866,-0.0006888302159495652,-0.3265320360660553,0,0.21976813673973083,0.7409498691558838,0.6345821619033813,0,0.24150687456130981,-0.6715598702430725,0.7004871964454651,0,0,0.07574500143527985,0,1
B19,mixamorig_LeftToe_End,18,1,0,0,0,0,1,0,0,0,0,1,0,0,0.04323900118470192,0,1
B20,mixamorig_RightUpLeg,0,-0.9774660468101501,-0.10052883625030518,-0.18562102317810059,0,0.17051512002944946,-0.894375205039978,-0.413542777299881,0,-0.12444186210632324,-0.4358752369880676,0.8913629651069641,0,0.023063000291585922,-0.031321000307798386,-0.3167180120944977,1
B21,mixamorig_RightLeg,20,0.6008800864219666,0.7951449751853943,-0.08177217841148376,0,-0.7961459755897522,0.6044750213623047,0.027600890025496483,0,0.07137598842382431,0.04851778969168663,0.9962690472602844,0,0,0.2519350051879883,0,1
B22,mixamorig_RightFoot,21,0.3872320055961609,0.3075670897960663,-0.8691688776016235,0,0.9172369837760925,-0.032991036772727966,0.3969729244709015,0,0.09342093765735626,-0.950954020023346,-0.29488691687583923,0,0,0.27811700105667114,0,1
B23,mixamorig_RightToeBase,22,0.93684983253479,-0.06412416696548462,0.343804270029068,0,-0.17005392909049988,0.7754890322685242,0.6080279350280762,0,-0.3056056797504425,-0.6280960440635681,0.7156121134757996,0,0,0.07741600275039673,0,1
B24,mixamorig_RightToe_End,23,1,0,0,0,0,1,0,0,0,0,1,0,0,0.04300700128078461,0,1
@20,0,1,2,3,4,5,7,8,9,11,12,13,15,16,17,18,20,21,22,23
K0,-0.7291139960289001,-0.0776849314570427,-0.6799679398536682,0,-0.06261485815048218,0.9969419836997986,-0.04675806686282158,0,0.6815211772918701,0.008484134450554848,-0.7317487597465515,0,-0.008805999532341957,0.5416160225868225,-0.011365000158548355,1,0.9824439883232117,0.1708589494228363,-0.07490584999322891,0,-0.1688210517168045,0.9851009845733643,0.032789167016744614,0,0.07939214259386063,-0.019567832350730896,0.9966509938240051,0,-0.00395399983972311,0.05672900006175041,0,1,0.9670659899711609,0.20339596271514893,-0.15301614999771118,0,-0.19570204615592957,0.9785779714584351,0.06392800062894821,0,0.16274085640907288,-0.031877003610134125,0.9861540198326111,0,0,0.0663440003991127,0,1,0.9670659899711609,0.20339596271514893,-0.15301614999771118,0,-0.19570204615592957,0.9785779714584351,0.06392800062894821,0,0.16274085640907288,-0.031877003610134125,0.9861540198326111,0,0,0.07582200318574905,0,1,0.9893059730529785,-0.1441500335931778,0.022215215489268303,0,0.14426396787166595,0.9895330667495728,-0.0035998194944113493,0,-0.021463783457875252,0.006766180042177439,0.9997469782829285,0,0,0.08529999852180481,0,1,0.93144291639328,-0.1023697778582573,-0.34919020533561707,0,0.11152922362089157,0.9937419295310974,0.00616846838966012,0,0.3463738262653351,-0.04469053074717522,0.9370320439338684,0,-0.08771199733018875,0.17520299553871155,0,1,0.9997429847717285,0.02147410437464714,-0.007219876628369093,0,0.004753105342388153,0.11278009414672852,0.9936089515686035,0,0.022151121869683266,-0.9933879971504211,0.11264905333518982,0,0.001408000010997057,0.08018399775028229,0.1500760018825531,1,0.9306870102882385,-0.19178293645381927,0.311515212059021,0,-0.26932594180107117,0.21705393493175507,0.9382700324058533,0,-0.24755984544754028,-0.9571350812911987,0.1503572016954422,0,0,0.3003869950771332,0,1,-0.6792867183685303,-0.7245382070541382,-0.11667869240045547,0,-0.7338578104972839,0.6716592907905579,0.10162198543548584,0,0.004739298485219479,0.15465599298477173,-0.9879569411277771,0,0,0.33677300810813904,0,1,-0.9851019382476807,-0.025902284309267998,0.17000971734523773,0,-0.17164869606494904,0.08754318952560425,-0.9812609553337097,0,0.010533714666962624,-0.9958239793777466,-0.09068494290113449,0,-0.0021039999555796385,0.08042900264263153,-0.1500760018825531,1,-0.880626916885376,-0.4723699986934662,-0.036900848150253296,0,-0.15672394633293152,0.2169068604707718,0.9635289907455444,0,-0.44713881611824036,0.8542940616607666,-0.26504606008529663,0,0,0.3003869950771332,0,1,0.7249240279197693,0.6021541357040405,-0.3345068693161011,0,-0.6655518412590027,0.7374680638313293,-0.11481107771396637,0,0.17755413055419922,0.3058609366416931,0.9353730082511902,0,0,0.33481499552726746,0,1,-0.6179110407829285,0.7793769836425781,-0.1037178486585617,0,-0.7645559906959534,-0.5648400187492371,0.3104991316795349,0,0.1834118515253067,0.2711588740348816,0.9448980689048767,0,0.0037060000468045473,-0.031321000307798386,0.3167180120944977,1,0.4716067612171173,0.8437610268592834,-0.2562303841114044,0,-0.8576029539108276,0.5064860582351685,0.0893799290060997,0,0.20519262552261353,0.17759191989898682,0.9624751210212708,0,0,0.25246700644493103,0,1,-0.25636014342308044,-0.3372690677642822,-0.9058299660682678,0,0.6158639788627625,0.6652981638908386,-0.4220079481601715,0,0.7449771761894226,-0.6660539507865906,0.03715592250227928,0,0,0.2765679955482483,0,1,0.9451860189437866,-0.0006888204370625317,-0.3265320956707001,0,0.21976818144321442,0.740949809551239,0.6345821619033813,0,0.2415069192647934,-0.6715599298477173,0.7004871368408203,0,0,0.07574500143527985,0,1,-0.9774660468101501,-0.10052885115146637,-0.18562109768390656,0,0.17051514983177185,-0.894375205039978,-0.413542777299881,0,-0.12444191426038742,-0.4358752369880676,0.8913629651069641,0,0.023063000291585922,-0.031321000307798386,-0.3167180120944977,1,0.6008800864219666,0.7951449751853943,-0.08177212625741959,0,-0.796146035194397,0.6044749617576599,0.02760080248117447,0,0.07137588411569595,0.048517800867557526,0.9962690472602844,0,0,0.2519350051879883,0,1,0.3872319161891937,0.3075670897960663,-0.8691689372062683,0,0.9172370433807373,-0.03299107030034065,0.3969728648662567,0,0.09342093020677567,-0.950954020023346,-0.294886976480484,0,0,0.27811700105667114,0,1,0.93684983253479,-0.06412405520677567,0.34380432963371277,0,-0.17005404829978943,0.7754890322685242,0.6080278754234314,0,-0.3056056499481201,-0.6280960440635681,0.7156121134757996,0,0,0.07741600275039673,0,1
K0.033,-0.7275040745735168,-0.07678323239088058,-0.681793749332428,0,-0.062190134078264236,0.9970070123672485,-0.04592273756861687,0,0.6832792162895203,0.008991863578557968,-0.7301017642021179,0,-0.008735998533666134,0.5417749881744385,-0.011339000426232815,1,0.9824710488319397,0.170707106590271,-0.07489977777004242,0,-0.16864590346813202,0.9851220846176147,0.033079203218221664,0,0.07943220436573029,-0.019867798313498497,0.9966419339179993,0,-0.00395399983972311,0.05672900006175041,0,1,0.967120885848999,0.20312704145908356,-0.15302631258964539,0,-0.19532394409179688,0.9786109924316406,0.06456730514764786,0,0.1628686487674713,-0.03255470097064972,0.986111044883728,0,0,0.0663440003991127,0,1,0.967120885848999,0.20312704145908356,-0.15302631258964539,0,-0.19532394409179688,0.9786109924316406,0.06456730514764786,0,0.1628686487674713,-0.03255470097064972,0.986111044883728,0,0,0.07582200318574905,0,1,0.9890769720077515,-0.14562009274959564,0.022815799340605736,0,0.1457219123840332,0.9893209934234619,-0.0028567020781338215,0,-0.022156184539198875,0.006150268483906984,0.999735951423645,0,0,0.08529999852180481,0,1,0.9304301142692566,-0.10002715140581131,-0.3525547683238983,0,0.10959882289171219,0.9939489960670471,0.007239038124680519,0,0.3496973514556885,-0.04537500813603401,0.9357628226280212,0,-0.08771199733018875,0.17520299553871155,0,1,0.9997439980506897,0.021514862775802612,-0.006993851624429226,0,0.004523860290646553,0.1127806007862091,0.9936100840568542,0,0.022166147828102112,-0.99338698387146,0.11265435814857483,0,0.001408000010997057,0.08018399775028229,0.1500760018825531,1,0.9307581186294556,-0.1917005330324173,0.31135180592536926,0,-0.26895850896835327,0.21788877248764038,0.9381821155548096,0,-0.24769018590450287,-0.9569618105888367,0.15124233067035675,0,0,0.3003869950771332,0,1,-0.6787060499191284,-0.7251287698745728,-0.11638819426298141,0,-0.7343981862068176,0.6710177659988403,0.10195396095514297,0,0.004168794956058264,0.1546720266342163,-0.9879569411277771,0,0,0.33677300810813904,0,1,-0.984920084476471,-0.02560502476990223,0.17110592126846313,0,-0.17271098494529724,0.08727984875440598,-0.9810981154441833,0,0.010186930187046528,-0.9958549737930298,-0.0903860479593277,0,-0.0021039999555796385,0.08042900264263153,-0.1500760018825531,1,-0.8810791969299316,-0.47157570719718933,-0.03627306595444679,0,-0.15612627565860748,0.21759289503097534,0.9634719491004944,0,-0.4464570879936218,0.854557991027832,-0.2653419077396393,0,0,0.3003869950771332,0,1,0.7267548441886902,0.6003031134605408,-0.33386310935020447,0,-0.6635698080062866,0.7391571998596191,-0.11541910469532013,0,0.17749087512493134,0.3054228723049164,0.9355290532112122,0,0,0.33481499552726746,0,1,-0.6193300485610962,0.7782360315322876,-0.10382133722305298,0,-0.7634620070457458,-0.5660960674285889,0.3109061121940613,0,0.18318532407283783,0.2718168795108795,0.9447529315948486,0,0.0037060000468045473,-0.031321000307798386,0.3167180120944977,1,0.47167012095451355,0.8445178270339966,-0.253606379032135,0,-0.8578701615333557,0.5060097575187683,0.08951891213655472,0,0.20392757654190063,0.17533789575099945,0.9631561040878296,0,0,0.25246700644493103,0,1,-0.25697049498558044,-0.33782023191452026,-0.9054521322250366,0,0.6175649166107178,0.6632611751556396,-0.42272689938545227,0,0.7433571815490723,-0.667803943157196,0.03818734362721443,0,0,0.2765679955482483,0,1,0.9451859593391418,-0.0006893115350976586,-0.326532244682312,0,0.219768688082695,0.7409500479698181,0.6345820426940918,0,0.24150672554969788,-0.6715598106384277,0.7004872560501099,0,0,0.07574500143527985,0,1,-0.9781578779220581,-0.09569509327411652,-0.18452416360378265,0,0.1657448261976242,-0.8948009610176086,-0.41456112265586853,0,-0.1254408359527588,-0.4360898733139038,0.8911170959472656,0,0.023063000291585922,-0.031321000307798386,-0.3167180120944977,1,0.5986418724060059,0.7969760298728943,-0.0803636834025383,0,-0.7980949282646179,0.6020100712776184,0.0250680111348629,0,0.06835829466581345,0.04913104325532913,0.9964500665664673,0,0,0.2519350051879883,0,1,0.3873051404953003,0.3076021373271942,-0.8691238760948181,0,0.9172070026397705,-0.03304204344749451,0.39703789353370667,0,0.09341197460889816,-0.9509409070014954,-0.2949320375919342,0,0,0.27811700105667114,0,1,0.9368640780448914,-0.06410785764455795,0.3437679708003998,0,-0.17006884515285492,0.7754350900650024,0.6080929040908813,0,-0.30555301904678345,-0.6281641125679016,0.7155739068984985,0,0,0.07741600275039673,0,1
K0.067,-0.7260220646858215,-0.07541127502918243,-0.6835238337516785,0,-0.06146376207470894,0.9971070885658264,-0.04472275450825691,0,0.6849191188812256,0.009542240761220455,-0.7285568714141846,0,-0.008685000240802765,0.541923999786377,-0.011323999613523483,1,0.9825260043144226,0.17056679725646973,-0.07448983937501907,0,-0.16850222647190094,0.9851409792900085,0.033219583332538605,0,0.07904917746782303,-0.020087411627173424,0.9966679215431213,0,-0.00395399983972311,0.05672900006175041,0,1,0.9672959446907043,0.20286989212036133,-0.15225429832935333,0,-0.1950380951166153,0.9786469340324402,0.06488112360239029,0,0.16216570138931274,-0.033063869923353195,0.9862090349197388,0,0,0.0663440003991127,0,1,0.9672959446907043,0.20286989212036133,-0.15225429832935333,0,-0.1950380951166153,0.9786469340324402,0.06488112360239029,0,0.16216570138931274,-0.033063869923353195,0.9862090349197388,0,0,0.07582200318574905,0,1,0.9889450073242188,-0.14665092527866364,0.021935993805527687,0,0.14671702682971954,0.989177942276001,-0.0014221859164536,0,-0.02149002067744732,0.004624843597412109,0.9997580051422119,0,0,0.08529999852180481,0,1,0.9286190867424011,-0.09777715057134628,-0.35791870951652527,0,0.10834687948226929,0.9940670132637024,0.009543904103338718,0,0.35486218333244324,-0.0476420521736145,0.9337039589881897,0,-0.08771199733018875,0.17520299553871155,0,1,0.9997460246086121,0.021514197811484337,-0.006660032086074352,0,0.004202199634164572,0.1123298779129982,0.9936620593070984,0,0.0221259705722332,-0.9934380054473877,0.11221098154783249,0,0.001408000010997057,0.08018399775028229,0.1500760018825531,1,0.931015133857727,-0.19184866547584534,0.3104928135871887,0,-0.2679547071456909,0.21833010017871857,0.9383670091629028,0,-0.2478141486644745,-0.9568309783935547,0.1518617421388626,0,0,0.3003869950771332,0,1,-0.677986741065979,-0.725807249546051,-0.1163523867726326,0,-0.7350647449493408,0.6702432632446289,0.10224723070859909,0,0.0037726210430264473,0.15484875440597534,-0.9879311323165894,0,0,0.33677300810813904,0,1,-0.984791100025177,-0.02563655748963356,0.1718418300151825,0,-0.17345143854618073,0.08772462606430054,-0.9809280037879944,0,0.010072847828269005,-0.9958149790763855,-0.09083714336156845,0,-0.0021039999555796385,0.08042900264263153,-0.1500760018825531,1,-0.8814141154289246,-0.4710247814655304,-0.03527628257870674,0,-0.15481217205524445,0.21752117574214935,0.9636999368667603,0,-0.44625324010849,0.8548799753189087,-0.2646466791629791,0,0,0.3003869950771332,0,1,0.7291938066482544,0.5976741909980774,-0.33325904607772827,0,-0.6606698632240295,0.7417720556259155,-0.11528077721595764,0,0.17830191552639008,0.3042362332344055,0.9357609152793884,0,0,0.33481499552726746,0,1,-0.6203278303146362,0.7774330973625183,-0.10387805104255676,0,-0.7626668214797974,-0.5669512152671814,0.3112960457801819,0,0.1831180453300476,0.2723298966884613,0.9446179270744324,0,0.0037060000468045473,-0.031321000307798386,0.3167180120944977,1,0.47207504510879517,0.8450090885162354,-0.25120580196380615,0,-0.8579438924789429,0.5058950185775757,0.08945637196302414,0,0.2026752382516861,0.17329038679599762,0.9637908339500427,0,0,0.25246700644493103,0,1,-0.25759491324424744,-0.33834394812583923,-0.9050790667533875,0,0.619032084941864,0.6614328026771545,-0.42344510555267334,0,0.7419189810752869,-0.6693501472473145,0.039064012467861176,0,0,0.2765679955482483,0,1,0.9451860189437866,-0.0006888204370625317,-0.3265320956707001,0,0.21976818144321442,0.740949809551239,0.6345821619033813,0,0.2415069192647934,-0.6715599298477173,0.7004871368408203,0,0,0.07574500143527985,0,1,-0.9788990616798401,-0.09078840166330338,-0.18306690454483032,0,0.16071969270706177,-0.8953371047973633,-0.41537898778915405,0,-0.12619511783123016,-0.43603700399398804,0.8910370469093323,0,0.023063000291585922,-0.031321000307798386,-0.3167180120944977,1,0.5964780449867249,0.7986739873886108,-0.07957807183265686,0,-0.7999209761619568,0.5996749997138977,0.022738924250006676,0,0.06588196754455566,0.050092894583940506,0.996569037437439,0,0,0.2519350051879883,0,1,0.3875036835670471,0.3078949451446533,-0.8689311146736145,0,0.9171309471130371,-0.0333256796002388,0.39719000458717346,0,0.09333501756191254,-0.9508360028266907,-0.2952937185764313,0,0,0.27811700105667114,0,1,0.9368889927864075,-0.06427878141403198,0.3436669707298279,0,-0.16983778774738312,0.7755160927772522,0.6080549955368042,0,-0.3056040108203888,-0.6280470490455627,0.7156549692153931,0,0,0.07741600275039673,0,1
K0.100,-0.7252869606018066,-0.0744255781173706,-0.6844120025634766,0,-0.06084103509783745,0.9971789717674255,-0.04396241903305054,0,0.6857530474662781,0.009754959493875504,-0.7277688980102539,0,-0.008657999336719513,0.5418909788131714,-0.01133000012487173,1,0.982591986656189,0.17059101164340973,-0.07356209307909012,0,-0.16854797303676605,0.985135018825531,0.03318672999739647,0,0.07812991738319397,-0.0202102642506361,0.9967380166053772,0,-0.00395399983972311,0.05672900006175041,0,1,0.9675689339637756,0.20291529595851898,-0.15045423805713654,0,-0.19516269862651825,0.9786301255226135,0.06477489322423935,0,0.16038277745246887,-0.03331109881401062,0.9864929914474487,0,0,0.0663440003991127,0,1,0.9675690531730652,0.20291481912136078,-0.15045426785945892,0,-0.19516217708587646,0.978630006313324,0.06477484852075577,0,0.16038276255130768,-0.0333111472427845,0.9864929914474487,0,0,0.07582200318574905,0,1,0.988735020160675,-0.14831703901290894,0.02015070989727974,0,0.14835695922374725,0.9889339804649353,-0.0004950400907546282,0,-0.019854286685585976,0.0034789599012583494,0.9997969269752502,0,0,0.08529999852180481,0,1,0.9261199235916138,-0.09481889009475708,-0.36511915922164917,0,0.10704011470079422,0.9941650032997131,0.01332815270870924,0,0.3617248237133026,-0.05142584815621376,0.9308650493621826,0,-0.08771199733018875,0.17520299553871155,0,1,0.9997469782829285,0.0215283315628767,-0.0065772756934165955,0,0.004118331242352724,0.11233099550008774,0.9936620593070984,0,0.022130724042654037,-0.9934380054473877,0.11221393942832947,0,0.001408000010997057,0.08018399775028229,0.1500760018825531,1,0.9311290979385376,-0.19195184111595154,0.31008467078208923,0,-0.26750484108924866,0.21841514110565186,0.9384750127792358,0,-0.24786929786205292,-0.9567909240722656,0.15202470123767853,0,0,0.3003869950771332,0,1,-0.676861047744751,-0.7268531322479248,-0.11637658625841141,0,-0.7361029982566833,0.6690800786018372,0.10239598900079727,0,0.003438415005803108,0.15497300028800964,-0.9879129528999329,0,0,0.33677300810813904,0,1,-0.9846928119659424,-0.02540299855172634,0.17243421077728271,0,-0.174017995595932,0.08748434484004974,-0.9808489084243774,0,0.00983122456818819,-0.9958418607711792,-0.09056568145751953,0,-0.0021039999555796385,0.08042900264263153,-0.1500760018825531,1,-0.881633996963501,-0.4706910252571106,-0.034236401319503784,0,-0.15392392873764038,0.21821410953998566,0.9636860489845276,0,-0.44612738490104675,0.8548879623413086,-0.26483553647994995,0,0,0.3003869950771332,0,1,0.7308869361877441,0.5958757996559143,-0.332770437002182,0,-0.6586582064628601,0.743574857711792,-0.1151738241314888,0,0.17881053686141968,0.303361177444458,0.9359480738639832,0,0,0.33481499552726746,0,1,-0.6203457713127136,0.7773070335388184,-0.10471494495868683,0,-0.7629079222679138,-0.5670128464698792,0.3105923533439636,0,0.18205097317695618,0.2725626230239868,0.9447581768035889,0,0.0037060000468045473,-0.031321000307798386,0.3167180120944977,1,0.4717318117618561,0.8458989858627319,-0.24884524941444397,0,-0.8582759499549866,0.5051881074905396,0.09026502817869186,0,0.2020687460899353,0.1709970086812973,0.9643279910087585,0,0,0.25246700644493103,0,1,-0.2581678628921509,-0.33938807249069214,-0.9045250415802002,0,0.6200531721115112,0.6597779989242554,-0.42453065514564514,0,0.7408661842346191,-0.6704537272453308,0.040105193853378296,0,0,0.2765679955482483,0,1,0.9451859593391418,-0.0006893115350976586,-0.326532244682312,0,0.219768688082695,0.7409500479698181,0.6345820426940918,0,0.24150672554969788,-0.6715598106384277,0.7004872560501099,0,0,0.07574500143527985,0,1,-0.9793210029602051,-0.08761928230524063,-0.18235693871974945,0,0.15752170979976654,-0.8958461880683899,-0.41550880670547485,0,-0.12695704400539398,-0.43564116954803467,0.8911218643188477,0,0.023063000291585922,-0.031321000307798386,-0.3167180120944977,1,0.5948611497879028,0.7998988628387451,-0.07938772439956665,0,-0.8012740612030029,0.5979388952255249,0.02070671319961548,0,0.06403228640556335,0.05129370465874672,0.9966289401054382,0,0,0.2519350051879883,0,1,0.3878592550754547,0.30839478969573975,-0.8685950040817261,0,0.9170058369636536,-0.03393367677927017,0.3974282443523407,0,0.09309013932943344,-0.9506528377532959,-0.29596129059791565,0,0,0.27811700105667114,0,1,0.9368939399719238,-0.06450601667165756,0.343610018491745,0,-0.16962003707885742,0.7755418419837952,0.608082115650177,0,-0.30570900440216064,-0.6279918551445007,0.7156592011451721,0,0,0.07741600275039673,0,1
K0.133,-0.7249860167503357,-0.07318462431430817,-0.68486487865448,0,-0.059914037585258484,0.9972710609436035,-0.043144360184669495,0,0.686152994632721,0.009753955528140068,-0.7273918986320496,0,-0.008630999363958836,0.5417659878730774,-0.011340999975800514,1,0.9826850295066833,0.17059598863124847,-0.07229804247617722,0,-0.1685980260372162,0.9851340055465698,0.032935287803411484,0,0.07684192806482315,-0.020175714045763016,0.9968389868736267,0,-0.00395399983972311,0.05672900006175041,0,1,0.9679489135742188,0.2029007077217102,-0.14800439774990082,0,-0.19532828032970428,0.9786359667778015,0.06417464464902878,0,0.1578635275363922,-0.033208347856998444,0.9869020581245422,0,0,0.0663440003991127,0,1,0.9679490327835083,0.20290067791938782,-0.14800390601158142,0,-0.19532828032970428,0.9786359667778015,0.0641745999455452,0,0.15786302089691162,-0.033208396285772324,0.9869019985198975,0,0,0.07582200318574905,0,1,0.9885630011558533,-0.14969787001609802,0.018262239173054695,0,0.14971518516540527,0.988728940486908,0.0004229974583722651,0,-0.018119726330041885,0.002315974561497569,0.9998329877853394,0,0,0.08529999852180481,0,1,0.9229288101196289,-0.09210608154535294,-0.3737884759902954,0,0.10642087459564209,0.9941619634628296,0.01779221184551716,0,0.3699676990509033,-0.05619986727833748,0.9273430705070496,0,-0.08771199733018875,0.17520299553871155,0,1,0.9997479915618896,0.021453451365232468,-0.0066022854298353195,0,0.004132450092583895,0.11319317668676376,0.9935640096664429,0,0.022062713280320168,-0.9933410882949829,0.11307600885629654,0,0.001408000010997057,0.08018399775028229,0.1500760018825531,1,0.9313190579414368,-0.1921251118183136,0.30940571427345276,0,-0.2669900953769684,0.21765385568141937,0.9387990832328796,0,-0.24771028757095337,-0.9569300413131714,0.15140974521636963,0,0,0.3003869950771332,0,1,-0.6759020090103149,-0.727799117565155,-0.11603701114654541,0,-0.7369859218597412,0.6680709719657898,0.10262855142354965,0,0.0028280015103518963,0.1548844575881958,-0.9879281520843506,0,0,0.33677300810813904,0,1,-0.9845321178436279,-0.02513469010591507,0.17339085042476654,0,-0.17494232952594757,0.08704803138971329,-0.9807230234146118,0,0.00955683272331953,-0.995887041091919,-0.09009882807731628,0,-0.0021039999555796385,0.08042900264263153,-0.1500760018825531,1,-0.881841778755188,-0.47033748030662537,-0.033729102462530136,0,-0.15412554144859314,0.21989323198795319,0.9632720351219177,0,-0.44564610719680786,0.854651927947998,-0.2664020359516144,0,0,0.3003869950771332,0,1,0.7325038313865662,0.5943242907524109,-0.3319889008998871,0,-0.6569976210594177,0.7449012398719788,-0.1160893663764,0,0.17830409109592438,0.3031516373157501,0.936112105846405,0,0,0.33481499552726746,0,1,-0.6194464564323425,0.7778516411781311,-0.10598533600568771,0,-0.7639644145965576,-0.566226601600647,0.309427946805954,0,0.18067730963230133,0.2726430594921112,0.9449979066848755,0,0.0037060000468045473,-0.031321000307798386,0.3167180120944977,1,0.47096332907676697,0.8470138311386108,-0.24649812281131744,0,-0.8587901592254639,0.5041087865829468,0.09139399975538254,0,0.20167388021945953,0.16864697635173798,0.9648240804672241,0,0,0.25246700644493103,0,1,-0.2587692141532898,-0.3404920995235443,-0.9039377570152283,0,0.6207987666130066,0.658328115940094,-0.425692081451416,0,0.740031898021698,-0.6713190674781799,0.041022032499313354,0,0,0.2765679955482483,0,1,0.9451859593391418,-0.0006893115350976586,-0.326532244682312,0,0.219768688082695,0.7409500479698181,0.6345820426940918,0,0.24150672554969788,-0.6715598106384277,0.7004872560501099,0,0,0.07574500143527985,0,1,-0.9796600937843323,-0.08526044338941574,-0.18164770305156708,0,0.1549835503101349,-0.8964931964874268,-0.4150659143924713,0,-0.12745729088783264,-0.43477609753608704,0.8914728760719299,0,0.023063000291585922,-0.031321000307798386,-0.3167180120944977,1,0.5937159061431885,0.8006701469421387,-0.08018402010202408,0,-0.8021968007087708,0.5967552065849304,0.01904500275850296,0,0.06309898942708969,0.05301603674888611,0.9965980052947998,0,0,0.2519350051879883,0,1,0.3883898854255676,0.3090634047985077,-0.8681209683418274,0,0.9168042540550232,-0.03465806320309639,0.39783161878585815,0,0.09286771714687347,-0.950410008430481,-0.29681122303009033,0,0,0.27811700105667114,0,1,0.9369230270385742,-0.06466921418905258,0.34350210428237915,0,-0.16940921545028687,0.7755832672119141,0.6080887317657471,0,-0.3057388961315155,-0.6279243230819702,0.7157057523727417,0,0,0.07741600275039673,0,1
K0.167,-0.7250229716300964,-0.07200270891189575,-0.684950053691864,0,-0.05921713635325432,0.9973539710044861,-0.04216131567955017,0,0.6861739754676819,0.009992867708206177,-0.727368950843811,0,-0.008609998971223831,0.5416880249977112,-0.011332999914884567,1,0.9827840328216553,0.17069104313850403,-0.07071182131767273,0,-0.1687389761209488,0.9851160049438477,0.03275991231203079,0,0.07525119930505753,-0.02026408724486828,0.9969589114189148,0,-0.00395399983972311,0.05672900006175041,0,1,0.9683839082717896,0.20307143032550812,-0.14489220082759857,0,-0.19567959010601044,0.9785960912704468,0.06371594220399857,0,0.15472987294197083,-0.03334905952215195,0.9873940348625183,0,0,0.0663440003991127,0,1,0.9683840870857239,0.2030719816684723,-0.14489270746707916,0,-0.19568003714084625,0.9785959720611572,0.06371602416038513,0,0.15473036468029022,-0.03334897756576538,0.9873939752578735,0,0,0.07582200318574905,0,1,0.9882930517196655,-0.1516619622707367,0.016607016324996948,0,0.15165899693965912,0.9884319305419922,0.001444747089408338,0,-0.0166340135037899,0.0010907696560025215,0.9998610019683838,0,0,0.08529999852180481,0,1,0.9187459349632263,-0.0897911861538887,-0.38450512290000916,0,0.1062118336558342,0.9941080212593079,0.021637020632624626,0,0.38029664754867554,-0.06071789562702179,0.9228692054748535,0,-0.08771199733018875,0.17520299553871155,0,1,0.9997509121894836,0.021371090784668922,-0.00648442143574357,0,0.0040080915205180645,0.11394093930721283,0.9934790730476379,0,0.021970581263303757,-0.9932580590248108,0.1138269454240799,0,0.001408000010997057,0.08018399775028229,0.1500760018825531,1,0.9314888715744019,-0.19254909455776215,0.3086301386356354,0,-0.26629510521888733,0.21705693006515503,0.939133882522583,0,-0.24781982600688934,-0.9569799900054932,0.15091130137443542,0,0,0.3003869950771332,0,1,-0.6745621562004089,-0.7289377450942993,-0.11668838560581207,0,-0.7382122278213501,0.6667096614837646,0.10266813635826111,0,0.0029585938900709152,0.15539686381816864,-0.9878480434417725,0,0,0.33677300810813904,0,1,-0.9843410849571228,-0.025011837482452393,0.17449435591697693,0,-0.17602814733982086,0.08681075274944305,-0.9805499911308289,0,0.009377356618642807,-0.9959110617637634,-0.08985426276922226,0,-0.0021039999555796385,0.08042900264263153,-0.1500760018825531,1,-0.8821887969970703,-0.4697803258895874,-0.03240719065070152,0,-0.15310966968536377,0.22107838094234467,0.9631619453430176,0,-0.44531017541885376,0.8546529412269592,-0.26696085929870605,0,0,0.3003869950771332,0,1,0.7347289323806763,0.5917670726776123,-0.3316400945186615,0,-0.6543110609054565,0.7472379207611084,-0.11624190956354141,0,0.17902588844299316,0.3024020493030548,0.9362169504165649,0,0,0.33481499552726746,0,1,-0.6186949610710144,0.7784039974212646,-0.1063210517168045,0,-0.7647560238838196,-0.5657249689102173,0.30838820338249207,0,0.1799020618200302,0.2721078097820282,0.9452999830245972,0,0.0037060000468045473,-0.031321000307798386,0.3167180120944977,1,0.47111591696739197,0.8473289012908936,-0.24512028694152832,0,-0.8586961030960083,0.5041179656982422,0.0922338217496872,0,0.20172172784805298,0.16703084111213684,0.965095043182373,0,0,0.25246700644493103,0,1,-0.2590794563293457,-0.3410758674144745,-0.9036291241645813,0,0.6209601163864136,0.6577738523483276,-0.42631298303604126,0,0.7397879362106323,-0.6715660095214844,0.04137880355119705,0,0,0.2765679955482483,0,1,0.9451499581336975,-0.0006889563519507647,-0.3266372084617615,0,0.21983203291893005,0.7409689426422119,0.6345380544662476,0,0.24159081280231476,-0.6715388894081116,0.7004780769348145,0,0,0.07574500143527985,0,1,-0.9798689484596252,-0.08374231308698654,-0.18122664093971252,0,0.15333370864391327,-0.8970120549201965,-0.4145587086677551,0,-0.127846360206604,-0.43400129675865173,0.891794741153717,0,0.023063000291585922,-0.031321000307798386,-0.3167180120944977,1,0.5929820537567139,0.8010819554328918,-0.0814838781952858,0,-0.8027750849723816,0.59602290391922,0.017573509365320206,0,0.0626441091299057,0.05499247834086418,0.9965199828147888,0,0,0.2519350051879883,0,1,0.3890092074871063,0.30992475152015686,-0.8675360679626465,0,0.9165679216384888,-0.03555271402001381,0.3982944190502167,0,0.0925980806350708,-0.9500958919525146,-0.29789745807647705,0,0,0.27811700105667114,0,1,0.9369440674781799,-0.0648849755525589,0.34340396523475647,0,-0.16915898025035858,0.7756381034851074,0.6080877780914307,0,-0.3058130443096161,-0.6278342008590698,0.7157538533210754,0,0,0.07741600275039673,0,1
K0.200,-0.7251521348953247,-0.07046663761138916,-0.6849738955497742,0,-0.058291200548410416,0.9974610209465027,-0.04090335965156555,0,0.6861172914505005,0.010266794823110104,-0.7274187803268433,0,-0.00859799887984991,0.5416560173034668,-0.01134399976581335,1,0.9828870296478271,0.17079775035381317,-0.0689958706498146,0,-0.16889624297618866,0.9850959777832031,0.03255612775683403,0,0.07352812588214874,-0.02034587413072586,0.9970859289169312,0,-0.00395399983972311,0.05672900006175041,0,1,0.9688420295715332,0.20326295495033264,-0.14152832329273224,0,-0.19606804847717285,0.978551983833313,0.06319867074489594,0,0.15133866667747498,-0.03348032757639885,0.9879150390625,0,0,0.0663440003991127,0,1,0.968841016292572,0.20326285064220428,-0.14152824878692627,0,-0.1960681527853012,0.978551983833313,0.06319868564605713,0,0.15133874118328094,-0.03348030894994736,0.9879150390625,0,0,0.07582200318574905,0,1,0.9879720211029053,-0.1540992707014084,0.012802042998373508,0,0.15408673882484436,0.9880549907684326,0.001965130912140012,0,-0.012951956130564213,0.00003113086131634191,0.9999160170555115,0,0,0.08529999852180481,0,1,0.9118098616600037,-0.08849786967039108,-0.40096327662467957,0,0.1085011288523674,0.9937180280685425,0.02741016261279583,0,0.39601874351501465,-0.06849783658981323,0.915684163570404,0,-0.08771199733018875,0.17520299553871155,0,1,0.9997529983520508,0.0213205274194479,-0.006309811025857925,0,0.0038305253256112337,0.11438602954149246,0.9934289455413818,0,0.021902186796069145,-0.9932079315185547,0.11427612602710724,0,0.001408000010997057,0.08018399775028229,0.1500760018825531,1,0.931717038154602,-0.1928367018699646,0.3077617883682251,0,-0.26548272371292114,0.21663661301136017,0.9394611716270447,0,-0.2478351891040802,-0.9570178985595703,0.150649294257164,0,0,0.3003869950771332,0,1,-0.6735131144523621,-0.7300119400024414,-0.11603236943483353,0,-0.7391730546951294,0.6655799150466919,0.10308623313903809,0,0.001974637620151043,0.15519778430461884,-0.9878811240196228,0,0,0.33677300810813904,0,1,-0.9840439558029175,-0.02482428587973118,0.17618386447429657,0,-0.17769671976566315,0.08705998957157135,-0.9802270531654358,0,0.008994875475764275,-0.9958939552307129,-0.09008200466632843,0,-0.0021039999555796385,0.08042900264263153,-0.1500760018825531,1,-0.8823168277740479,-0.46962419152259827,-0.03114882856607437,0,-0.15210579335689545,0.22189019620418549,0.9631350040435791,0,-0.44539985060691833,0.85452800989151,-0.2672099173069,0,0,0.3003869950771332,0,1,0.736909031867981,0.5890401005744934,-0.3316587805747986,0,-0.651540994644165,0.7496560215950012,-0.1162310466170311,0,0.18016524612903595,0.30174097418785095,0.9362120032310486,0,0,0.33481499552726746,0,1,-0.6176310181617737,0.7792950868606567,-0.10597112029790878,0,-0.7655758857727051,-0.56489098072052,0.30788230895996094,0,0.18006911873817444,0.2712866961956024,0.9455040693283081,0,0.0037060000468045473,-0.031321000307798386,0.3167180120944977,1,0.4716257154941559,0.8471770882606506,-0.24466441571712494,0,-0.8583670258522034,0.5046051144599915,0.0926247388124466,0,0.20192860066890717,0.16632774472236633,0.96517413854599,0,0,0.25246700644493103,0,1,-0.2592517137527466,-0.34114977717399597,-0.9035511016845703,0,0.6208462119102478,0.6577677726745605,-0.4264869689941406,0,0.7398229241371155,-0.6715339422225952,0.04127414897084236,0,0,0.2765679955482483,0,1,0.9450689554214478,-0.0006739685777574778,-0.32687118649482727,0,0.219961017370224,0.7410178184509277,0.6344361305236816,0,0.241789773106575,-0.6714848279953003,0.7004611492156982,0,0,0.07574500143527985,0,1,-0.9800998568534851,-0.0819421112537384,-0.18080183863639832,0,0.15140387415885925,-0.8976359963417053,-0.41391581296920776,0,-0.12837716937065125,-0.4330531656742096,0.8921798467636108,0,0.023063000291585922,-0.031321000307798386,-0.3167180120944977,1,0.5924391746520996,0.8013348579406738,-0.08293312042951584,0,-0.8032141923904419,0.595477819442749,0.015934716910123825,0,0.0621538870036602,0.05717271566390991,0.9964280724525452,0,0,0.2519350051879883,0,1,0.3894738256931305,0.31077295541763306,-0.8670240640640259,0,0.9163810014724731,-0.036213889718055725,0.3986649513244629,0,0.09249597787857056,-0.9497940540313721,-0.2988908290863037,0,0,0.27811700105667114,0,1,0.9369999170303345,-0.0649167075753212,0.34324419498443604,0,-0.16903871297836304,0.7756239175796509,0.6081390976905823,0,-0.30570682883262634,-0.6278478503227234,0.7157862186431885,0,0,0.07741600275039673,0,1
