2.467,30,74,33
B0,mixamorig_Hips,-1,0.9978830218315125,-0.0075530558824539185,0.06459813565015793,0,0.0032309512607753277,0.997763991355896,0.06675202399492264,0,-0.06495785713195801,-0.06640198081731796,0.9956759810447693,0,-0.0009490000084042549,0.5471230149269104,0.007249999791383743,1
B1,mixamorig_Spine,0,0.9999819993972778,0.0002761703508440405,-0.005979802459478378,0,-0.0007718461565673351,0.9965450763702393,-0.08304892480373383,0,0.005936210975050926,0.08305209130048752,0.9965280294418335,0,0,0.11110000312328339,-0.009592000395059586,1
B2,mixamorig_Spine1,1,0.9999499917030334,-0.0016899092588573694,-0.00990222953259945,0,0.0017780927009880543,0.9999589920043945,0.008903421461582184,0,0.009886768646538258,-0.008920574560761452,0.9999110102653503,0,0,0.13009800016880035,0,1
B3,mixamorig_Spine2,2,0.9999489784240723,-0.0017990535125136375,-0.009933657012879848,0,0.0018869476625695825,0.9999589920043945,0.008845850825309753,0,0.009917342104017735,-0.008864149451255798,0.9999120235443115,0,0,0.14868399500846863,0,1
B4,mixamorig_Neck,3,0.998619019985199,0.04894756153225899,0.019058624282479286,0,-0.04596738517284393,0.9899349212646484,-0.13384993374347687,0,-0.02541843242943287,0.1327890306711197,0.9908180236816406,0,0,0.1672690063714981,0,1
B5,mixamorig_Head,4,0.9974589943885803,-0.034622181206941605,-0.06225798651576042,0,0.04502885043621063,0.9836429357528687,0.17441241443157196,0,0.05520106479525566,-0.1767725646495819,0.9827020764350891,0,0,0.061935000121593475,0.041638001799583435,1
B6,mixamorig_HeadTop_End,5,1,0,0,0,0,1,0,0,0,0,1,0,0,0.3509509861469269,0.2359369993209839,1
B7,mixamorig_LeftShoulder,3,0.19450679421424866,0.0251681637018919,-0.9805780649185181,0,0.9481878876686096,0.25119122862815857,0.19452914595603943,0,0.25120872259140015,-0.9676100611686707,0.024994267150759697,0,0.1751130074262619,0.19006000459194183,-0.002339000115171075,1
B8,mixamorig_LeftArm,7,0.9604910016059875,0.276700884103775,-0.029878055676817894,0,0.03511597588658333,-0.013993079774081707,0.9992850422859192,0,0.27608510851860046,-0.9608539938926697,-0.02315686084330082,0,0,0.3328019976615906,0,1
B9,mixamorig_LeftForeArm,8,0.9748589992523193,0.22272205352783203,0.006669936701655388,0,-0.2227589339017868,0.9748590588569641,0.00538885360583663,0,-0.005302029196172953,-0.006739157717674971,0.9999629855155945,0,0,0.39250099658966064,0,1
B10,mixamorig_LeftHand,9,0.9981699585914612,0.03251184895634651,-0.05098221078515053,0,-0.024601170793175697,0.9885680079460144,0.14875821769237518,0,0.05523580685257912,-0.1472318172454834,0.9875591397285461,0,0,0.3555609881877899,0,1
B11,mixamorig_LeftHandIndex1,10,-0.26570385694503784,-0.36763596534729004,0.8912039995193481,0,0.07849597930908203,0.913114070892334,0.4000770151615143,0,-0.9608539938926697,0.17625804245471954,-0.21376006305217743,0,0,0.1563519984483719,0,1
B12,mixamorig_LeftHandIndex2,11,0.7111749649047852,-0.7021681070327759,-0.034507982432842255,0,0.5019098520278931,0.47275295853614807,0.7242861390113831,0,-0.49225685000419617,-0.5324139595031738,0.6886351108551025,0,0,0.07732199877500534,0,1
B13,mixamorig_LeftHandIndex3,12,0.9722060561180115,-0.11407312005758286,0.20445777475833893,0,0.11751990765333176,0.993058979511261,-0.004755173344165087,0,-0.2024962306022644,0.02865087240934372,0.9788639545440674,0,-0.022495999932289124,0.0492280013859272,-0.07839500159025192,1
B14,mixamorig_LeftHandIndex4,13,1,0,0,0,0,1,0,0,0,0,1,0,-0.00749199977144599,0.02568800002336502,-0.04678000137209892,1
B15,mixamorig_RightShoulder,3,0.30121278762817383,-0.03285808116197586,0.9529910683631897,0,-0.9289439916610718,0.215493842959404,0.30104219913482666,0,-0.21525515615940094,-0.9759520292282104,0.03438613563776016,0,-0.1751130074262619,0.18933099508285522,0.00609799986705184,1
B16,mixamorig_RightArm,15,0.9998080730438232,-0.019230298697948456,-0.0038132229819893837,0,0.003330787643790245,-0.025056984275579453,0.9996799230575562,0,-0.019319696351885796,-0.9995009303092957,-0.024988126009702682,0,0,0.33279600739479065,0,1
B17,mixamorig_RightForeArm,16,0.9913719296455383,-0.13107413053512573,-0.000859323306940496,0,0.13107086718082428,0.9913680553436279,-0.0031720208935439587,0,0.0012676762416958809,0.003032021690160036,0.9999949336051941,0,0,0.3922550082206726,0,1
B18,mixamorig_RightHand,17,0.3705030381679535,0.13672561943531036,-0.9187130331993103,0,-0.022215817123651505,0.9901279211044312,0.13839448988437653,0,0.9285659790039062,-0.030865641310811043,0.36988309025764465,0,0,0.3557170033454895,0,1
B19,mixamorig_RightHandIndex1,18,-0.9345831274986267,-0.3221628963947296,-0.15088194608688354,0,-0.32804811000823975,0.9445388913154602,0.01519628893584013,0,0.13761818408966064,0.06369873136281967,-0.9884350299835205,0,0,0.2134229987859726,0,1
B20,mixamorig_RightHandIndex2,19,0.8269320130348206,-0.5615760087966919,0.02857116237282753,0,0.5386450290679932,0.8057011365890503,0.24638894200325012,0,-0.1613859236240387,-0.1883571743965149,0.9687500596046448,0,0,0.05642800033092499,0,1
B21,mixamorig_RightHandIndex3,20,0.9771460890769958,-0.18557292222976685,0.10367491096258163,0,0.20408710837364197,0.9554079174995422,-0.21340814232826233,0,-0.05944911018013954,0.2296898514032364,0.9714470505714417,0,-0.007871000096201897,0.0676570013165474,-0.02751299925148487,1
B22,mixamorig_RightHandIndex4,21,1,0,0,0,0,1,0,0,0,0,1,0,-0.003519000019878149,0.058681000024080276,-0.013879000209271908,1
B23,mixamorig_LeftUpLeg,0,-0.9037489295005798,-0.35099393129348755,0.245034858584404,0,0.4028150141239166,-0.8910118937492371,0.2093738466501236,0,0.1448400467634201,0.2879251539707184,0.9466369152069092,0,0.17341700196266174,-0.06148499995470047,-0.015062999911606312,1
B24,mixamorig_LeftLeg,23,0.9258060455322266,0.0783197358250618,0.36979588866233826,0,0.23278294503688812,0.6526508927345276,-0.7210120558738708,0,-0.29781726002693176,0.7535999417304993,0.5859969854354858,0,0,0.22782500088214874,0,1
B25,mixamorig_LeftFoot,24,0.9690909385681152,-0.2464023381471634,-0.01220991462469101,0,0.04210798442363739,0.11643762141466141,0.9923049807548523,0,-0.2430846095085144,-0.9621480703353882,0.12321417033672333,0,0,0.1571580022573471,0,1
B26,mixamorig_LeftToeBase,25,0.9876030087471008,-0.003230676520615816,-0.15693695843219757,0,0.0908762589097023,0.8269650936126709,0.5548597574234009,0,0.12798883020877838,-0.5622431039810181,0.8170069456100464,0,0,0.2575500011444092,0,1
B27,mixamorig_LeftToe_End,26,1,0,0,0,0,1,0,0,0,0,1,0,0,0.12922899425029755,0,1
B28,mixamorig_RightUpLeg,0,-0.9312741756439209,0.309956818819046,-0.19145722687244415,0,-0.35807308554649353,-0.8756240606307983,0.32413795590400696,0,-0.06717576086521149,0.37041693925857544,0.9264330267906189,0,-0.17341700196266174,-0.06148499995470047,-0.007178000174462795,1
B29,mixamorig_RightLeg,28,0.9543160796165466,-0.0888257771730423,-0.2852898836135864,0,-0.15537190437316895,0.6680371165275574,-0.7277259230613708,0,0.25522521138191223,0.7388070821762085,0.6237179040908813,0,0,0.22769199311733246,0,1
B30,mixamorig_RightFoot,29,0.974187970161438,0.22455529868602753,0.02307911403477192,0,-0.06644187867641449,0.18752217292785645,0.9800109267234802,0,0.21573875844478607,-0.9562480449676514,0.19760167598724365,0,0,0.1583160012960434,0,1
B31,mixamorig_RightToeBase,30,0.9882109761238098,0.0027237797621637583,0.15307492017745972,0,-0.08873023837804794,0.8249889016151428,0.5581391453742981,0,-0.12476492673158646,-0.5651418566703796,0.8155051469802856,0,0,0.25699400901794434,0,1
B32,mixamorig_RightToe_End,31,1,0,0,0,0,1,0,0,0,0,1,0,0,0.1294270008802414,0,1
@28,0,1,2,3,4,5,7,8,9,10,11,12,13,15,16,17,18,19,20,21,23,24,25,26,28,29,30,31
K0,0.06459816545248032,-0.00755305215716362,-0.9978829622268677,0,0.06675201654434204,0.997763991355896,-0.003230944974347949,0,0.9956759214401245,-0.06640198081731796,0.0649578869342804,0,0.007249999325722456,0.5471230149269104,0.0009490001830272377,1,0.9999819993972778,0.0002761623472906649,-0.005979795008897781,0,-0.0007718376000411808,0.9965450763702393,-0.08304891735315323,0,0.005936204455792904,0.08305209130048752,0.9965280294418335,0,0,0.11110000312328339,-0.009592000395059586,1,0.9999499917030334,-0.0016899084439501166,-0.009902230463922024,0,0.0017780918860808015,0.9999589920043945,0.008903423324227333,0,0.009886769577860832,-0.008920576423406601,0.9999110102653503,0,0,0.13009800016880035,0,1,0.9999489784240723,-0.0017990529304370284,-0.009933657944202423,0,0.0018869470804929733,0.9999589920043945,0.008845850825309753,0,0.00991734303534031,-0.008864149451255798,0.9999120235443115,0,0,0.14868399500846863,0,1,0.998619019985199,0.048947591334581375,0.0190585944801569,0,-0.04596741870045662,0.9899349212646484,-0.13384994864463806,0,-0.02541840635240078,0.13278904557228088,0.9908180236816406,0,0,0.1672690063714981,0,1,0.9974589943885803,-0.03462217003107071,-0.062257956713438034,0,0.04502883180975914,0.9836429357528687,0.17441241443157196,0,0.05520104244351387,-0.17677254974842072,0.9827020764350891,0,0,0.061935000121593475,0.041638001799583435,1,0.19450637698173523,0.02516813389956951,-0.9805781245231628,0,0.9481879472732544,0.25119122862815857,0.1945287138223648,0,0.25120869278907776,-0.9676100611686707,0.024994196370244026,0,0.1751130074262619,0.19006000459194183,-0.002339000115171075,1,0.9604910016059875,0.276700884103775,-0.029877906665205956,0,0.03511587157845497,-0.013993261381983757,0.9992850422859192,0,0.2760850787162781,-0.9608539938926697,-0.02315700799226761,0,0,0.3328019976615906,0,1,0.9748589992523193,0.22272205352783203,0.006669952999800444,0,-0.2227589339017868,0.9748590588569641,0.005388846155256033,0,-0.00530204689130187,-0.006739153992384672,0.9999629855155945,0,0,0.39250099658966064,0,1,0.9981699585914612,0.032511841505765915,-0.05098220705986023,0,-0.0246011633425951,0.9885680079460144,0.148758202791214,0,0.05523579940199852,-0.1472318023443222,0.9875591397285461,0,0,0.3555609881877899,0,1,-0.26570388674736023,-0.3676359951496124,0.8912039995193481,0,0.07849599421024323,0.9131140112876892,0.40007704496383667,0,-0.9608539938926697,0.17625807225704193,-0.21376006305217743,0,0,0.1563519984483719,0,1,0.7111749053001404,-0.7021681070327759,-0.034507911652326584,0,0.5019098520278931,0.47275298833847046,0.7242861390113831,0,-0.49225687980651855,-0.532413899898529,0.6886351704597473,0,0,0.07732199877500534,0,1,0.9722060561180115,-0.11407310515642166,0.20445777475833893,0,0.11751989275217056,0.993058979511261,-0.004755152389407158,0,-0.2024962306022644,0.02865084819495678,0.9788639545440674,0,-0.022495999932289124,0.0492280013859272,-0.07839500159025192,1,0.3012129068374634,-0.03285780921578407,0.9529910683631897,0,-0.928943932056427,0.21549391746520996,0.3010422885417938,0,-0.21525517106056213,-0.9759520292282104,0.03438642621040344,0,-0.1751130074262619,0.18933099508285522,0.00609799986705184,1,0.9998080730438232,-0.019230524078011513,-0.0038129149470478296,0,0.003330475650727749,-0.025056984275579453,0.9996800422668457,0,-0.019319914281368256,-0.9995009899139404,-0.02498812973499298,0,0,0.33279600739479065,0,1,0.9913719296455383,-0.13107413053512573,-0.0008593249367550015,0,0.13107086718082428,0.9913680553436279,-0.003171999705955386,0,0.0012676750775426626,0.0030320005025714636,0.9999949336051941,0,0,0.3922550082206726,0,1,0.3705030083656311,0.13672585785388947,-0.9187130331993103,0,-0.02221614681184292,0.9901279211044312,0.13839462399482727,0,0.9285659790039062,-0.03086538426578045,0.36988309025764465,0,0,0.3557170033454895,0,1,-0.9345831274986267,-0.3221628665924072,-0.15088188648223877,0,-0.32804808020591736,0.9445388913154602,0.015196289867162704,0,0.13761812448501587,0.06369870901107788,-0.9884350299835205,0,0,0.2134229987859726,0,1,0.8269320130348206,-0.5615760087966919,0.02857114002108574,0,0.5386450290679932,0.8057011365890503,0.24638889729976654,0,-0.16138587892055511,-0.1883571445941925,0.9687500596046448,0,0,0.05642800033092499,0,1,0.9771460890769958,-0.18557292222976685,0.10367490351200104,0,0.20408710837364197,0.9554079174995422,-0.21340814232826233,0,-0.059449102729558945,0.2296898514032364,0.9714470505714417,0,-0.007871000096201897,0.0676570013165474,-0.02751299925148487,1,-0.9037489295005798,-0.35099393129348755,0.24503490328788757,0,0.4028150141239166,-0.8910118937492371,0.2093738317489624,0,0.1448400914669037,0.2879251539707184,0.9466369152069092,0,0.17341700196266174,-0.06148499995470047,-0.015062999911606312,1,0.9258061051368713,0.07831981778144836,0.3697957694530487,0,0.23278281092643738,0.6526508927345276,-0.7210121154785156,0,-0.2978172302246094,0.7535999417304993,0.5859969854354858,0,0,0.22782500088214874,0,1,0.96909099817276,-0.2464022934436798,-0.012209613807499409,0,0.0421077199280262,0.11643782258033752,0.9923049807548523,0,-0.2430845946073532,-0.9621480703353882,0.12321429699659348,0,0,0.1571580022573471,0,1,0.9876030087471008,-0.0032306734938174486,-0.15693707764148712,0,0.09087632596492767,0.8269650936126709,0.5548598170280457,0,0.12798891961574554,-0.5622431635856628,0.8170068860054016,0,0,0.2575500011444092,0,1,-0.9312739372253418,0.3099568486213684,-0.19145725667476654,0,-0.3580731153488159,-0.8756238222122192,0.32413795590400696,0,-0.06717576831579208,0.3704169690608978,0.9264330267906189,0,-0.17341700196266174,-0.06148499995470047,-0.007178000174462795,1,0.9543160796165466,-0.08882583677768707,-0.28528982400894165,0,-0.15537182986736298,0.6680371165275574,-0.7277259230613708,0,0.25522521138191223,0.7388070225715637,0.6237179636955261,0,0,0.22769199311733246,0,1,0.974187970161438,0.22455532848834991,0.02307884953916073,0,-0.06644166260957718,0.18752235174179077,0.9800109267234802,0,0.21573883295059204,-0.9562480449676514,0.1976018100976944,0,0,0.1583160012960434,0,1,0.988210916519165,0.0027237506583333015,0.15307499468326569,0,-0.08873025327920914,0.8249889016151428,0.5581391453742981,0,-0.12476500123739243,-0.5651418566703796,0.8155051469802856,0,0,0.25699400901794434,0,1
K0.033,0.0649920329451561,-0.007667019963264465,-0.9978559613227844,0,0.06689921021461487,0.9977539777755737,-0.0033089767675846815,0,0.9956409335136414,-0.06654079258441925,0.06535903364419937,0,0.007276999764144421,0.5471150279045105,0.0009500000742264092,1,0.9999819993972778,0.0002800066431518644,-0.005983961746096611,0,-0.0007759936270304024,0.9965449571609497,-0.08304539322853088,0,0.0059400382451713085,0.08304860442876816,0.9965280294418335,0,0,0.11110000312328339,-0.009592000395059586,1,0.9999469518661499,-0.0016870716353878379,-0.010158928111195564,0,0.0017799328779801726,0.9999570250511169,0.009138701483607292,0,0.010143074207007885,-0.009156299754977226,0.9999070167541504,0,0,0.13009800016880035,0,1,0.9999460577964783,-0.001851709675975144,-0.010193626396358013,0,0.0019442914053797722,0.9999570250511169,0.009079835377633572,0,0.010176379233598709,-0.00909916777163744,0.9999070763587952,0,0,0.14868399500846863,0,1,0.9986240267753601,0.04886609688401222,0.019056353718042374,0,-0.04588891193270683,0.9899489283561707,-0.13377028703689575,0,-0.025401646271348,0.132711723446846,0.9908290505409241,0,0,0.1672690063714981,0,1,0.9974290728569031,-0.034595414996147156,-0.06276281177997589,0,0.045074597001075745,0.9836950302124023,0.17410583794116974,0,0.05571618676185608,-0.17648716270923615,0.9827250242233276,0,0,0.061935000121593475,0.041638001799583435,1,0.1945163905620575,0.02521504834294319,-0.9805751442909241,0,0.9481500387191772,0.25132009387016296,0.19454684853553772,0,0.25134384632110596,-0.9675751328468323,0.02497820556163788,0,0.1751130074262619,0.19006000459194183,-0.002339000115171075,1,0.9605339765548706,0.2765471935272217,-0.029939712956547737,0,0.035220179706811905,-0.014146054163575172,0.9992790222167969,0,0.27592429518699646,-0.9608959555625916,-0.02332780696451664,0,0,0.3328019976615906,0,1,0.9749160408973694,0.22247469425201416,0.0066679432056844234,0,-0.22251127660274506,0.9749149680137634,0.005383170209825039,0,-0.005303056910634041,-0.006731829140335321,0.9999629855155945,0,0,0.39250099658966064,0,1,0.9981769919395447,0.03260999917984009,-0.050777263939380646,0,-0.024723995476961136,0.988551914691925,0.1488412767648697,0,0.055049728602170944,-0.14731468260288239,0.987557053565979,0,0,0.3555609881877899,0,1,-0.2657037377357483,-0.36764875054359436,0.8911990523338318,0,0.07777824997901917,0.913239061832428,0.3999299108982086,0,-0.9609119296073914,0.17557887732982635,-0.21405601501464844,0,0,0.1563519984483719,0,1,0.7110620141029358,-0.7022839784622192,-0.03446612507104874,0,0.501986026763916,0.47271591424942017,0.7242580652236938,0,-0.49234211444854736,-0.5322939157485962,0.6886669993400574,0,0,0.07732199877500534,0,1,0.9722060561180115,-0.11407310515642166,0.20445777475833893,0,0.11751989275217056,0.993058979511261,-0.004755152389407158,0,-0.2024962306022644,0.02865084819495678,0.9788639545440674,0,-0.022495999932289124,0.0492280013859272,-0.07839500159025192,1,0.30119773745536804,-0.03275463730096817,0.9529991149902344,0,-0.9290012121200562,0.21528448164463043,0.30101248621940613,0,-0.21502555906772614,-0.9760020971298218,0.03441411629319191,0,-0.1751130074262619,0.18933099508285522,0.00609799986705184,1,0.9997969269752502,-0.019920963793992996,-0.0031116583850234747,0,0.0026120219845324755,-0.025058049708604813,0.9996830821037292,0,-0.019992617890238762,-0.9994879961013794,-0.02500092051923275,0,0,0.33279600739479065,0,1,0.9913639426231384,-0.13113310933113098,-0.0008591005462221801,0,0.13112984597682953,0.9913600087165833,-0.003174030454829335,0,0.001267899526283145,0.0030339686200022697,0.9999949336051941,0,0,0.3922550082206726,0,1,0.3696708679199219,0.13693511486053467,-0.91901695728302,0,-0.02239386923611164,0.9901060461997986,0.13851965963840485,0,0.928892970085144,-0.03062634915113449,0.3690800368785858,0,0,0.3557170033454895,0,1,-0.9349691271781921,-0.32104599475860596,-0.15087465941905975,0,-0.32693207263946533,0.944923996925354,0.015292875468730927,0,0.1376553624868393,0.06362412869930267,-0.9884350299835205,0,0,0.2134229987859726,0,1,0.8316977620124817,-0.5545644164085388,0.027158962562680244,0,0.531747579574585,0.8096452951431274,0.24843280017375946,0,-0.15976102650165558,-0.19217918813228607,0.9682679176330566,0,0,0.05642800033092499,0,1,0.9771460890769958,-0.18557292222976685,0.10367490351200104,0,0.20408710837364197,0.9554079174995422,-0.21340814232826233,0,-0.059449102729558945,0.2296898514032364,0.9714470505714417,0,-0.007871000096201897,0.0676570013165474,-0.02751299925148487,1,-0.9036399722099304,-0.35114094614982605,0.24522285163402557,0,0.4029870927333832,-0.8909800052642822,0.20917989313602448,0,0.14503709971904755,0.28784510493278503,0.9466309547424316,0,0.17341700196266174,-0.06148499995470047,-0.015062999911606312,1,0.925757884979248,0.07840608060359955,0.3698982298374176,0,0.23290108144283295,0.6524221301078796,-0.7211817502975464,0,-0.2978747487068176,0.7537891864776611,0.585723876953125,0,0,0.22782500088214874,0,1,0.9690470695495605,-0.24657273292541504,-0.01220021490007639,0,0.042013268917798996,0.11601384729146957,0.9923589825630188,0,-0.24327321350574493,-0.9621548652648926,0.12278217077255249,0,0,0.1571580022573471,0,1,0.9876009225845337,-0.003150291508063674,-0.1569562703371048,0,0.090854711830616,0.8268188834190369,0.5550811886787415,0,0.12802571058273315,-0.5624588131904602,0.8168531656265259,0,0,0.2575500011444092,0,1,-0.9313541054725647,0.3096819221973419,-0.19151368737220764,0,-0.3578640818595886,-0.8755680918693542,0.32452285289764404,0,-0.06718432903289795,0.37078118324279785,0.9262869358062744,0,-0.17341700196266174,-0.06148499995470047,-0.007178000174462795,1,0.9544259905815125,-0.0887291207909584,-0.2849537432193756,0,-0.15514612197875977,0.668129026889801,-0.7276899814605713,0,0.2549532353878021,0.7387359738349915,0.6239138841629028,0,0,0.22769199311733246,0,1,0.9742360711097717,0.22434194386005402,0.02313455194234848,0,-0.06649406999349594,0.18770326673984528,0.9799719452857971,0,0.21550656855106354,-0.9562631845474243,0.19778487086296082,0,0,0.1583160012960434,0,1,0.988210916519165,0.002726838458329439,0.15307514369487762,0,-0.08873215317726135,0.8249920010566711,0.5581340789794922,0,-0.1247638389468193,-0.5651369690895081,0.8155081272125244,0,0,0.25699400901794434,0,1
K0.067,0.06525526195764542,-0.007618015632033348,-0.9978399276733398,0,0.06704189628362656,0.9977450370788574,-0.003232983173802495,0,0.9956138730049133,-0.06668608635663986,0.06561879813671112,0,0.00727199949324131,0.5471090078353882,0.0009380002738907933,1,0.9999819993972778,0.00029307889053598046,-0.005985988769680262,0,-0.0007889208500273526,0.9965489506721497,-0.08300033956766129,0,0.00594101008027792,0.08300363272428513,0.9965320229530334,0,0,0.11110000312328339,-0.009592000395059586,1,0.9999449849128723,-0.0019209233578294516,-0.010335070081055164,0,0.002016071928665042,0.999955952167511,0.009203839115798473,0,0.010316926054656506,-0.009224161505699158,0.9999039769172668,0,0,0.13009800016880035,0,1,0.9999439716339111,-0.0018968965159729123,-0.010408897884190083,0,0.0019921024795621634,0.9999560117721558,0.009143886156380177,0,0.010391097515821457,-0.009164110757410526,0.9999039769172668,0,0,0.14868399500846863,0,1,0.9986079335212708,0.04916815087199211,0.019096991047263145,0,-0.04619183763861656,0.9899818897247314,-0.13342641294002533,0,-0.025466008111834526,0.13235856592655182,0.9908750653266907,0,0,0.1672690063714981,0,1,0.9973990321159363,-0.03527006879448891,-0.0628608837723732,0,0.045720916241407394,0.9837790131568909,0.1734631359577179,0,0.05572311952710152,-0.1758858859539032,0.9828320741653442,0,0,0.061935000121593475,0.041638001799583435,1,0.19410866498947144,0.025246119126677513,-0.9806550145149231,0,0.9481620192527771,0.25158315896987915,0.19415383040905,0,0.2516177296638489,-0.9675059914588928,0.024897059425711632,0,0.1751130074262619,0.19006000459194183,-0.002339000115171075,1,0.9606099724769592,0.2762708067893982,-0.030034277588129044,0,0.03539183363318443,-0.01442572008818388,0.9992689490318298,0,0.275635689496994,-0.9609709978103638,-0.023635225370526314,0,0,0.3328019976615906,0,1,0.9748882055282593,0.22259561717510223,0.006668605376034975,0,-0.22263239324092865,0.9748879671096802,0.005385295953601599,0,-0.005302395671606064,-0.006734704133123159,0.9999629855155945,0,0,0.39250099658966064,0,1,0.9981979727745056,0.0323411300778389,-0.05055273324251175,0,-0.02449687384068966,0.9885740280151367,0.1487332582473755,0,0.05478527396917343,-0.1472267359495163,0.9875839948654175,0,0,0.3555609881877899,0,1,-0.2657947838306427,-0.3686497211456299,0.8907580375671387,0,0.07783828675746918,0.9127708077430725,0.4009862542152405,0,-0.9608820080757141,0.17591525614261627,-0.21391478180885315,0,0,0.1563519984483719,0,1,0.710161030292511,-0.7032119631767273,-0.03413100913167,0,0.5025922060012817,0.4724172353744507,0.7240326404571533,0,-0.49302399158477783,-0.5313334465026855,0.6889206171035767,0,0,0.07732199877500534,0,1,0.9722060561180115,-0.11407310515642166,0.20445777475833893,0,0.11751989275217056,0.993058979511261,-0.004755152389407158,0,-0.2024962306022644,0.02865084819495678,0.9788639545440674,0,-0.022495999932289124,0.0492280013859272,-0.07839500159025192,1,0.30146872997283936,-0.03265132009983063,0.9529170989990234,0,-0.9289290904998779,0.2152571976184845,0.30125555396080017,0,-0.21495860815048218,-0.9760110974311829,0.034562528133392334,0,-0.1751130074262619,0.18933099508285522,0.00609799986705184,1,0.9998440146446228,-0.017091983929276466,-0.004500222858041525,0,0.0040540313348174095,-0.026050694286823273,0.9996520280838013,0,-0.01720326393842697,-0.9995139241218567,-0.025977328419685364,0,0,0.33279600739479065,0,1,0.9915790557861328,-0.12950065732002258,-0.0008647031500004232,0,0.12949737906455994,0.9915749430656433,-0.003134185215458274,0,0.001263297046534717,0.0029958155937492847,0.9999949336051941,0,0,0.3922550082206726,0,1,0.3723030686378479,0.13682879507541656,-0.9179700613021851,0,-0.02220720611512661,0.990103006362915,0.13857401907444,0,0.9278459548950195,-0.03120599128305912,0.3716570734977722,0,0,0.3557170033454895,0,1,-0.9343181252479553,-0.3229289650917053,-0.15088781714439392,0,-0.32881101965904236,0.9442750811576843,0.015112551860511303,0,0.13759920001029968,0.06373344361782074,-0.9884349703788757,0,0,0.2134229987859726,0,1,0.8313767910003662,-0.5550403594970703,0.027253953740000725,0,0.5322155952453613,0.8093802332878113,0.24829407036304474,0,-0.15987202525138855,-0.1919209212064743,0.968300998210907,0,0,0.05642800033092499,0,1,0.9771459698677063,-0.18557338416576385,0.10367495566606522,0,0.20408760011196136,0.9554080367088318,-0.21340814232826233,0,-0.059449054300785065,0.2296898365020752,0.9714470505714417,0,-0.007871000096201897,0.0676570013165474,-0.02751299925148487,1,-0.9038058519363403,-0.35096752643585205,0.24486121535301208,0,0.4027154743671417,-0.8910902142524719,0.2092321813106537,0,0.14475980401039124,0.28771477937698364,0.9467130303382874,0,0.17341700196266174,-0.06148499995470047,-0.015062999911606312,1,0.9255380630493164,0.07900568842887878,0.37031975388526917,0,0.2328397035598755,0.6524900794029236,-0.7211400866508484,0,-0.29860424995422363,0.7536680698394775,0.5855090022087097,0,0,0.22782500088214874,0,1,0.9689509868621826,-0.24694620072841644,-0.012332653626799583,0,0.042196813970804214,0.116010382771492,0.9923509359359741,0,-0.2436266541481018,-0.9620600938796997,0.12282875180244446,0,0,0.1571580022573471,0,1,0.9876008629798889,-0.003151019336655736,-0.15695632994174957,0,0.09085497260093689,0.8268211483955383,0.5550787448883057,0,0.12802565097808838,-0.5624561905860901,0.8168549537658691,0,0,0.2575500011444092,0,1,-0.9313151836395264,0.30970874428749084,-0.19165904819965363,0,-0.3579652011394501,-0.8754169940948486,0.32481682300567627,0,-0.06718296557664871,0.3711141049861908,0.9261540174484253,0,-0.17341700196266174,-0.06148499995470047,-0.007178000174462795,1,0.9544840455055237,-0.08864851295948029,-0.2847839593887329,0,-0.15506750345230103,0.6681321859359741,-0.727703869342804,0,0.25478309392929077,0.7387421727180481,0.6239747405052185,0,0,0.22769199311733246,0,1,0.9742340445518494,0.2243499606847763,0.023137977346777916,0,-0.06654005497694016,0.18788449466228485,0.9799348711967468,0,0.21550098061561584,-0.9562250375747681,0.1979716271162033,0,0,0.1583160012960434,0,1,0.9882090091705322,0.0026841096114367247,0.153085857629776,0,-0.08872090280056,0.8249140977859497,0.5582529306411743,0,-0.12478415668010712,-0.5652520656585693,0.8154249787330627,0,0,0.25699400901794434,0,1
K0.100,0.06565680354833603,-0.00763087160885334,-0.9978129863739014,0,0.06700899451971054,0.997747004032135,-0.0032211258076131344,0,0.9955899715423584,-0.06665100157260895,0.06602025032043457,0,0.007375999353826046,0.5470960140228271,0.000950000190641731,1,0.9999819397926331,0.000013849297829438001,-0.006068073678761721,0,-0.0005181506858207285,0.9965400695800781,-0.08311367779970169,0,0.006045926827937365,0.08311531692743301,0.9965219497680664,0,0,0.11110000312328339,-0.009592000395059586,1,0.9999430179595947,-0.002108301967382431,-0.010444246232509613,0,0.002202698029577732,0.9999570250511169,0.00903475284576416,0,0.010424752719700336,-0.009057246148586273,0.999904990196228,0,0,0.13009800016880035,0,1,0.9999430179595947,-0.0020878089126199484,-0.010513097047805786,0,0.002182191237807274,0.9999570250511169,0.008974287658929825,0,0.010493903420865536,-0.008996712043881416,0.9999039769172668,0,0,0.14868399500846863,0,1,0.9986109733581543,0.04909984767436981,0.019119879230856895,0,-0.04613514989614487,0.9900580644607544,-0.1328788548707962,0,-0.025454120710492134,0.13181215524673462,0.990947961807251,0,0,0.1672690063714981,0,1,0.9974019527435303,-0.03472766652703285,-0.06311937421560287,0,0.04529133066534996,0.9836130142211914,0.1745118349790573,0,0.05602462962269783,-0.1769171506166458,0.9826300740242004,0,0,0.061935000121593475,0.041638001799583435,1,0.19329509139060974,0.025324605405330658,-0.9808140397071838,0,0.9483048915863037,0.25163495540618896,0.1933855414390564,0,0.25170445442199707,-0.9674908518791199,0.024624338373541832,0,0.1751130074262619,0.19006000459194183,-0.002339000115171075,1,0.9607589840888977,0.2757219970226288,-0.030316529795527458,0,0.035811010748147964,-0.014913818798959255,0.9992470741271973,0,0.2750624120235443,-0.9611219167709351,-0.024202488362789154,0,0,0.3328019976615906,0,1,0.9748929738998413,0.22257408499717712,0.006668036337941885,0,-0.22261090576648712,0.9748929738998413,0.005385418888181448,0,-0.005301963537931442,-0.006734579801559448,0.9999629855155945,0,0,0.39250099658966064,0,1,0.9981789588928223,0.03210294619202614,-0.05106643959879875,0,-0.02415904961526394,0.9885120391845703,0.14919966459274292,0,0.05526956170797348,-0.14769433438777924,0.9874879121780396,0,0,0.3555609881877899,0,1,-0.2657146751880646,-0.36776670813560486,0.8911471962928772,0,0.07774032652378082,0.9131930470466614,0.4000447392463684,0,-0.9609119892120361,0.17557571828365326,-0.21405836939811707,0,0,0.1563519984483719,0,1,0.7111378312110901,-0.7022051811218262,-0.03449437767267227,0,0.501934826374054,0.4727412462234497,0.7242770195007324,0,-0.4922843873500824,-0.5323749780654907,0.6886457204818726,0,0,0.07732199877500534,0,1,0.9722060561180115,-0.11407310515642166,0.20445777475833893,0,0.11751989275217056,0.993058979511261,-0.004755152389407158,0,-0.2024962306022644,0.02865084819495678,0.9788639545440674,0,-0.022495999932289124,0.0492280013859272,-0.07839500159025192,1,0.3018436133861542,-0.03259362652897835,0.9528001546859741,0,-0.9287866950035095,0.215383842587471,0.30160415172576904,0,-0.21504804491996765,-0.9759849905967712,0.03473969176411629,0,-0.1751130074262619,0.18933099508285522,0.00609799986705184,1,0.999875009059906,-0.01503846887499094,-0.004950926639139652,0,0.004545530769973993,-0.026872895658016205,0.9996289610862732,0,-0.015165925957262516,-0.9995259642601013,-0.02680116333067417,0,0,0.33279600739479065,0,1,0.991703987121582,-0.12853612005710602,-0.000867651600856334,0,0.12853288650512695,0.9916999936103821,-0.003111164318397641,0,0.0012603484792634845,0.002973835449665785,0.9999949932098389,0,0,0.3922550082206726,0,1,0.374222069978714,0.13666513562202454,-0.9172130227088928,0,-0.02188386768102646,0.9901070594787598,0.13859780132770538,0,0.9270811080932617,-0.03179420530796051,0.37351086735725403,0,0,0.3557170033454895,0,1,-0.934372067451477,-0.32277196645736694,-0.15088717639446259,0,-0.32863497734069824,0.9443380236625671,0.014987916685640812,0,0.13765081763267517,0.06359108537435532,-0.9884371161460876,0,0,0.2134229987859726,0,1,0.831246018409729,-0.5552340149879456,0.027292611077427864,0,0.5324059724807739,0.809272050857544,0.24823784828186035,0,-0.15991738438606262,-0.19181613624095917,0.9683148860931396,0,0,0.05642800033092499,0,1,0.9771460890769958,-0.18557292222976685,0.10367490351200104,0,0.20408710837364197,0.9554079174995422,-0.21340814232826233,0,-0.059449102729558945,0.2296898514032364,0.9714470505714417,0,-0.007871000096201897,0.0676570013165474,-0.02751299925148487,1,-0.9036827683448792,-0.35117918252944946,0.24501211941242218,0,0.40285682678222656,-0.8911991119384766,0.2084965705871582,0,0.14513486623764038,0.28711941838264465,0.9468358755111694,0,0.17341700196266174,-0.06148499995470047,-0.015062999911606312,1,0.9255440831184387,0.0786081850528717,0.37039169669151306,0,0.23309019207954407,0.6526050567626953,-0.7209538817405701,0,-0.29839226603507996,0.7536090016365051,0.5856917500495911,0,0,0.22782500088214874,0,1,0.9689330458641052,-0.24701082706451416,-0.012416326440870762,0,0.042203161865472794,0.11566372215747833,0.992391049861908,0,-0.24369533360004425,-0.962084949016571,0.12249509990215302,0,0,0.1571580022573471,0,1,0.987602949142456,-0.003205846529453993,-0.15694227814674377,0,0.09086915850639343,0.8269199728965759,0.5549280643463135,0,0.1279997080564499,-0.5623099207878113,0.8169601559638977,0,0,0.2575500011444092,0,1,-0.9313189387321472,0.30963394045829773,-0.19176092743873596,0,-0.35793301463127136,-0.8754309415817261,0.32481393218040466,0,-0.06730004400014877,0.37114301323890686,0.926133930683136,0,-0.17341700196266174,-0.06148499995470047,-0.007178000174462795,1,0.9546300172805786,-0.0882766917347908,-0.2844090461730957,0,-0.15494270622730255,0.6683600544929504,-0.7275210618972778,0,0.2543109357357025,0.7385809421539307,0.6243590712547302,0,0,0.22769199311733246,0,1,0.9742329716682434,0.22432994842529297,0.02335430309176445,0,-0.06680606305599213,0.18811768293380737,0.9798721075057983,0,0.21542130410671234,-0.9561840295791626,0.19825707376003265,0,0,0.1583160012960434,0,1,0.9882010221481323,0.0024859404657036066,0.153139129281044,0,-0.08867105841636658,0.8245440125465393,0.5588060021400452,0,-0.124880850315094,-0.5657919645309448,0.8150360584259033,0,0,0.25699400901794434,0,1
K0.133,0.06627883017063141,-0.007535802666097879,-0.9977729916572571,0,0.06629512459039688,0.9977949857711792,-0.0031321970745921135,0,0.9955959320068359,-0.06593986600637436,0.0666322335600853,0,0.007462000008672476,0.5471169948577881,0.0009310002205893397,1,0.9999799728393555,-0.000007247251232911367,-0.006301046349108219,0,-0.0005152465892024338,0.9965559840202332,-0.08291616290807724,0,0.006279952824115753,0.08291783928871155,0.9965370893478394,0,0,0.11110000312328339,-0.009592000395059586,1,0.9999390244483948,-0.0022736573591828346,-0.01082593109458685,0,0.0023753445129841566,0.9999529719352722,0.009389432147145271,0,0.010804069228470325,-0.009414570406079292,0.9998970031738281,0,0,0.13009800016880035,0,1,0.9999380111694336,-0.0021490645594894886,-0.010917771607637405,0,0.0022509354166686535,0.9999539852142334,0.009327001869678497,0,0.010897226631641388,-0.009351000189781189,0.9998970031738281,0,0,0.14868399500846863,0,1,0.9986130595207214,0.0490579791367054,0.01912480592727661,0,-0.04609701782464981,0.9900809526443481,-0.13272234797477722,0,-0.025446195155382156,0.13165666162967682,0.9909690618515015,0,0,0.1672690063714981,0,1,0.997407078742981,-0.03542192280292511,-0.06265292316675186,0,0.0459170900285244,0.9835090041160583,0.17493601143360138,0,0.0554230697453022,-0.17735901474952698,0.9825839996337891,0,0,0.061935000121593475,0.041638001799583435,1,0.19360117614269257,0.025264156982302666,-0.9807549118995667,0,0.9483750462532043,0.2511429786682129,0.19367878139019012,0,0.2512028217315674,-0.9676200151443481,0.024661699309945107,0,0.1751130074262619,0.19006000459194183,-0.002339000115171075,1,0.9608049988746643,0.2755219638347626,-0.030685847625136375,0,0.03606896847486496,-0.014491015113890171,0.999243974685669,0,0.2748691141605377,-0.961185872554779,-0.02386084385216236,0,0,0.3328019976615906,0,1,0.9750109910964966,0.22205723822116852,0.006665780209004879,0,-0.22209376096725464,0.9750100374221802,0.005372411105781794,0,-0.005306219682097435,-0.006718588527292013,0.9999629855155945,0,0,0.39250099658966064,0,1,0.9981989860534668,0.03157399594783783,-0.05101790279150009,0,-0.02360299974679947,0.9884189963340759,0.14990516006946564,0,0.05516010522842407,-0.14843083918094635,0.9873830676078796,0,0,0.3555609881877899,0,1,-0.26578614115715027,-0.36855432391166687,0.8907998204231262,0,0.0778336152434349,0.9128158688545227,0.400886207818985,0,-0.9608848690986633,0.1758842170238495,-0.2139279693365097,0,0,0.1563519984483719,0,1,0.7102110981941223,-0.7031599283218384,-0.03414933755993843,0,0.5025580525398254,0.4724339544773102,0.724044919013977,0,-0.4929862916469574,-0.5313870310783386,0.6889067888259888,0,0,0.07732199877500534,0,1,0.9722060561180115,-0.11407310515642166,0.20445777475833893,0,0.11751989275217056,0.993058979511261,-0.004755152389407158,0,-0.2024962306022644,0.02865084819495678,0.9788639545440674,0,-0.022495999932289124,0.0492280013859272,-0.07839500159025192,1,0.30131974816322327,-0.03269749507308006,0.9529620409011841,0,-0.9289491772651672,0.21536295115947723,0.3011164367198944,0,-0.21507853269577026,-0.9759860038757324,0.03451883792877197,0,-0.1751130074262619,0.18933099508285522,0.00609799986705184,1,0.9998250007629395,-0.018440617248415947,-0.003217036370187998,0,0.002736383117735386,-0.026031048968434334,0.9996569752693176,0,-0.018518036231398582,-0.9994909763336182,-0.025976037606596947,0,0,0.33279600739479065,0,1,0.9914950728416443,-0.13013964891433716,-0.000862698070704937,0,0.1301363706588745,0.9914909601211548,-0.0031500288750976324,0,0.0012653019512072206,0.003010971937328577,0.9999950528144836,0,0,0.3922550082206726,0,1,0.3707340359687805,0.1371428519487381,-0.9185580611228943,0,-0.022495156154036522,0.9900729656219482,0.13874106109142303,0,0.9284670352935791,-0.030772937461733818,0.37013888359069824,0,0,0.3557170033454895,0,1,-0.9349880814552307,-0.32099100947380066,-0.15087482333183289,0,-0.32684803009033203,0.9449570178985596,0.015087386593222618,0,0.13772718608379364,0.06341961026191711,-0.9884380102157593,0,0,0.2134229987859726,0,1,0.8312459588050842,-0.5552350282669067,0.027293004095554352,0,0.5324068665504456,0.809272050857544,0.24823813140392303,0,-0.15991796553134918,-0.19181595742702484,0.968315064907074,0,0,0.05642800033092499,0,1,0.9771460890769958,-0.18557292222976685,0.10367485880851746,0,0.20408707857131958,0.9554080367088318,-0.21340766549110413,0,-0.059449147433042526,0.2296893149614334,0.9714469313621521,0,-0.007871000096201897,0.0676570013165474,-0.02751299925148487,1,-0.9036910533905029,-0.3513838052749634,0.24468682706356049,0,0.4026971757411957,-0.8916728496551514,0.20677219331264496,0,0.14552417397499084,0.2853928208351135,0.947297990322113,0,0.17341700196266174,-0.06148499995470047,-0.015062999911606312,1,0.9252750873565674,0.07857567071914673,0.37106889486312866,0,0.2334916591644287,0.6529730558395386,-0.7204909920692444,0,-0.29891109466552734,0.7532939910888672,0.5858330130577087,0,0,0.22782500088214874,0,1,0.9688889980316162,-0.24717898666858673,-0.012487138621509075,0,0.042211029678583145,0.11532198637723923,0.9924310445785522,0,-0.2438681423664093,-0.9620829820632935,0.1221679225564003,0,0,0.1571580022573471,0,1,0.9876119494438171,-0.0034582922235131264,-0.15688015520572662,0,0.09093570709228516,0.8273809552192688,0.5542311668395996,0,0.12788285315036774,-0.56163090467453,0.8174450993537903,0,0,0.2575500011444092,0,1,-0.9312441349029541,0.3097420930862427,-0.1919516921043396,0,-0.3580779433250427,-0.8755182027816772,0.3244208097457886,0,-0.06757032871246338,0.3708482086658478,0.926231861114502,0,-0.17341700196266174,-0.06148499995470047,-0.007178000174462795,1,0.9549130797386169,-0.0881020724773407,-0.2835117280483246,0,-0.15447908639907837,0.6680471897125244,-0.7279078364372253,0,0.25352928042411804,0.7388850450515747,0.6243167519569397,0,0,0.22769199311733246,0,1,0.9742989540100098,0.22406238317489624,0.023173652589321136,0,-0.06648463755846024,0.18774476647377014,0.9799650311470032,0,0.21522265672683716,-0.9563199877738953,0.19781632721424103,0,0,0.1583160012960434,0,1,0.9882100820541382,0.0026995392981916666,0.15308183431625366,0,-0.08872547000646591,0.824938952922821,0.5582141876220703,0,-0.12477618455886841,-0.5652148127555847,0.8154520988464355,0,0,0.25699400901794434,0,1
