1.000,30,29,25
B0,mixamorig_Hips,-1,-0.032794173806905746,0.033789925277233124,-0.9988910555839539,0,-0.014748954214155674,0.9993029832839966,0.03428807482123375,0,0.9993529915809631,0.015857040882110596,-0.03227293863892555,0,0.004424999933689833,1.2244670391082764,-0.004379000049084425,1
B1,mixamorig_Spine,0,0.9564399123191833,0.2907741367816925,0.025938764214515686,0,-0.29115182161331177,0.9566000699996948,0.012132721953094006,0,-0.021285144612193108,-0.01915634050965309,0.9995900392532349,0,-0.023020999506115913,0.12121699750423431,0,1
B2,mixamorig_Spine1,1,0.9983440041542053,0.043646205216646194,0.037464775145053864,0,-0.04257279261946678,0.9986730217933655,-0.028986986726522446,0,-0.03868021443486214,0.02734399400651455,0.9988769888877869,0,0,0.1439480036497116,0,1
B3,mixamorig_Spine2,2,0.9984059929847717,0.04316716268658638,0.036350052803754807,0,-0.04205884411931038,0.9986430406570435,-0.030722903087735176,0,-0.037626951932907104,0.029145097360014915,0.9988669753074646,0,0,0.16451199352741241,0,1
B4,mixamorig_Neck,3,0.9801759719848633,-0.1946161687374115,-0.03715245798230171,0,0.19489984214305878,0.9808140397071838,0.004142009653151035,0,0.035633549094200134,-0.011300906538963318,0.999301016330719,0,0,0.18507599830627441,0,1
B5,mixamorig_Head,4,0.9953269362449646,-0.05552731081843376,-0.07899904996156693,0,0.0582546666264534,0.9977680444717407,0.03264676034450531,0,0.07700992375612259,-0.037096258252859116,0.9963399767875671,0,-0.2194959968328476,0.30166399478912354,0,1
B6,mixamorig_HeadTop_End,5,1,0,0,0,0,1,0,0,0,0,1,0,-0.47626999020576477,0.6545630097389221,0,1
B7,mixamorig_LeftShoulder,3,0.9737170338630676,-0.004815242253243923,0.22771069407463074,0,-0.22580130398273468,-0.15129826962947845,0.9623528718948364,0,0.029818248003721237,-0.9884759783744812,-0.14840887486934662,0,-0.02285899966955185,0.14002400636672974,0.31891700625419617,1
B8,mixamorig_LeftArm,7,-0.779021143913269,-0.6182511448860168,0.10436183959245682,0,-0.231610968708992,0.4384281039237976,0.8684099316596985,0,-0.5826511383056641,0.6523389220237732,-0.4847390055656433,0,0,0.7218000292778015,0,1
B9,mixamorig_LeftForeArm,8,-0.9600290060043335,0.16480879485607147,0.22623610496520996,0,0.18246015906333923,0.981421947479248,0.05931892991065979,0,-0.21225687861442566,0.09822700917720795,-0.9722649455070496,0,0,0.32924601435661316,0,1
B10,mixamorig_LeftHand,9,1,0,0,0,0,1,0,0,0,0,1,0,0,0.8448500037193298,0,1
B11,mixamorig_RightShoulder,3,-0.993492066860199,0.012002889066934586,0.11327096819877625,0,-0.11342405527830124,-0.19554978609085083,-0.9741131067276001,0,0.010457927361130714,-0.9806200265884399,0.1956382691860199,0,-0.011376000009477139,0.1378439962863922,-0.31891700625419617,1
B12,mixamorig_RightArm,11,0.7757729291915894,-0.6305491328239441,0.024187931790947914,0,0.40417587757110596,0.5259689688682556,0.7483300566673279,0,-0.4845809042453766,-0.5707579255104065,0.6628851294517517,0,0,0.7212690114974976,0,1
B13,mixamorig_RightForeArm,12,0.8386900424957275,-0.30102771520614624,0.45385122299194336,0,0.38198429346084595,0.919143795967102,-0.09624004364013672,0,-0.3881838917732239,0.25407975912094116,0.8858651518821716,0,0,0.3127799928188324,0,1
B14,mixamorig_RightHand,13,1,0,0,0,0,1,0,0,0,0,1,0,0,0.8417630195617676,0,1
B15,mixamorig_LeftUpLeg,0,-0.7637950778007507,0.6244738698005676,0.16324709355831146,0,-0.6107610464096069,-0.7810457944869995,0.13014891743659973,0,0.2087779939174652,-0.0002978659758809954,0.9779629707336426,0,0.008400999940931797,-0.06772100180387497,0.6049990057945251,1
B16,mixamorig_LeftLeg,15,0.10895787924528122,0.9892271161079407,-0.09776076674461365,0,-0.9940090179443359,0.10757617652416229,-0.01931086927652359,0,-0.008586111478507519,0.0992792621254921,0.9950229525566101,0,0,0.4281870126724243,0,1
B17,mixamorig_LeftFoot,16,-0.04886894300580025,0.023339929059147835,-0.9985319972038269,0,0.5736621022224426,0.8190429210662842,-0.008930963464081287,0,0.8176329731941223,-0.5732569694519043,-0.053415052592754364,0,0,0.46614599227905273,0,1
B18,mixamorig_LeftToeBase,17,0.9996240139007568,-0.0001689720811555162,0.02740396372973919,0,-0.02386101707816124,0.48644283413887024,0.8733861446380615,0,-0.013478045351803303,-0.8737119436264038,0.48625609278678894,0,0,0.19677500426769257,0,1
B19,mixamorig_LeftToe_End,18,1,0,0,0,0,1,0,0,0,0,1,0,0,0.07857900112867355,0,1
B20,mixamorig_RightUpLeg,0,-0.9093949198722839,0.39569997787475586,-0.1281527727842331,0,-0.3951469659805298,-0.9181009531021118,-0.03080614097416401,0,-0.12984715402126312,0.022624218836426735,0.9912760257720947,0,0.02771499939262867,-0.06772100180387497,-0.6049990057945251,1
B21,mixamorig_RightLeg,20,0.7348830103874207,0.6773800253868103,0.03320670500397682,0,-0.6775920391082764,0.7354130148887634,-0.006118765566498041,0,-0.028565378859639168,-0.018004024401307106,0.9994300007820129,0,0,0.4272739887237549,0,1
B22,mixamorig_RightFoot,21,0.04426826909184456,-0.06283481419086456,-0.9970420598983765,0,0.6539701223373413,0.756290853023529,-0.01862635836005211,0,0.7552240490913391,-0.6512109637260437,0.07457175850868225,0,0,0.46706900000572205,0,1
B23,mixamorig_RightToeBase,22,0.9996020197868347,0.0001114826591219753,-0.028219209983944893,0,0.024004554376006126,0.522385835647583,0.852371096611023,0,0.014836335554718971,-0.8527089953422546,0.522175133228302,0,0,0.195591002702713,0,1
B24,mixamorig_RightToe_End,23,1,0,0,0,0,1,0,0,0,0,1,0,0,0.07788799703121185,0,1
@20,0,1,2,3,4,5,7,8,9,11,12,13,15,16,17,18,20,21,22,23
K0,-0.9988908767700195,0.03378996625542641,0.03279396891593933,0,0.034288112074136734,0.9993029832839966,0.014749033376574516,0,-0.03227272629737854,0.015857117250561714,-0.9993528723716736,0,-0.004378999583423138,1.2244670391082764,-0.004424999933689833,1,0.9564399123191833,0.2907741367816925,0.02593880519270897,0,-0.29115182161331177,0.9566000699996948,0.012132683768868446,0,-0.021285194903612137,-0.01915631629526615,0.9995900392532349,0,-0.023020999506115913,0.12121699750423431,0,1,0.9983440041542053,0.04364620894193649,0.03746477887034416,0,-0.04257279634475708,0.9986730217933655,-0.028986996039748192,0,-0.038680218160152435,0.027344003319740295,0.9988769888877869,0,0,0.1439480036497116,0,1,0.9984059929847717,0.04316715896129608,0.036350052803754807,0,-0.04205884039402008,0.9986430406570435,-0.030722906813025475,0,-0.037626951932907104,0.029145101085305214,0.9988669753074646,0,0,0.16451199352741241,0,1,0.9801759719848633,-0.1946161836385727,-0.03715246170759201,0,0.19489985704421997,0.9808140397071838,0.004142051562666893,0,0.035633545368909836,-0.011300948448479176,0.999301016330719,0,0,0.18507599830627441,0,1,0.9953269362449646,-0.05552732199430466,-0.07899905741214752,0,0.058254677802324295,0.9977680444717407,0.032646749168634415,0,0.07700993120670319,-0.03709625080227852,0.9963399767875671,0,-0.2194959968328476,0.30166399478912354,0,1,0.9737169742584229,-0.004815597087144852,0.22771093249320984,0,-0.22580160200595856,-0.15129826962947845,0.9623528718948364,0,0.029817935079336166,-0.9884759783744812,-0.1484089344739914,0,-0.02285899966955185,0.14002400636672974,0.31891700625419617,1,-0.7790209054946899,-0.6182510852813721,0.10436180979013443,0,-0.23161093890666962,0.4384281039237976,0.8684099316596985,0,-0.5826511383056641,0.6523388624191284,-0.484738826751709,0,0,0.7218000292778015,0,1,-0.9600290060043335,0.16480882465839386,0.22623611986637115,0,0.18246018886566162,0.981421947479248,0.05931895598769188,0,-0.21225687861442566,0.09822704643011093,-0.9722649455070496,0,0,0.32924601435661316,0,1,-0.993492066860199,0.012002880685031414,0.11327103525400162,0,-0.11342412233352661,-0.19554980099201202,-0.9741131067276001,0,0.010457949712872505,-0.9806200265884399,0.1956382542848587,0,-0.011376000009477139,0.1378439962863922,-0.31891700625419617,1,0.7757728695869446,-0.6305491924285889,0.024187985807657242,0,0.40417587757110596,0.5259689092636108,0.7483300566673279,0,-0.48458099365234375,-0.5707579255104065,0.6628851294517517,0,0,0.7212690114974976,0,1,0.8386900424957275,-0.30102768540382385,0.45385122299194336,0,0.38198432326316833,0.919143795967102,-0.09624014049768448,0,-0.3881838321685791,0.2540798485279083,0.8858650922775269,0,0,0.3127799928188324,0,1,-0.7637950778007507,0.6244738698005676,0.16324706375598907,0,-0.6107610464096069,-0.7810457944869995,0.13014887273311615,0,0.20877793431282043,-0.0002978792181238532,0.9779629707336426,0,0.008400999940931797,-0.06772100180387497,0.6049990057945251,1,0.10895786434412003,0.9892270565032959,-0.0977608859539032,0,-0.9940090179443359,0.10757618397474289,-0.019310645759105682,0,-0.008585876785218716,0.09927935153245926,0.9950228929519653,0,0,0.4281870126724243,0,1,-0.04886889085173607,0.023340007290244102,-0.9985319375991821,0,0.5736620426177979,0.819042980670929,-0.008930880576372147,0,0.8176330327987671,-0.5732569098472595,-0.053415052592754364,0,0,0.46614599227905273,0,1,0.9996240139007568,-0.00016899252659641206,0.027403946965932846,0,-0.02386099100112915,0.48644283413887024,0.8733861446380615,0,-0.013478054665029049,-0.8737119436264038,0.48625609278678894,0,0,0.19677500426769257,0,1,-0.9093949198722839,0.39570000767707825,-0.12815280258655548,0,-0.3951469957828522,-0.9181009531021118,-0.03080619126558304,0,-0.1298471987247467,0.022624190896749496,0.99127596616745,0,0.02771499939262867,-0.06772100180387497,-0.6049990057945251,1,0.7348830103874207,0.6773800253868103,0.03320661187171936,0,-0.6775920391082764,0.7354130148887634,-0.00611887825652957,0,-0.028565388172864914,-0.018003879114985466,0.9994300007820129,0,0,0.4272739887237549,0,1,0.04426838830113411,-0.06283468008041382,-0.9970420002937317,0,0.6539703011512756,0.7562907338142395,-0.01862620934844017,0,0.75522381067276,-0.651211142539978,0.07457178831100464,0,0,0.46706900000572205,0,1,0.9996020197868347,0.00011136476678075269,-0.028218915686011314,0,0.024004364386200905,0.5223858952522278,0.8523710370063782,0,0.01483608316630125,-0.8527089357376099,0.5221751928329468,0,0,0.195591002702713,0,1
K0.034,-0.9986683130264282,0.04458072409033775,0.0259591992944479,0,0.044980499893426895,0.9988744854927063,0.015025581233203411,0,-0.025260142982006073,0.016173239797353745,-0.9995499849319458,0,0.010408313944935799,1.2264409065246582,-0.006581719033420086,1,0.9586973786354065,0.2841819226741791,0.011849481612443924,0,-0.2843451499938965,0.958592414855957,0.015722010284662247,0,-0.0068909116089344025,-0.01844199001789093,0.9998056888580322,0,-0.023020999506115913,0.12121699750423431,0,1,0.9988192319869995,0.038901086896657944,0.02908422239124775,0,-0.03841470554471016,0.9991158843040466,-0.01710020937025547,0,-0.029723720625042915,0.0159627553075552,0.9994304180145264,0,0,0.1439480036497116,0,1,0.9988616108894348,0.03859672322869301,0.02804522030055523,0,-0.03808514401316643,0.9991027116775513,-0.018552327528595924,0,-0.02873609960079193,0.017463089898228645,0.9994347095489502,0,0,0.16451199352741241,0,1,0.9804656505584717,-0.19394978880882263,-0.03271219879388809,0,0.1942519247531891,0.9809313416481018,0.006294718943536282,0,0.030867572873830795,-0.01252616848796606,0.9994449615478516,0,0,0.18507599830627441,0,1,0.9971383213996887,-0.0493733249604702,-0.05724821612238884,0,0.05129928141832352,0.9981491565704346,0.03267408907413483,0,0.05552901327610016,-0.035517368465662,0.9978252649307251,0,-0.2194959968328476,0.30166399478912354,0,1,0.9776320457458496,-0.00443519139662385,0.2102757841348648,0,-0.20851510763168335,-0.15122802555561066,0.9662564396858215,0,0.02751406654715538,-0.988489031791687,-0.14877018332481384,0,-0.02285899966955185,0.14002400636672974,0.31891700625419617,1,-0.8080190420150757,-0.5739707946777344,0.1329001635313034,0,-0.15245118737220764,0.42158979177474976,0.8938797116279602,0,-0.5690898895263672,0.7020106911659241,-0.4281548857688904,0,0,0.7218000292778015,0,1,-0.9600919485092163,0.16446806490421295,0.22621573507785797,0,0.18208295106887817,0.9815000891685486,0.05919558182358742,0,-0.21229490637779236,0.09802320599555969,-0.9722767472267151,0,0,0.32924601435661316,0,1,-0.9929372668266296,0.01195039227604866,0.11804051697254181,0,-0.11815531551837921,-0.18979796767234802,-0.9746878147125244,0,0.010755939409136772,-0.9817506074905396,0.18986934423446655,0,-0.011376000009477139,0.1378439962863922,-0.31891700625419617,1,0.7559379935264587,-0.6540011167526245,0.028981998562812805,0,0.43844905495643616,0.5386705994606018,0.7194417715072632,0,-0.4861273765563965,-0.5311461687088013,0.6939476132392883,0,0,0.7212690114974976,0,1,0.8227697014808655,-0.33676570653915405,0.4578622877597809,0,0.42733389139175415,0.8976600766181946,-0.10766604542732239,0,-0.37474656105041504,0.28424450755119324,0.8824791312217712,0,0,0.3127799928188324,0,1,-0.689772367477417,0.7050342559814453,0.16474474966526031,0,-0.6946594715118408,-0.7085820436477661,0.12393544614315033,0,0.20411384105682373,-0.028954245150089264,0.9785186052322388,0,0.008400999940931797,-0.06772100180387497,0.6049990057945251,1,0.364842027425766,0.9291967749595642,-0.059029724448919296,0,-0.9296817183494568,0.36010468006134033,-0.07756805419921875,0,-0.05081907659769058,0.08317889273166656,0.9952380061149597,0,0,0.4281870126724243,0,1,-0.05885083228349686,0.00805392861366272,-0.9982338547706604,0,0.5034134387969971,0.8637471795082092,-0.022709839046001434,0,0.86203932762146,-0.5038611888885498,-0.05488673970103264,0,0,0.46614599227905273,0,1,0.9996179342269897,-0.00014471773465629667,0.027644701302051544,0,-0.02363368310034275,0.5143174529075623,0.8572741150856018,0,-0.014342215843498707,-0.8575998544692993,0.5141175389289856,0,0,0.19677500426769257,0,1,-0.9653720855712891,0.21769993007183075,-0.1437479853630066,0,-0.21830199658870697,-0.9758099913597107,-0.011764553375542164,0,-0.14283189177513123,0.020023303106427193,0.9895442128181458,0,0.02771499939262867,-0.06772100180387497,-0.6049990057945251,1,0.7892354726791382,0.612308144569397,0.046751994639635086,0,-0.6115578413009644,0.7906065583229065,-0.030624013394117355,0,-0.055713772773742676,-0.004421991761773825,0.9984366297721863,0,0,0.4272739887237549,0,1,0.039374105632305145,-0.05879960209131241,-0.9974926710128784,0,0.7468302845954895,0.664944052696228,-0.00971701554954052,0,0.6638478636741638,-0.744574785232544,0.07009485363960266,0,0,0.46706900000572205,0,1,0.9996010065078735,0.00010568511788733304,-0.028259171172976494,0,0.023961860686540604,0.5269395709037781,0.8495644927024841,0,0.014980655163526535,-0.849902331829071,0.5267265439033508,0,0,0.195591002702713,0,1
K0.069,-0.9983130693435669,0.056020352989435196,0.015235008671879768,0,0.0561063177883625,0.9984113574028015,0.0052720182575285435,0,-0.014915457926690578,0.006117900833487511,-0.999869704246521,0,0.030687421560287476,1.2015295028686523,-0.01032872125506401,1,0.9609326720237732,0.2766362130641937,-0.008962840773165226,0,-0.27661705017089844,0.9609744548797607,0.0033412836492061615,0,0.00953738484531641,-0.0007314745453186333,0.9999544620513916,0,-0.023020999506115913,0.12121699750423431,0,1,0.9991639852523804,0.03508908301591873,0.020964620634913445,0,-0.03505167365074158,0.9993835687637329,-0.0021503805182874203,0,-0.02102714776992798,0.0014137376565486193,0.9997777938842773,0,0,0.1439480036497116,0,1,0.9991908669471741,0.03477376326918602,0.02019244059920311,0,-0.034712452441453934,0.9993911385536194,-0.0033788206055760384,0,-0.020297657698392868,0.0026751598343253136,0.9997904300689697,0,0,0.16451199352741241,0,1,0.980318009853363,-0.1956280767917633,-0.026564668864011765,0,0.19579049944877625,0.9806389808654785,0.003630177117884159,0,0.025340184569358826,-0.008759837597608566,0.999640166759491,0,0,0.18507599830627441,0,1,0.9979915618896484,-0.04979371652007103,-0.039168719202280045,0,0.05109868571162224,0.9981462955474854,0.03305288031697273,0,0.03745029494166374,-0.03498797118663788,0.9986861348152161,0,-0.2194959968328476,0.30166399478912354,0,1,0.980853259563446,-0.004186647478491068,0.19470131397247314,0,-0.19306349754333496,-0.15205596387386322,0.969332754611969,0,0.025547247380018234,-0.9883632659912109,-0.1499529331922531,0,-0.02285899966955185,0.14002400636672974,0.31891700625419617,1,-0.8340321779251099,-0.5279608964920044,0.16014930605888367,0,-0.07796794176101685,0.4001513719558716,0.9131263494491577,0,-0.5461791157722473,0.749090313911438,-0.37490326166152954,0,0,0.7218000292778015,0,1,-0.9604594707489014,0.16247397661209106,0.22609584033489227,0,0.17987537384033203,0.9819496273994446,0.05847844481468201,0,-0.21251367032527924,0.09683532267808914,-0.972348690032959,0,0,0.32924601435661316,0,1,-0.9924761652946472,0.011457263492047787,0.12190303951501846,0,-0.12201453745365143,-0.17550207674503326,-0.9768890738487244,0,0.010201748460531235,-0.9844119548797607,0.17557935416698456,0,-0.011376000009477139,0.1378439962863922,-0.31891700625419617,1,0.7414047122001648,-0.6700903177261353,0.0360378697514534,0,0.4694744646549225,0.5563127398490906,0.6856449246406555,0,-0.4794926345348358,-0.49142181873321533,0.7270435690879822,0,0,0.7212690114974976,0,1,0.7959744334220886,-0.3880191743373871,0.46461325883865356,0,0.49237141013145447,0.8614998459815979,-0.12405284494161606,0,-0.3521292507648468,0.32750508189201355,0.8767811059951782,0,0,0.3127799928188324,0,1,-0.6331017017364502,0.7599579691886902,0.14712391793727875,0,-0.7494941353797913,-0.6493399143218994,0.12890517711639404,0,0.19349606335163116,-0.02865844964981079,0.9806827902793884,0,0.008400999940931797,-0.06772100180387497,0.6049990057945251,1,0.6300316452980042,0.7765645384788513,-0.0028950003907084465,0,-0.7695807218551636,0.6238579750061035,-0.13618981838226318,0,-0.10395399481058121,0.08803173154592514,0.9906782507896423,0,0,0.4281870126724243,0,1,-0.06504593044519424,0.008612877689301968,-0.9978451728820801,0,0.41172492504119873,0.9111107587814331,-0.018974659964442253,0,0.9089834690093994,-0.41207173466682434,-0.06281013786792755,0,0,0.46614599227905273,0,1,0.9996141195297241,-0.00012874056119471788,0.027767790481448174,0,-0.023505713790655136,0.5284577012062073,0.8486334681510925,0,-0.01478336751461029,-0.8489593267440796,0.5282511711120605,0,0,0.19677500426769257,0,1,-0.9839550256729126,0.05024976655840874,-0.1711960732936859,0,-0.050134968012571335,-0.9987297654151917,-0.004996546544134617,0,-0.17122963070869446,0.0036665303632616997,0.9852240681648254,0,0.02771499939262867,-0.06772100180387497,-0.6049990057945251,1,0.822462260723114,0.5628893375396729,0.0819176509976387,0,-0.5622469782829285,0.8263140320777893,-0.03291665390133858,0,-0.08621813356876373,-0.018985245376825333,0.9960948824882507,0,0,0.4272739887237549,0,1,0.03490129113197327,-0.06737274676561356,-0.9971168041229248,0,0.8131063580513,0.5820136666297913,-0.010864682495594025,0,0.5810678601264954,-0.8103830218315125,0.07509423792362213,0,0,0.46706900000572205,0,1,0.9995999932289124,0.0001030594648909755,-0.028281528502702713,0,0.023936547338962555,0.5295240879058838,0.8479577898979187,0,0.015063125640153885,-0.848294734954834,0.5293092727661133,0,0,0.195591002702713,0,1
K0.103,-0.9979512691497803,0.06361832469701767,-0.0067657362669706345,0,0.0637434795498848,0.9977607131004333,-0.020254751667380333,0,0.0054620117880403996,-0.020644525066018105,-0.9997716546058655,0,0.047085683792829514,1.1551209688186646,-0.01785537600517273,1,0.9627294540405273,0.26677289605140686,-0.044543035328388214,0,-0.2682035565376282,0.9628977179527283,-0.029913850128650665,0,0.0349101796746254,0.04074553772807121,0.9985592365264893,0,-0.023020999506115913,0.12121699750423431,0,1,0.9993256330490112,0.034111425280570984,0.013597095385193825,0,-0.034343138337135315,0.9992618560791016,0.017190106213092804,0,-0.013000679202377796,-0.01764548197388649,0.9997594952583313,0,0,0.1439480036497116,0,1,0.9993539452552795,0.033388540148735046,0.013318079523742199,0,-0.033602386713027954,0.9993040561676025,0.01617126539349556,0,-0.012768878601491451,-0.01660834066569805,0.999780535697937,0,0,0.16451199352741241,0,1,0.9801779389381409,-0.19725309312343597,-0.018512535840272903,0,0.1971544474363327,0.9803473949432373,-0.007028372958302498,0,0.01953507587313652,0.003239226061850786,0.9998037219047546,0,0,0.18507599830627441,0,1,0.9980313777923584,-0.05720354989171028,-0.025731822475790977,0,0.058173228055238724,0.9975576996803284,0.03866276144981384,0,0.023457324132323265,-0.040083542466163635,0.9989213347434998,0,-0.2194959968328476,0.30166399478912354,0,1,0.9826557040214539,-0.0038348634261637926,0.18539804220199585,0,-0.1838560700416565,-0.15044952929019928,0.9713708758354187,0,0.024167994037270546,-0.9886106252670288,-0.1485452950000763,0,-0.02285899966955185,0.14002400636672974,0.31891700625419617,1,-0.8565307855606079,-0.48244574666023254,0.18330465257167816,0,-0.011343147605657578,0.3726882040500641,0.9278873801231384,0,-0.5159708261489868,0.7926848530769348,-0.3246913254261017,0,0,0.7218000292778015,0,1,-0.9618695974349976,0.15458008646965027,0.22563768923282623,0,0.17113599181175232,0.9836755990982056,0.05563708767294884,0,-0.21335387229919434,0.09213033318519592,-0.972621738910675,0,0,0.32924601435661316,0,1,-0.991658627986908,0.010931141674518585,0.12842720746994019,0,-0.12851090729236603,-0.16037872433662415,-0.9786540865898132,0,0.009899184107780457,-0.986994743347168,0.1604456603527069,0,-0.011376000009477139,0.1378439962863922,-0.31891700625419617,1,0.7315086126327515,-0.6805787682533264,0.0413353368639946,0,0.5022493004798889,0.5788506865501404,0.6424000263214111,0,-0.4611305296421051,-0.44916021823883057,0.7652539610862732,0,0,0.7212690114974976,0,1,0.7766695022583008,-0.41997113823890686,0.46947789192199707,0,0.5329158306121826,0.8354475498199463,-0.1342674046754837,0,-0.3358357548713684,0.35447362065315247,0.872675895690918,0,0,0.3127799928188324,0,1,-0.4897461235523224,0.8667945861816406,0.09389033913612366,0,-0.8533695936203003,-0.4986327886581421,0.15206849575042725,0,0.17862901091575623,-0.0056482055224478245,0.9838999509811401,0,0.008400999940931797,-0.06772100180387497,0.6049990057945251,1,0.7329370379447937,0.6782261729240417,0.05303771421313286,0,-0.666835606098175,0.7316799163818359,-0.14133267104625702,0,-0.13466206192970276,0.06822046637535095,0.9885400533676147,0,0,0.4281870126724243,0,1,-0.07258322089910507,-0.00976466666907072,-0.9973142147064209,0,0.3472139835357666,0.9371532797813416,-0.03444541245698929,0,0.9349724650382996,-0.348781555891037,-0.06463116407394409,0,0,0.46614599227905273,0,1,0.9996166825294495,-0.00014000682858750224,0.027684450149536133,0,-0.02359222061932087,0.5189462900161743,0.8544808626174927,0,-0.014486386440694332,-0.8548070192337036,0.5187444090843201,0,0,0.19677500426769257,0,1,-0.972357988357544,-0.1320468634366989,-0.19257110357284546,0,0.13566315174102783,-0.9907387495040894,-0.005656196735799313,0,-0.1900407075881958,-0.03162464499473572,0.9812664985656738,0,0.02771499939262867,-0.06772100180387497,-0.6049990057945251,1,0.8746345043182373,0.4770902395248413,0.08602344989776611,0,-0.4784397482872009,0.8781033158302307,-0.005516963545233011,0,-0.07816950976848602,-0.03633168712258339,0.9962778091430664,0,0,0.4272739887237549,0,1,0.08439996838569641,-0.0776388868689537,-0.993402361869812,0,0.8506508469581604,0.5248005986213684,0.03125612810254097,0,0.5189117193222046,-0.8476771712303162,0.11033684015274048,0,0,0.46706900000572205,0,1,0.9996002316474915,0.00010515050234971568,-0.02826833911240101,0,0.02395152673125267,0.5279836654663086,0.8489168882369995,0,0.015014488250017166,-0.8492547869682312,0.5277701616287231,0,0,0.195591002702713,0,1
K0.138,-0.9971233010292053,0.0663059875369072,-0.03672241047024727,0,0.06784400343894958,0.9967971444129944,-0.04235049709677696,0,0.03379669040441513,-0.04472004994750023,-0.99842768907547,0,0.05729497969150543,1.0917786359786987,-0.02783168852329254,1,0.9641115069389343,0.2549173831939697,-0.07420255243778229,0,-0.25900983810424805,0.9644784927368164,-0.05191196873784065,0,0.05833350494503975,0.0692681148648262,0.9958908557891846,0,-0.023020999506115913,0.12121699750423431,0,1,0.999385416507721,0.03490421921014786,0.003311896463856101,0,-0.03499051183462143,0.998903214931488,0.031120937317609787,0,-0.0022220115642994642,-0.03121769241988659,0.9995105266571045,0,0,0.1439480036497116,0,1,0.9994289875030518,0.03360707685351372,0.0034656538628041744,0,-0.03369711712002754,0.9989686012268066,0.030431551858782768,0,-0.002439364092424512,-0.030530959367752075,0.9995307326316833,0,0,0.16451199352741241,0,1,0.9804142117500305,-0.19668111205101013,-0.010244214907288551,0,0.1964888572692871,0.9803544878959656,-0.017252877354621887,0,0.013436274603009224,0.014902090653777122,0.9997990131378174,0,0,0.18507599830627441,0,1,0.9973217248916626,-0.07015952467918396,-0.02067069336771965,0,0.07097822427749634,0.9965941309928894,0.041970230638980865,0,0.017655691131949425,-0.04332501441240311,0.9989053606987,0,-0.2194959968328476,0.30166399478912354,0,1,0.9849847555160522,-0.003041548188775778,0.17261582612991333,0,-0.17124049365520477,-0.14438092708587646,0.9745928645133972,0,0.021958136931061745,-0.9895175099372864,-0.14273378252983093,0,-0.02285899966955185,0.14002400636672974,0.31891700625419617,1,-0.8742833733558655,-0.44125279784202576,0.20229902863502502,0,0.04408382251858711,0.3428558111190796,0.9383527040481567,0,-0.48341017961502075,0.8293043375015259,-0.2803010642528534,0,0,0.7218000292778015,0,1,-0.9641963839530945,0.1405463069677353,0.2248816043138504,0,0.15559910237789154,0.9865236282348633,0.05058601498603821,0,-0.21474146842956543,0.08376628905534744,-0.9730719923973083,0,0,0.32924601435661316,0,1,-0.9892724752426147,0.010985875502228737,0.14566683769226074,0,-0.1456059217453003,-0.15446828305721283,-0.9772090911865234,0,0.011765413917601109,-0.9879366159439087,0.15441086888313293,0,-0.011376000009477139,0.1378439962863922,-0.31891700625419617,1,0.7228797674179077,-0.6886808276176453,0.05624568834900856,0,0.5330870747566223,0.6076411008834839,0.588718593120575,0,-0.43961644172668457,-0.3955889344215393,0.8063784241676331,0,0,0.7212690114974976,0,1,0.7684106826782227,-0.4326404333114624,0.4715583324432373,0,0.5489924550056458,0.824302613735199,-0.1383180022239685,0,-0.3288649022579193,0.3651670813560486,0.870919406414032,0,0,0.3127799928188324,0,1,-0.35201379656791687,0.9355120062828064,0.030048690736293793,0,-0.9260789155960083,-0.3527657091617584,0.13391607999801636,0,0.1358802765607834,0.01931285671889782,0.9905365109443665,0,0.008400999940931797,-0.06772100180387497,0.6049990057945251,1,0.8140210509300232,0.5718758702278137,0.10162543505430222,0,-0.569116473197937,0.8202625513076782,-0.05722566694021225,0,-0.11608562618494034,-0.011253819800913334,0.9931758046150208,0,0,0.4281870126724243,0,1,-0.07398335635662079,-0.04092002660036087,-0.9964199066162109,0,0.307064026594162,0.9496802091598511,-0.061799824237823486,0,0.9488085508346558,-0.3105367124080658,-0.057695422321558,0,0,0.46614599227905273,0,1,0.9996231198310852,-0.0001638463290873915,0.02746431529521942,0,-0.023805977776646614,0.4935101866722107,0.8694141507148743,0,-0.013696362264454365,-0.869739830493927,0.4933200180530548,0,0,0.19677500426769257,0,1,-0.9332756996154785,-0.29943493008613586,-0.19833144545555115,0,0.3087211847305298,-0.9510018229484558,-0.016935432329773903,0,-0.18354254961013794,-0.07703456282615662,0.9799889326095581,0,0.02771499939262867,-0.06772100180387497,-0.6049990057945251,1,0.9173175096511841,0.3953055739402771,0.047563910484313965,0,-0.396428644657135,0.9179133176803589,0.016707688570022583,0,-0.03705489635467529,-0.034181948751211166,0.9987282752990723,0,0,0.4272739887237549,0,1,0.17038460075855255,-0.07542309165000916,-0.9824866056442261,0,0.873102068901062,0.4737691581249237,0.11504486948251724,0,0.4567948281764984,-0.8774129748344421,0.14657500386238098,0,0,0.46706900000572205,0,1,0.9996025562286377,0.00011459812230896205,-0.028194863349199295,0,0.02403179369866848,0.5195221304893494,0.8541194200515747,0,0.01474573090672493,-0.8544572591781616,0.5193127393722534,0,0,0.195591002702713,0,1
K0.172,-0.9958034157752991,0.06844868510961533,-0.06074308604001999,0,0.07144411653280258,0.9962604641914368,-0.048591289669275284,0,0.0571899488568306,-0.05272713676095009,-0.9969702959060669,0,0.05045144632458687,1.0333374738693237,-0.033757489174604416,1,0.9652140736579895,0.24721117317676544,-0.08513744920492172,0,-0.25185251235961914,0.9665355086326599,-0.04878246784210205,0,0.07022880762815475,0.06852761656045914,0.9951746463775635,0,-0.023020999506115913,0.12121699750423431,0,1,0.9993222951889038,0.03501082956790924,-0.011375059373676777,0,-0.03458847105503082,0.9987737536430359,0.035416923463344574,0,0.012601088732481003,-0.03499947860836983,0.9993079900741577,0,0,0.1439480036497116,0,1,0.9993717074394226,0.033675629645586014,-0.011015607975423336,0,-0.03327053785324097,0.9988303184509277,0.035096220672130585,0,0.01218461524695158,-0.0347076840698719,0.9993234872817993,0,0,0.16451199352741241,0,1,0.9803999066352844,-0.19699300825595856,-0.0030802860856056213,0,0.19689436256885529,0.9802212715148926,-0.019972292706370354,0,0.00695376330986619,0.018974339589476585,0.9997954964637756,0,0,0.18507599830627441,0,1,0.9963642358779907,-0.08319895714521408,-0.018316874280571938,0,0.08390781283378601,0.9955831170082092,0.04210684448480606,0,0.014732741750776768,-0.04349072277545929,0.998945415019989,0,-0.2194959968328476,0.30166399478912354,0,1,0.9876130819320679,-0.0025212839245796204,0.15689168870449066,0,-0.15567059814929962,-0.14126193523406982,0.9776564240455627,0,0.019697852432727814,-0.9899688363075256,-0.13990451395511627,0,-0.02285899966955185,0.14002400636672974,0.31891700625419617,1,-0.8864005208015442,-0.4130213260650635,0.20906221866607666,0,0.07220864295959473,0.3227270841598511,0.9437332153320312,0,-0.45725223422050476,0.8516222238540649,-0.25624191761016846,0,0,0.7218000292778015,0,1,-0.9680279493331909,0.11361891031265259,0.22363576292991638,0,0.12578772008419037,0.9912137389183044,0.0408942773938179,0,-0.21702447533607483,0.06771744042634964,-0.9738144278526306,0,0,0.32924601435661316,0,1,-0.9860971570014954,0.011173468083143234,0.1657923310995102,0,-0.16555997729301453,-0.15136834979057312,-0.9745137095451355,0,0.014207018539309502,-0.9884141683578491,0.151113823056221,0,-0.011376000009477139,0.1378439962863922,-0.31891700625419617,1,0.7199246883392334,-0.6902790665626526,0.07227066159248352,0,0.5538552403450012,0.6341320872306824,0.5395560264587402,0,-0.41827332973480225,-0.3484122157096863,0.83884197473526,0,0,0.7212690114974976,0,1,0.7685332298278809,-0.43245673179626465,0.47152742743492126,0,0.548759400844574,0.824468195438385,-0.13825923204421997,0,-0.32896822690963745,0.36501193046569824,0.8709458112716675,0,0,0.3127799928188324,0,1,-0.3063141703605652,0.9519293904304504,0.001361766830086708,0,-0.9435422420501709,-0.3038041889667511,0.13202336430549622,0,0.12609067559242249,0.03915576636791229,0.9912455677986145,0,0.008400999940931797,-0.06772100180387497,0.6049990057945251,1,0.8926523327827454,0.43746063113212585,0.10862913727760315,0,-0.4369955062866211,0.8989855051040649,-0.029326438903808594,0,-0.11048511415719986,-0.02129211649298668,0.9936491847038269,0,0,0.4281870126724243,0,1,-0.07378032803535461,-0.024300986900925636,-0.9969784021377563,0,0.2673453688621521,0.9626293778419495,-0.043248336762189865,0,0.9607724547386169,-0.2697286009788513,-0.06452640891075134,0,0,0.46614599227905273,0,1,0.9996240139007568,-0.00016840032185427845,0.02741609700024128,0,-0.02384960651397705,0.4878845810890198,0.8725822567939758,0,-0.013522832654416561,-0.8729080557823181,0.48769712448120117,0,0,0.19677500426769257,0,1,-0.8690516352653503,-0.45087507367134094,-0.2036186158657074,0,0.46594399213790894,-0.8842856287956238,-0.03058195300400257,0,-0.16626839339733124,-0.12145217508077621,0.9785725474357605,0,0.02771499939262867,-0.06772100180387497,-0.6049990057945251,1,0.9566104412078857,0.29090002179145813,0.016570759937167168,0,-0.2912127673625946,0.9564177393913269,0.02143791876733303,0,-0.009612279012799263,-0.025333352386951447,0.9996329545974731,0,0,0.4272739887237549,0,1,0.23432108759880066,-0.05834438279271126,-0.970406711101532,0,0.8766719698905945,0.4441016614437103,0.18498626351356506,0,0.4201665222644806,-0.8940748572349548,0.15521131455898285,0,0,0.46706900000572205,0,1,0.9996068477630615,0.00013135407061781734,-0.028050631284713745,0,0.02417859435081482,0.5029466152191162,0.8639788627624512,0,0.014221461489796638,-0.8643176555633545,0.5027458667755127,0,0,0.195591002702713,0,1
K0.207,-0.9951149225234985,0.06499528139829636,-0.07430870085954666,0,0.06840505450963974,0.9966735243797302,-0.044299256056547165,0,0.07118228077888489,-0.04916595667600632,-0.9962509274482727,0,0.027052249759435654,0.9902668595314026,-0.03605302795767784,1,0.9641605615615845,0.24886132776737213,-0.09199317544698715,0,-0.2524672746658325,0.9671492576599121,-0.029707996174693108,0,0.08157793432474136,0.05186852440237999,0.9953161478042603,0,-0.023020999506115913,0.12121699750423431,0,1,0.9990289211273193,0.03575390949845314,-0.025738123804330826,0,-0.03482178971171379,0.9987520575523376,0.03579576686024666,0,0.026985859498381615,-0.03486477956175804,0.9990278482437134,0,0,0.1439480036497116,0,1,0.999078094959259,0.03473915159702301,-0.025227580219507217,0,-0.033821702003479004,0.9987823367118835,0.03592612221837044,0,0.02644488587975502,-0.035039741545915604,0.9990358352661133,0,0,0.16451199352741241,0,1,0.9798899292945862,-0.19951702654361725,0.0030309814028441906,0,0.19953937828540802,0.979736328125,-0.017332691699266434,0,0.0004886046517640352,0.01758892461657524,0.9998448491096497,0,0,0.18507599830627441,0,1,0.9953343868255615,-0.0960833728313446,-0.008785303682088852,0,0.09636159986257553,0.9945290088653564,0.04033022001385689,0,0.004862175788730383,-0.040988627821207047,0.9991477727890015,0,-0.2194959968328476,0.30166399478912354,0,1,0.9882533550262451,-0.0027895881794393063,0.15280041098594666,0,-0.15157410502433777,-0.14559419453144073,0.977664053440094,0,0.01951957307755947,-0.9893409013748169,-0.14430683851242065,0,-0.02285899966955185,0.14002400636672974,0.31891700625419617,1,-0.8952937126159668,-0.3968049883842468,0.20247194170951843,0,0.07010644674301147,0.3233410120010376,0.9436823725700378,0,-0.43992531299591064,0.8590673804283142,-0.26166653633117676,0,0,0.7218000292778015,0,1,-0.9716543555259705,0.08000599592924118,0.22245670855045319,0,0.08857474476099014,0.9956534504890442,0.028795626014471054,0,-0.2191859930753708,0.04768344759941101,-0.9745176434516907,0,0,0.32924601435661316,0,1,-0.9848390221595764,0.010749670676887035,0.17313717305660248,0,-0.17287445068359375,-0.14349238574504852,-0.9744354486465454,0,0.014368998818099499,-0.9895927309989929,0.1431751698255539,0,-0.011376000009477139,0.1378439962863922,-0.31891700625419617,1,0.7256794571876526,-0.6846209764480591,0.06843476742506027,0,0.5602001547813416,0.6456690430641174,0.5189296007156372,0,-0.39945608377456665,-0.3382391929626465,0.852073073387146,0,0,0.7212690114974976,0,1,0.7783424258232117,-0.4173356294631958,0.4690561592578888,0,0.5295718908309937,0.8377058506011963,-0.13342486321926117,0,-0.3372482359409332,0.35224929451942444,0.8730315566062927,0,0,0.3127799928188324,0,1,-0.35571905970573425,0.9342260956764221,0.026192428544163704,0,-0.9243772029876709,-0.35582485795021057,0.13753198087215424,0,0.13780587911605835,0.024711064994335175,0.9901509284973145,0,0.008400999940931797,-0.06772100180387497,0.6049990057945251,1,0.9530952572822571,0.28949904441833496,0.0883202776312828,0,-0.2875152826309204,0.957147479057312,-0.03469044715166092,0,-0.0945783257484436,0.007669868413358927,0.9954875111579895,0,0,0.4281870126724243,0,1,-0.07423756271600723,-0.025809571146965027,-0.9969066381454468,0,0.09560789167881012,0.9948763847351074,-0.03287672623991966,0,0.9926469326019287,-0.09775278717279434,-0.0713895633816719,0,0,0.46614599227905273,0,1,0.999625027179718,-0.0001721272710710764,0.0273725725710392,0,-0.023887930437922478,0.48280081152915955,0.8754046559333801,0,-0.013366186991333961,-0.875730574131012,0.4826158583164215,0,0,0.19677500426769257,0,1,-0.7950239181518555,-0.5660593509674072,-0.21797651052474976,0,0.5874698758125305,-0.8080326318740845,-0.04430828616023064,0,-0.15105095505714417,-0.16328071057796478,0.9749476313591003,0,0.02771499939262867,-0.06772100180387497,-0.6049990057945251,1,0.9789589643478394,0.2040078043937683,0.004547524265944958,0,-0.20405465364456177,0.9788332581520081,0.015722056850790977,0,-0.0012438450939953327,-0.016319185495376587,0.9998659491539001,0,0,0.4272739887237549,0,1,0.2734812796115875,-0.033984001725912094,-0.9612770676612854,0,0.8624764680862427,0.4511079490184784,0.22942470014095306,0,0.425842821598053,-0.8918219804763794,0.1526799499988556,0,0,0.46706900000572205,0,1,0.9996135234832764,0.00015480059664696455,-0.02779221534729004,0,0.024416012689471245,0.4728330671787262,0.8808140158653259,0,0.013277430087327957,-0.8811522126197815,0.4726465940475464,0,0,0.195591002702713,0,1
