3.133,30,94,25
B0,mixamorig_Hips,-1,-0.8779171109199524,-0.0408957302570343,0.4770634174346924,0,-0.04080399498343468,0.9991118907928467,0.010558092035353184,0,-0.4770711064338684,-0.010196954943239689,-0.87880539894104,0,0.09550018608570099,1.2185330390930176,0.0020132549107074738,1
B1,mixamorig_Spine,0,0.9871684908866882,0.14741796255111694,0.06136826053261757,0,-0.1501363217830658,0.9877594709396362,0.042307980358600616,0,-0.0543801374733448,-0.05097872018814087,0.9972180724143982,0,-0.040713999420404434,0.11680400371551514,0,1
B2,mixamorig_Spine1,1,0.9957574009895325,-0.09131567925214767,0.01131539884954691,0,0.09160866588354111,0.9953773021697998,-0.028849774971604347,0,-0.008628657087683678,0.029763970524072647,0.9995198249816895,0,0,0.1443129926919937,0,1
B3,mixamorig_Spine2,2,0.9949321746826172,0.10045232623815536,0.004398869350552559,0,-0.10045180469751358,0.9949422478675842,-0.00034849875373765826,0,-0.00441162521019578,-0.00009514168050372973,0.999989926815033,0,0,0.16492900252342224,0,1
B4,mixamorig_Neck,3,0.6779961585998535,-0.41422751545906067,-0.6072368621826172,0,0.43625277280807495,0.891632080078125,-0.121140256524086,0,0.5916116833686829,-0.18277618288993835,0.7852312326431274,0,0,0.18554499745368958,0,1
B5,mixamorig_Head,4,0.9154526591300964,-0.0619332492351532,-0.397631973028183,0,0.011867715045809746,0.9918118119239807,-0.12715725600719452,0,0.40225130319595337,0.11168745160102844,0.9086916446685791,0,-0.06834299862384796,0.14684300124645233,0,1
B6,mixamorig_HeadTop_End,5,1,0,0,0,0,1,0,0,0,0,1,0,-0.3594529926776886,0.7723299860954285,0,1
B7,mixamorig_LeftShoulder,3,-0.9998081922531128,0.002486973535269499,0.0194318275898695,0,-0.019157089293003082,0.08333147317171097,-0.9963375329971313,0,-0.004097147844731808,-0.9965186715126038,-0.08326785266399384,0,-0.012795000337064266,0.15593400597572327,-0.27072998881340027,1
B8,mixamorig_LeftArm,7,-0.9739511609077454,0.07052891701459885,0.2155115306377411,0,0.21476846933364868,0.5918659567832947,0.7768973112106323,0,-0.072760209441185,0.8029450178146362,-0.5915959477424622,0,0,0.5410029888153076,0,1
B9,mixamorig_LeftForeArm,8,0.3425775170326233,-0.17913854122161865,0.9222530126571655,0,0.7985311150550842,0.5726972818374634,-0.18537935614585876,0,-0.4949630796909332,0.7999541759490967,0.33924078941345215,0,0,0.5627570152282715,0,1
B10,mixamorig_LeftHand,9,1,0,0,0,0,1,0,0,0,0,1,0,0,1.0936410427093506,0,1
B11,mixamorig_RightShoulder,3,0.986823320388794,-0.1600949466228485,-0.023442625999450684,0,0.04136044904589653,0.109522745013237,0.993123471736908,0,-0.1564265340566635,-0.981006920337677,0.11470118165016174,0,-0.008383000269532204,0.15439699590206146,0.27072998881340027,1
B12,mixamorig_RightArm,11,-0.8987051248550415,0.1470576822757721,-0.4131622910499573,0,-0.2817937731742859,0.5282397866249084,0.800971508026123,0,0.3360377848148346,0.8362637758255005,-0.43329182267189026,0,0,0.5410029888153076,0,1
B13,mixamorig_RightForeArm,12,0.0646321028470993,-0.09257472306489944,-0.9936062097549438,0,-0.7537289261817932,0.6480149030685425,-0.10940437018871307,0,0.6539996266365051,0.7559807300567627,-0.0278936680406332,0,0,0.5520840287208557,0,1
B14,mixamorig_RightHand,13,1,0,0,0,0,1,0,0,0,0,1,0,0,1.095674991607666,0,1
B15,mixamorig_LeftUpLeg,0,-0.9898883104324341,-0.0355885848402977,0.13731183111667633,0,0.025335105136036873,-0.9968080520629883,-0.07571136206388474,0,0.13956792652606964,-0.07146693766117096,0.9876296520233154,0,-0.03310500085353851,-0.06489100307226181,-0.6518999934196472,1
B16,mixamorig_LeftLeg,15,0.7597417235374451,-0.6501951813697815,0.006200631149113178,0,0.650164783000946,0.7595076560974121,-0.020822543650865555,0,0.008829290047287941,0.019851187244057655,0.9997636675834656,0,0,0.5143960118293762,0,1
B17,mixamorig_LeftFoot,16,-0.14254382252693176,-0.363937109708786,0.9204510450363159,0,-0.8854488134384155,-0.3687058091163635,-0.2829059064388275,0,0.44233590364456177,-0.8553392291069031,-0.26969096064567566,0,0,0.5403140187263489,0,1
B18,mixamorig_LeftToeBase,17,0.9735732078552246,-0.21003630757331848,0.08966363966464996,0,0.14865785837173462,0.8808968663215637,0.44935739040374756,0,-0.1733657568693161,-0.42415300011634827,0.8888409733772278,0,0,0.18944300711154938,0,1
B19,mixamorig_LeftToe_End,18,1,0,0,0,0,1,0,0,0,0,1,0,0,0.08649799972772598,0,1
B20,mixamorig_RightUpLeg,0,-0.6521823406219482,-0.7499759793281555,0.11042442917823792,0,0.7388769388198853,-0.5963327288627625,0.31376442313194275,0,-0.16946610808372498,0.2862217128276825,0.9430577754974365,0,0.012934999540448189,-0.06489100307226181,0.6518999934196472,1
B21,mixamorig_RightLeg,20,0.5590946078300476,-0.8206831812858582,0.11786763370037079,0,0.811541736125946,0.5707986950874329,0.12485416233539581,0,-0.16974444687366486,0.025849219411611557,0.9851494431495667,0,0,0.51419597864151,0,1
B22,mixamorig_RightFoot,21,0.700214147567749,0.31242474913597107,0.6419434547424316,0,-0.6273521184921265,0.6984543204307556,0.3443704843521118,0,-0.3407782018184662,-0.643857479095459,0.6850677728652954,0,0,0.5446490049362183,0,1
B23,mixamorig_RightToeBase,22,0.9168687462806702,0.08355806767940521,0.3903457224369049,0,-0.342413991689682,0.6672627329826355,0.6614482998847961,0,-0.20519378781318665,-0.7401208877563477,0.6404036283493042,0,0,0.09893500059843063,0,1
B24,mixamorig_RightToe_End,23,1,0,0,0,0,1,0,0,0,0,1,0,0,0.08592099696397781,0,1
@20,0,1,2,3,4,5,7,8,9,11,12,13,15,16,17,18,20,21,22,23
K0,0.6395381689071655,-0.13152392208576202,0.7574247717857361,0,0.052212633192539215,0.9904119968414307,0.1278950572013855,0,-0.7669841051101685,-0.04224664345383644,0.6402736902236938,0,0.027758998796343803,0.9018340110778809,0.0142000000923872,1,0.9881680011749268,0.14346806704998016,-0.054226841777563095,0,-0.14468391239643097,0.9892920851707458,-0.019182108342647552,0,0.050894152373075485,0.026800891384482384,0.9983440041542053,0,-0.040713999420404434,0.11680400371551514,0,1,0.9877618551254272,-0.1041833907365799,-0.11607124656438828,0,0.10036461800336838,0.9942140579223633,-0.03828901797533035,0,0.11938873678445816,0.02617098204791546,0.9925029873847961,0,0,0.1443129926919937,0,1,0.9873239994049072,0.10216085612773895,-0.12146499007940292,0,-0.10456813126802444,0.9944250583648682,-0.013594974763691425,0,0.11939901858568192,0.026124024763703346,0.9925029873847961,0,0,0.16492900252342224,0,1,0.9178001880645752,-0.3621787130832672,-0.1626957654953003,0,0.3663643002510071,0.9304598569869995,-0.0045703100040555,0,0.1530372053384781,-0.055411309003829956,0.9866659641265869,0,0,0.18554499745368958,0,1,0.9169901013374329,0.06647863239049911,-0.39333078265190125,0,-0.0962783545255661,0.9937499761581421,-0.05649992451071739,0,0.3871162235736847,0.08967906981706619,0.9176589250564575,0,-0.06834299862384796,0.14684300124645233,0,1,-0.955420970916748,-0.050211068242788315,-0.29094383120536804,0,0.28989604115486145,0.027185974642634392,-0.956671953201294,0,0.05594516173005104,-0.9983689188957214,-0.011418062262237072,0,-0.012795000337064266,0.15593400597572327,-0.27072998881340027,1,-0.9797070026397705,0.18869298696517944,0.06758886575698853,0,0.16611899435520172,0.5757368803024292,0.8005821704864502,0,0.11215086281299591,0.7955639362335205,-0.595399022102356,0,0,0.5410029888153076,0,1,0.11647198349237442,0.1267387419939041,0.9850740432739258,0,0.4711087644100189,0.866096019744873,-0.16713352501392365,0,-0.8743512630462646,0.4835435450077057,0.0411682091653347,0,0,0.5627570152282715,0,1,0.8920522928237915,0.11369913816452026,-0.4373965859413147,0,0.43690916895866394,0.030505942180752754,0.8989880084991455,0,0.11555739492177963,-0.9930469393730164,-0.022463303059339523,0,-0.008383000269532204,0.15439699590206146,0.27072998881340027,1,-0.7095710039138794,-0.5336880087852478,-0.46009424328804016,0,-0.6677590012550354,0.30084097385406494,0.6808760166168213,0,-0.22496022284030914,0.7903620004653931,-0.569843053817749,0,0,0.5410029888153076,0,1,-0.20979714393615723,-0.3193545937538147,-0.9241201281547546,0,-0.7429037094116211,0.6665493845939636,-0.06168736517429352,0,0.6356721520423889,0.6735907793045044,-0.3770900368690491,0,0,0.5520840287208557,0,1,-0.3167141079902649,-0.9390329718589783,0.13383014500141144,0,0.45527324080467224,-0.2742744982242584,-0.8470537662506104,0,0.8321171402931213,-0.20734445750713348,0.5143828392028809,0,-0.03310500085353851,-0.06489100307226181,-0.6518999934196472,1,0.4097110629081726,-0.788490891456604,-0.45871418714523315,0,0.8724320530891418,0.4855808615684509,-0.055439822375774384,0,0.2664567828178406,-0.3774828612804413,0.8868530988693237,0,0,0.5143960118293762,0,1,-0.3222818076610565,-0.41538769006729126,0.8506392240524292,0,-0.9155521988868713,0.36517852544784546,-0.16854988038539886,0,-0.24062158167362213,-0.8331248760223389,-0.497999370098114,0,0,0.5403140187263489,0,1,0.9753300547599792,-0.10128986835479736,0.19614195823669434,0,-0.025282863527536392,0.8314171433448792,0.5550738573074341,0,-0.2192990630865097,-0.5463390946388245,0.8083449602127075,0,0,0.18944300711154938,0,1,-0.912314772605896,-0.3952813148498535,0.10692992061376572,0,0.3436296582221985,-0.5969989895820618,0.7249219417572021,0,-0.22271090745925903,0.6981009244918823,0.6804811358451843,0,0.012934999540448189,-0.06489100307226181,0.6518999934196472,1,0.3990110754966736,-0.8933338522911072,0.2067471444606781,0,0.8901061415672302,0.4315110445022583,0.14665856957435608,0,-0.22022885084152222,0.12550856173038483,0.9673401117324829,0,0,0.51419597864151,0,1,0.20733802020549774,0.9399127960205078,0.27124541997909546,0,-0.9632219076156616,0.14769978821277618,0.2244742214679718,0,0.1709234118461609,-0.3078117370605469,0.9359689950942993,0,0,0.5446490049362183,0,1,0.8903340101242065,0.05587177723646164,0.45186713337898254,0,-0.3822682499885559,0.6308569312095642,0.6751970648765564,0,-0.2473389059305191,-0.7738849520683289,0.5830311179161072,0,0,0.09893500059843063,0,1
K0.033,0.5989176034927368,-0.11229059845209122,0.7928993105888367,0,0.03843677043914795,0.9930100440979004,0.11159703880548477,0,-0.7998872995376587,-0.03636089712381363,0.5990464687347412,0,0.028825953602790833,0.9034060835838318,0.011882065795361996,1,0.9882779717445374,0.14229093492031097,-0.05530828237533569,0,-0.14347699284553528,0.9894890189170837,-0.018077190965414047,0,0.05215473473072052,0.025800762698054314,0.9983060359954834,0,-0.040713999420404434,0.11680400371551514,0,1,0.9873029589653015,-0.10656189173460007,-0.11779923737049103,0,0.10278623551130295,0.9939889907836914,-0.037692829966545105,0,0.12110784649848938,0.025106122717261314,0.9923220276832581,0,0,0.1443129926919937,0,1,0.9870859384536743,0.09978938102722168,-0.1253090798854828,0,-0.10181748867034912,0.9947540760040283,-0.009869348257780075,0,0.12366698682308197,0.022500572726130486,0.9920690059661865,0,0,0.16492900252342224,0,1,0.9159890413284302,-0.367518812417984,-0.16091828048229218,0,0.3718113601207733,0.9283007979393005,-0.0036843628622591496,0,0.15073461830615997,-0.05645639821887016,0.9869610071182251,0,0,0.18554499745368958,0,1,0.9185450673103333,0.05902855470776558,-0.3908839225769043,0,-0.0896562859416008,0.99413001537323,-0.06055835261940956,0,0.38501498103141785,0.09067083895206451,0.9184460639953613,0,-0.06834299862384796,0.14684300124645233,0,1,-0.9602532386779785,-0.046846356242895126,-0.27516981959342957,0,0.27360421419143677,0.03720221295952797,-0.9611233472824097,0,0.05526205524802208,-0.9982090592384338,-0.022906318306922913,0,-0.012795000337064266,0.15593400597572327,-0.27072998881340027,1,-0.9800168871879578,0.18065696954727173,0.0832393541932106,0,0.17450618743896484,0.5800334811210632,0.7956806421279907,0,0.09546373784542084,0.7943069934844971,-0.5999688506126404,0,0,0.5410029888153076,0,1,0.12309034913778305,0.12758983671665192,0.9841589331626892,0,0.48276495933532715,0.8587508797645569,-0.17171166837215424,0,-0.8670561909675598,0.4962536096572876,0.04410805553197861,0,0,0.5627570152282715,0,1,0.8893969058990479,0.12026283890008926,-0.4410335123538971,0,0.4424229562282562,0.01635289378464222,0.8966580629348755,0,0.1150466799736023,-0.992607057094574,-0.038662780076265335,0,-0.008383000269532204,0.15439699590206146,0.27072998881340027,1,-0.751068115234375,-0.4900664985179901,-0.4424161911010742,0,-0.6325675845146179,0.34222346544265747,0.6947962641716003,0,-0.18909107148647308,0.8016969561576843,-0.5670328140258789,0,0,0.5410029888153076,0,1,-0.2034943699836731,-0.3321875333786011,-0.9210000038146973,0,-0.747702419757843,0.6600245833396912,-0.0728541761636734,0,0.6320841908454895,0.6738088130950928,-0.38268887996673584,0,0,0.5520840287208557,0,1,-0.39809009432792664,-0.9094384908676147,0.1201934739947319,0,0.4134499728679657,-0.29483410716056824,-0.8614709377288818,0,0.8188917636871338,-0.2932490110397339,0.49337783455848694,0,-0.03310500085353851,-0.06489100307226181,-0.6518999934196472,1,0.37425094842910767,-0.8057355284690857,-0.459049791097641,0,0.8910424709320068,0.44957396388053894,-0.06266036629676819,0,0.2568645179271698,-0.3855821490287781,0.8861980438232422,0,0,0.5143960118293762,0,1,-0.31664589047431946,-0.4535143971443176,0.8331027626991272,0,-0.9360042214393616,0.29173219203948975,-0.1969471275806427,0,-0.15372449159622192,-0.842150092124939,-0.5168671011924744,0,0,0.5403140187263489,0,1,0.9732010364532471,-0.087997205555439,0.2124519795179367,0,-0.04404183849692345,0.835455060005188,0.5477909445762634,0,-0.22569821774959564,-0.5424676537513733,0.8091904520988464,0,0,0.18944300711154938,0,1,-0.8854427337646484,-0.43485304713249207,0.16399529576301575,0,0.4118337035179138,-0.5706318020820618,0.7104726433753967,0,-0.215370312333107,0.6966218948364258,0.6843493580818176,0,0.012934999540448189,-0.06489100307226181,0.6518999934196472,1,0.37792909145355225,-0.8973889946937561,0.2277328073978424,0,0.8982332348823547,0.4150104522705078,0.14471951127052307,0,-0.22438114881515503,0.14986340701580048,0.9629088640213013,0,0,0.51419597864151,0,1,0.23251530528068542,0.9252669215202332,0.29969486594200134,0,-0.9619220495223999,0.1732543557882309,0.21139858663082123,0,0.14367666840553284,-0.3374365270137787,0.9303188920021057,0,0,0.5446490049362183,0,1,0.8906741142272949,0.05564291775226593,0.4512247145175934,0,-0.3823050558567047,0.6287992000579834,0.6770927906036377,0,-0.2460542470216751,-0.775574266910553,0.5813275575637817,0,0,0.09893500059843063,0,1
K0.067,0.5590623617172241,-0.09248430281877518,0.8239515423774719,0,0.023989416658878326,0.9951479434967041,0.09542303532361984,0,-0.8287786245346069,-0.03358130902051926,0.5585682988166809,0,0.02449004165828228,0.9088139533996582,0.01842193678021431,1,0.9886709451675415,0.1391678899526596,-0.056238219141960144,0,-0.14025215804576874,0.9899900555610657,-0.01579725183546543,0,0.05347675830125809,0.023505792021751404,0.9982920289039612,0,-0.040713999420404434,0.11680400371551514,0,1,0.9860838651657104,-0.11283302307128906,-0.12209837883710861,0,0.10919486731290817,0.9933640360832214,-0.0361100398004055,0,0.1253625452518463,0.022275010123848915,0.9918610453605652,0,0,0.1443129926919937,0,1,0.9872410893440247,0.0932258814573288,-0.12909086048603058,0,-0.09481124579906464,0.9954760074615479,-0.00617730850353837,0,0.12793101370334625,0.01833776757121086,0.9916139841079712,0,0,0.16492900252342224,0,1,0.9149150252342224,-0.37221893668174744,-0.1561502069234848,0,0.3766469657421112,0.9263560771942139,-0.0013277458492666483,0,0.14514487981796265,-0.05759871378540993,0.9877319931983948,0,0,0.18554499745368958,0,1,0.9218989610671997,0.04949969798326492,-0.3842562735080719,0,-0.08307946473360062,0.9939910173416138,-0.0712769404053688,0,0.378418892621994,0.09763389080762863,0.9204710721969604,0,-0.06834299862384796,0.14684300124645233,0,1,-0.9662730097770691,-0.042326346039772034,-0.25401899218559265,0,0.25186651945114136,0.05024270340800285,-0.9664568901062012,0,0.05366918072104454,-0.9978399872779846,-0.0378875695168972,0,-0.012795000337064266,0.15593400597572327,-0.27072998881340027,1,-0.9778199791908264,0.1747211515903473,0.11550386995077133,0,0.1979466676712036,0.5906691551208496,0.7822579741477966,0,0.06845245510339737,0.7877712249755859,-0.6121537089347839,0,0,0.5410029888153076,0,1,0.13786490261554718,0.1282043606042862,0.9821189641952515,0,0.49529725313186646,0.8497740030288696,-0.18045558035373688,0,-0.8577139973640442,0.511319100856781,0.05365472659468651,0,0,0.5627570152282715,0,1,0.8841090798377991,0.12344302982091904,-0.4506799876689911,0,0.45319390296936035,0.00850786454975605,0.8913710713386536,0,0.11386792361736298,-0.9923150539398193,-0.04842177405953407,0,-0.008383000269532204,0.15439699590206146,0.27072998881340027,1,-0.7904984951019287,-0.44293561577796936,-0.4229890704154968,0,-0.591597318649292,0.3734755516052246,0.7145130038261414,0,-0.15850716829299927,0.8150606751441956,-0.5572713017463684,0,0,0.5410029888153076,0,1,-0.2109626680612564,-0.3408350348472595,-0.916146993637085,0,-0.7401033043861389,0.6679466962814331,-0.07807202637195587,0,0.6385469436645508,0.661573052406311,-0.39316487312316895,0,0,0.5520840287208557,0,1,-0.48580512404441833,-0.8706974983215332,0.0766754075884819,0,0.40298211574554443,-0.3009565472602844,-0.8643097877502441,0,0.7756285071372986,-0.38898733258247375,0.4970817565917969,0,-0.03310500085353851,-0.06489100307226181,-0.6518999934196472,1,0.28776395320892334,-0.8519284725189209,-0.43750429153442383,0,0.9312557578086853,0.35552671551704407,-0.07977405190467834,0,0.22350619733333588,-0.38447222113609314,0.8956708908081055,0,0,0.5143960118293762,0,1,-0.31722643971443176,-0.5167451500892639,0.795199453830719,0,-0.947654128074646,0.2048325538635254,-0.24493816494941711,0,-0.03631215542554855,-0.8312754034996033,-0.5546743273735046,0,0,0.5403140187263489,0,1,0.9824719429016113,-0.04134717956185341,0.1817641258239746,0,-0.06109156087040901,0.8498169779777527,0.523526132106781,0,-0.17611265182495117,-0.5254542231559753,0.8323957324028015,0,0,0.18944300711154938,0,1,-0.8630121946334839,-0.45298486948013306,0.22363737225532532,0,0.4727934002876282,-0.5682702660560608,0.6734501719474792,0,-0.1779763251543045,0.6869301795959473,0.7045926451683044,0,0.012934999540448189,-0.06489100307226181,0.6518999934196472,1,0.3568519651889801,-0.9072079658508301,0.22277799248695374,0,0.9062567353248596,0.3940564692020416,0.1530299037694931,0,-0.2266170084476471,0.14728501439094543,0.9627829194068909,0,0,0.51419597864151,0,1,0.24914054572582245,0.9174120426177979,0.3102962076663971,0,-0.9593610763549805,0.18995310366153717,0.20867308974266052,0,0.1324974149465561,-0.34967485070228577,0.9274539947509766,0,0,0.5446490049362183,0,1,0.8916031122207642,0.05501694604754448,0.44946274161338806,0,-0.3823760449886322,0.6231621503829956,0.682243824005127,0,-0.24255332350730896,-0.7801550626754761,0.576650857925415,0,0,0.09893500059843063,0,1
K0.100,0.5171297788619995,-0.07248299568891525,0.8528319597244263,0,0.010365827940404415,0.9968649744987488,0.07843897491693497,0,-0.8558439016342163,-0.03172283247113228,0.516260027885437,0,0.019239995628595352,0.9131379723548889,0.026219002902507782,1,0.9892239570617676,0.13473042845726013,-0.057303138077259064,0,-0.13564157485961914,0.990682065486908,-0.012300936505198479,0,0.055111851543188095,0.01994105987250805,0.9982810020446777,0,-0.040713999420404434,0.11680400371551514,0,1,0.9843260645866394,-0.12169718742370605,-0.12764385342597961,0,0.11830582469701767,0.9923999905586243,-0.0338502936065197,0,0.13079315423965454,0.01821870170533657,0.991241991519928,0,0,0.1443129926919937,0,1,0.9876099228858948,0.08378797024488449,-0.1326853632926941,0,-0.08485803008079529,0.9963899850845337,-0.0024202812928706408,0,0.13200362026691437,0.013649716041982174,0.9911550879478455,0,0,0.16492900252342224,0,1,0.91429203748703,-0.37656688690185547,-0.14922210574150085,0,0.3811151385307312,0.9245259761810303,0.0020415906328707933,0,0.13719089329242706,-0.05873740464448929,0.9888019561767578,0,0,0.18554499745368958,0,1,0.9264159202575684,0.038742389529943466,-0.37450215220451355,0,-0.0764906033873558,0.9933149814605713,-0.08645803481340408,0,0.3686489164829254,0.10874196887016296,0.9231860041618347,0,-0.06834299862384796,0.14684300124645233,0,1,-0.9753940105438232,-0.03509897738695145,-0.21765585243701935,0,0.2147749811410904,0.0716249868273735,-0.9740340113639832,0,0.04977719485759735,-0.9968140125274658,-0.06232421100139618,0,-0.012795000337064266,0.15593400597572327,-0.27072998881340027,1,-0.9744118452072144,0.15879732370376587,0.15907225012779236,0,0.22323568165302277,0.6012288928031921,0.7672613263130188,0,0.026200227439403534,0.783139705657959,-0.6212942600250244,0,0,0.5410029888153076,0,1,0.15807302296161652,0.12742973864078522,0.9791700839996338,0,0.5088897943496704,0.8392889499664307,-0.19137853384017944,0,-0.846194326877594,0.528541624546051,0.06782126426696777,0,0,0.5627570152282715,0,1,0.8750030994415283,0.127935990691185,-0.466905802488327,0,0.4710789620876312,-0.0026890800800174475,0.8820869326591492,0,0.11159519851207733,-0.9917789697647095,-0.06262095272541046,0,-0.008383000269532204,0.15439699590206146,0.27072998881340027,1,-0.8242329359054565,-0.38407906889915466,-0.4160814881324768,0,-0.5559700131416321,0.40952590107917786,0.7233160734176636,0,-0.10741441696882248,0.827509880065918,-0.5510812997817993,0,0,0.5410029888153076,0,1,-0.22063253819942474,-0.34618327021598816,-0.9118540287017822,0,-0.7329842448234558,0.6756255626678467,-0.07914654165506363,0,0.643471360206604,0.6509126424789429,-0.40281203389167786,0,0,0.5520840287208557,0,1,-0.5554467439651489,-0.8307521343231201,0.03647388145327568,0,0.39011380076408386,-0.2990669310092926,-0.8708440065383911,0,0.7343640327453613,-0.4694788455963135,0.4902040362358093,0,-0.03310500085353851,-0.06489100307226181,-0.6518999934196472,1,0.18888378143310547,-0.9040730595588684,-0.3833730220794678,0,0.9647842049598694,0.24362793564796448,-0.09918633848428726,0,0.1830720156431198,-0.3511373698711395,0.9182522296905518,0,0,0.5143960118293762,0,1,-0.24288588762283325,-0.623688280582428,0.7429798245429993,0,-0.96738201379776,0.09890911728143692,-0.23321625590324402,0,0.0719667375087738,-0.7753899097442627,-0.627368152141571,0,0,0.5403140187263489,0,1,0.9989849328994751,0.007626345381140709,0.04440335929393768,0,-0.028454655781388283,0.8709262013435364,0.4905887842178345,0,-0.03493063896894455,-0.49135416746139526,0.8702588677406311,0,0,0.18944300711154938,0,1,-0.8397006392478943,-0.46011820435523987,0.2884344160556793,0,0.5294126868247986,-0.575317919254303,0.6234830617904663,0,-0.1209343671798706,0.6762397885322571,0.7266871333122253,0,0.012934999540448189,-0.06489100307226181,0.6518999934196472,1,0.3395250141620636,-0.9178850054740906,0.2054508626461029,0,0.9120849370956421,0.37465521693229675,0.166534885764122,0,-0.22983312606811523,0.13084587454795837,0.9643939733505249,0,0,0.51419597864151,0,1,0.26500698924064636,0.9144700169563293,0.3058030307292938,0,-0.9563300609588623,0.20870830118656158,0.20463064312934875,0,0.12330502271652222,-0.34667736291885376,0.929844856262207,0,0,0.5446490049362183,0,1,0.8929880857467651,0.05408419296145439,0.4468187987804413,0,-0.3823988139629364,0.6147377490997314,0.6898322105407715,0,-0.23736733198165894,-0.7868748307228088,0.5696351528167725,0,0,0.09893500059843063,0,1
K0.133,0.470276415348053,-0.05245582014322281,0.8809592723846436,0,-0.0008969079935923219,0.9982029795646667,0.05991576239466667,0,-0.8825193643569946,-0.02896711975336075,0.46938440203666687,0,0.013405928388237953,0.9158509969711304,0.03882618620991707,1,0.98984295129776,0.12960906326770782,-0.05842399597167969,0,-0.13028082251548767,0.9914460182189941,-0.00782492570579052,0,0.05691002681851387,0.015356967225670815,0.9982609748840332,0,-0.040713999420404434,0.11680400371551514,0,1,0.9822890162467957,-0.1318691372871399,-0.13310974836349487,0,0.12883107364177704,0.9911750555038452,-0.031222792342305183,0,0.13605235517024994,0.013521130196750164,0.9906089305877686,0,0,0.1443129926919937,0,1,0.9880350828170776,0.07279404252767563,-0.13596965372562408,0,-0.07327070832252502,0.9973109364509583,0.001502336235716939,0,0.1357133984565735,0.008478233590722084,0.9907119870185852,0,0,0.16492900252342224,0,1,0.9138308763504028,-0.380839079618454,-0.1409800797700882,0,0.3854590654373169,0.9227060079574585,0.005971828009933233,0,0.12780871987342834,-0.05979922413825989,0.9899939894676208,0,0,0.18554499745368958,0,1,0.9314960241317749,0.027568913996219635,-0.36270594596862793,0,-0.06982792168855667,0.9921309947967529,-0.10392015427350998,0,0.35698679089546204,0.1221281886100769,0.9260910749435425,0,-0.06834299862384796,0.14684300124645233,0,1,-0.9824970364570618,-0.029135964810848236,-0.1839839518070221,0,0.1806376725435257,0.09216026216745377,-0.9792220592498779,0,0.045486632734537125,-0.9953179955482483,-0.0852842926979065,0,-0.012795000337064266,0.15593400597572327,-0.27072998881340027,1,-0.965660810470581,0.14981487393379211,0.21225960552692413,0,0.2591824233531952,0.6120311617851257,0.7471557259559631,0,-0.017974449321627617,0.7765129804611206,-0.6298438906669617,0,0,0.5410029888153076,0,1,0.1809195578098297,0.12424397468566895,0.9756189584732056,0,0.5237592458724976,0.8274479508399963,-0.20250092446804047,0,-0.8324328064918518,0.5476254224777222,0.08462752401828766,0,0,0.5627570152282715,0,1,0.8626639246940613,0.13437385857105255,-0.4876011610031128,0,0.49404600262641907,-0.017436129972338676,0.8692610859870911,0,0.10830404609441757,-0.9907770752906799,-0.08142834901809692,0,-0.008383000269532204,0.15439699590206146,0.27072998881340027,1,-0.8502892851829529,-0.3217045068740845,-0.4165496528148651,0,-0.5233262777328491,0.43255525827407837,0.7341833114624023,0,-0.05600936338305473,0.8422600626945496,-0.5361537337303162,0,0,0.5410029888153076,0,1,-0.24559816718101501,-0.32027536630630493,-0.9149348735809326,0,-0.7315094470977783,0.6805446147918701,-0.04186556860804558,0,0.6360625624656677,0.6590014100074768,-0.40142494440078735,0,0,0.5520840287208557,0,1,-0.6169754266738892,-0.7869805693626404,0.0018644543597474694,0,0.37581562995910645,-0.2967110276222229,-0.8779090642929077,0,0.6914504766464233,-0.5409476161003113,0.47882306575775146,0,-0.03310500085353851,-0.06489100307226181,-0.6518999934196472,1,0.08394954353570938,-0.9259739518165588,-0.36813774704933167,0,0.9853401780128479,0.13220186531543732,-0.10783089697360992,0,0.14851704239845276,-0.3536883592605591,0.9234970211982727,0,0,0.5143960118293762,0,1,-0.16466102004051208,-0.6991928219795227,0.6957122683525085,0,-0.9693418741226196,-0.015711266547441483,-0.24521352350711823,0,0.18238215148448944,-0.7147605419158936,-0.6751701831817627,0,0,0.5403140187263489,0,1,0.9989669322967529,0.005435889586806297,0.04510905221104622,0,-0.026438521221280098,0.8769698143005371,0.4798172116279602,0,-0.03695105388760567,-0.4805142879486084,0.8762078285217285,0,0,0.18944300711154938,0,1,-0.8111057281494141,-0.4649089276790619,0.354918897151947,0,0.5822417736053467,-0.5839928984642029,0.565639317035675,0,-0.05570061877369881,0.6654416918754578,0.7443691492080688,0,0.012934999540448189,-0.06489100307226181,0.6518999934196472,1,0.3230580985546112,-0.9259100556373596,0.19576583802700043,0,0.9164621829986572,0.3576796352863312,0.1793399453163147,0,-0.23607413470745087,0.12147478014230728,0.9641129970550537,0,0,0.51419597864151,0,1,0.28419244289398193,0.9134159088134766,0.2913860082626343,0,-0.9525420069694519,0.23441508412361145,0.19419866800308228,0,0.10907887667417526,-0.3327471613883972,0.9366859197616577,0,0,0.5446490049362183,0,1,0.8946918249130249,0.052943941205739975,0.44353553652763367,0,-0.3823010325431824,0.6043150424957275,0.6990348696708679,0,-0.23102538287639618,-0.7949842810630798,0.5609158873558044,0,0,0.09893500059843063,0,1
K0.167,0.4153577983379364,-0.032379426062107086,0.9090815782546997,0,-0.008216291666030884,0.9991919994354248,0.039342962205410004,0,-0.9096209406852722,-0.02381068654358387,0.4147561490535736,0,0.0067530605010688305,0.9185420274734497,0.05652482807636261,1,0.9904389381408691,0.12443233281373978,-0.05955443158745766,0,-0.12481678277254105,0.9921760559082031,-0.0027640662156045437,0,0.05874453857541084,0.010171030648052692,0.9982209801673889,0,-0.040713999420404434,0.11680400371551514,0,1,0.9803019762039185,-0.14209476113319397,-0.13717809319496155,0,0.13948000967502594,0.9898139238357544,-0.0285384152084589,0,0.13983581960201263,0.008842654526233673,0.9901350140571594,0,0,0.1443129926919937,0,1,0.9884020090103149,0.06156369298696518,-0.13881926238536835,0,-0.06136852502822876,0.9980989694595337,0.005690016783773899,0,0.13890565931797028,0.0028951093554496765,0.9903010725975037,0,0,0.16492900252342224,0,1,0.9132660031318665,-0.38529205322265625,-0.13226716220378876,0,0.38991686701774597,0.9207960367202759,0.009997948072850704,0,0.11793900281190872,-0.06070401147007942,0.9911640286445618,0,0,0.18554499745368958,0,1,0.9365990161895752,0.01670212671160698,-0.35000404715538025,0,-0.06305703520774841,0.99058997631073,-0.12146774679422379,0,0.3446821868419647,0.13583695888519287,0.9288399815559387,0,-0.06834299862384796,0.14684300124645233,0,1,-0.988386869430542,-0.023886503651738167,-0.15006859600543976,0,0.14645877480506897,0.11352123320102692,-0.9826809763908386,0,0.04050878807902336,-0.9932479858398438,-0.10870448499917984,0,-0.012795000337064266,0.15593400597572327,-0.27072998881340027,1,-0.952690064907074,0.14143095910549164,0.2690315544605255,0,0.2971797585487366,0.6191198825836182,0.7268942594528198,0,-0.06375747174024582,0.7724559903144836,-0.631860077381134,0,0,0.5410029888153076,0,1,0.20354409515857697,0.11783234775066376,0.9719489216804504,0,0.5401611328125,0.814457893371582,-0.21185897290706635,0,-0.8165752291679382,0.5681316256523132,0.10212963074445724,0,0,0.5627570152282715,0,1,0.8504870533943176,0.1433805376291275,-0.5060767531394958,0,0.5154883861541748,-0.03585377335548401,0.8561458587646484,0,0.10460995882749557,-0.9890180230140686,-0.10440421849489212,0,-0.008383000269532204,0.15439699590206146,0.27072998881340027,1,-0.8819706439971924,-0.25188153982162476,-0.39835235476493835,0,-0.4711626172065735,0.4504278004169464,0.7583667039871216,0,-0.011589612811803818,0.8565458059310913,-0.5159411430358887,0,0,0.5410029888153076,0,1,-0.29201823472976685,-0.26416513323783875,-0.9192069172859192,0,-0.7043209671974182,0.7096041440963745,0.019823476672172546,0,0.6470369696617126,0.6532061696052551,-0.39327481389045715,0,0,0.5520840287208557,0,1,-0.6831755042076111,-0.7292675375938416,-0.037955086678266525,0,0.37346816062927246,-0.3042548596858978,-0.8763279914855957,0,0.6275292038917542,-0.6128605008125305,0.4802173972129822,0,-0.03310500085353851,-0.06489100307226181,-0.6518999934196472,1,-0.020741702988743782,-0.9219719171524048,-0.38670215010643005,0,0.9944179654121399,0.020998431369662285,-0.103402279317379,0,0.10345405340194702,-0.3866879642009735,0.9163890480995178,0,0,0.5143960118293762,0,1,-0.12203848361968994,-0.6936768889427185,0.7098719477653503,0,-0.9582711458206177,-0.10392715781927109,-0.2662986218929291,0,0.25850042700767517,-0.7127491235733032,-0.6520479321479797,0,0,0.5403140187263489,0,1,0.9887241125106812,-0.002399966586381197,0.14972920715808868,0,-0.07293060421943665,0.8655611872673035,0.49546483159065247,0,-0.1307888925075531,-0.5007978677749634,0.8556261658668518,0,0,0.18944300711154938,0,1,-0.774413526058197,-0.4773496091365814,0.41523730754852295,0,0.6326417326927185,-0.5914825201034546,0.4999126195907593,0,0.0069725532084703445,0.6498350501060486,0.7600429058074951,0,0.012934999540448189,-0.06489100307226181,0.6518999934196472,1,0.3090323507785797,-0.9320428967475891,0.1891959011554718,0,0.9200761914253235,0.3433489501476288,0.18860158324241638,0,-0.24074514210224152,0.1157907098531723,0.9636569619178772,0,0,0.51419597864151,0,1,0.30482184886932373,0.9084349274635315,0.2860592305660248,0,-0.9479550719261169,0.260371595621109,0.18327248096466064,0,0.09200938791036606,-0.32703664898872375,0.9405220746994019,0,0,0.5446490049362183,0,1,0.8965790271759033,0.05168155953288078,0.4398571252822876,0,-0.3820223808288574,0.5927098393440247,0.7090508937835693,0,-0.2240629494190216,-0.8037558794021606,0.551155149936676,0,0,0.09893500059843063,0,1
K0.200,0.35000917315483093,-0.011978409253060818,0.9366698861122131,0,-0.010082811117172241,0.9998120069503784,0.016553571447730064,0,-0.9366921186447144,-0.015238168649375439,0.3498225808143616,0,-0.005320018157362938,0.9258739948272705,0.08326300978660583,1,0.9910039901733398,0.11982602626085281,-0.05960466340184212,0,-0.11992096155881882,0.9927809834480286,0.0019939024932682514,0,0.059413325041532516,0.005171886179596186,0.9982200264930725,0,-0.040713999420404434,0.11680400371551514,0,1,0.978754997253418,-0.1511567234992981,-0.13852907717227936,0,0.14896628260612488,0.9884979128837585,-0.02610739879310131,0,0.14088192582130432,0.0049165841192007065,0.9900140166282654,0,0,0.1443129926919937,0,1,0.9886569976806641,0.05141807347536087,-0.14111173152923584,0,-0.05047691985964775,0.9986730813980103,0.010243549011647701,0,0.14145123958587646,-0.003004472004249692,0.989940881729126,0,0,0.16492900252342224,0,1,0.9123590588569641,-0.390179842710495,-0.12393686175346375,0,0.3947451114654541,0.918688952922821,0.013679185882210732,0,0.10852210968732834,-0.06140381842851639,0.9921960234642029,0,0,0.18554499745368958,0,1,0.9412659406661987,0.006688567344099283,-0.3375991880893707,0,-0.05614641308784485,0.9889860153198242,-0.13694880902767181,0,0.3329647481441498,0.14786018431186676,0.9312740564346313,0,-0.06834299862384796,0.14684300124645233,0,1,-0.9927260875701904,-0.019733062013983727,-0.11876886337995529,0,0.11508305370807648,0.13431310653686523,-0.9842340350151062,0,0.035374127328395844,-0.990742027759552,-0.13106504082679749,0,-0.012795000337064266,0.15593400597572327,-0.27072998881340027,1,-0.9369049072265625,0.13246868550777435,0.3235144317150116,0,0.3328372836112976,0.6210168600082397,0.7096178531646729,0,-0.10690570622682571,0.7725218534469604,-0.6259239315986633,0,0,0.5410029888153076,0,1,0.22303839027881622,0.10764598101377487,0.9688478112220764,0,0.5583940148353577,0.8005568981170654,-0.21749545633792877,0,-0.7990302443504333,0.589508593082428,0.11844603717327118,0,0,0.5627570152282715,0,1,0.8372889161109924,0.15430143475532532,-0.5245369672775269,0,0.5379242897033691,-0.06068870797753334,0.84080570936203,0,0.09790398180484772,-0.9861578941345215,-0.13381639122962952,0,-0.008383000269532204,0.15439699590206146,0.27072998881340027,1,-0.914863109588623,-0.1739049255847931,-0.3643929660320282,0,-0.40176495909690857,0.48177698254585266,0.7787651419639587,0,0.040125101804733276,0.8588640689849854,-0.5106291174888611,0,0,0.5410029888153076,0,1,-0.3280174732208252,-0.20204097032546997,-0.9228131175041199,0,-0.6544291973114014,0.7530828714370728,0.06773926317691803,0,0.6812684535980225,0.6261354088783264,-0.3792457580566406,0,0,0.5520840287208557,0,1,-0.719296932220459,-0.6618239283561707,-0.2111891210079193,0,0.4910540282726288,-0.26933884620666504,-0.8284459710121155,0,0.4914039075374603,-0.6996039748191833,0.5187259912490845,0,-0.03310500085353851,-0.06489100307226181,-0.6518999934196472,1,-0.14827537536621094,-0.8486227989196777,-0.5077934265136719,0,0.988688051700592,-0.13893689215183258,-0.05650540068745613,0,-0.02259942516684532,-0.5104274153709412,0.8596237301826477,0,0,0.5143960118293762,0,1,-0.13804616034030914,-0.5272141098976135,0.8384438157081604,0,-0.9700609445571899,-0.09881298989057541,-0.22185009717941284,0,0.199811652302742,-0.8439670205116272,-0.4977889657020569,0,0,0.5403140187263489,0,1,0.9587169885635376,-0.010914189741015434,0.28415414690971375,0,-0.1654232293367386,0.7913758158683777,0.5885230898857117,0,-0.23129597306251526,-0.6112328767776489,0.7569000720977783,0,0,0.18944300711154938,0,1,-0.7293209433555603,-0.5072534680366516,0.45911383628845215,0,0.6817788481712341,-0.5949164032936096,0.4257378578186035,0,0.05717727169394493,0.6235131025314331,0.7797189354896545,0,0.012934999540448189,-0.06489100307226181,0.6518999934196472,1,0.2974758744239807,-0.934812068939209,0.19399787485599518,0,0.9236319065093994,0.3332212269306183,0.1893889158964157,0,-0.2416871041059494,0.12284393608570099,0.9625470042228699,0,0,0.51419597864151,0,1,0.3309330344200134,0.8933740258216858,0.3039180636405945,0,-0.9411940574645996,0.2892410159111023,0.1746252030134201,0,0.0680999904870987,-0.34383487701416016,0.9365570545196533,0,0,0.5446490049362183,0,1,0.8985092043876648,0.050400007516145706,0.43605276942253113,0,-0.38156595826148987,0.5807660222053528,0.7191100120544434,0,-0.21700124442577362,-0.8125089406967163,0.5410539507865906,0,0,0.09893500059843063,0,1
