4.567,30,136,25
B0,mixamorig_Hips,-1,0.15592941641807556,0.9876253008842468,0.016825847327709198,0,-0.04730001837015152,0.02448033168911934,-0.9985805749893188,0,-0.9866347312927246,0.15491215884685516,0.050531838089227676,0,-0.03775017708539963,0.13205575942993164,-0.6338878870010376,1
B1,mixamorig_Spine,0,0.9999819993972778,0.0010620752582326531,0.005920719355344772,0,-0.0008409247966483235,0.9993060231208801,-0.03723001107573509,0,-0.005956151522696018,0.03722436726093292,0.9992889165878296,0,-0.002191999927163124,0.0561939999461174,0,1
B2,mixamorig_Spine1,1,0.9958857893943787,-0.0904737040400505,0.005061263218522072,0,0.09044051170349121,0.9958809018135071,0.006443255580961704,0,-0.005623359698802233,-0.005959003232419491,0.999966025352478,0,0,0.06560900062322617,0,1
B3,mixamorig_Spine2,2,0.9959129095077515,-0.09001365303993225,0.007414890918880701,0,0.08997345715761185,0.9959288239479065,0.005591127090156078,0,-0.007887979969382286,-0.004901131149381399,0.9999570250511169,0,0,0.07498200237751007,0,1
B4,mixamorig_Neck,3,0.7160639762878418,-0.03279570862650871,-0.6972641944885254,0,-0.08986318856477737,0.9862526655197144,-0.13867434859275818,0,0.692225992679596,0.16195794939994812,0.70327228307724,0,0,0.08435499668121338,0,1
B5,mixamorig_Head,4,0.9262279272079468,0.10132168233394623,-0.36309167742729187,0,-0.16106583178043365,0.9772231578826904,-0.13817386329174042,0,0.34082168340682983,0.1864621937274933,0.9214510321617126,0,-0.1646530032157898,0.17463800311088562,0,1
B6,mixamorig_HeadTop_End,5,1,0,0,0,0,1,0,0,0,0,1,0,-0.2398650050163269,0.2544099986553192,0,1
B7,mixamorig_LeftShoulder,3,-0.988048255443573,0.02318672277033329,-0.1523905247449875,0,0.15117311477661133,0.33893412351608276,-0.9285848736763,0,0.0301195178180933,-0.9405239820480347,-0.3383885622024536,0,0.0024210000410676003,0.08201099932193756,-0.14988699555397034,1
B8,mixamorig_LeftArm,7,0.502284049987793,0.036533668637275696,-0.8639305830001831,0,0.14088188111782074,0.9822998642921448,0.12344712764024734,0,0.8531486988067627,-0.18371766805648804,0.4882465898990631,0,0,0.29964199662208557,0,1
B9,mixamorig_LeftForeArm,8,0.8331013917922974,0.5495662689208984,-0.0626000463962555,0,-0.5303311944007874,0.825796365737915,0.1918553113937378,0,0.15713216364383698,-0.12663625180721283,0.9794247150421143,0,0,0.3374539911746979,0,1
B10,mixamorig_LeftHand,9,1,0,0,0,0,1,0,0,0,0,1,0,0,0.5373309850692749,0,1
B11,mixamorig_RightShoulder,3,0.9994440674781799,0.003982554189860821,0.033112745732069016,0,-0.032598257064819336,0.32645124197006226,0.9446521401405334,0,-0.007047564722597599,-0.9452060461044312,0.32639944553375244,0,-0.002595999976620078,0.08220600336790085,0.14988699555397034,1
B12,mixamorig_RightArm,11,0.6420010924339294,0.06969768553972244,0.7635289430618286,0,-0.30737730860710144,0.9357231855392456,0.1730370819568634,0,-0.7023914456367493,-0.34578147530555725,0.6221587657928467,0,0,0.29964199662208557,0,1
B13,mixamorig_RightForeArm,12,0.7494906783103943,-0.44778963923454285,-0.4875931441783905,0,0.5867393612861633,0.7904189229011536,0.17599570751190186,0,0.3065941333770752,-0.41799768805503845,0.8551483154296875,0,0,0.3323169946670532,0,1
B14,mixamorig_RightHand,13,1,0,0,0,0,1,0,0,0,0,1,0,0,0.5359060168266296,0,1
B15,mixamorig_LeftUpLeg,0,-0.8425934314727783,-0.49198824167251587,0.21905240416526794,0,0.2092951387166977,-0.6739161014556885,-0.7085431814193726,0,0.49621766805648804,-0.5511670112609863,0.6708077192306519,0,0.02911500073969364,-0.031606998294591904,-0.2385219931602478,1
B16,mixamorig_LeftLeg,15,0.8211438059806824,-0.5252062082290649,-0.22334210574626923,0,0.569085955619812,0.7238847017288208,0.39004138112068176,0,-0.04317820444703102,-0.44738081097602844,0.8933007717132568,0,0,0.28234899044036865,0,1
B17,mixamorig_LeftFoot,16,-0.4841402769088745,-0.2474052459001541,0.8392846584320068,0,-0.8572414517402649,0.32633256912231445,-0.39830201864242554,0,-0.1753438264131546,-0.9123034477233887,-0.37007665634155273,0,0,0.2821139991283417,0,1
B18,mixamorig_LeftToeBase,17,0.9593619704246521,-0.22524119913578033,0.1699751913547516,0,0.0952458307147026,0.8254940509796143,0.5563166737556458,0,-0.2656187117099762,-0.5175191760063171,0.8134000301361084,0,0,0.09650900214910507,0,1
B19,mixamorig_LeftToe_End,18,1,0,0,0,0,1,0,0,0,0,1,0,0,0.04324899986386299,0,1
B20,mixamorig_RightUpLeg,0,-0.8735774159431458,-0.43147724866867065,-0.2251451462507248,0,0.12903055548667908,-0.6513856649398804,0.7476950287818909,0,-0.4692697823047638,0.6241188645362854,0.6247094869613647,0,0.025661999359726906,-0.031606998294591904,0.2385219931602478,1
B21,mixamorig_RightLeg,20,0.6778606176376343,-0.6757738590240479,0.28954315185546875,0,0.7341038584709167,0.600749135017395,-0.3165314793586731,0,0.03996085375547409,0.42711877822875977,0.9033119678497314,0,0,0.2886810004711151,0,1
B22,mixamorig_RightFoot,21,0.8367774486541748,0.3094121813774109,0.45173826813697815,0,-0.5325994491577148,0.651383638381958,0.5404040813446045,0,-0.1270473450422287,-0.6927937865257263,0.7098561525344849,0,0,0.28394898772239685,0,1
B23,mixamorig_RightToeBase,22,0.8761181831359863,0.26406192779541016,0.4033457338809967,0,-0.47324201464653015,0.6306800246238708,0.615048885345459,0,-0.09197109192609787,-0.7297360301017761,0.6775156855583191,0,0,0.049348000437021255,0,1
B24,mixamorig_RightToe_End,23,1,0,0,0,0,1,0,0,0,0,1,0,0,0.0429610013961792,0,1
@20,0,1,2,3,4,5,7,8,9,11,12,13,15,16,17,18,20,21,22,23
K0,0.9999249577522278,0.004401760175824165,-0.011403445154428482,0,-0.004613014403730631,0.9998170137405396,-0.01856575906276703,0,0.011319643817842007,0.01861698552966118,0.9997628927230835,0,0.004135999828577042,0.5750449895858765,-0.003234999720007181,1,0.9687780141830444,-0.24789811670780182,-0.0038707659114152193,0,0.24791890382766724,0.968760073184967,0.006351841613650322,0,0.0021752340253442526,-0.007113159634172916,0.9999719858169556,0,-0.002191999927163124,0.0561939999461174,0,1,0.9389490485191345,-0.34397372603416443,-0.00758187985047698,0,0.3440532386302948,0.9388128519058228,0.016026943922042847,0,0.0016051199054345489,-0.01765705831348896,0.9998430609703064,0,0,0.06560900062322617,0,1,0.9759300351142883,-0.21801084280014038,-0.005707880482077599,0,0.2180761694908142,0.9757949113845825,0.0163276307284832,0,0.0020101196132600307,-0.017179368063807487,0.9998499751091003,0,0,0.07498200237751007,0,1,0.9957460165023804,-0.09074898809194565,0.015976691618561745,0,0.09072501957416534,0.9958739876747131,0.002220967086032033,0,-0.0161123089492321,-0.0007620329852215946,0.9998700022697449,0,0,0.08435499668121338,0,1,0.9276589751243591,0.36963891983032227,-0.05305991694331169,0,-0.37129008769989014,0.9281719326972961,-0.025294074788689613,0,0.0398990772664547,0.043164923787117004,0.9982709288597107,0,-0.1646530032157898,0.17463800311088562,0,1,-0.8816861510276794,0.3360308110713959,-0.3312278091907501,0,0.41794219613075256,0.23039492964744568,-0.8787729144096375,0,-0.2189818024635315,-0.9132370352745056,-0.34357795119285583,0,0.0024210000410676003,0.08201099932193756,-0.14988699555397034,1,0.8442569375038147,0.2280779480934143,0.48498624563217163,0,-0.49810299277305603,0.6679031252861023,0.552990734577179,0,-0.19779877364635468,-0.7084391117095947,0.6774879097938538,0,0,0.29964199662208557,0,1,0.5954031944274902,0.8032538294792175,0.016678040847182274,0,-0.782859206199646,0.5753688216209412,0.2368169128894806,0,0.18062804639339447,-0.1540580838918686,0.9714109301567078,0,0,0.3374539911746979,0,1,0.9249320030212402,-0.3012792766094208,-0.23179972171783447,0,0.3154968023300171,0.26827508211135864,0.9102140069007874,0,-0.21204271912574768,-0.9150189757347107,0.34318917989730835,0,-0.002595999976620078,0.08220600336790085,0.14988699555397034,1,0.8823679685592651,-0.10286317020654678,-0.45918020606040955,0,0.43255284428596497,0.5615051984786987,0.705414891242981,0,0.18527083098888397,-0.8210551142692566,0.5399478673934937,0,0,0.29964199662208557,0,1,0.37991106510162354,-0.8766660094261169,-0.2951677739620209,0,0.9230599999427795,0.38006487488746643,0.05925707891583443,0,0.060234226286411285,-0.29496994614601135,0.9536060094833374,0,0,0.3323169946670532,0,1,-0.8133131861686707,-0.5782458782196045,-0.06445387750864029,0,0.4394391179084778,-0.5378889441490173,-0.7194220423698425,0,0.3813338875770569,-0.6134390234947205,0.6915761232376099,0,0.02911500073969364,-0.031606998294591904,-0.2385219931602478,1,0.5816108584403992,-0.7214959263801575,-0.37573009729385376,0,0.7954390048980713,0.40771788358688354,0.4483781158924103,0,-0.1703111082315445,-0.5596518516540527,0.8110390901565552,0,0,0.28234899044036865,0,1,-0.17807333171367645,-0.17443375289440155,0.9684330224990845,0,-0.9835700392723083,0.0018926206976175308,-0.18051578104496002,0,0.029655179008841515,-0.9846670031547546,-0.17190487682819366,0,0,0.2821139991283417,0,1,0.9574430584907532,-0.23195260763168335,0.17176009714603424,0,0.0930933952331543,0.811475932598114,0.5769230127334595,0,-0.27319788932800293,-0.5363810062408447,0.7985349893569946,0,0,0.09650900214910507,0,1,-0.7609155774116516,-0.6439722776412964,-0.07941515743732452,0,0.4380526542663574,-0.6001384258270264,0.669285774230957,0,-0.4786618649959564,0.4744822680950165,0.7387489676475525,0,0.025661999359726906,-0.031606998294591904,0.2385219931602478,1,0.4825114607810974,-0.781875729560852,0.3947831392288208,0,0.8752673268318176,0.41342273354530334,-0.2509765326976776,0,0.03302012383937836,0.4666394293308258,0.883830726146698,0,0,0.2886810004711151,0,1,0.604398787021637,0.4406929314136505,0.663695216178894,0,-0.7965529561042786,0.3492588996887207,0.49347907304763794,0,-0.01432874333113432,-0.8269268870353699,0.5621271133422852,0,0,0.28394898772239685,0,1,0.8810532093048096,0.27056053280830383,0.3879968523979187,0,-0.46955445408821106,0.5993276238441467,0.6483249664306641,0,-0.05712615326046944,-0.7533950805664062,0.6550830006599426,0,0,0.049348000437021255,0,1
K0.034,0.9999238848686218,0.00422094389796257,-0.011585144326090813,0,-0.004439210053533316,0.9998120069503784,-0.018879594281315804,0,0.011503279209136963,0.01892959140241146,0.999754786491394,0,0.004222647752612829,0.5750359892845154,-0.003272073343396187,1,0.9688144326210022,-0.24775856733322144,-0.0037047755904495716,0,0.24777810275554657,0.9687954783439636,0.006371968891471624,0,0.0020104616414755583,-0.007091223262250423,0.999972939491272,0,-0.002191999927163124,0.0561939999461174,0,1,0.9390342235565186,-0.3437458276748657,-0.007334629073739052,0,0.3438214063644409,0.938896894454956,0.01610689051449299,0,0.0013497835025191307,-0.01764671504497528,0.9998430013656616,0,0,0.06560900062322617,0,1,0.975983738899231,-0.21776877343654633,-0.005636550020426512,0,0.21783319115638733,0.9758495688438416,0.016341447830200195,0,0.0019417684525251389,-0.01717682182788849,0.9998509287834167,0,0,0.07498200237751007,0,1,0.995719850063324,-0.0910673588514328,0.01574375480413437,0,0.09104897826910019,0.9958447813987732,0.0018845838494598866,0,-0.015849962830543518,-0.0004430646076798439,0.9998740553855896,0,0,0.08435499668121338,0,1,0.9274851083755493,0.36983874440193176,-0.054691512137651443,0,-0.37156105041503906,0.9280637502670288,-0.025294585153460503,0,0.04140229895710945,0.043781593441963196,0.9981831908226013,0,-0.1646530032157898,0.17463800311088562,0,1,-0.8816226720809937,0.33591538667678833,-0.33151647448539734,0,0.4179549515247345,0.22943028807640076,-0.8790194392204285,0,-0.21921610832214355,-0.9135218262672424,-0.34266817569732666,0,0.0024210000410676003,0.08201099932193756,-0.14988699555397034,1,0.8441396355628967,0.2286837249994278,0.48490339517593384,0,-0.49814435839653015,0.6689201593399048,0.5517228245735168,0,-0.19819173216819763,-0.7072833180427551,0.6785798072814941,0,0,0.29964199662208557,0,1,0.595312774181366,0.8033308982849121,0.016192033886909485,0,-0.7828591465950012,0.5753687620162964,0.23681706190109253,0,0.18092601001262665,-0.1536562591791153,0.9714190363883972,0,0,0.3374539911746979,0,1,0.9249278903007507,-0.3013843595981598,-0.23167958855628967,0,0.31551289558410645,0.26868733763694763,0.9100867509841919,0,-0.21203674376010895,-0.9148633480072021,0.3436073958873749,0,-0.002595999976620078,0.08220600336790085,0.14988699555397034,1,0.8828260898590088,-0.10261204093694687,-0.45835554599761963,0,0.431809663772583,0.5612907409667969,0.706040620803833,0,0.18482226133346558,-0.8212325572967529,0.5398303866386414,0,0,0.29964199662208557,0,1,0.3793694078922272,-0.8768919110298157,-0.29519474506378174,0,0.9232810735702515,0.37955814599990845,0.05905637890100479,0,0.06025750935077667,-0.294951856136322,0.9536102414131165,0,0,0.3323169946670532,0,1,-0.8132464289665222,-0.578188955783844,-0.06577915698289871,0,0.44034942984580994,-0.5375577211380005,-0.7191132307052612,0,0.38042348623275757,-0.6137824654579163,0.6917724013328552,0,0.02911500073969364,-0.031606998294591904,-0.2385219931602478,1,0.5808848738670349,-0.7222312092781067,-0.37543952465057373,0,0.7958887219429016,0.4072292447090149,0.44802430272102356,0,-0.17068706452846527,-0.5590581893920898,0.8113684058189392,0,0,0.28234899044036865,0,1,-0.17818257212638855,-0.17516915500164032,0.9682804942131042,0,-0.9835251569747925,0.00121010048314929,-0.18076899647712708,0,0.03049343451857567,-0.9845373630523682,-0.1724987030029297,0,0,0.2821139991283417,0,1,0.9574430584907532,-0.23195260763168335,0.17176009714603424,0,0.0930933952331543,0.811475932598114,0.5769230127334595,0,-0.27319788932800293,-0.5363810062408447,0.7985349893569946,0,0,0.09650900214910507,0,1,-0.7612884044647217,-0.6434935927391052,-0.07972216606140137,0,0.43762800097465515,-0.6006349921226501,0.6691189408302307,0,-0.4784572720527649,0.4745034873485565,0.7388667464256287,0,0.025661999359726906,-0.031606998294591904,0.2385219931602478,1,0.48258212208747864,-0.7820823788642883,0.3942866623401642,0,0.8751987218856812,0.4132249355316162,-0.25154122710227966,0,0.03379688039422035,0.46646833419799805,0.8838921785354614,0,0,0.2886810004711151,0,1,0.6042302250862122,0.4409017562866211,0.663709819316864,0,-0.7966905236244202,0.34871312975883484,0.4936438798904419,0,-0.01379587035626173,-0.8270459175109863,0.5619652271270752,0,0,0.28394898772239685,0,1,0.8810532093048096,0.2705605626106262,0.3879967927932739,0,-0.46955442428588867,0.5993279218673706,0.6483246684074402,0,-0.057126209139823914,-0.7533942461013794,0.6550827622413635,0,0,0.049348000437021255,0,1
K0.067,0.9999167919158936,0.0038119747769087553,-0.012281548231840134,0,-0.004047940485179424,0.9998069405555725,-0.019245609641075134,0,0.012205820530653,0.019293736666440964,0.9997397065162659,0,0.00431124959141016,0.5750392079353333,-0.0032809858676046133,1,0.9688732624053955,-0.24753513932228088,-0.003449187381193042,0,0.24755287170410156,0.968853235244751,0.006417497526854277,0,0.0017531984485685825,-0.0070715900510549545,0.9999729990959167,0,-0.002191999927163124,0.0561939999461174,0,1,0.9391805529594421,-0.3433617949485779,-0.006562868598848581,0,0.34342408180236816,0.9390383362770081,0.016358232125639915,0,0.0005459931562654674,-0.017617175355553627,0.999845027923584,0,0,0.06560900062322617,0,1,0.9760769605636597,-0.217359721660614,-0.005381693132221699,0,0.2174198031425476,0.9759409427642822,0.016391580924391747,0,0.001689343131147325,-0.017169518396258354,0.9998509287834167,0,0,0.07498200237751007,0,1,0.9956904649734497,-0.09143231064081192,0.015534177422523499,0,0.09141872823238373,0.995811402797699,0.0015818866668269038,0,-0.01561373844742775,-0.00015495448315050453,0.9998780488967896,0,0,0.08435499668121338,0,1,0.9272271990776062,0.37018701434135437,-0.05667474865913391,0,-0.37199950218200684,0.9278870224952698,-0.025343680754303932,0,0.043205831199884415,0.044582296162843704,0.9980707168579102,0,-0.1646530032157898,0.17463800311088562,0,1,-0.8815683722496033,0.3358156979084015,-0.3317602872848511,0,0.4179653823375702,0.22861513495445251,-0.8792266845703125,0,-0.21941281855106354,-0.9137632846832275,-0.34189945459365845,0,0.0024210000410676003,0.08201099932193756,-0.14988699555397034,1,0.8440924882888794,0.2296234518289566,0.48454201221466064,0,-0.4981871247291565,0.6700275540351868,0.5503382086753845,0,-0.19828598201274872,-0.705929160118103,0.6799608469009399,0,0,0.29964199662208557,0,1,0.5949841737747192,0.8036066293716431,0.01451441366225481,0,-0.7828621864318848,0.5753470659255981,0.23685909807682037,0,0.18199066817760468,-0.15229016542434692,0.9714354276657104,0,0,0.3374539911746979,0,1,0.9249220490455627,-0.30152973532676697,-0.23151400685310364,0,0.31553617119789124,0.26925837993621826,0.9099101424217224,0,-0.2120278775691986,-0.9146471619606018,0.34418660402297974,0,-0.002595999976620078,0.08220600336790085,0.14988699555397034,1,0.8832491040229797,-0.10235806554555893,-0.45759546756744385,0,0.4310344159603119,0.5614427328109741,0.7063936591148376,0,0.1846085488796234,-0.8211609721183777,0.5400136113166809,0,0,0.29964199662208557,0,1,0.3793664574623108,-0.876910388469696,-0.2951425611972809,0,0.9232687950134277,0.3796255886554718,0.058817632496356964,0,0.060465868562459946,-0.29480937123298645,0.9536413550376892,0,0,0.3323169946670532,0,1,-0.8131513595581055,-0.5780549645423889,-0.06809325516223907,0,0.44190895557403564,-0.5369873642921448,-0.7185829877853394,0,0.3788154125213623,-0.614408016204834,0.6920999884605408,0,0.02911500073969364,-0.031606998294591904,-0.2385219931602478,1,0.580491840839386,-0.7228191494941711,-0.3749155104160309,0,0.7959801554679871,0.40669822692871094,0.4483430087566376,0,-0.1715935319662094,-0.5586850047111511,0.8114351034164429,0,0,0.28234899044036865,0,1,-0.1786424070596695,-0.17572812736034393,0.9680944681167603,0,-0.9834217429161072,0.0007658334216102958,-0.18133169412612915,0,0.03112364187836647,-0.9844384789466858,-0.17295168340206146,0,0,0.2821139991283417,0,1,0.9574429392814636,-0.23195309937000275,0.1717599630355835,0,0.0930938795208931,0.8114759922027588,0.576923131942749,0,-0.27319803833961487,-0.5363809466362,0.7985349893569946,0,0,0.09650900214910507,0,1,-0.7617660760879517,-0.6428873538970947,-0.08004699647426605,0,0.43709108233451843,-0.6012080311775208,0.668955385684967,0,-0.4781879782676697,0.47459980845451355,0.738980233669281,0,0.025661999359726906,-0.031606998294591904,0.2385219931602478,1,0.4828626811504364,-0.7821384072303772,0.39383062720298767,0,0.8750177025794983,0.41324132680892944,-0.25214260816574097,0,0.03446332365274429,0.4663589894771576,0.8839236497879028,0,0,0.2886810004711151,0,1,0.6039911508560181,0.44131192564964294,0.6636554002761841,0,-0.7968823909759521,0.34813451766967773,0.4937411844730377,0,-0.013147514313459396,-0.8270704746246338,0.561943769454956,0,0,0.28394898772239685,0,1,0.8810539245605469,0.27055999636650085,0.3879971504211426,0,-0.46955403685569763,0.5993281602859497,0.648324728012085,0,-0.057126857340335846,-0.7533942461013794,0.6550827026367188,0,0,0.049348000437021255,0,1
K0.101,0.99991375207901,0.003364498959854245,-0.012706038542091846,0,-0.003613940440118313,0.9997999668121338,-0.019660312682390213,0,0.012637346051633358,0.019704535603523254,0.9997255206108093,0,0.004396919161081314,0.5750516653060913,-0.0032130437903106213,1,0.9688902497291565,-0.2474692016839981,-0.0032560103572905064,0,0.2474857121706009,0.9688700437545776,0.0064451866783201694,0,0.0015596660086885095,-0.0070504965260624886,0.9999740719795227,0,-0.002191999927163124,0.0561939999461174,0,1,0.9392831325531006,-0.3430881202220917,-0.006142705678939819,0,0.343143105506897,0.9391359686851501,0.016625888645648956,0,0.00006469080108217895,-0.01772424392402172,0.9998428821563721,0,0,0.06560900062322617,0,1,0.9761422872543335,-0.21707426011562347,-0.005026568658649921,0,0.21712860465049744,0.9760013222694397,0.016644708812236786,0,0.0012927992502227426,-0.017339013516902924,0.9998489618301392,0,0,0.07498200237751007,0,1,0.995651125907898,-0.09187787026166916,0.015436180867254734,0,0.09186653047800064,0.9957700967788696,0.0014399741776287556,0,-0.015503188595175743,-0.000015643419828847982,0.9998800754547119,0,0,0.08435499668121338,0,1,0.9270340800285339,0.3704559803009033,-0.058059412986040115,0,-0.37234553694725037,0.9277390241622925,-0.02567242458462715,0,0.04435347393155098,0.04541736841201782,0.9979832172393799,0,-0.1646530032157898,0.17463800311088562,0,1,-0.8815151453018188,0.3357364237308502,-0.33198243379592896,0,0.4179781675338745,0.22786907851696014,-0.879414439201355,0,-0.21960295736789703,-0.913978636264801,-0.3412005603313446,0,0.0024210000410676003,0.08201099932193756,-0.14988699555397034,1,0.8439874649047852,0.23115774989128113,0.4839955270290375,0,-0.4984833896160126,0.6711404323577881,0.5487126708030701,0,-0.1979895681142807,-0.7043696641921997,0.6816617250442505,0,0,0.29964199662208557,0,1,0.594524085521698,0.8039788007736206,0.012603172101080418,0,-0.782882034778595,0.5752061605453491,0.2371356189250946,0,0.18340271711349487,-0.15084972977638245,0.9713951349258423,0,0,0.3374539911746979,0,1,0.924921989440918,-0.30152541399002075,-0.23151886463165283,0,0.31553539633750916,0.2692406475543976,0.9099160432815552,0,-0.21202847361564636,-0.9146535992622375,0.344168484210968,0,-0.002595999976620078,0.08220600336790085,0.14988699555397034,1,0.8839403986930847,-0.10111595690250397,-0.4565356373786926,0,0.42921316623687744,0.5628605484962463,0.7063734531402588,0,0.18554042279720306,-0.8203437328338623,0.5409358739852905,0,0,0.29964199662208557,0,1,0.3786039352416992,-0.8774047493934631,-0.29465189576148987,0,0.9236015677452087,0.3788394331932068,0.058658018708229065,0,0.060158953070640564,-0.29434919357299805,0.9538028836250305,0,0,0.3323169946670532,0,1,-0.813094437122345,-0.577860951423645,-0.07038506120443344,0,0.4433862268924713,-0.5364112257957458,-0.7181033492088318,0,0.37720876932144165,-0.6150939464569092,0.6923689246177673,0,0.02911500073969364,-0.031606998294591904,-0.2385219931602478,1,0.5800961852073669,-0.7232398390769958,-0.37471678853034973,0,0.7961202263832092,0.40611785650253296,0.44862064719200134,0,-0.17228122055530548,-0.5585628747940063,0.8113735318183899,0,0,0.28234899044036865,0,1,-0.17935803532600403,-0.17634311318397522,0.9678501486778259,0,-0.9832637906074524,0.00014161146827973425,-0.18218868970870972,0,0.03199069947004318,-0.9843284487724304,-0.17341703176498413,0,0,0.2821139991283417,0,1,0.9574428796768188,-0.23195211589336395,0.1717602163553238,0,0.09309293329715729,0.8114760518074036,0.5769229531288147,0,-0.2731977701187134,-0.5363810658454895,0.7985349893569946,0,0,0.09650900214910507,0,1,-0.7623936533927917,-0.6421442627906799,-0.08004564791917801,0,0.4366149604320526,-0.6017428040504456,0.6687840819358826,0,-0.47762274742126465,0.4749276041984558,0.7391347289085388,0,0.025661999359726906,-0.031606998294591904,0.2385219931602478,1,0.4837317168712616,-0.7818993926048279,0.3932390809059143,0,0.8745150566101074,0.4138248860836029,-0.25292810797691345,0,0.03503221645951271,0.4662427306175232,0.8839627504348755,0,0,0.2886810004711151,0,1,0.6038675904273987,0.4416514039039612,0.6635421514511108,0,-0.7969793081283569,0.3480989933013916,0.49361082911491394,0,-0.012974507175385952,-0.8269049525260925,0.5621926784515381,0,0,0.28394898772239685,0,1,0.8810530304908752,0.27056097984313965,0.38799694180488586,0,-0.46955499053001404,0.5993281006813049,0.6483247876167297,0,-0.05712605640292168,-0.7533941864967346,0.6550828218460083,0,0,0.049348000437021255,0,1
K0.134,0.9999048709869385,0.0029889957513660192,-0.013473939150571823,0,-0.0032576422672718763,0.99979567527771,-0.019960466772317886,0,0.013411514461040497,0.020002447068691254,0.9997095465660095,0,0.004484089091420174,0.5750829577445984,-0.003213293384760618,1,0.9688968658447266,-0.24744732677936554,-0.003024172270670533,0,0.2474622279405594,0.9688759446144104,0.006489743944257498,0,0.0013241771375760436,-0.007036256138235331,0.9999740123748779,0,-0.002191999927163124,0.0561939999461174,0,1,0.9393796920776367,-0.3428301513195038,-0.005725052673369646,0,0.3428778052330017,0.9392266273498535,0.016980890184640884,0,-0.00044443944352678955,-0.017914490774273872,0.9998389482498169,0,0,0.06560900062322617,0,1,0.976203441619873,-0.2168060839176178,-0.004684239625930786,0,0.2168547660112381,0.9760554432868958,0.016994982957839966,0,0.0008874625200405717,-0.017606373876333237,0.9998449683189392,0,0,0.07498200237751007,0,1,0.9956096410751343,-0.0923231691122055,0.015401353128254414,0,0.09231282770633698,0.9957295656204224,0.0013875196455046535,0,-0.015463674440979958,0.00004031452044728212,0.9998800158500671,0,0,0.08435499668121338,0,1,0.9266345500946045,0.3713899552822113,-0.05846882238984108,0,-0.3733215928077698,0.9273324012756348,-0.026180323213338852,0,0.04449690878391266,0.04608725383877754,0.9979459047317505,0,-0.1646530032157898,0.17463800311088562,0,1,-0.8815118670463562,0.3356015980243683,-0.3321269154548645,0,0.4179669916629791,0.22743092477321625,-0.8795332908630371,0,-0.21963679790496826,-0.9141368865966797,-0.3407534658908844,0,0.0024210000410676003,0.08201099932193756,-0.14988699555397034,1,0.8438798189163208,0.2330566942691803,0.4832703471183777,0,-0.4989997148513794,0.6718835234642029,0.5473309755325317,0,-0.19714245200157166,-0.7030340433120728,0.6832848191261292,0,0,0.29964199662208557,0,1,0.5940200686454773,0.8043861389160156,0.010175573639571667,0,-0.7828962802886963,0.5751493573188782,0.23722641170024872,0,0.1849692463874817,-0.14888374507427216,0.971401572227478,0,0,0.3374539911746979,0,1,0.9249180555343628,-0.30163446068763733,-0.23139360547065735,0,0.3155519366264343,0.26967036724090576,0.9097822904586792,0,-0.21202188730239868,-0.9144916534423828,0.3446047008037567,0,-0.002595999976620078,0.08220600336790085,0.14988699555397034,1,0.8846374154090881,-0.09937618672847748,-0.45556578040122986,0,0.4272679090499878,0.5639779567718506,0.7066623568534851,0,0.1867036372423172,-0.8197885751724243,0.5413762331008911,0,0,0.29964199662208557,0,1,0.37847617268562317,-0.8776857256889343,-0.29397886991500854,0,0.9236698150634766,0.37868717312812805,0.05857113376259804,0,0.05991898849606514,-0.2937072217464447,0.9540160298347473,0,0,0.3323169946670532,0,1,-0.8131701946258545,-0.5774702429771423,-0.07267018407583237,0,0.4447329640388489,-0.5359485149383545,-0.7176153659820557,0,0.37545427680015564,-0.6158626675605774,0.6926379203796387,0,0.02911500073969364,-0.031606998294591904,-0.2385219931602478,1,0.5804242491722107,-0.7231517434120178,-0.3743782639503479,0,0.7958229780197144,0.4063224494457245,0.4489635229110718,0,-0.17255042493343353,-0.5585280656814575,0.8113400936126709,0,0,0.28234899044036865,0,1,-0.18036118149757385,-0.1772310584783554,0.9675010442733765,0,-0.9830734133720398,0.0002751675492618233,-0.18321377038955688,0,0.032204944640398026,-0.9841688275337219,-0.17428070306777954,0,0,0.2821139991283417,0,1,0.9574429392814636,-0.23195309937000275,0.1717599630355835,0,0.0930938795208931,0.8114759922027588,0.576923131942749,0,-0.27319803833961487,-0.5363809466362,0.7985349893569946,0,0,0.09650900214910507,0,1,-0.7632906436920166,-0.6411046385765076,-0.07983264327049255,0,0.43593987822532654,-0.6022965908050537,0.6687272191047668,0,-0.47680649161338806,0.47563043236732483,0.7392095327377319,0,0.025661999359726906,-0.031606998294591904,0.2385219931602478,1,0.4845782220363617,-0.7817797660827637,0.392434298992157,0,0.8740038871765137,0.41421186923980713,-0.25405728816986084,0,0.036065906286239624,0.4660998582839966,0.883996844291687,0,0,0.2886810004711151,0,1,0.6036742329597473,0.442107617855072,0.663414478302002,0,-0.797132134437561,0.34782859683036804,0.4935534596443176,0,-0.012550807558000088,-0.8267742991447449,0.5623931884765625,0,0,0.28394898772239685,0,1,0.8810532093048096,0.27056053280830383,0.3879968523979187,0,-0.46955445408821106,0.5993276238441467,0.6483249664306641,0,-0.05712615326046944,-0.7533950805664062,0.6550830006599426,0,0,0.049348000437021255,0,1
K0.168,0.9998986721038818,0.0028275535441935062,-0.013915031217038631,0,-0.0031113899312913418,0.9997867941856384,-0.020418547093868256,0,0.013854331336915493,0.02045978046953678,0.9996944069862366,0,0.0045534041710197926,0.5751519799232483,-0.003156264778226614,1,0.9688944816589355,-0.24745921790599823,-0.0028621312230825424,0,0.2474728524684906,0.9688724875450134,0.0065102288499474525,0,0.0011620246805250645,-0.007016027346253395,0.9999750852584839,0,-0.002191999927163124,0.0561939999461174,0,1,0.9394012689590454,-0.34277549386024475,-0.0055207181721925735,0,0.34281933307647705,0.9392451643943787,0.017144331708550453,0,-0.0006913485121913254,-0.01799801178276539,0.9998379945755005,0,0,0.06560900062322617,0,1,0.9762166142463684,-0.21675072610378265,-0.004522141069173813,0,0.21679671108722687,0.9760655760765076,0.017170706763863564,0,0.0006921428139321506,-0.017742710188031197,0.9998419880867004,0,0,0.07498200237751007,0,1,0.9955609440803528,-0.09285635501146317,0.015367287211120129,0,0.09284677356481552,0.9956798553466797,0.0013388560619205236,0,-0.015425216406583786,0.00009389031038153917,0.9998811483383179,0,0,0.08435499668121338,0,1,0.9264745116233826,0.371817409992218,-0.05827741697430611,0,-0.37376919388771057,0.9271338582038879,-0.026822267100214958,0,0.04405798390507698,0.04663245379924774,0.9979398250579834,0,-0.1646530032157898,0.17463800311088562,0,1,-0.8815068006515503,0.33555659651756287,-0.33218464255332947,0,0.41796502470970154,0.22725248336791992,-0.879580020904541,0,-0.21965926885604858,-0.9141979217529297,-0.340575635433197,0,0.0024210000410676003,0.08201099932193756,-0.14988699555397034,1,0.8439422845840454,0.2349139302968979,0.4822618067264557,0,-0.4993608295917511,0.6724466681480408,0.546310305595398,0,-0.1959594339132309,-0.7018769383430481,0.6848129034042358,0,0,0.29964199662208557,0,1,0.5933239459991455,0.8049156665802002,0.00884610041975975,0,-0.7831887006759644,0.574699878692627,0.2373536378145218,0,0.18596558272838593,-0.14775559306144714,0.9713828563690186,0,0,0.3374539911746979,0,1,0.9249125123023987,-0.3017290532588959,-0.23129214346408844,0,0.31557270884513855,0.27003800868988037,0.9096670150756836,0,-0.2120153307914734,-0.9143520593643188,0.34497904777526855,0,-0.002595999976620078,0.08220600336790085,0.14988699555397034,1,0.885200560092926,-0.09770840406417847,-0.4548332989215851,0,0.42557504773139954,0.5649721622467041,0.7068892121315002,0,0.1878991723060608,-0.8193044662475586,0.5416959524154663,0,0,0.29964199662208557,0,1,0.378764808177948,-0.8773752450942993,-0.2945327162742615,0,0.9235320687294006,0.379018634557724,0.058600977063179016,0,0.06021830067038536,-0.29420632123947144,0.9538429379463196,0,0,0.3323169946670532,0,1,-0.8134256601333618,-0.5768190622329712,-0.07495433837175369,0,0.4459148049354553,-0.5356411337852478,-0.7171103954315186,0,0.3734947144985199,-0.6167399287223816,0.6929171681404114,0,0.02911500073969364,-0.031606998294591904,-0.2385219931602478,1,0.5803797841072083,-0.7232410311698914,-0.3742756247520447,0,0.7957684993743896,0.4060804545879364,0.449278324842453,0,-0.17295041680335999,-0.5585886240005493,0.8112130165100098,0,0,0.28234899044036865,0,1,-0.1815992146730423,-0.17798812687397003,0.9671310186386108,0,-0.9828163385391235,-0.00021492817904800177,-0.18458402156829834,0,0.033061619848012924,-0.9840324521064758,-0.17489060759544373,0,0,0.2821139991283417,0,1,0.9574430584907532,-0.23195262253284454,0.17176008224487305,0,0.09309341013431549,0.811475932598114,0.5769230127334595,0,-0.27319788932800293,-0.5363810062408447,0.7985349893569946,0,0,0.09650900214910507,0,1,-0.7638573050498962,-0.6403402090072632,-0.08054055273532867,0,0.43514326214790344,-0.6031579375267029,0.6684694886207581,0,-0.4766262471675873,0.47556832432746887,0.7393659353256226,0,0.025661999359726906,-0.031606998294591904,0.2385219931602478,1,0.485437273979187,-0.7814275622367859,0.3920730650424957,0,0.873518168926239,0.4148998558521271,-0.25460582971572876,0,0.03628495708107948,0.46607816219329834,0.8839991092681885,0,0,0.2886810004711151,0,1,0.6036749482154846,0.442126601934433,0.6634013652801514,0,-0.7971342206001282,0.347721666097641,0.4936272203922272,0,-0.012433269061148167,-0.8268097043037415,0.5623446702957153,0,0,0.28394898772239685,0,1,0.8810532093048096,0.2705605626106262,0.3879967927932739,0,-0.46955442428588867,0.5993279218673706,0.6483246684074402,0,-0.057126209139823914,-0.7533942461013794,0.6550827622413635,0,0,0.049348000437021255,0,1
K0.201,0.999891996383667,0.0028543290682137012,-0.014422855339944363,0,-0.0031526139937341213,0.9997806549072266,-0.020701149478554726,0,0.014360605739057064,0.020744388923048973,0.9996817708015442,0,0.0045641763135790825,0.5752630233764648,-0.003136999672278762,1,0.9688783884048462,-0.2475234866142273,-0.0027837692759931087,0,0.24753659963607788,0.9688563346862793,0.006523221731185913,0,0.0010824217461049557,-0.007009293418377638,0.9999750852584839,0,-0.002191999927163124,0.0561939999461174,0,1,0.939293384552002,-0.3430728018283844,-0.005406054202467203,0,0.3431142270565033,0.9391355514526367,0.017210068181157112,0,-0.000827288837172091,-0.01802019774913788,0.9998369812965393,0,0,0.06560900062322617,0,1,0.9761494994163513,-0.21705839037895203,-0.0042997002601623535,0,0.2171003371477127,0.9759963750839233,0.017254648730158806,0,0.00045122532173991203,-0.01777658239006996,0.9998416900634766,0,0,0.07498200237751007,0,1,0.9955039620399475,-0.09347958862781525,0.01527293212711811,0,0.09347231686115265,0.9956209063529968,0.0011898698285222054,0,-0.015317289158701897,0.0002430763270240277,0.9998829960823059,0,0,0.08435499668121338,0,1,0.9261381030082703,0.3726922571659088,-0.05804789811372757,0,-0.3746636211872101,0.9267528057098389,-0.02750653214752674,0,0.04354454576969147,0.04722324758768082,0.9979345202445984,0,-0.1646530032157898,0.17463800311088562,0,1,-0.8815001249313354,0.3355723023414612,-0.3321871757507324,0,0.41797053813934326,0.22723983228206635,-0.8795813918113708,0,-0.2196769118309021,-0.91419517993927,-0.34057119488716125,0,0.0024210000410676003,0.08201099932193756,-0.14988699555397034,1,0.8440653681755066,0.2363896518945694,0.48132485151290894,0,-0.49956634640693665,0.6728801131248474,0.5455873608589172,0,-0.19490274786949158,-0.7009653449058533,0.686047375202179,0,0,0.29964199662208557,0,1,0.5923100709915161,0.8056702613830566,0.007984570227563381,0,-0.7837406396865845,0.5738329291343689,0.2376263588666916,0,0.1868666708469391,-0.1470063030719757,0.9713234901428223,0,0,0.3374539911746979,0,1,0.9248713254928589,-0.3016248345375061,-0.23159514367580414,0,0.315726637840271,0.2695843577384949,0.9097478985786438,0,-0.21196793019771576,-0.914519727230072,0.34456154704093933,0,-0.002595999976620078,0.08220600336790085,0.14988699555397034,1,0.8858305215835571,-0.09618935734033585,-0.45392876863479614,0,0.4235958158969879,0.5669454336166382,0.7064985036849976,0,0.18939527869224548,-0.8181205987930298,0.5429632067680359,0,0,0.29964199662208557,0,1,0.37851575016975403,-0.8772557973861694,-0.29520902037620544,0,0.9236207008361816,0.3788018822669983,0.058598555624485016,0,0.06041979789733887,-0.29484158754348755,0.9536337852478027,0,0,0.3323169946670532,0,1,-0.8139337301254272,-0.5758293271064758,-0.07702759653329849,0,0.4468075633049011,-0.5357169508934021,-0.7164992094039917,0,0.37131598591804504,-0.617598831653595,0.6933223009109497,0,0.02911500073969364,-0.031606998294591904,-0.2385219931602478,1,0.5808892250061035,-0.7230842709541321,-0.3737865388393402,0,0.7952842712402344,0.4063073396682739,0.44992950558662415,0,-0.1734648495912552,-0.5586260557174683,0.8110775947570801,0,0,0.28234899044036865,0,1,-0.18279966711997986,-0.17853042483329773,0.9668048024177551,0,-0.9825804829597473,-0.000290629017399624,-0.18583618104457855,0,0.033458415418863297,-0.9839341640472412,-0.1753672957420349,0,0,0.2821139991283417,0,1,0.9574429392814636,-0.23195308446884155,0.1717599630355835,0,0.0930938646197319,0.8114759922027588,0.576923131942749,0,-0.27319803833961487,-0.5363809466362,0.7985349893569946,0,0,0.09650900214910507,0,1,-0.7643879055976868,-0.6396031975746155,-0.0813504233956337,0,0.4342668354511261,-0.6039897799491882,0.6682875156402588,0,-0.4765740931034088,0.475503534078598,0.7394415140151978,0,0.025661999359726906,-0.031606998294591904,0.2385219931602478,1,0.48631349205970764,-0.7810224890708923,0.39179563522338867,0,0.8730441927909851,0.41586750745773315,-0.2546514570713043,0,0.03595341742038727,0.4658951461315155,0.8841087818145752,0,0,0.2886810004711151,0,1,0.603709876537323,0.4422439634799957,0.6632906794548035,0,-0.797106146812439,0.34789422154426575,0.4935494661331177,0,-0.012485758401453495,-0.8266739249229431,0.5625426173210144,0,0,0.28394898772239685,0,1,0.8810532689094543,0.2705605626106262,0.3879968225955963,0,-0.46955442428588867,0.5993279218673706,0.6483246684074402,0,-0.057126209139823914,-0.7533942461013794,0.6550827622413635,0,0,0.049348000437021255,0,1
