2.700,30,80,25
B0,mixamorig_Hips,-1,-0.9589276313781738,-0.28199100494384766,0.030648158863186836,0,-0.2801969051361084,0.9585144519805908,0.052333295345306396,0,-0.0441342368721962,0.04159633815288544,-0.9981593489646912,0,0.01701344922184944,0.7394441962242126,9.287421107728733e-7,1
B1,mixamorig_Spine,0,0.9854170680046082,0.07497462630271912,0.15274716913700104,0,-0.07916546612977982,0.9966285228729248,0.02153327688574791,0,-0.150617778301239,-0.03331156447529793,0.9880303740501404,0,-0.040713999420404434,0.11680400371551514,0,1
B2,mixamorig_Spine1,1,0.9391032457351685,-0.2610885202884674,0.22342243790626526,0,0.27517905831336975,0.9607961177825928,-0.033876318484544754,0,-0.20581866800785065,0.09329452365636826,0.9741326570510864,0,0,0.1443129926919937,0,1
B3,mixamorig_Spine2,2,0.9757373332977295,-0.07190457731485367,0.20679941773414612,0,0.08554823696613312,0.9946558475494385,-0.05779661610722542,0,-0.20153844356536865,0.07408565282821655,0.9766743779182434,0,0,0.16492900252342224,0,1
B4,mixamorig_Neck,3,0.7712860107421875,-0.5343747735023499,-0.3457770049571991,0,0.5352025628089905,0.8385334610939026,-0.10207995027303696,0,0.3444945514202118,-0.10632791370153427,0.9327479004859924,0,0,0.18554499745368958,0,1
B5,mixamorig_Head,4,0.8856775164604187,0.15144197642803192,-0.4389090836048126,0,-0.26059019565582275,0.9445176124572754,-0.19994857907295227,0,0.38427644968032837,0.291465163230896,0.8760017156600952,0,-0.06834299862384796,0.14684300124645233,0,1
B6,mixamorig_HeadTop_End,5,1,0,0,0,0,1,0,0,0,0,1,0,-0.3594529926776886,0.7723299860954285,0,1
B7,mixamorig_LeftShoulder,3,-0.8825034499168396,-0.029200755059719086,-0.4693976044654846,0,0.4687076210975647,-0.13679833710193634,-0.872696042060852,0,-0.038729477673769,-0.9901689291000366,0.1344117671251297,0,-0.012795000337064266,0.15593400597572327,-0.27072998881340027,1
B8,mixamorig_LeftArm,7,-0.951378345489502,-0.04652669280767441,-0.3044889271259308,0,-0.2798512578010559,0.5435681343078613,0.7913392186164856,0,0.12869206070899963,0.8380744457244873,-0.5301594734191895,0,0,0.5410029888153076,0,1
B9,mixamorig_LeftForeArm,8,0.8142554759979248,-0.26252761483192444,0.5177517533302307,0,0.5583065748214722,0.10986372828483582,-0.8223283290863037,0,0.15900176763534546,0.9586495161056519,0.2360280305147171,0,0,0.5627570152282715,0,1
B10,mixamorig_LeftHand,9,1,0,0,0,0,1,0,0,0,0,1,0,0,1.0936410427093506,0,1
B11,mixamorig_RightShoulder,3,0.9817858338356018,-0.0377684012055397,0.18619771301746368,0,-0.18983671069145203,-0.23432976007461548,0.9534421563148499,0,0.007621671538800001,-0.9714228510856628,-0.23723140358924866,0,-0.008383000269532204,0.15439699590206146,0.27072998881340027,1
B12,mixamorig_RightArm,11,-0.5797390937805176,-0.5784176588058472,-0.5738772749900818,0,-0.8145968317985535,0.39562174677848816,0.4241657257080078,0,-0.018306663259863853,0.7133839726448059,-0.7005345225334167,0,0,0.5410029888153076,0,1
B13,mixamorig_RightForeArm,12,0.35226452350616455,-0.332515150308609,-0.8748390078544617,0,-0.17390312254428864,0.8952221870422363,-0.4102867543697357,0,0.9196017980575562,0.29666668176651,0.2575295865535736,0,0,0.5520840287208557,0,1
B14,mixamorig_RightHand,13,1,0,0,0,0,1,0,0,0,0,1,0,0,1.095674991607666,0,1
B15,mixamorig_LeftUpLeg,0,-0.6577104330062866,-0.5978977680206299,0.4581872224807739,0,-0.2578517198562622,-0.3928144872188568,-0.8827281594276428,0,0.7077637314796448,-0.6987237930297852,0.10418929159641266,0,-0.03310500085353851,-0.06489100307226181,-0.6518999934196472,1
B16,mixamorig_LeftLeg,15,0.42947763204574585,-0.843635082244873,-0.322224885225296,0,0.8893544673919678,0.4570775330066681,-0.011323820799589157,0,0.1568349450826645,-0.2817087769508362,0.9465951323509216,0,0,0.5143960118293762,0,1
B17,mixamorig_LeftFoot,16,-0.1206883117556572,-0.8792487382888794,0.4608204960823059,0,-0.9826673865318298,0.04001656174659729,-0.18100745975971222,0,0.14071018993854523,-0.47467899322509766,-0.8688390254974365,0,0,0.5403140187263489,0,1
B18,mixamorig_LeftToeBase,17,0.9753299355506897,-0.10128975659608841,0.19614028930664062,0,-0.02528175339102745,0.831417977809906,0.555073082447052,0,-0.21929773688316345,-0.5463380217552185,0.8083459734916687,0,0,0.18944300711154938,0,1
B19,mixamorig_LeftToe_End,18,1,0,0,0,0,1,0,0,0,0,1,0,0,0.08649799972772598,0,1
B20,mixamorig_RightUpLeg,0,0.026674386113882065,-0.9249577522277832,0.37913423776626587,0,0.9229568243026733,0.16847048699855804,0.3460747301578522,0,-0.3839772343635559,0.3406931161880493,0.8581896424293518,0,0.012934999540448189,-0.06489100307226181,0.6518999934196472,1
B21,mixamorig_RightLeg,20,0.39864078164100647,-0.8148450255393982,0.4208477735519409,0,0.8828077912330627,0.4652673602104187,0.06462570279836655,0,-0.2484666109085083,0.3457651734352112,0.9048258066177368,0,0,0.51419597864151,0,1
B22,mixamorig_RightFoot,21,0.5192124843597412,0.5711896419525146,0.6357364654541016,0,-0.709234356880188,0.7030221819877625,-0.05240485817193985,0,-0.47686994075775146,-0.42367681860923767,0.770125150680542,0,0,0.5446490049362183,0,1
B23,mixamorig_RightToeBase,22,0.8903340697288513,0.05587012693285942,0.45186686515808105,0,-0.38226690888404846,0.630856990814209,0.6751970648765564,0,-0.247340127825737,-0.7738850116729736,0.5830309987068176,0,0,0.09893500059843063,0,1
B24,mixamorig_RightToe_End,23,1,0,0,0,0,1,0,0,0,0,1,0,0,0.08592099696397781,0,1
@20,0,1,2,3,4,5,7,8,9,11,12,13,15,16,17,18,20,21,22,23
K0,0.6395381689071655,-0.13152392208576202,0.7574247717857361,0,0.052212633192539215,0.9904119968414307,0.1278950572013855,0,-0.7669841051101685,-0.04224664345383644,0.6402736902236938,0,0.027757998555898666,0.9018319845199585,0.0142000000923872,1,0.9881680011749268,0.14346906542778015,-0.05422686040401459,0,-0.14468491077423096,0.9892920851707458,-0.019182084128260612,0,0.05089414119720459,0.026800917461514473,0.9983440041542053,0,-0.040713999420404434,0.11680400371551514,0,1,0.9877619743347168,-0.10418388992547989,-0.11607125401496887,0,0.10036510229110718,0.9942139983177185,-0.03828905150294304,0,0.11938874423503876,0.02617095597088337,0.9925029873847961,0,0,0.1443129926919937,0,1,0.9873239994049072,0.10216085612773895,-0.12146499007940292,0,-0.10456813126802444,0.9944250583648682,-0.013594974763691425,0,0.11939901858568192,0.026124024763703346,0.9925029873847961,0,0,0.16492900252342224,0,1,0.9177979230880737,-0.3621830642223358,-0.1626950204372406,0,0.3663689196109772,0.9304590821266174,-0.0045721158385276794,0,0.15303699672222137,-0.055410124361515045,0.9866660237312317,0,0,0.18554499745368958,0,1,0.9169910550117493,0.06648144870996475,-0.3933298587799072,0,-0.0962805524468422,0.9937490224838257,-0.05649842694401741,0,0.38711515069007874,0.0896785780787468,0.9176599979400635,0,-0.06834299862384796,0.14684300124645233,0,1,-0.955422043800354,-0.0502108670771122,-0.2909429669380188,0,0.28989487886428833,0.02718641608953476,-0.9566720128059387,0,0.05594506114721298,-0.998369038105011,-0.011418621055781841,0,-0.012795000337064266,0.15593400597572327,-0.27072998881340027,1,-0.9797080159187317,0.1886918544769287,0.06758900731801987,0,0.16611814498901367,0.5757359862327576,0.800583004951477,0,0.11214999854564667,0.7955649495124817,-0.5953980088233948,0,0,0.5410029888153076,0,1,0.11647191643714905,0.12673670053482056,0.985075056552887,0,0.4711107015609741,0.8660961985588074,-0.16713176667690277,0,-0.8743509650230408,0.4835452437400818,0.04116884991526604,0,0,0.5627570152282715,0,1,0.8920531272888184,0.11369994282722473,-0.4373936653137207,0,0.43690696358680725,0.030504049733281136,0.8989899158477783,0,0.11555733531713486,-0.9930468797683716,-0.02246505580842495,0,-0.008383000269532204,0.15439699590206146,0.27072998881340027,1,-0.7095718383789062,-0.5336866974830627,-0.46009427309036255,0,-0.6677590608596802,0.30084413290023804,0.6808748245239258,0,-0.22495730221271515,0.7903620600700378,-0.5698447823524475,0,0,0.5410029888153076,0,1,-0.20979702472686768,-0.31935492157936096,-0.9241201281547546,0,-0.742902934551239,0.6665500402450562,-0.061688169836997986,0,0.6356731653213501,0.6735899448394775,-0.3770901560783386,0,0,0.5520840287208557,0,1,-0.316713809967041,-0.9390329718589783,0.1338256150484085,0,0.4552728235721588,-0.27427026629447937,-0.8470549583435059,0,0.8321172595024109,-0.20734697580337524,0.5143816471099854,0,-0.03310500085353851,-0.06489100307226181,-0.6518999934196472,1,0.409707635641098,-0.7884929776191711,-0.4587152600288391,0,0.8724339604377747,0.4855771064758301,-0.055440232157707214,0,0.26645568013191223,-0.37748420238494873,0.8868520259857178,0,0,0.5143960118293762,0,1,-0.32228147983551025,-0.4153898060321808,0.8506382703781128,0,-0.9155529141426086,0.3651770353317261,-0.16854991018772125,0,-0.24061962962150574,-0.8331249356269836,-0.49800118803977966,0,0,0.5403140187263489,0,1,0.9753310084342957,-0.10128875821828842,0.19613903760910034,0,-0.025281766429543495,0.8314177393913269,0.5550723671913147,0,-0.219295933842659,-0.5463376641273499,0.8083462119102478,0,0,0.18944300711154938,0,1,-0.9123161435127258,-0.3952799141407013,0.10692798346281052,0,0.34362712502479553,-0.5969998836517334,0.7249220609664917,0,-0.222710981965065,0.6981009840965271,0.6804810762405396,0,0.012934999540448189,-0.06489100307226181,0.6518999934196472,1,0.3990201950073242,-0.8933298587799072,0.2067451775074005,0,0.8901020288467407,0.4315198063850403,0.14665797352790833,0,-0.22022885084152222,0.1255049705505371,0.9673410654067993,0,0,0.51419597864151,0,1,0.207342728972435,0.9399120211601257,0.27124500274658203,0,-0.9632208943367004,0.14770516753196716,0.2244722843170166,0,0.1709200143814087,-0.3078117370605469,0.9359691143035889,0,0,0.5446490049362183,0,1,0.8903340697288513,0.05587106570601463,0.4518679082393646,0,-0.38226792216300964,0.6308568716049194,0.6751962304115295,0,-0.24734006822109222,-0.7738848924636841,0.5830311179161072,0,0,0.09893500059843063,0,1
K0.034,0.6522142887115479,-0.13475218415260315,0.7459613084793091,0,0.04872561991214752,0.9894902110099792,0.13614167273044586,0,-0.7564672827720642,-0.0524461604654789,0.6519259810447693,0,0.024378705769777298,0.8941605091094971,0.016525356099009514,1,0.9879276752471924,0.1448245644569397,-0.05500263720750809,0,-0.14606650173664093,0.9890871644020081,-0.01925380900502205,0,0.05161397159099579,0.02705540880560875,0.9983004927635193,0,-0.040713999420404434,0.11680400371551514,0,1,0.9877870082855225,-0.10155130177736282,-0.11817201972007751,0,0.09759867936372757,0.9944700598716736,-0.03878265246748924,0,0.12145689129829407,0.026775553822517395,0.9922353029251099,0,0,0.1443129926919937,0,1,0.9867687821388245,0.10485153645277023,-0.12366816401481628,0,-0.10733955353498459,0.9941290616989136,-0.013611909933388233,0,0.12151489406824112,0.02670629508793354,0.9922302961349487,0,0,0.16492900252342224,0,1,0.9184873104095459,-0.35862457752227783,-0.1666402667760849,0,0.36229175329208374,0.9320220351219177,-0.00891504529863596,0,0.1585095375776291,-0.052184026688337326,0.9859769940376282,0,0,0.18554499745368958,0,1,0.916124165058136,0.06670615822076797,-0.395306795835495,0,-0.097580187022686,0.9935075044631958,-0.05849254131317139,0,0.38883838057518005,0.09216051548719406,0.9166852831840515,0,-0.06834299862384796,0.14684300124645233,0,1,-0.9574406743049622,-0.05094921588897705,-0.2840980887413025,0,0.28332430124282837,0.02196863293647766,-0.9587728381156921,0,0.05508994311094284,-0.9984598755836487,-0.0065983799286186695,0,-0.012795000337064266,0.15593400597572327,-0.27072998881340027,1,-0.9785718321800232,0.19264332950115204,0.07270840555429459,0,0.17232419550418854,0.5729326009750366,0.8012822866439819,0,0.1127045750617981,0.7966411113739014,-0.5938524007797241,0,0,0.5410029888153076,0,1,0.11506538838148117,0.12799012660980225,0.9850779175758362,0,0.47388267517089844,0.8644772171974182,-0.16767407953739166,0,-0.8730383515357971,0.4861050248146057,0.038819119334220886,0,0,0.5627570152282715,0,1,0.8958303928375244,0.10650095343589783,-0.43144577741622925,0,0.4290068745613098,0.04602501168847084,0.9021273851394653,0,0.11593471467494965,-0.9932464361190796,-0.004459033720195293,0,-0.008383000269532204,0.15439699590206146,0.27072998881340027,1,-0.7144303321838379,-0.534821629524231,-0.4511699676513672,0,-0.6583871245384216,0.29553115367889404,0.692234218120575,0,-0.236887127161026,0.791597843170166,-0.5632562041282654,0,0,0.5410029888153076,0,1,-0.20945334434509277,-0.32071176171302795,-0.9237284660339355,0,-0.7452253699302673,0.6639664173126221,-0.06154615804553032,0,0.6330630779266357,0.6754946112632751,-0.3780724108219147,0,0,0.5520840287208557,0,1,-0.301409512758255,-0.9430779814720154,0.1405581533908844,0,0.4643712341785431,-0.27393844723701477,-0.8422093391418457,0,0.8327732086181641,-0.18857868015766144,0.5205057859420776,0,-0.03310500085353851,-0.06489100307226181,-0.6518999934196472,1,0.4256514012813568,-0.7806492447853088,-0.4576096832752228,0,0.8661327362060547,0.49789828062057495,-0.04373447597026825,0,0.26198431849479675,-0.3777349591255188,0.8880767822265625,0,0,0.5143960118293762,0,1,-0.3172542452812195,-0.39909785985946655,0.8602734804153442,0,-0.9093373417854309,0.3855014443397522,-0.15650635957717896,0,-0.26917535066604614,-0.8319311738014221,-0.4852166175842285,0,0,0.5403140187263489,0,1,0.9753310084342957,-0.10128913074731827,0.1961400806903839,0,-0.025282131507992744,0.8314180374145508,0.5550730228424072,0,-0.21929699182510376,-0.5463380217552185,0.8083459734916687,0,0,0.18944300711154938,0,1,-0.9176125526428223,-0.3821564018726349,0.10928428173065186,0,0.3343369662761688,-0.5934131145477295,0.7321745753288269,0,-0.2149544507265091,0.7083903551101685,0.6722924113273621,0,0.012934999540448189,-0.06489100307226181,0.6518999934196472,1,0.37310361862182617,-0.9053854942321777,0.2026575803756714,0,0.901881754398346,0.4051859378814697,0.14978033304214478,0,-0.21772290766239166,0.12688955664634705,0.9677268266677856,0,0,0.51419597864151,0,1,0.18162505328655243,0.9499484300613403,0.25418534874916077,0,-0.9641843438148499,0.12122216075658798,0.23591145873069763,0,0.19329075515270233,-0.28792887926101685,0.9379420876502991,0,0,0.5446490049362183,0,1,0.8903339505195618,0.055871348828077316,0.45186811685562134,0,-0.38226863741874695,0.6308569312095642,0.6751968860626221,0,-0.24733981490135193,-0.7738852500915527,0.5830308198928833,0,0,0.09893500059843063,0,1
K0.067,0.6540331840515137,-0.140386700630188,0.7433250546455383,0,0.045405708253383636,0.9881420135498047,0.14667223393917084,0,-0.7551015615463257,-0.06217731535434723,0.6526520252227783,0,0.021203026175498962,0.8884983658790588,0.018486585468053818,1,0.9877387285232544,0.14580465853214264,-0.05578912794589996,0,-0.1470763087272644,0.9889348745346069,-0.01938818395137787,0,0.05234496667981148,0.02735573798418045,0.9982544183731079,0,-0.040713999420404434,0.11680400371551514,0,1,0.9878665208816528,-0.0997556820511818,-0.11903365701436996,0,0.09566830843687057,0.9946253895759583,-0.03958560898900032,0,0.1223427951335907,0.027717547491192818,0.9921006560325623,0,0,0.1443129926919937,0,1,0.9864227771759033,0.10682784765958786,-0.12472798675298691,0,-0.10942012816667557,0.993895947933197,-0.014100675471127033,0,0.12246028333902359,0.027556978166103363,0.99209064245224,0,0,0.16492900252342224,0,1,0.920638918876648,-0.3495196998119354,-0.17395779490470886,0,0.3522038161754608,0.9357830882072449,-0.01622283086180687,0,0.16845685243606567,-0.046333201229572296,0.9846198558807373,0,0,0.18554499745368958,0,1,0.9148963689804077,0.06689698994159698,-0.3981066346168518,0,-0.09771136194467545,0.9935465455055237,-0.05759890004992485,0,0.39168447256088257,0.09159661829471588,0.9155292510986328,0,-0.06834299862384796,0.14684300124645233,0,1,-0.9597200155258179,-0.05168943852186203,-0.2761624753475189,0,0.27567484974861145,0.01647944748401642,-0.96110999584198,0,0.05423017963767052,-0.9985267519950867,-0.0015660520875826478,0,-0.012795000337064266,0.15593400597572327,-0.27072998881340027,1,-0.9771435260772705,0.19806364178657532,0.07721321284770966,0,0.17934447526931763,0.5730568170547485,0.7996506094932556,0,0.11413408070802689,0.795220673084259,-0.5954798460006714,0,0,0.5410029888153076,0,1,0.1157585009932518,0.1291685849428177,0.9848427176475525,0,0.4773811101913452,0.8622515797615051,-0.16920135915279388,0,-0.8710383772850037,0.48973220586776733,0.03815034031867981,0,0,0.5627570152282715,0,1,0.8989309072494507,0.09820415079593658,-0.4269413352012634,0,0.4223523437976837,0.06459446996450424,0.9041266441345215,0,0.11636712402105331,-0.993067741394043,0.016589224338531494,0,-0.008383000269532204,0.15439699590206146,0.27072998881340027,1,-0.7225159406661987,-0.5323432087898254,-0.4411146938800812,0,-0.6451418399810791,0.28979119658470154,0.7069745659828186,0,-0.24852199852466583,0.795382022857666,-0.5528156757354736,0,0,0.5410029888153076,0,1,-0.20972034335136414,-0.32137298583984375,-0.9234369993209839,0,-0.746252179145813,0.6628442406654358,-0.06120170280337334,0,0.631763756275177,0.6762819886207581,-0.37883734703063965,0,0,0.5520840287208557,0,1,-0.3011077642440796,-0.9417040944099426,0.15009614825248718,0,0.46381548047065735,-0.28215768933296204,-0.8397988677024841,0,0.8331926465034485,-0.1832529455423355,0.5217366218566895,0,-0.03310500085353851,-0.06489100307226181,-0.6518999934196472,1,0.4412986636161804,-0.7761873006820679,-0.4503210783004761,0,0.859989583492279,0.5091253519058228,-0.03478492423892021,0,0.2562694847583771,-0.3719208240509033,0.8921892046928406,0,0,0.5143960118293762,0,1,-0.3121344745159149,-0.3965646028518677,0.8633121252059937,0,-0.9071767926216125,0.3942773640155792,-0.14688174426555634,0,-0.28213655948638916,-0.8290244340896606,-0.4828221797943115,0,0,0.5403140187263489,0,1,0.9753299951553345,-0.10128942131996155,0.19614090025424957,0,-0.025282422080636024,0.8314172625541687,0.5550727248191833,0,-0.21929803490638733,-0.5463383197784424,0.8083457350730896,0,0,0.18944300711154938,0,1,-0.9138602018356323,-0.3854047656059265,0.12776467204093933,0,0.3476409316062927,-0.5801213383674622,0.7366172075271606,0,-0.20977658033370972,0.7175806760787964,0.6641316413879395,0,0.012934999540448189,-0.06489100307226181,0.6518999934196472,1,0.34262508153915405,-0.9172249436378479,0.2032405138015747,0,0.9144182205200195,0.3752184212207794,0.15182539820671082,0,-0.21551759541034698,0.13382761180400848,0.9672863483428955,0,0,0.51419597864151,0,1,0.1636802852153778,0.955743670463562,0.24446628987789154,0,-0.9643830060958862,0.10282344371080399,0.24370494484901428,0,0.20778262615203857,-0.2756488621234894,0.938533365726471,0,0,0.5446490049362183,0,1,0.8903340101242065,0.05587177723646164,0.45186716318130493,0,-0.3822682797908783,0.6308569312095642,0.6751970052719116,0,-0.2473389208316803,-0.7738849520683289,0.5830310583114624,0,0,0.09893500059843063,0,1
K0.101,0.64690762758255,-0.1480892449617386,0.748050332069397,0,0.042022645473480225,0.9863943457603455,0.1589326113462448,0,-0.761409342288971,-0.07137972861528397,0.6443295478820801,0,0.018210871145129204,0.884681224822998,0.02003178745508194,1,0.9876503944396973,0.14599986374378204,-0.05684608966112137,0,-0.14732173085212708,0.9888911843299866,-0.019779369235038757,0,0.053326770663261414,0.027909742668271065,0.9981869459152222,0,-0.040713999420404434,0.11680400371551514,0,1,0.9878395199775696,-0.0996338278055191,-0.1193569153547287,0,0.09535569697618484,0.9945969581604004,-0.04104813188314438,0,0.12280178815126419,0.029167601838707924,0.9920026063919067,0,0,0.1443129926919937,0,1,0.9862956404685974,0.1072261780500412,-0.1253933310508728,0,-0.1099860668182373,0.9938154816627502,-0.015277886763215065,0,0.12297968566417694,0.028860043734312057,0.9919896125793457,0,0,0.16492900252342224,0,1,0.9235231876373291,-0.33712488412857056,-0.1828988492488861,0,0.33918052911758423,0.940489649772644,-0.020893514156341553,0,0.17905814945697784,-0.04274006932973862,0.9829099178314209,0,0,0.18554499745368958,0,1,0.9127222299575806,0.06367893517017365,-0.40358778834342957,0,-0.09661649912595749,0.9934033751487732,-0.061758942902088165,0,0.3969928026199341,0.09536201506853104,0.9128538966178894,0,-0.06834299862384796,0.14684300124645233,0,1,-0.9609953761100769,-0.052227091044187546,-0.2715868651866913,0,0.27129507064819336,0.012733906507492065,-0.9624117016792297,0,0.053722355514764786,-0.998553991317749,0.001931728096678853,0,-0.012795000337064266,0.15593400597572327,-0.27072998881340027,1,-0.9752164483070374,0.20526069402694702,0.08258344233036041,0,0.18836618959903717,0.5744651556015015,0.7965603470802307,0,0.11606118083000183,0.7923744916915894,-0.5988918542861938,0,0,0.5410029888153076,0,1,0.11508722603321075,0.1285059154033661,0.9850081205368042,0,0.4796626567840576,0.8611437678337097,-0.16838960349559784,0,-0.8698726892471313,0.4918511211872101,0.03746715933084488,0,0,0.5627570152282715,0,1,0.9018715023994446,0.09002421796321869,-0.4225195348262787,0,0.4158288240432739,0.08422274887561798,0.905535101890564,0,0.11710583418607712,-0.9923720955848694,0.03852343559265137,0,-0.008383000269532204,0.15439699590206146,0.27072998881340027,1,-0.7331310510635376,-0.5270487666130066,-0.42981213331222534,0,-0.6288123726844788,0.28457704186439514,0.723609209060669,0,-0.2590627372264862,0.8007717728614807,-0.5400471091270447,0,0,0.5410029888153076,0,1,-0.21413496136665344,-0.32032081484794617,-0.9227895140647888,0,-0.7449154853820801,0.664646327495575,-0.05785458907485008,0,0.6318606734275818,0.6750114560127258,-0.380935937166214,0,0,0.5520840287208557,0,1,-0.3126591742038727,-0.9359810948371887,0.1618141084909439,0,0.4553947448730469,-0.29720714688301086,-0.8392155170440674,0,0.8335822820663452,-0.18869911134243011,0.5191653370857239,0,-0.03310500085353851,-0.06489100307226181,-0.6518999934196472,1,0.4562155306339264,-0.7746846675872803,-0.4378705322742462,0,0.8541657328605652,0.519210696220398,-0.0286406222730875,0,0.24953457713127136,-0.36094775795936584,0.8985812067985535,0,0,0.5143960118293762,0,1,-0.3071834444999695,-0.4052610993385315,0.8610470294952393,0,-0.908786416053772,0.39341020584106445,-0.13905200362205505,0,-0.2823922634124756,-0.8252222537994385,-0.48914483189582825,0,0,0.5403140187263489,0,1,0.9753310084342957,-0.10128912329673767,0.19614006578922272,0,-0.025282127782702446,0.8314180374145508,0.5550730228424072,0,-0.21929697692394257,-0.5463380217552185,0.8083459734916687,0,0,0.18944300711154938,0,1,-0.9015742540359497,-0.40193167328834534,0.16004405915737152,0,0.3796987533569336,-0.5578421950340271,0.7379978895187378,0,-0.20734547078609467,0.7261286973953247,0.6555494666099548,0,0.012934999540448189,-0.06489100307226181,0.6518999934196472,1,0.3087138831615448,-0.9281553030014038,0.20790448784828186,0,0.9269705414772034,0.3425665497779846,0.15288881957530975,0,-0.21312546730041504,0.14552228152751923,0.9661266207695007,0,0,0.51419597864151,0,1,0.15322937071323395,0.9583165645599365,0.24114400148391724,0,-0.9643897414207458,0.09178286790847778,0.24805012345314026,0,0.21557754278182983,-0.2705652415752411,0.9382540583610535,0,0,0.5446490049362183,0,1,0.8903329372406006,0.05587190017104149,0.45186808705329895,0,-0.382269024848938,0.6308569312095642,0.6751960515975952,0,-0.24733977019786835,-0.7738850116729736,0.5830311179161072,0,0,0.09893500059843063,0,1
K0.135,0.6324628591537476,-0.157459557056427,0.7584167122840881,0,0.038340210914611816,0.9842836260795593,0.172380268573761,0,-0.7736408114433289,-0.07994633913040161,0.6285603642463684,0,0.015347524546086788,0.8823967576026917,0.021078603342175484,1,0.9876018166542053,0.145643413066864,-0.058566343039274216,0,-0.1470438838005066,0.9889212846755981,-0.020334845408797264,0,0.05495588481426239,0.02869456261396408,0.9980767369270325,0,-0.040713999420404434,0.11680400371551514,0,1,0.9876466393470764,-0.10070032626390457,-0.12005933374166489,0,0.096170574426651,0.9944371581077576,-0.042958784848451614,0,0.12371747195720673,0.030881939455866814,0.9918373227119446,0,0,0.1443129926919937,0,1,0.9862298369407654,0.10650240629911423,-0.1265222579240799,0,-0.10947597771883011,0.9938485026359558,-0.016765521839261055,0,0.12395834177732468,0.03038579411804676,0.9918220639228821,0,0,0.16492900252342224,0,1,0.9265989065170288,-0.3212950825691223,-0.1954050362110138,0,0.3223794102668762,0.9462223649024963,-0.02712399885058403,0,0.1936114877462387,-0.03786150738596916,0.9803478121757507,0,0,0.18554499745368958,0,1,0.9099297523498535,0.057414863258600235,-0.4107704162597656,0,-0.09272187203168869,0.9934660792350769,-0.06653513759374619,0,0.40426650643348694,0.09862973541021347,0.9093081951141357,0,-0.06834299862384796,0.14684300124645233,0,1,-0.9628788828849792,-0.05254814401268959,-0.26477158069610596,0,0.26465630531311035,0.009263072162866592,-0.9642980694770813,0,0.05312467738986015,-0.9985758066177368,0.004987982101738453,0,-0.012795000337064266,0.15593400597572327,-0.27072998881340027,1,-0.9741860628128052,0.2095838189125061,0.0838794931769371,0,0.1928073614835739,0.5792136192321777,0.7920462489128113,0,0.11741597205400467,0.7877731919288635,-0.6046711802482605,0,0,0.5410029888153076,0,1,0.11868231743574142,0.1289602369070053,0.9845222234725952,0,0.4766390025615692,0.8624216914176941,-0.17042453587055206,0,-0.8710507750511169,0.48948773741722107,0.04088670387864113,0,0,0.5627570152282715,0,1,0.9056166410446167,0.08187434077262878,-0.41612017154693604,0,0.40747278928756714,0.10405373573303223,0.9072702527046204,0,0.11758091300725937,-0.9911960363388062,0.0608711875975132,0,-0.008383000269532204,0.15439699590206146,0.27072998881340027,1,-0.7444131970405579,-0.5211927890777588,-0.41738060116767883,0,-0.610966145992279,0.2794848680496216,0.7406805157661438,0,-0.2693861126899719,0.8063787221908569,-0.5264841318130493,0,0,0.5410029888153076,0,1,-0.2225845903158188,-0.31861412525177,-0.921379566192627,0,-0.7440710067749023,0.666180431842804,-0.05061512440443039,0,0.6299322247505188,0.6743061542510986,-0.38535329699516296,0,0,0.5520840287208557,0,1,-0.3318328857421875,-0.926643967628479,0.17668694257736206,0,0.4369875490665436,-0.3169877827167511,-0.8417600393295288,0,0.8360195159912109,-0.20211371779441833,0.5101189613342285,0,-0.03310500085353851,-0.06489100307226181,-0.6518999934196472,1,0.47187548875808716,-0.7731743454933167,-0.4237165153026581,0,0.8484807014465332,0.5288447737693787,-0.020088881254196167,0,0.23961234092712402,-0.3500356376171112,0.9055718779563904,0,0,0.5143960118293762,0,1,-0.3016473054885864,-0.41900864243507385,0.8564113974571228,0,-0.9128069281578064,0.3862963616847992,-0.13251137733459473,0,-0.2753050923347473,-0.8217096924781799,-0.49899911880493164,0,0,0.5403140187263489,0,1,0.9753299951553345,-0.10128910094499588,0.19613993167877197,0,-0.025282107293605804,0.8314180374145508,0.5550730228424072,0,-0.21929706633090973,-0.5463380217552185,0.8083459734916687,0,0,0.18944300711154938,0,1,-0.8805809020996094,-0.4281982481479645,0.20303797721862793,0,0.4258815348148346,-0.5271313190460205,0.7353621125221252,0,-0.20785312354564667,0.734015941619873,0.6465434432029724,0,0.012934999540448189,-0.06489100307226181,0.6518999934196472,1,0.27351096272468567,-0.9373454451560974,0.2158111184835434,0,0.9386327266693115,0.3091173470020294,0.153019979596138,0,-0.21014361083507538,0.1607147753238678,0.9643704295158386,0,0,0.51419597864151,0,1,0.1502123326063156,0.9582659602165222,0.24323579668998718,0,-0.964519202709198,0.08801186084747314,0.24891038239002228,0,0.21711458265781403,-0.27199485898017883,0.9374858140945435,0,0,0.5446490049362183,0,1,0.8903340101242065,0.055871788412332535,0.45186716318130493,0,-0.3822683095932007,0.6308569312095642,0.6751970052719116,0,-0.2473389208316803,-0.7738849520683289,0.5830310583114624,0,0,0.09893500059843063,0,1
K0.169,0.6122471690177917,-0.16803766787052155,0.7726035118103027,0,0.034171588718891144,0.9818655252456665,0.18647199869155884,0,-0.7899274230003357,-0.08776592463254929,0.6068868041038513,0,0.012521463446319103,0.8812897205352783,0.021559687331318855,1,0.9874722957611084,0.14581851661205292,-0.06029285863041878,0,-0.14727896451950073,0.9888823628425598,-0.02050883322954178,0,0.056631989777088165,0.029131783172488213,0.9979701638221741,0,-0.040713999420404434,0.11680400371551514,0,1,0.9876539707183838,-0.10068619251251221,-0.12001098692417145,0,0.09600677341222763,0.9944005012512207,-0.04417037591338158,0,0.12378625571727753,0.03210315853357315,0.9917895793914795,0,0,0.1443129926919937,0,1,0.9861496090888977,0.10691904276609421,-0.12679633498191833,0,-0.11001851409673691,0.9937720894813538,-0.017678437754511833,0,0.12411653995513916,0.031383540481328964,0.9917713403701782,0,0,0.16492900252342224,0,1,0.9269437193870544,-0.3115132451057434,-0.20912806689739227,0,0.31023773550987244,0.9498278498649597,-0.03974130004644394,0,0.21101568639278412,-0.028041483834385872,0.9770805239677429,0,0,0.18554499745368958,0,1,0.9074622988700867,0.05398673936724663,-0.4166495203971863,0,-0.09104681760072708,0.9934130907058716,-0.06957986205816269,0,0.41014885902404785,0.10107574611902237,0.9064005017280579,0,-0.06834299862384796,0.14684300124645233,0,1,-0.964731752872467,-0.053051888942718506,-0.25783249735832214,0,0.2579522728919983,0.00469601433724165,-0.9661461710929871,0,0.05246669054031372,-0.9985807538032532,0.009154423139989376,0,-0.012795000337064266,0.15593400597572327,-0.27072998881340027,1,-0.9739924669265747,0.2111300379037857,0.0822351798415184,0,0.19341619312763214,0.5856917500495911,0.7871183753013611,0,0.11801982671022415,0.7825527787208557,-0.6112949848175049,0,0,0.5410029888153076,0,1,0.1225573718547821,0.12823869287967682,0.9841418862342834,0,0.46786725521087646,0.8670495748519897,-0.1712455153465271,0,-0.8752598166465759,0.48143500089645386,0.04626461863517761,0,0,0.5627570152282715,0,1,0.9083395600318909,0.07259414345026016,-0.4118845462799072,0,0.4010646343231201,0.12807731330394745,0.907051682472229,0,0.1185997948050499,-0.9891039133071899,0.08722279965877533,0,-0.008383000269532204,0.15439699590206146,0.27072998881340027,1,-0.7478944659233093,-0.5211365818977356,-0.41118237376213074,0,-0.6000576615333557,0.2658580243587494,0.7544862627983093,0,-0.28387439250946045,0.8110097050666809,-0.5115460157394409,0,0,0.5410029888153076,0,1,-0.23076091706752777,-0.3190048933029175,-0.9192308783531189,0,-0.7466031908988953,0.6638813018798828,-0.04296480491757393,0,0.6239657402038574,0.6763856410980225,-0.39136767387390137,0,0,0.5520840287208557,0,1,-0.3575354814529419,-0.9134371876716614,0.19442211091518402,0,0.41341325640678406,-0.3414783179759979,-0.8440864682197571,0,0.8374112248420715,-0.22141426801681519,0.4997178614139557,0,-0.03310500085353851,-0.06489100307226181,-0.6518999934196472,1,0.4876958429813385,-0.7720129489898682,-0.40761464834213257,0,0.8421225547790527,0.5391176342964172,-0.013508306816220284,0,0.23018065094947815,-0.33667322993278503,0.9130542278289795,0,0,0.5143960118293762,0,1,-0.29779598116874695,-0.4391310513019562,0.8476328253746033,0,-0.9182736873626709,0.3744761049747467,-0.12861008942127228,0,-0.26094165444374084,-0.8166588544845581,-0.5147601366043091,0,0,0.5403140187263489,0,1,0.9753300547599792,-0.1012890413403511,0.19613978266716003,0,-0.02528204582631588,0.8314180970191956,0.5550729036331177,0,-0.2192969024181366,-0.546337902545929,0.8083460927009583,0,0,0.18944300711154938,0,1,-0.8507875204086304,-0.4605461657047272,0.2530971169471741,0,0.48110976815223694,-0.48886191844940186,0.7276996374130249,0,-0.2114098221063614,0.7408856153488159,0.6374911069869995,0,0.012934999540448189,-0.06489100307226181,0.6518999934196472,1,0.2395065426826477,-0.9442375302314758,0.2259492427110672,0,0.9486992955207825,0.2770821154117584,0.15229810774326324,0,-0.2064119130373001,0.1778813600540161,0.9621597528457642,0,0,0.51419597864151,0,1,0.1544264703989029,0.9559235572814941,0.24972492456436157,0,-0.9648701548576355,0.09153831750154495,0.24626237154006958,0,0.21254877746105194,-0.2789817154407501,0.9364787340164185,0,0,0.5446490049362183,0,1,0.8903340697288513,0.05587196350097656,0.45186781883239746,0,-0.3822689354419708,0.630856990814209,0.6751970648765564,0,-0.24733909964561462,-0.7738850712776184,0.5830309391021729,0,0,0.09893500059843063,0,1
K0.202,0.5878912806510925,-0.17931394279003143,0.7888156175613403,0,0.029418913647532463,0.9792171716690063,0.20067067444324493,0,-0.8084051609039307,-0.09476649016141891,0.5809487104415894,0,0.009654673747718334,0.8810009956359863,0.02142854779958725,1,0.9873233437538147,0.14626678824424744,-0.06163864955306053,0,-0.1477959156036377,0.9887953996658325,-0.02100059948861599,0,0.057876281440258026,0.02984430268406868,0.9978777170181274,0,-0.040713999420404434,0.11680400371551514,0,1,0.98787921667099,-0.10018855333328247,-0.11856308579444885,0,0.09532458335161209,0.9943814277648926,-0.046021610498428345,0,0.12250776588916779,0.03416181355714798,0.9918790459632874,0,0,0.1443129926919937,0,1,0.9861703515052795,0.10785508155822754,-0.12584146857261658,0,-0.11115437000989914,0.9936126470565796,-0.01947660744190216,0,0.1229369267821312,0.03319505229592323,0.9918590784072876,0,0,0.16492900252342224,0,1,0.9265678524971008,-0.303356796503067,-0.2223661243915558,0,0.2990474998950958,0.9527290463447571,-0.05364582687616348,0,0.2281285673379898,-0.01679154485464096,0.9734864830970764,0,0,0.18554499745368958,0,1,0.9054330587387085,0.04830840602517128,-0.4217309355735779,0,-0.08819495886564255,0.9932318329811096,-0.07557705044746399,0,0.41522568464279175,0.10562452673912048,0.9035657048225403,0,-0.06834299862384796,0.14684300124645233,0,1,-0.9656304717063904,-0.053446680307388306,-0.25436434149742126,0,0.2546405792236328,0.0016899650217965245,-0.9670343399047852,0,0.05211459845304489,-0.9985688924789429,0.011977937072515488,0,-0.012795000337064266,0.15593400597572327,-0.27072998881340027,1,-0.9729979038238525,0.21533802151679993,0.08309953659772873,0,0.19763383269309998,0.5912719368934631,0.7818811535835266,0,0.11923427134752274,0.7771916389465332,-0.617864191532135,0,0,0.5410029888153076,0,1,0.12418530136346817,0.1282852590084076,0.9839311838150024,0,0.4637942314147949,0.8691151738166809,-0.17185255885124207,0,-0.8771961331367493,0.477683424949646,0.04843338951468468,0,0,0.5627570152282715,0,1,0.9115117788314819,0.06194864213466644,-0.4065810739994049,0,0.39355555176734924,0.1556587666273117,0.9060268998146057,0,0.11941502243280411,-0.985866129398346,0.1175045445561409,0,-0.008383000269532204,0.15439699590206146,0.27072998881340027,1,-0.7466179728507996,-0.5253697037696838,-0.4081030786037445,0,-0.5932455062866211,0.24820974469184875,0.7658011317253113,0,-0.30103376507759094,0.8138667345046997,-0.4969915449619293,0,0,0.5410029888153076,0,1,-0.2409927248954773,-0.320487916469574,-0.9160844087600708,0,-0.7520716786384583,0.6582816243171692,-0.03245067223906517,0,0.6134413480758667,0.6811404824256897,-0.39967080950737,0,0,0.5520840287208557,0,1,-0.385983943939209,-0.8968908190727234,0.2158760130405426,0,0.38442274928092957,-0.3691038489341736,-0.8461564779281616,0,0.8385909795761108,-0.2436152845621109,0.4872536361217499,0,-0.03310500085353851,-0.06489100307226181,-0.6518999934196472,1,0.5048031806945801,-0.7692887783050537,-0.3916219472885132,0,0.8344978094100952,0.550970733165741,-0.006634972523897886,0,0.2208765149116516,-0.32345840334892273,0.9201018810272217,0,0,0.5143960118293762,0,1,-0.2950759828090668,-0.46152156591415405,0.8366169333457947,0,-0.9239233136177063,0.36097750067710876,-0.1267351657152176,0,-0.2435086965560913,-0.8103660941123962,-0.5329260230064392,0,0,0.5403140187263489,0,1,0.9753311276435852,-0.1012880727648735,0.1961374580860138,0,-0.02528107911348343,0.8314188718795776,0.5550711154937744,0,-0.219294473528862,-0.5463367104530334,0.8083480596542358,0,0,0.18944300711154938,0,1,-0.8128204941749573,-0.4955616295337677,0.3061717450618744,0,0.5401566624641418,-0.44444653391838074,0.7146307826042175,0,-0.21806679666042328,0.7462478280067444,0.6289366483688354,0,0.012934999540448189,-0.06489100307226181,0.6518999934196472,1,0.20898953080177307,-0.9486753940582275,0.23735593259334564,0,0.9568087458610535,0.24852216243743896,0.15084458887577057,0,-0.20209084451198578,0.19557936489582062,0.9596397876739502,0,0,0.51419597864151,0,1,0.16521993279457092,0.9514675140380859,0.2596389949321747,0,-0.9653277397155762,0.10206380486488342,0.24026040732860565,0,0.2021002322435379,-0.290332555770874,0.9353410005569458,0,0,0.5446490049362183,0,1,0.8903340697288513,0.05587127059698105,0.45186689496040344,0,-0.3822678029537201,0.6308570504188538,0.675197184085846,0,-0.2473391890525818,-0.7738848924636841,0.5830310583114624,0,0,0.09893500059843063,0,1
