1.000,30,29,33
B0,mixamorig_Hips,-1,0.9994410276412964,0.0022406785283237696,-0.03335174545645714,0,-0.001117311418056488,0.9994329810142517,0.03366304188966751,0,0.033408261835575104,-0.033606965094804764,0.9988769292831421,0,0.005402000155299902,0.5487480163574219,0.007685000076889992,1
B1,mixamorig_Spine,0,0.9997449517250061,-0.005519005004316568,0.0218989085406065,0,0.005039992742240429,0.9997479915618896,0.02186897210776806,0,-0.022014087066054344,-0.02175302803516388,0.9995209574699402,0,0,0.11110000312328339,-0.009592000395059586,1
B2,mixamorig_Spine1,1,0.9988769888877869,0.01586628518998623,0.04463294520974159,0,-0.01777670718729496,0.9989280104637146,0.04273677244782448,0,-0.04390706121921539,-0.04348223656415939,0.9980890154838562,0,0,0.13009800016880035,0,1
B3,mixamorig_Spine2,2,0.9988669753074646,0.01788484863936901,0.044106338173151016,0,-0.019749151542782784,0.9989140629768372,0.04220137745141983,0,-0.043303657323122025,-0.04302460700273514,0.998134970664978,0,0,0.14868399500846863,0,1
B4,mixamorig_Neck,3,0.999301016330719,-0.0012447736226022243,-0.0373622328042984,0,0.0041422164067626,0.9969779849052429,0.07757323235273361,0,0.03715274855494499,-0.07767374813556671,0.9962859749794006,0,0,0.1672690063714981,0,1
B5,mixamorig_Head,4,0.9963399767875671,-0.037096258252859116,-0.07700992375612259,0,0.03264676034450531,0.9977680444717407,-0.0582546666264534,0,0.07899904996156693,0.05552731081843376,0.9953269362449646,0,0,0.061935000121593475,0.041638001799583435,1
B6,mixamorig_HeadTop_End,5,1,0,0,0,0,1,0,0,0,0,1,0,0,0.3509509861469269,0.2359369993209839,1
B7,mixamorig_LeftShoulder,3,0.14936824142932892,0.004926914349198341,-0.988768994808197,0,0.9730530381202698,0.17691820859909058,0.14787571132183075,0,0.17565995454788208,-0.9842130541801453,0.021631795912981033,0,0.1751130074262619,0.19006000459194183,-0.002339000115171075,1
B8,mixamorig_LeftArm,7,0.8993930816650391,0.4364778399467468,-0.02405981905758381,0,-0.006218027323484421,0.06780743598937988,0.9976789355278015,0,0.4370962083339691,-0.8971558809280396,0.06369957327842712,0,0,0.3328019976615906,0,1
B9,mixamorig_LeftForeArm,8,0.9814178943634033,0.1917732059955597,0.0065103378146886826,0,-0.19180479645729065,0.9814220666885376,0.004639716818928719,0,-0.005499614402651787,-0.0058022141456604,0.9999679923057556,0,0,0.39250099658966064,0,1
B10,mixamorig_LeftHand,9,0.9948769807815552,-0.06383589655160904,-0.07838772237300873,0,0.07695911824703217,0.9810500741004944,0.17781664431095123,0,0.06555120646953583,-0.182938352227211,0.9809369444847107,0,0,0.3555609881877899,0,1
B11,mixamorig_LeftHandIndex1,10,-0.2567548453807831,-0.31175506114959717,0.9148141145706177,0,-0.07815723866224289,0.9501429796218872,0.3018588125705719,0,-0.9633110761642456,0.006004354450851679,-0.2683199942111969,0,0,0.1563519984483719,0,1
B12,mixamorig_LeftHandIndex2,11,0.8742841482162476,-0.4759998917579651,-0.09514107555150986,0,0.36507701873779297,0.5156140923500061,0.7751519680023193,0,-0.3199162185192108,-0.7124370336532593,0.6245699524879456,0,0,0.07732199877500534,0,1
B13,mixamorig_LeftHandIndex3,12,0.9872789978981018,-0.08049511909484863,0.1371191293001175,0,0.08051089197397232,0.9967390298843384,0.005439889617264271,0,-0.13710986077785492,0.005668894853442907,0.990540087223053,0,-0.022495999932289124,0.0492280013859272,-0.07839500159025192,1
B14,mixamorig_LeftHandIndex4,13,1,0,0,0,0,1,0,0,0,0,1,0,-0.00749199977144599,0.02568800002336502,-0.04678000137209892,1
B15,mixamorig_RightShoulder,3,0.11189793050289154,-0.0072966949082911015,0.9936929941177368,0,-0.9812459349632263,0.1571301370859146,0.11165007948875427,0,-0.156953826546669,-0.9875510334968567,0.010422705672681332,0,-0.1751130074262619,0.18933099508285522,0.00609799986705184,1
B16,mixamorig_RightArm,15,0.8913658857345581,-0.44648629426956177,-0.07821334898471832,0,0.18113870918750763,0.1926872581243515,0.9643959999084473,0,-0.4155188798904419,-0.8737971186637878,0.2526307702064514,0,0,0.33279600739479065,0,1
B17,mixamorig_RightForeArm,16,0.919188916683197,-0.3938170373439789,0.0008875029743649065,0,0.39380696415901184,0.9191439747810364,-0.00953303836286068,0,0.00293852761387825,0.0091121606528759,0.9999539852142334,0,0,0.3922550082206726,0,1
B18,mixamorig_RightHand,17,0.16930924355983734,0.09698090702295303,-0.9807800054550171,0,0.02109418250620365,0.9945619702339172,0.10198511928319931,0,0.9853370785713196,-0.03795577958226204,0.16634279489517212,0,0,0.3557170033454895,0,1
B19,mixamorig_RightHandIndex1,18,-0.9411510825157166,-0.3050469160079956,-0.14553634822368622,0,-0.32617104053497314,0.93259197473526,0.15454493463039398,0,0.08858265727758408,0.19291998445987701,-0.977208137512207,0,0,0.2134229987859726,0,1
B20,mixamorig_RightHandIndex2,19,0.8741059899330139,-0.4855159819126129,0.014591670595109463,0,0.46432092785835266,0.8440141081809998,0.2684149444103241,0,-0.142635315656662,-0.2278479039669037,0.9631929993629456,0,0,0.05642800033092499,0,1
B21,mixamorig_RightHandIndex3,20,0.9918130040168762,-0.10946106165647507,0.06576109677553177,0,0.12041593343019485,0.9731109142303467,-0.1963523030281067,0,-0.042499955743551254,0.20266368985176086,0.9783260822296143,0,-0.007871000096201897,0.0676570013165474,-0.02751299925148487,1
B22,mixamorig_RightHandIndex4,21,1,0,0,0,0,1,0,0,0,0,1,0,-0.003519000019878149,0.058681000024080276,-0.013879000209271908,1
B23,mixamorig_LeftUpLeg,0,-0.9739290475845337,-0.0062829237431287766,0.2267661839723587,0,0.1301269382238388,-0.8342822194099426,0.535761833190918,0,0.1858207881450653,0.5513022541999817,0.8133489489555359,0,0.17341700196266174,-0.06148499995470047,-0.015062999911606312,1
B24,mixamorig_LeftLeg,23,0.9546090364456177,0.2863207757472992,0.08210697025060654,0,0.09261607378721237,-0.023332078009843826,-0.9954289197921753,0,-0.2830962538719177,0.9578498601913452,-0.04879091680049896,0,0,0.22782500088214874,0,1
B25,mixamorig_LeftFoot,24,0.9993770122528076,0.02398284710943699,0.025907248258590698,0,-0.025844756513834,-0.002911853604018688,0.999661922454834,0,0.024050159379839897,-0.9997079968452454,-0.0022902071941643953,0,0,0.1571580022573471,0,1
B26,mixamorig_LeftToeBase,25,0.9989039897918701,-0.04602780565619469,0.008461971767246723,0,0.016441069543361664,0.5144308805465698,0.8573740720748901,0,-0.04381617531180382,-0.8562958240509033,0.5146241784095764,0,0,0.2575500011444092,0,1
B27,mixamorig_LeftToe_End,26,1,0,0,0,0,1,0,0,0,0,1,0,0,0.12922899425029755,0,1
B28,mixamorig_RightUpLeg,0,-0.9884800910949707,0.030787812545895576,-0.1481875777244568,0,-0.08526934683322906,-0.922203004360199,0.377187043428421,0,-0.12504632771015167,0.3854779303073883,0.9142049551010132,0,-0.17341700196266174,-0.06148499995470047,-0.007178000174462795,1
B29,mixamorig_RightLeg,28,0.9519558548927307,-0.19540300965309143,-0.23579132556915283,0,-0.0973227247595787,0.5370079874992371,-0.8379440307617188,0,0.2903587818145752,0.8206340670585632,0.49219104647636414,0,0,0.22769199311733246,0,1
B30,mixamorig_RightFoot,29,0.997855007648468,0.0652472972869873,-0.0052742501720786095,0,0.007932723499834538,-0.04055273160338402,0.9991459250450134,0,0.06497771292924881,-0.9970449209213257,-0.040983349084854126,0,0,0.1583160012960434,0,1
B31,mixamorig_RightToeBase,30,0.9926689267158508,0.003326024627313018,0.12081825733184814,0,-0.07939678430557251,0.771628201007843,0.6310988068580627,0,-0.09112778306007385,-0.6360652446746826,0.7662359476089478,0,0,0.25699400901794434,0,1
B32,mixamorig_RightToe_End,31,1,0,0,0,0,1,0,0,0,0,1,0,0,0.1294270008802414,0,1
@28,0,1,2,3,4,5,7,8,9,10,11,12,13,15,16,17,18,19,20,21,23,24,25,26,28,29,30,31
K0,-0.033351704478263855,0.0022406834177672863,-0.9994409680366516,0,0.033663034439086914,0.9994329810142517,0.0011173175880685449,0,0.9988768696784973,-0.033606961369514465,-0.03340822085738182,0,0.0076849996112287045,0.5487480163574219,-0.005401999689638615,1,0.9997449517250061,-0.005519005935639143,0.0218989085406065,0,0.0050399936735630035,0.9997479915618896,0.02186897210776806,0,-0.022014087066054344,-0.02175302803516388,0.9995209574699402,0,0,0.11110000312328339,-0.009592000395059586,1,0.9988769888877869,0.015866288915276527,0.04463294520974159,0,-0.01777671091258526,0.9989280104637146,0.04273676872253418,0,-0.04390706121921539,-0.043482232838869095,0.9980890154838562,0,0,0.13009800016880035,0,1,0.9988669753074646,0.01788484863936901,0.04410634562373161,0,-0.019749151542782784,0.9989140629768372,0.04220138490200043,0,-0.04330366104841232,-0.043024614453315735,0.998134970664978,0,0,0.14868399500846863,0,1,0.999301016330719,-0.0012447780463844538,-0.037362240254879,0,0.00414222152903676,0.9969779849052429,0.07757323980331421,0,0.03715275600552559,-0.07767375558614731,0.9962859749794006,0,0,0.1672690063714981,0,1,0.9963399767875671,-0.03709625080227852,-0.07700993120670319,0,0.032646749168634415,0.9977680444717407,-0.058254677802324295,0,0.07899905741214752,0.05552732199430466,0.9953269362449646,0,0,0.061935000121593475,0.041638001799583435,1,0.14936821162700653,0.004927230998873711,-0.9887689352035522,0,0.973052978515625,0.1769181340932846,0.14787571132183075,0,0.1756598800420761,-0.9842130541801453,0.021631501615047455,0,0.1751130074262619,0.19006000459194183,-0.002339000115171075,1,0.8993930816650391,0.436477929353714,-0.024059759452939034,0,-0.006218050606548786,0.06780725717544556,0.9976790547370911,0,0.4370962679386139,-0.8971559405326843,0.06369941681623459,0,0,0.3328019976615906,0,1,0.9814178943634033,0.1917731910943985,0.006510364357382059,0,-0.19180478155612946,0.9814220666885376,0.004639748949557543,0,-0.005499634426087141,-0.00580225046724081,0.9999679923057556,0,0,0.39250099658966064,0,1,0.9948769807815552,-0.06383588165044785,-0.07838775217533112,0,0.07695911079645157,0.9810500741004944,0.17781664431095123,0,0.06555123627185822,-0.182938352227211,0.9809369444847107,0,0,0.3555609881877899,0,1,-0.25675487518310547,-0.311755508184433,0.9148138761520386,0,-0.07815755903720856,0.9501428604125977,0.30185917019844055,0,-0.963310956954956,0.006004204973578453,-0.26832011342048645,0,0,0.1563519984483719,0,1,0.8742840886116028,-0.4759999215602875,-0.09514117240905762,0,0.36507707834243774,0.5156139731407166,0.7751519680023193,0,-0.3199162185192108,-0.7124370336532593,0.6245698928833008,0,0,0.07732199877500534,0,1,0.9872789978981018,-0.08049511164426804,0.1371191293001175,0,0.08051088452339172,0.9967390298843384,0.00543989147990942,0,-0.13710986077785492,0.0056688920594751835,0.990540087223053,0,-0.022495999932289124,0.0492280013859272,-0.07839500159025192,1,0.11189806461334229,-0.00729678850620985,0.9936930537223816,0,-0.9812459349632263,0.15713045001029968,0.1116502583026886,0,-0.15695418417453766,-0.9875510334968567,0.010422642342746258,0,-0.1751130074262619,0.18933099508285522,0.00609799986705184,1,0.8913658261299133,-0.4464864730834961,-0.07821309566497803,0,0.1811385452747345,0.19268740713596344,0.9643959999084473,0,-0.4155190885066986,-0.8737969398498535,0.2526308596134186,0,0,0.33279600739479065,0,1,0.919188916683197,-0.3938170075416565,0.0008874947670847178,0,0.39380693435668945,0.9191440343856812,-0.009532935917377472,0,0.002938494784757495,0.009112062864005566,0.9999539852142334,0,0,0.3922550082206726,0,1,0.16930922865867615,0.09698109328746796,-0.9807799458503723,0,0.021094094961881638,0.9945619106292725,0.10198529064655304,0,0.9853370189666748,-0.03795571252703667,0.16634279489517212,0,0,0.3557170033454895,0,1,-0.9411508440971375,-0.305046945810318,-0.1455363631248474,0,-0.32617107033729553,0.93259197473526,0.15454496443271637,0,0.08858263492584229,0.1929200142621994,-0.9772078990936279,0,0,0.2134229987859726,0,1,0.8741059899330139,-0.4855160117149353,0.014591650106012821,0,0.46432095766067505,0.844014048576355,0.26841503381729126,0,-0.14263536036014557,-0.22784797847270966,0.9631929993629456,0,0,0.05642800033092499,0,1,0.9918130040168762,-0.10946106165647507,0.06576106697320938,0,0.12041593343019485,0.9731109142303467,-0.1963523030281067,0,-0.042499929666519165,0.20266368985176086,0.9783260822296143,0,-0.007871000096201897,0.0676570013165474,-0.02751299925148487,1,-0.9739288091659546,-0.006282986141741276,0.2267662137746811,0,0.13012701272964478,-0.8342820405960083,0.5357617735862732,0,0.1858207732439041,0.5513021945953369,0.8133489489555359,0,0.17341700196266174,-0.06148499995470047,-0.015062999911606312,1,0.9546090364456177,0.2863208055496216,0.08210668712854385,0,0.09261579066514969,-0.023332109674811363,-0.9954289197921753,0,-0.2830962836742401,0.9578498005867004,-0.04879086837172508,0,0,0.22782500088214874,0,1,0.9993769526481628,0.02398308925330639,0.025907400995492935,0,-0.025844911113381386,-0.0029118636157363653,0.9996620416641235,0,0.024050399661064148,-0.9997080564498901,-0.0022902069613337517,0,0,0.1571580022573471,0,1,0.9989039897918701,-0.04602782800793648,0.008461860939860344,0,0.01644117385149002,0.514430820941925,0.8573741316795349,0,-0.04381614178419113,-0.8562958836555481,0.5146241188049316,0,0,0.2575500011444092,0,1,-0.9884800910949707,0.030787723138928413,-0.14818760752677917,0,-0.08526927977800369,-0.922203004360199,0.377187043428421,0,-0.12504638731479645,0.3854779303073883,0.9142049551010132,0,-0.17341700196266174,-0.06148499995470047,-0.007178000174462795,1,0.9519559144973755,-0.1954028308391571,-0.23579135537147522,0,-0.09732283651828766,0.5370080471038818,-0.8379439115524292,0,0.29035863280296326,0.8206340074539185,0.4921911358833313,0,0,0.22769199311733246,0,1,0.997855007648468,0.06524702906608582,-0.005274571944028139,0,0.007933028042316437,-0.040552712976932526,0.999146044254303,0,0.06497742980718613,-0.9970450401306152,-0.040983349084854126,0,0,0.1583160012960434,0,1,0.9926689267158508,0.0033261291682720184,0.12081826478242874,0,-0.07939686626195908,0.771628201007843,0.6310988068580627,0,-0.09112771600484848,-0.6360652446746826,0.7662359476089478,0,0,0.25699400901794434,0,1
K0.034,-0.024199768900871277,0.004252648446708918,-0.9996979832649231,0,0.04449426755309105,0.9990048408508301,0.0031726232264190912,0,0.9987163543701172,-0.0444040447473526,-0.02436489798128605,0,0.01255868375301361,0.5547052025794983,-0.005410170182585716,1,0.99996417760849,-0.006581797264516354,0.005295441020280123,0,0.006503361742943525,0.9998710751533508,0.014695634134113789,0,-0.005391481798142195,-0.014660669490695,0.9998781085014343,0,0,0.11110000312328339,-0.009592000395059586,1,0.9994304180145264,0.007330762222409248,0.032933223992586136,0,-0.008598776534199715,0.9992210268974304,0.03852727264165878,0,-0.032625142484903336,-0.03878852352499962,0.9987151622772217,0,0,0.13009800016880035,0,1,0.9994348287582397,0.009042821824550629,0.032387323677539825,0,-0.010278276167809963,0.999217689037323,0.03818528726696968,0,-0.03201667219400406,-0.03849657624959946,0.9987456202507019,0,0,0.14868399500846863,0,1,0.9994449615478516,-0.0037128662224859,-0.033104751259088516,0,0.0062946658581495285,0.9969155192375183,0.07822921127080917,0,0.032712195068597794,-0.07839420437812805,0.996385931968689,0,0,0.1672690063714981,0,1,0.9978252649307251,-0.035517368465662,-0.05552901327610016,0,0.03267408907413483,0.9981491565704346,-0.05129928141832352,0,0.05724821612238884,0.0493733249604702,0.9971383213996887,0,0,0.061935000121593475,0.041638001799583435,1,0.13235023617744446,0.005980266723781824,-0.9911847114562988,0,0.9745556712150574,0.1817164272069931,0.13122615218162537,0,0.18089933693408966,-0.9833327531814575,0.018222132697701454,0,0.1751130074262619,0.19006000459194183,-0.002339000115171075,1,0.9111067056655884,0.4016977846622467,-0.0923180803656578,0,0.07735758274793625,0.053345054388046265,0.9955751299858093,0,0.40484514832496643,-0.9142168164253235,0.01752866804599762,0,0,0.3328019976615906,0,1,0.9814951419830322,0.1913757622241974,0.006508780177682638,0,-0.1914074569940567,0.9815002083778381,0.0046302201226353645,0,-0.005502254702150822,-0.005790365394204855,0.9999679923057556,0,0,0.39250099658966064,0,1,0.9964696764945984,-0.04194853827357292,-0.07272563129663467,0,0.05792803317308426,0.9705317616462708,0.23390842974185944,0,0.06077040731906891,-0.23729544878005981,0.969535231590271,0,0,0.3555609881877899,0,1,-0.25511062145233154,-0.29874059557914734,0.9196041226387024,0,-0.0902448371052742,0.9542790651321411,0.28496983647346497,0,-0.9626916646957397,-0.01029068324714899,-0.27040666341781616,0,0,0.1563519984483719,0,1,0.8741813898086548,-0.47619596123695374,-0.09510357677936554,0,0.36518874764442444,0.5155975222587585,0.7751105427742004,0,-0.32006925344467163,-0.7123178243637085,0.6246270537376404,0,0,0.07732199877500534,0,1,0.9872427582740784,-0.08059582859277725,0.1373169720172882,0,0.08061841875314713,0.9967307448387146,0.005406432785093784,0,-0.13730370998382568,0.005732812453061342,0.9905120730400085,0,-0.022495999932289124,0.0492280013859272,-0.07839500159025192,1,0.11795781552791595,-0.0071722096763551235,0.9929923415184021,0,-0.979853093624115,0.16145072877407074,0.11756311357021332,0,-0.16116255521774292,-0.9868543744087219,0.012016680091619492,0,-0.1751130074262619,0.18933099508285522,0.00609799986705184,1,0.8751267194747925,-0.4741683900356293,-0.09653382748365402,0,0.22073917090892792,0.21365603804588318,0.9516435861587524,0,-0.43061384558677673,-0.8541166186332703,0.291643351316452,0,0,0.33279600739479065,0,1,0.8977167010307312,-0.44057127833366394,0.001407625968568027,0,0.4405601918697357,0.8976600170135498,-0.01066563930362463,0,0.0034354047384113073,0.010194865055382252,0.9999423623085022,0,0,0.3922550082206726,0,1,0.16813816130161285,0.14588546752929688,-0.9749084711074829,0,-0.028032824397087097,0.9892962574958801,0.1432037502527237,0,0.9853647947311401,0.0032514133490622044,0.170428067445755,0,0,0.3557170033454895,0,1,-0.9390482306480408,-0.3114708662033081,-0.14551427960395813,0,-0.33271509408950806,0.929933488368988,0.15660548210144043,0,0.08654049038887024,0.195474773645401,-0.9768826961517334,0,0,0.2134229987859726,0,1,0.8740853667259216,-0.48555299639701843,0.014597405679523945,0,0.4643569886684418,0.8439977765083313,0.2684038281440735,0,-0.14264445006847382,-0.2278294414281845,0.9631959795951843,0,0,0.05642800033092499,0,1,0.9918078780174255,-0.10950060933828354,0.06578017771244049,0,0.12045908719301224,0.9731045961380005,-0.19636188447475433,0,-0.04250921308994293,0.202676922082901,0.9783223271369934,0,-0.007871000096201897,0.0676570013165474,-0.02751299925148487,1,-0.976384699344635,0.004712014924734831,0.21598750352859497,0,0.13011741638183594,-0.7852630019187927,0.6053351163864136,0,0.1724594384431839,0.6191440224647522,0.7661061882972717,0,0.17341700196266174,-0.06148499995470047,-0.015062999911606312,1,0.9370892643928528,0.2506556510925293,0.24297083914279938,0,0.16921038925647736,0.28263548016548157,-0.9441849589347839,0,-0.30533748865127563,0.9258986711502075,0.22244110703468323,0,0,0.22782500088214874,0,1,0.9979556202888489,0.06307139247655869,0.010301236994564533,0,-0.019089477136731148,0.14036625623703003,0.9899157285690308,0,0.060989439487457275,-0.9880889654159546,0.1412833333015442,0,0,0.1571580022573471,0,1,0.9945065379142761,0.014227114617824554,-0.10370262712240219,0,0.06645860522985458,0.6795947551727295,0.7305715084075928,0,0.08086970448493958,-0.7334502935409546,0.6749160289764404,0,0,0.2575500011444092,0,1,-0.9873912930488586,0.040396638214588165,-0.15305426716804504,0,-0.07565402239561081,-0.9697422981262207,0.23211243748664856,0,-0.139046773314476,0.24076522886753082,0.9605723023414612,0,-0.17341700196266174,-0.06148499995470047,-0.007178000174462795,1,0.9584659337997437,-0.16317787766456604,-0.2339162677526474,0,-0.0837588757276535,0.6229504942893982,-0.7777644395828247,0,0.27263200283050537,0.7650526762008667,0.583408772945404,0,0,0.22769199311733246,0,1,0.9952326416969299,0.09744346141815186,0.00405828608199954,0,0.005951480008661747,-0.10221376270055771,0.9947443604469299,0,0.09734614938497543,-0.9899778366088867,-0.10230640321969986,0,0,0.1583160012960434,0,1,0.9924218058586121,0.0030441666021943092,0.12284383177757263,0,-0.08000969886779785,0.7747556567192078,0.6271774768829346,0,-0.09326471388339996,-0.6322533488273621,0.7691279649734497,0,0,0.25699400901794434,0,1
K0.069,-0.0128701226785779,0.000494729436468333,-0.9999165534973145,0,0.05599275231361389,0.9984312653541565,-0.00022669923782814294,0,0.9983484148979187,-0.0559910349547863,-0.01287764124572277,0,0.01580781862139702,0.5541096329689026,-0.005384775809943676,1,0.9999176263809204,0.004768147598952055,-0.011894844472408295,0,-0.004690846893936396,0.9999675154685974,0.0065181381069123745,0,0.011925538070499897,-0.006461804267019033,0.9999075531959534,0,0,0.11110000312328339,-0.009592000395059586,1,0.9997777938842773,-0.0043244557455182076,0.020626172423362732,0,0.003598346607759595,0.999376654624939,0.03511134162545204,0,-0.020765168592333794,-0.03502935171127319,0.9991710186004639,0,0,0.13009800016880035,0,1,0.9997904300689697,-0.0029128333553671837,0.020264921709895134,0,0.0022069334518164396,0.9993929266929626,0.034769151359796524,0,-0.0203538965433836,-0.0347171388566494,0.9991899132728577,0,0,0.14868399500846863,0,1,0.999640166759491,-0.0015816343948245049,-0.02676483243703842,0,0.0036302891094237566,0.9970499873161316,0.07666829973459244,0,0.026564616709947586,-0.0767378881573677,0.9966970682144165,0,0,0.1672690063714981,0,1,0.9986861348152161,-0.03498797118663788,-0.037450261414051056,0,0.03305288404226303,0.9981462955474854,-0.05109868571162224,0,0.03916868567466736,0.04979371652007103,0.9979915618896484,0,0,0.061935000121593475,0.041638001799583435,1,0.11693233251571655,0.006833279971033335,-0.9931164383888245,0,0.9758222103118896,0.18513624370098114,0.11616987735033035,0,0.18465563654899597,-0.9826890826225281,0.014980370178818703,0,0.1751130074262619,0.19006000459194183,-0.002339000115171075,1,0.9177585244178772,0.36461910605430603,-0.15739423036575317,0,0.15491963922977448,0.0362311415374279,0.9872622489929199,0,0.3656773269176483,-0.9304519891738892,-0.023235227912664413,0,0,0.3328019976615906,0,1,0.9819446206092834,0.18905574083328247,0.006497356109321117,0,-0.18908700346946716,0.9819498062133789,0.004573937971144915,0,-0.005515347234904766,-0.005719918292015791,0.9999680519104004,0,0,0.39250099658966064,0,1,0.9976186752319336,-0.011832947842776775,-0.0679549127817154,0,0.029275493696331978,0.964677631855011,0.26180300116539,0,0.062456659972667694,-0.2631688714027405,0.9627264738082886,0,0,0.3555609881877899,0,1,-0.2549792528152466,-0.29585906863212585,0.9205725789070129,0,-0.0887935608625412,0.9551818370819092,0.28238803148269653,0,-0.9628605842590332,-0.009737824089825153,-0.26982176303863525,0,0,0.1563519984483719,0,1,0.8740811944007874,-0.4763867259025574,-0.0950658991932869,0,0.3652969300746918,0.5155820250511169,0.775070071220398,0,-0.3202187120914459,-0.7122011780738831,0.6246830224990845,0,0,0.07732199877500534,0,1,0.9872080683708191,-0.0806938037276268,0.13750982284545898,0,0.08072291314601898,0.9967219829559326,0.005374004133045673,0,-0.13749274611473083,0.005794935394078493,0.9904860854148865,0,-0.022495999932289124,0.0492280013859272,-0.07839500159025192,1,0.1253078728914261,-0.007501813117414713,0.9920898079872131,0,-0.9767714738845825,0.17427176237106323,0.12469086796045303,0,-0.17382857203483582,-0.9846692085266113,0.014510034583508968,0,-0.1751130074262619,0.18933099508285522,0.00609799986705184,1,0.861345648765564,-0.49601057171821594,-0.10980696976184845,0,0.2581424117088318,0.24117062985897064,0.9355207681655884,0,-0.4375460743904114,-0.8341526985168457,0.33577269315719604,0,0,0.33279600739479065,0,1,0.8615759611129761,-0.5076233744621277,0.0022826672066003084,0,0.507610559463501,0.8614988327026367,-0.012289277277886868,0,0.004271811340004206,0.01174685638397932,0.999921977519989,0,0,0.3922550082206726,0,1,0.175785094499588,0.1947256624698639,-0.9649773240089417,0,-0.07696022838354111,0.9799591898918152,0.18372942507266998,0,0.9814159870147705,0.041968028992414474,0.18724848330020905,0,0,0.3557170033454895,0,1,-0.9317491054534912,-0.33267611265182495,-0.14550141990184784,0,-0.354243665933609,0.9208199977874756,0.16310113668441772,0,0.07972075045108795,0.2035122811794281,-0.9758214950561523,0,0,0.2134229987859726,0,1,0.874700129032135,-0.4844495356082916,0.014415106736123562,0,0.46328654885292053,0.8444851040840149,0.2687213122844696,0,-0.1423553228378296,-0.22837232053279877,0.963110625743866,0,0,0.05642800033092499,0,1,0.9919691681861877,-0.1083645299077034,0.06523215025663376,0,0.11922107636928558,0.9733123183250427,-0.1960858851671219,0,-0.04224246367812157,0.20228803157806396,0.9784143567085266,0,-0.007871000096201897,0.0676570013165474,-0.02751299925148487,1,-0.9772396683692932,-0.021637335419654846,0.21103431284427643,0,0.15933072566986084,-0.7316498756408691,0.662799060344696,0,0.1400618851184845,0.6813370585441589,0.7184439301490784,0,0.17341700196266174,-0.06148499995470047,-0.015062999911606312,1,0.9189598560333252,0.1481216698884964,0.36547601222991943,0,0.22548745572566986,0.5629613399505615,-0.7951292991638184,0,-0.32352474331855774,0.8131020665168762,0.4839392602443695,0,0,0.22782500088214874,0,1,0.9993916749954224,0.0343581847846508,0.0060396818444132805,0,-0.016989614814519882,0.3281601071357727,0.9444692730903625,0,0.030468255281448364,-0.9439969062805176,0.32854411005973816,0,0,0.1571580022573471,0,1,0.9925239682197571,-0.0038753882981836796,-0.12198591977357864,0,0.08103513717651367,0.7683128714561462,0.6349241137504578,0,0.09126285463571548,-0.6400630474090576,0.7628835439682007,0,0,0.2575500011444092,0,1,-0.9834749698638916,0.05023615434765816,-0.17393343150615692,0,-0.06718264520168304,-0.9934008121490479,0.09295405447483063,0,-0.1681160181760788,0.10310333967208862,0.9803604483604431,0,-0.17341700196266174,-0.06148499995470047,-0.007178000174462795,1,0.9659324884414673,-0.12212961167097092,-0.22816364467144012,0,-0.07672227174043655,0.706868588924408,-0.7031713128089905,0,0.24715979397296906,0.6967213153839111,0.6734173893928528,0,0,0.22769199311733246,0,1,0.9948335886001587,0.10089337825775146,0.011287493631243706,0,0.002226804615929723,-0.13284055888652802,0.9911348819732666,0,0.10149836540222168,-0.985988974571228,-0.13237890601158142,0,0,0.1583160012960434,0,1,0.9922783970832825,0.002888183109462261,0.12399639934301376,0,-0.08035355061292648,0.7765265107154846,0.6249402165412903,0,-0.09448159486055374,-0.6300784945487976,0.7707629203796387,0,0,0.25699400901794434,0,1
K0.103,0.007552617695182562,-0.021447451785206795,-0.9997416138648987,0,0.06391546875238419,0.9977360963821411,-0.02092156931757927,0,0.9979267716407776,-0.06374093145132065,0.008906341157853603,0,0.016713827848434448,0.5439690947532654,-0.007111239712685347,1,0.9984554648399353,0.04140668734908104,-0.03705303743481636,0,-0.041516199707984924,0.9991355538368225,-0.00219095591455698,0,0.03693026304244995,0.003725870745256543,0.9993107914924622,0,0,0.11110000312328339,-0.009592000395059586,1,0.9997594952583313,-0.020503859966993332,0.007745005656033754,0,0.020226730033755302,0.99920654296875,0.03430928662419319,0,-0.008442332968115807,-0.03414437547326088,0.9993809461593628,0,0,0.13009800016880035,0,1,0.999780535697937,-0.019442131742835045,0.007802044507116079,0,0.019169850274920464,0.999252200126648,0.03357437252998352,0,-0.008448969572782516,-0.03341744840145111,0.9994058609008789,0,0,0.14868399500846863,0,1,0.9998037219047546,0.008400787599384785,-0.0179315023124218,0,-0.007028310559689999,0.9971378445625305,0.07527601718902588,0,0.018512560054659843,-0.07513522356748581,0.9970012903213501,0,0,0.1672690063714981,0,1,0.9989213347434998,-0.04008353129029274,-0.02345687709748745,0,0.03866277262568474,0.9975576996803284,-0.05817322060465813,0,0.025731375440955162,0.05720355734229088,0.9980313777923584,0,0,0.061935000121593475,0.041638001799583435,1,0.10827745497226715,0.0073380968533456326,-0.9940932393074036,0,0.9760148525238037,0.18919745087623596,0.10770495980978012,0,0.18887019157409668,-0.9819113612174988,0.013323704712092876,0,0.1751130074262619,0.19006000459194183,-0.002339000115171075,1,0.9201236963272095,0.3265773355960846,-0.21614569425582886,0,0.22390872240066528,0.01412226539105177,0.9745081067085266,0,0.3213047981262207,-0.9450651407241821,-0.06012929230928421,0,0,0.3328019976615906,0,1,0.9836695194244385,0.17987041175365448,0.0064559755846858025,0,-0.17990009486675262,0.9836755990982056,0.0043522659689188,0,-0.005567735061049461,-0.00544261559844017,0.9999691843986511,0,0,0.39250099658966064,0,1,0.9985233545303345,0.014707885682582855,-0.052292149513959885,0,-0.00006070938616176136,0.9629486799240112,0.269683301448822,0,0.05432114750146866,-0.2692819833755493,0.961527943611145,0,0,0.3555609881877899,0,1,-0.255007266998291,-0.29459303617477417,0.9209699034690857,0,-0.08650510758161545,0.9555909037590027,0.2817149758338928,0,-0.9630614519119263,-0.007829230278730392,-0.26916638016700745,0,0,0.1563519984483719,0,1,0.874059796333313,-0.4764283001422882,-0.09505783766508102,0,0.36532023549079895,0.5155782699584961,0.7750613689422607,0,-0.32025131583213806,-0.7121763229370117,0.6246949434280396,0,0,0.07732199877500534,0,1,0.9872008562088013,-0.0807148665189743,0.13755185902118683,0,0.0807454064488411,0.9967201352119446,0.005366666242480278,0,-0.13753381371498108,0.0058087012730538845,0.9904798865318298,0,-0.022495999932289124,0.0492280013859272,-0.07839500159025192,1,0.13541913032531738,-0.007808434311300516,0.9907574653625488,0,-0.9730899333953857,0.18711458146572113,0.13447903096675873,0,-0.1864352524280548,-0.9823070168495178,0.017740556970238686,0,-0.1751130074262619,0.18933099508285522,0.00609799986705184,1,0.849880576133728,-0.5123370885848999,-0.12334020435810089,0,0.29930025339126587,0.27665117383003235,0.9131718873977661,0,-0.433729887008667,-0.813003420829773,0.3884633183479309,0,0,0.33279600739479065,0,1,0.8355391621589661,-0.5494231581687927,0.00291277002543211,0,0.5494092106819153,0.835447371006012,-0.013301058672368526,0,0.00487444456666708,0.012713859789073467,0.9999073147773743,0,0,0.3922550082206726,0,1,0.18651928007602692,0.21806567907333374,-0.9579442143440247,0,-0.07484948635101318,0.975375771522522,0.20745998620986938,0,0.979595959186554,0.033006370067596436,0.19824859499931335,0,0,0.3557170033454895,0,1,-0.9248703122138977,-0.35133641958236694,-0.14552518725395203,0,-0.3731667101383209,0.9121655225753784,0.16941286623477936,0,0.07322214543819427,0.2109900861978531,-0.9747418761253357,0,0,0.2134229987859726,0,1,0.8745856881141663,-0.4846547544002533,0.014448699541389942,0,0.4634856879711151,0.8443944454193115,0.26866206526756287,0,-0.1424088180065155,-0.22827135026454926,0.9631262421607971,0,0,0.05642800033092499,0,1,0.991939127445221,-0.10857584327459335,0.06533388793468475,0,0.11945130676031113,0.973273754119873,-0.1961372047662735,0,-0.042291972786188126,0.20236024260520935,0.9783971905708313,0,-0.007871000096201897,0.0676570013165474,-0.02751299925148487,1,-0.9792399406433105,-0.0341656394302845,0.19980302453041077,0,0.1786849945783615,-0.610903263092041,0.7712775468826294,0,0.0957091674208641,0.7909680008888245,0.6043259501457214,0,0.17341700196266174,-0.06148499995470047,-0.015062999911606312,1,0.8953636884689331,0.14933329820632935,0.4195510447025299,0,0.24107836186885834,0.6295892596244812,-0.7385786771774292,0,-0.3744392991065979,0.7624412775039673,0.5277104377746582,0,0,0.22782500088214874,0,1,0.9987936019897461,0.04840317368507385,-0.008300644345581532,0,-0.006981837097555399,0.3072589933872223,0.9516001343727112,0,0.048610907047986984,-0.9503940343856812,0.3072262108325958,0,0,0.1571580022573471,0,1,0.993029773235321,-0.004540574736893177,-0.11777608096599579,0,0.07974699139595032,0.7616837024688721,0.643022358417511,0,0.08678843080997467,-0.6479325890541077,0.7567366361618042,0,0,0.2575500011444092,0,1,-0.9788309335708618,0.06466597318649292,-0.19418852031230927,0,-0.06050563603639603,-0.9977948665618896,-0.027285784482955933,0,-0.19552473723888397,-0.014958667568862438,0.9805849194526672,0,-0.17341700196266174,-0.06148499995470047,-0.007178000174462795,1,0.9627687335014343,-0.09738866984844208,-0.25217270851135254,0,-0.09582284837961197,0.7493270039558411,-0.6552303433418274,0,0.25277185440063477,0.654999315738678,0.712096631526947,0,0,0.22769199311733246,0,1,0.9939618110656738,0.08577430248260498,0.06842710822820663,0,-0.05207837373018265,-0.18011975288391113,0.9822651147842407,0,0.0965781956911087,-0.979897677898407,-0.17456519603729248,0,0,0.1583160012960434,0,1,0.9923641681671143,0.002980695338919759,0.12330934405326843,0,-0.08014897257089615,0.7754712104797363,0.6262747645378113,0,-0.09375607967376709,-0.6313754916191101,0.7697884440422058,0,0,0.25699400901794434,0,1
K0.138,0.03407398611307144,-0.04307182505726814,-0.9984906315803528,0,0.06811795383691788,0.9968478679656982,-0.04067640006542206,0,0.9970947504043579,-0.06662910431623459,0.03690052777528763,0,0.016591958701610565,0.5273798704147339,-0.009500010870397091,1,0.9959953427314758,0.0675901249051094,-0.058519404381513596,0,-0.06838305294513702,0.9975910186767578,-0.011652570217847824,0,0.05759083107113838,0.015607641078531742,0.9982179999351501,0,0,0.11110000312328339,-0.009592000395059586,1,0.9995105266571045,-0.030655428767204285,-0.006302229594439268,0,0.03085699863731861,0.9989162683486938,0.03485868126153946,0,0.0052267867140471935,-0.035036053508520126,0.9993723034858704,0,0,0.13009800016880035,0,1,0.9995307922363281,-0.030053189024329185,-0.00590683426707983,0,0.030234988778829575,0.9989790320396423,0.033570677042007446,0,0.004891896154731512,-0.03373350575566292,0.9994186162948608,0,0,0.14868399500846863,0,1,0.9997990131378174,0.017980070784687996,-0.008906044997274876,0,-0.017252828925848007,0.996964693069458,0.07591854780912399,0,0.010244034230709076,-0.07574963569641113,0.9970744848251343,0,0,0.1672690063714981,0,1,0.9989053606987,-0.04332501441240311,-0.017655691131949425,0,0.041970230638980865,0.9965941309928894,-0.07097822427749634,0,0.02067069336771965,0.07015952467918396,0.9973217248916626,0,0,0.061935000121593475,0.041638001799583435,1,0.09740429371595383,0.00799580942839384,-0.9952129125595093,0,0.9752910137176514,0.1984681487083435,0.09704902023077011,0,0.198293998837471,-0.9800750613212585,0.011533414013683796,0,0.1751130074262619,0.19006000459194183,-0.002339000115171075,1,0.918777585029602,0.291698694229126,-0.2660066485404968,0,0.2810426354408264,-0.01009392086416483,0.9596424102783203,0,0.2772412896156311,-0.9564567804336548,-0.09125380963087082,0,0,0.3328019976615906,0,1,0.986515998840332,0.16354088485240936,0.006387542467564344,0,-0.16356779634952545,0.9865237474441528,0.003956981934607029,0,-0.005654333624988794,-0.0049484227783977985,0.9999714493751526,0,0,0.39250099658966064,0,1,0.9987767338752747,0.027899375185370445,-0.04081884026527405,0,-0.01528450008481741,0.9593712091445923,0.2817339599132538,0,0.04702064022421837,-0.2807655334472656,0.9586244225502014,0,0,0.3555609881877899,0,1,-0.25665047764778137,-0.3161724805831909,0.9133263826370239,0,-0.07491052895784378,0.94864422082901,0.3073484003543854,0,-0.9635965824127197,0.010463321581482887,-0.2671545445919037,0,0,0.1563519984483719,0,1,0.8738008141517639,-0.47692206501960754,-0.09496162086725235,0,0.36559996008872986,0.5155357718467712,0.774957001209259,0,-0.3206382393836975,-0.7118765115737915,0.624838650226593,0,0,0.07732199877500534,0,1,0.9871100187301636,-0.08096911758184433,0.13805001974105835,0,0.0810168981552124,0.9966992139816284,0.005282561294734478,0,-0.13802194595336914,0.005969909951090813,0.9904108643531799,0,-0.022495999932289124,0.0492280013859272,-0.07839500159025192,1,0.15351291000843048,-0.007089449092745781,0.988120973110199,0,-0.9702785611152649,0.18822301924228668,0.15209133923053741,0,-0.18706534802913666,-0.982100784778595,0.022015957161784172,0,-0.1751130074262619,0.18933099508285522,0.00609799986705184,1,0.8368121385574341,-0.5320804119110107,-0.12897878885269165,0,0.3408149480819702,0.3218875229358673,0.8833080530166626,0,-0.42847463488578796,-0.7831215262413025,0.4507007300853729,0,0,0.33279600739479065,0,1,0.8244004845619202,-0.565997838973999,0.0031825413461774588,0,0.5659834742546082,0.8243025541305542,-0.013702601194381714,0,0.005132266320288181,0.013097697868943214,0.9999008774757385,0,0,0.3922550082206726,0,1,0.18884555995464325,0.19933860003948212,-0.9615616202354431,0,-0.04814717918634415,0.979882538318634,0.1936808079481125,0,0.9808258414268494,0.009720733389258385,0.19464412331581116,0,0,0.3557170033454895,0,1,-0.9216471910476685,-0.3596971035003662,-0.14554953575134277,0,-0.38162925839424133,0.9081070423126221,0.1723402887582779,0,0.07018422335386276,0.2143828123807907,-0.9742248058319092,0,0,0.2134229987859726,0,1,0.8749333620071411,-0.4840308427810669,0.014346304349601269,0,0.4628799259662628,0.8446692824363708,0.2688414752483368,0,-0.14224542677402496,-0.22857773303985596,0.9630774259567261,0,0,0.05642800033092499,0,1,0.9920293092727661,-0.1079334244132042,0.06502321362495422,0,0.11875122785568237,0.9733908772468567,-0.19598062336444855,0,-0.0421401672065258,0.2021402269601822,0.9784500598907471,0,-0.007871000096201897,0.0676570013165474,-0.02751299925148487,1,-0.980639636516571,-0.06289803981781006,0.18544615805149078,0,0.19227157533168793,-0.4887974262237549,0.8509462475776672,0,0.03712274134159088,0.8701273798942566,0.4914274513721466,0,0.17341700196266174,-0.06148499995470047,-0.015062999911606312,1,0.8890707492828369,0.17445850372314453,0.42322221398353577,0,0.20703107118606567,0.6713365912437439,-0.7116490006446838,0,-0.40827807784080505,0.7203269600868225,0.5607478022575378,0,0,0.22782500088214874,0,1,0.9997698664665222,0.010381161235272884,-0.018780069425702095,0,0.015410590916872025,0.2616649270057678,0.9650353789329529,0,0.014932283200323582,-0.9651033282279968,0.26144489645957947,0,0,0.1571580022573471,0,1,0.9942718744277954,-0.006508538033813238,-0.10668069124221802,0,0.07611972093582153,0.7437922358512878,0.6640629768371582,0,0.07502622157335281,-0.6683797836303711,0.7400273680686951,0,0,0.2575500011444092,0,1,-0.9761747121810913,0.09517087042331696,-0.19500255584716797,0,-0.06939706951379776,-0.9884131550788879,-0.13499552011489868,0,-0.20559069514274597,-0.11824660003185272,0.971468448638916,0,-0.17341700196266174,-0.06148499995470047,-0.007178000174462795,1,0.9514464735984802,-0.09193596243858337,-0.2937655448913574,0,-0.12282253801822662,0.7617037892341614,-0.6361775994300842,0,0.28224995732307434,0.6413699984550476,0.7134286761283875,0,0,0.22769199311733246,0,1,0.9835999011993408,0.08333225548267365,0.15996070206165314,0,-0.13593679666519165,-0.24039261043071747,0.9611103534698486,0,0.11854483932256699,-0.9670925140380859,-0.22512219846248627,0,0,0.1583160012960434,0,1,0.9928219318389893,0.0035075070336461067,0.11954807490110397,0,-0.0790063664317131,0.7696571946144104,0.6335499286651611,0,-0.08978889137506485,-0.6384475231170654,0.7644098997116089,0,0,0.25699400901794434,0,1
