4.567,30,136,25
B0,mixamorig_Hips,-1,0.1999596357345581,0.9536851644515991,0.22472374141216278,0,-0.0316932313144207,0.2355312705039978,-0.9713497757911682,0,-0.9792912006378174,0.18710856139659882,0.0773220807313919,0,0.014860124327242374,0.5483168959617615,-0.806756854057312,1
B1,mixamorig_Spine,0,0.981544554233551,0.19098913669586182,0.009664464741945267,0,-0.19109277427196503,0.9776298999786377,0.08788806945085526,0,0.007337392307817936,-0.08811280876398087,0.9960833787918091,0,-0.040713999420404434,0.11680400371551514,0,1
B2,mixamorig_Spine1,1,0.9082723259925842,-0.41820573806762695,-0.01205767784267664,0,0.41379058361053467,0.8936799764633179,0.17353637516498566,0,-0.06179815158247948,-0.16260749101638794,0.9847534894943237,0,0,0.1443129926919937,0,1
B3,mixamorig_Spine2,2,0.908218264579773,-0.41799643635749817,-0.020452139899134636,0,0.4150750935077667,0.8934805393218994,0.17147944867610931,0,-0.05340424180030823,-0.16423003375530243,0.9849757552146912,0,0,0.16492900252342224,0,1
B4,mixamorig_Neck,3,0.9660884737968445,-0.24856097996234894,0.06993396580219269,0,0.22919060289859772,0.9502060413360596,0.211138516664505,0,-0.11893253028392792,-0.18795035779476166,0.9749513864517212,0,0,0.18554499745368958,0,1
B5,mixamorig_Head,4,0.9911522269248962,-0.10327638685703278,-0.08336786180734634,0,0.08726836740970612,0.9803464412689209,-0.17693151533603668,0,0.10000225901603699,0.16809071600437164,0.9806855320930481,0,-0.06834299862384796,0.14684300124645233,0,1
B6,mixamorig_HeadTop_End,5,1,0,0,0,0,1,0,0,0,0,1,0,-0.3594529926776886,0.7723299860954285,0,1
B7,mixamorig_LeftShoulder,3,-0.9031830430030823,0.033821627497673035,-0.4279216527938843,0,0.42495694756507874,0.21118603646755219,-0.8802340626716614,0,0.06060014292597771,-0.9768605828285217,-0.20511245727539062,0,-0.012795000337064266,0.15593400597572327,-0.27072998881340027,1
B8,mixamorig_LeftArm,7,-0.9453985691070557,-0.2723180055618286,-0.17906509339809418,0,-0.3185197710990906,0.8883843421936035,0.33063432574272156,0,0.06904090940952301,0.369616836309433,-0.9266155362129211,0,0,0.5410029888153076,0,1
B9,mixamorig_LeftForeArm,8,0.4272317886352539,-0.25858017802238464,0.8663768768310547,0,0.8634042739868164,0.40107250213623047,-0.3060612380504608,0,-0.268338680267334,0.878792941570282,0.39461031556129456,0,0,0.5627570152282715,0,1
B10,mixamorig_LeftHand,9,1,0,0,0,0,1,0,0,0,0,1,0,0,1.0936410427093506,0,1
B11,mixamorig_RightShoulder,3,0.9962087869644165,-0.013046312145888805,-0.08600609749555588,0,0.08483099192380905,0.3646033704280853,0.9272906184196472,0,0.019260410219430923,-0.9310718774795532,0.3643281161785126,0,-0.008383000269532204,0.15439699590206146,0.27072998881340027,1
B12,mixamorig_RightArm,11,-0.9453705549240112,0.2796383500099182,-0.1675633192062378,0,0.19485105574131012,0.8967788219451904,0.397266685962677,0,0.26135823130607605,0.34291431307792664,-0.9022760987281799,0,0,0.5410029888153076,0,1
B13,mixamorig_RightForeArm,12,0.17408569157123566,-0.5142983198165894,-0.839756965637207,0,-0.9515263438224792,0.1317286342382431,-0.2779315710067749,0,0.25355952978134155,0.847433865070343,-0.46643584966659546,0,0,0.5520840287208557,0,1
B14,mixamorig_RightHand,13,1,0,0,0,0,1,0,0,0,0,1,0,0,1.095674991607666,0,1
B15,mixamorig_LeftUpLeg,0,-0.7567380666732788,-0.6348280310630798,0.15601639449596405,0,0.4585915505886078,-0.6856035590171814,-0.565368115901947,0,0.46587681770324707,-0.3562876582145691,0.8099489212036133,0,-0.03310500085353851,-0.06489100307226181,-0.6518999934196472,1
B16,mixamorig_LeftLeg,15,0.6965761184692383,-0.6033819317817688,-0.3882167339324951,0,0.6793259382247925,0.7287492156028748,0.08626144379377365,0,0.23086407780647278,-0.32381340861320496,0.9175224304199219,0,0,0.5143960118293762,0,1
B17,mixamorig_LeftFoot,16,-0.18515382707118988,0.011021866463124752,0.9826478362083435,0,-0.6376775503158569,0.7594802379608154,-0.1286720633506775,0,-0.7477203607559204,-0.6504369974136353,-0.1335923671722412,0,0,0.5403140187263489,0,1
B18,mixamorig_LeftToeBase,17,0.9524492621421814,-0.22832173109054565,0.20176683366298676,0,0.07498424500226974,0.8174611330032349,0.5710822343826294,0,-0.29532691836357117,-0.5287973284721375,0.7957105040550232,0,0,0.18944300711154938,0,1
B19,mixamorig_LeftToe_End,18,1,0,0,0,0,1,0,0,0,0,1,0,0,0.08649799972772598,0,1
B20,mixamorig_RightUpLeg,0,-0.7660373449325562,-0.6358128190040588,-0.09449035674333572,0,0.3588700592517853,-0.544985830783844,0.7577611804008484,0,-0.533290445804596,0.5465638637542725,0.6456539630889893,0,0.012934999540448189,-0.06489100307226181,0.6518999934196472,1
B21,mixamorig_RightLeg,20,0.37651538848876953,-0.8548969030380249,0.3569132089614868,0,0.921941876411438,0.3835693895816803,-0.05383101850748062,0,-0.09088106453418732,0.349321573972702,0.9325854182243347,0,0,0.51419597864151,0,1
B22,mixamorig_RightFoot,21,0.6072710156440735,0.35490062832832336,0.7108213901519775,0,-0.7344505190849304,0.591967761516571,0.33189883828163147,0,-0.3029922842979431,-0.7236157059669495,0.6201418042182922,0,0,0.5446490049362183,0,1
B23,mixamorig_RightToeBase,22,0.8931323885917664,0.2645551562309265,0.3637658357620239,0,-0.4456208646297455,0.6303543448448181,0.6356697082519531,0,-0.06113165244460106,-0.7298386693000793,0.6808810234069824,0,0,0.09893500059843063,0,1
B24,mixamorig_RightToe_End,23,1,0,0,0,0,1,0,0,0,0,1,0,0,0.08592099696397781,0,1
@20,0,1,2,3,4,5,7,8,9,11,12,13,15,16,17,18,20,21,22,23
K0,0.999908983707428,0.004379655234515667,-0.012778912670910358,0,-0.004623010288923979,0.9998070001602173,-0.019076650962233543,0,0.012692893855273724,0.01913399063050747,0.9997360110282898,0,0.11371899396181107,1.0407429933547974,-0.015550995245575905,1,0.998947024345398,0.045871883630752563,-0.0004487178521230817,0,-0.045867111533880234,0.9989179968833923,0.007652816362679005,0,0.0007992820465005934,-0.007624182850122452,0.9999709725379944,0,-0.040713999420404434,0.11680400371551514,0,1,0.9389589428901672,-0.3440180718898773,-0.0025700810365378857,0,0.3440089821815491,0.9388030171394348,0.017542332410812378,0,-0.0036220813635736704,-0.017355667427182198,0.9998430609703064,0,0,0.1443129926919937,0,1,0.9759369492530823,-0.21805402636528015,-0.0006901356391608715,0,0.21803297102451324,0.9757879972457886,0.01728270761668682,0,-0.003095135558396578,-0.017017293721437454,0.9998499751091003,0,0,0.16492900252342224,0,1,0.9258159399032593,-0.3776361048221588,0.015976669266819954,0,0.3776508569717407,0.925946056842804,0.0022211892064660788,0,-0.015632331371307373,0.003977188840508461,0.9998700022697449,0,0,0.18554499745368958,0,1,0.9276589751243591,0.36963891983032227,-0.0530594177544117,0,-0.3712901175022125,0.9281719326972961,-0.025294169783592224,0,0.0398985780775547,0.043164826929569244,0.9982709288597107,0,-0.06834299862384796,0.14684300124645233,0,1,-0.8735442757606506,0.30844298005104065,-0.3765406012535095,0,0.4128340780735016,0.059688955545425415,-0.908847987651825,0,-0.25785258412361145,-0.9493681788444519,-0.17947693169116974,0,-0.012795000337064266,0.15593400597572327,-0.27072998881340027,1,-0.9179068803787231,-0.10173320770263672,-0.3835330307483673,0,-0.3429887890815735,0.6894308924674988,0.6379991769790649,0,0.19951394200325012,0.7171719074249268,-0.6677271127700806,0,0,0.5410029888153076,0,1,0.5243791937828064,0.004823006689548492,0.851470947265625,0,0.6949619650840759,0.5753690004348755,-0.43125206232070923,0,-0.4919900894165039,0.8178799152374268,0.29835984110832214,0,0,0.5627570152282715,0,1,0.8993359804153442,-0.29389286041259766,-0.323760062456131,0,0.3645041286945343,0.09491975605487823,0.926351010799408,0,-0.2415170669555664,-0.9511139392852783,0.19249019026756287,0,-0.008383000269532204,0.15439699590206146,0.27072998881340027,1,-0.978551983833313,0.11073650419712067,0.1737038940191269,0,0.2046555131673813,0.6187471151351929,0.7584640383720398,0,-0.02348911762237549,0.7777460217475891,-0.628139078617096,0,0,0.5410029888153076,0,1,-0.11055689305067062,-0.41942158341407776,-0.9010341763496399,0,-0.9227641224861145,0.38006576895713806,-0.06369330734014511,0,0.3691665530204773,0.8244002461433411,-0.42904606461524963,0,0,0.5520840287208557,0,1,-0.7462310791015625,-0.6406999230384827,-0.18067140877246857,0,0.579300045967102,-0.4913099706172943,-0.6504038572311401,0,0.3279483914375305,-0.590015172958374,0.7377890348434448,0,-0.03310500085353851,-0.06489100307226181,-0.6518999934196472,1,0.40371501445770264,-0.8761240243911743,-0.26347896456718445,0,0.9118370413780212,0.36183682084083557,0.19397515058517456,0,-0.07460996508598328,-0.31856080889701843,0.9449620842933655,0,0,0.5143960118293762,0,1,-0.09207703918218613,-0.3901703953742981,0.9161267876625061,0,-0.9942179322242737,-0.015016634948551655,-0.10632121562957764,0,0.05524058640003204,-0.9206200242042542,-0.38653191924095154,0,0,0.5403140187263489,0,1,0.9514619708061218,-0.23165099322795868,0.20262688398361206,0,0.07352598756551743,0.8104061484336853,0.5812367796897888,0,-0.2988540828227997,-0.5381262302398682,0.7881028056144714,0,0,0.18944300711154938,0,1,-0.7761619687080383,-0.6290029883384705,-0.04390430077910423,0,0.47708001732826233,-0.6313689947128296,0.6113659143447876,0,-0.412270724773407,0.45357298851013184,0.7901291251182556,0,0.012934999540448189,-0.06489100307226181,0.6518999934196472,1,0.41652289032936096,-0.8832060694694519,0.21553412079811096,0,0.8978520035743713,0.43684905767440796,0.054988112300634384,0,-0.14272186160087585,0.1706141084432602,0.974946916103363,0,0,0.51419597864151,0,1,0.4781481623649597,0.6542258262634277,0.5859721302986145,0,-0.8768891096115112,0.3931349813938141,0.2766067087650299,0,-0.049402832984924316,-0.6460911631584167,0.7616598606109619,0,0,0.5446490049362183,0,1,0.8967741131782532,0.27089518308639526,0.3498746156692505,0,-0.44147181510925293,0.6013373136520386,0.6659559011459351,0,-0.029988393187522888,-0.7516711354255676,0.6588557958602905,0,0,0.09893500059843063,0,1
K0.034,0.9999068975448608,0.004197112750262022,-0.012964141555130482,0,-0.0044481572695076466,0.9998019933700562,-0.019396793097257614,0,0.012880167923867702,0.019452661275863647,0.9997278451919556,0,0.11383499205112457,1.0407048463821411,-0.01567249558866024,1,0.9989408850669861,0.046016447246074677,-0.00028066750383004546,0,-0.04601297155022621,0.9989119172096252,0.007629829458892345,0,0.0006314595229923725,-0.0076088313944637775,0.9999709725379944,0,-0.040713999420404434,0.11680400371551514,0,1,0.9390430450439453,-0.34379109740257263,-0.0023100327234715223,0,0.3437771499156952,0.9388870596885681,0.01754680834710598,0,-0.0038635770324617624,-0.01727134734392166,0.9998430013656616,0,0,0.1443129926919937,0,1,0.9759906530380249,-0.21781203150749207,-0.0006179774645715952,0,0.21778994798660278,0.9758427143096924,0.017274677753448486,0,-0.003159584943205118,-0.016994519159197807,0.9998509287834167,0,0,0.16492900252342224,0,1,0.9256989359855652,-0.37793368101119995,0.015744324773550034,0,0.3779522776603699,0.9258230924606323,0.0018849505577236414,0,-0.015288840979337692,0.004205705597996712,0.9998740553855896,0,0,0.18554499745368958,0,1,0.9274851083755493,0.36983874440193176,-0.054691512137651443,0,-0.37156105041503906,0.9280637502670288,-0.025294585153460503,0,0.04140229895710945,0.043781593441963196,0.9981831908226013,0,-0.06834299862384796,0.14684300124645233,0,1,-0.8735964298248291,0.3083020746707916,-0.3765355348587036,0,0.4125452935695648,0.05874824523925781,-0.9090401530265808,0,-0.2581383287906647,-0.9494727849960327,-0.1785108596086502,0,-0.012795000337064266,0.15593400597572327,-0.27072998881340027,1,-0.9177209734916687,-0.10262326896190643,-0.3837408721446991,0,-0.34345147013664246,0.6903587579727173,0.6367467045783997,0,0.19957372546195984,0.716151773929596,-0.6688023805618286,0,0,0.5410029888153076,0,1,0.5246253609657288,0.0044134072959423065,0.8513220548629761,0,0.6949625015258789,0.5753685235977173,-0.4312519431114197,0,-0.4917270541191101,0.8178822994232178,0.29878565669059753,0,0,0.5627570152282715,0,1,0.8992886543273926,-0.2940312325954437,-0.32376885414123535,0,0.3646426200866699,0.09531676769256592,0.926256000995636,0,-0.24148748815059662,-0.9510312676429749,0.19293352961540222,0,-0.008383000269532204,0.15439699590206146,0.27072998881340027,1,-0.9787482023239136,0.11041799187660217,0.17280086874961853,0,0.2037617564201355,0.6185600161552429,0.7588579654693604,0,-0.023096106946468353,0.7779403328895569,-0.6279128193855286,0,0,0.5410029888153076,0,1,-0.11050283163785934,-0.4194370210170746,-0.9010341763496399,0,-0.922985851764679,0.37955954670906067,-0.0634923204779625,0,0.3686269223690033,0.8246252536773682,-0.429076611995697,0,0,0.5520840287208557,0,1,-0.7460409998893738,-0.640540599822998,-0.18201720714569092,0,0.5801244378089905,-0.49099472165107727,-0.649908721446991,0,0.326923131942749,-0.5904505848884583,0.7378947734832764,0,-0.03310500085353851,-0.06489100307226181,-0.6518999934196472,1,0.40296685695648193,-0.8766074180603027,-0.26301437616348267,0,0.9121508002281189,0.36118248105049133,0.19372057914733887,0,-0.07482076436281204,-0.3179718554019928,0.9451431632041931,0,0,0.5143960118293762,0,1,-0.09216755628585815,-0.39088624715805054,0.9158123135566711,0,-0.9941746592521667,-0.015491629019379616,-0.10666599124670029,0,0.05588163807988167,-0.9203084707260132,-0.38718143105506897,0,0,0.5403140187263489,0,1,0.9514619708061218,-0.23165099322795868,0.20262688398361206,0,0.07352598756551743,0.8104061484336853,0.5812367796897888,0,-0.2988540828227997,-0.5381262302398682,0.7881028056144714,0,0,0.18944300711154938,0,1,-0.7765780687332153,-0.6284626126289368,-0.04428275302052498,0,0.4765099883079529,-0.6318852305412292,0.6112772822380066,0,-0.4121467173099518,0.453603595495224,0.7901773452758789,0,0.012934999540448189,-0.06489100307226181,0.6518999934196472,1,0.4165976643562317,-0.8832793831825256,0.2150920331478119,0,0.8979616165161133,0.43672236800193787,0.05420542135834694,0,-0.1418139636516571,0.17056243121623993,0.9750879406929016,0,0,0.51419597864151,0,1,0.4779447317123413,0.654315173625946,0.5860384106636047,0,-0.8770275712013245,0.3926202654838562,0.27689874172210693,0,-0.04891149699687958,-0.6463136672973633,0.7615026831626892,0,0,0.5446490049362183,0,1,0.8967739343643188,0.2708951532840729,0.3498750925064087,0,-0.44147181510925293,0.6013371348381042,0.6659550666809082,0,-0.02998889610171318,-0.7516710162162781,0.6588559746742249,0,0,0.09893500059843063,0,1
K0.067,0.9998988509178162,0.0037873757537454367,-0.013667027465999126,0,-0.0040571545250713825,0.9997958540916443,-0.0197660680860281,0,0.013589384034276009,0.019819535315036774,0.9997106790542603,0,0.11397184431552887,1.0406877994537354,-0.015737202018499374,1,0.9989299178123474,0.04624726623296738,-0.000016367399439332075,0,-0.04624580219388008,0.9989010095596313,0.007600612938404083,0,0.00036785705015063286,-0.007591723930090666,0.9999709725379944,0,-0.040713999420404434,0.11680400371551514,0,1,0.9391855001449585,-0.34340694546699524,-0.0014990447089076042,0,0.3433789908885956,0.9390324354171753,0.017561806365847588,0,-0.004623197019100189,-0.017008543014526367,0.999845027923584,0,0,0.1443129926919937,0,1,0.9760818481445312,-0.21740296483039856,-0.0003591922577470541,0,0.21737658977508545,0.9759349822998047,0.017249055206775665,0,-0.0033994484692811966,-0.016914574429392815,0.9998509883880615,0,0,0.16492900252342224,0,1,0.9255635142326355,-0.37827324867248535,0.015534230507910252,0,0.37829580903053284,0.9256836771965027,0.0015818474348634481,0,-0.014978150837123394,0.004412433132529259,0.9998780488967896,0,0,0.18554499745368958,0,1,0.927226185798645,0.37018680572509766,-0.05667472258210182,0,-0.37199968099594116,0.927886962890625,-0.025343675166368484,0,0.043205853551626205,0.0445823110640049,0.9980707168579102,0,-0.06834299862384796,0.14684300124645233,0,1,-0.8736404776573181,0.30818259716033936,-0.3765318691730499,0,0.412301629781723,0.05795194208621979,-0.9092022180557251,0,-0.25837939977645874,-0.9495600461959839,-0.17769329249858856,0,-0.012795000337064266,0.15593400597572327,-0.27072998881340027,1,-0.9175979495048523,-0.10387604683637619,-0.3836987316608429,0,-0.34395304322242737,0.691368579864502,0.6353785991668701,0,0.19927655160427094,0.7149960398674011,-0.6701266169548035,0,0,0.5410029888153076,0,1,0.525503396987915,0.003019409952685237,0.8507859110832214,0,0.6949540376663208,0.5753470659255981,-0.43129298090934753,0,-0.49079981446266174,0.8179036378860474,0.3002487123012543,0,0,0.5627570152282715,0,1,0.8992210626602173,-0.2942236363887787,-0.3237800598144531,0,0.3648340702056885,0.09586574882268906,0.9261239767074585,0,-0.24144811928272247,-0.950916051864624,0.1935472935438156,0,-0.008383000269532204,0.15439699590206146,0.27072998881340027,1,-0.9789299964904785,0.11010297387838364,0.1719711869955063,0,0.20291662216186523,0.6187180876731873,0.7589553594589233,0,-0.02283843792974949,0.7778597474098206,-0.6280233263969421,0,0,0.5410029888153076,0,1,-0.11070682853460312,-0.4192988872528076,-0.90107262134552,0,-0.9229751825332642,0.37962663173675537,-0.06325506418943405,0,0.3685937523841858,0.8246644139289856,-0.4290294945240021,0,0,0.5520840287208557,0,1,-0.7456383109092712,-0.6403396129608154,-0.18436184525489807,0,0.5815584063529968,-0.4902908205986023,-0.6491561532020569,0,0.32528966665267944,-0.5912532806396484,0.737975001335144,0,-0.03310500085353851,-0.06489100307226181,-0.6518999934196472,1,0.4025387763977051,-0.8769509792327881,-0.26252490282058716,0,0.9122630953788757,0.36057668924331665,0.19431769847869873,0,-0.0757467970252037,-0.3177124857902527,0.945156991481781,0,0,0.5143960118293762,0,1,-0.09265023469924927,-0.3913798928260803,0.9155532121658325,0,-0.9941115975379944,-0.015537392348051071,-0.10724186152219772,0,0.05619757995009422,-0.9200981855392456,-0.38763588666915894,0,0,0.5403140187263489,0,1,0.9514619708061218,-0.2316509634256363,0.20262692868709564,0,0.07352602481842041,0.8104059100151062,0.5812361240386963,0,-0.2988540530204773,-0.5381258726119995,0.7881031036376953,0,0,0.18944300711154938,0,1,-0.7771649360656738,-0.6277005672454834,-0.04478556290268898,0,0.4757058322429657,-0.6325848698616028,0.6111788153648376,0,-0.411968469619751,0.4536825120449066,0.7902244329452515,0,0.012934999540448189,-0.06489100307226181,0.6518999934196472,1,0.4169788062572479,-0.8831995725631714,0.21468040347099304,0,0.8979136943817139,0.43691524863243103,0.05343914031982422,0,-0.14099450409412384,0.17048142850399017,0.9752209782600403,0,0,0.51419597864151,0,1,0.47762060165405273,0.6546053886413574,0.5859773755073547,0,-0.877237856388092,0.3919879198074341,0.2771258056163788,0,-0.04828803986310959,-0.6464030146598816,0.7614667415618896,0,0,0.5446490049362183,0,1,0.8967740535736084,0.270895391702652,0.3498746156692505,0,-0.44147157669067383,0.6013371348381042,0.6659551858901978,0,-0.029988404363393784,-0.7516708970069885,0.6588560938835144,0,0,0.09893500059843063,0,1
K0.101,0.9998946785926819,0.003338233567774296,-0.014096477068960667,0,-0.003622423391789198,0.9997899532318115,-0.02018313854932785,0,0.014026138000190258,0.020232075825333595,0.9996965527534485,0,0.11409901827573776,1.0406712293624878,-0.015551693737506866,1,0.9989269375801086,0.04631650820374489,0.0001823374768719077,0,-0.04631655290722847,0.9988979697227478,0.007573444861918688,0,0.00016863891505636275,-0.0075737605802714825,0.9999709725379944,0,-0.040713999420404434,0.11680400371551514,0,1,0.9392862915992737,-0.3431340456008911,-0.0010188777232542634,0,0.3430972695350647,0.9391330480575562,0.017695678398013115,0,-0.005115127190947533,-0.016970878466963768,0.9998428821563721,0,0,0.1443129926919937,0,1,0.976145327091217,-0.2171182781457901,0.00005404833791544661,0,0.2170846164226532,0.9759982824325562,0.01738739013671875,0,-0.0038278703577816486,-0.016960881650447845,0.9998489618301392,0,0,0.16492900252342224,0,1,0.9253953695297241,-0.37868791818618774,0.015436244197189808,0,0.37871211767196655,0.9255132675170898,0.001440131338313222,0,-0.01483181957155466,0.004513205029070377,0.9998800754547119,0,0,0.18554499745368958,0,1,0.9270340800285339,0.37045595049858093,-0.05805950611829758,0,-0.37234553694725037,0.9277390241622925,-0.0256729144603014,0,0.04435337707400322,0.04541786015033722,0.9979832172393799,0,-0.06834299862384796,0.14684300124645233,0,1,-0.8736770749092102,0.3080839514732361,-0.37652695178985596,0,0.4120795726776123,0.0572248250246048,-0.9093490839004517,0,-0.25860920548439026,-0.949636697769165,-0.1769510954618454,0,-0.012795000337064266,0.15593400597572327,-0.27072998881340027,1,-0.9174604415893555,-0.10574965924024582,-0.3835158944129944,0,-0.34476739168167114,0.6923602819442749,0.6338552832603455,0,0.1985011249780655,0.7137605547904968,-0.671671986579895,0,0,0.5410029888153076,0,1,0.5266628265380859,0.001535832299850881,0.8500730991363525,0,0.6949018836021423,0.57520592212677,-0.43156564235687256,0,-0.489629864692688,0.8180069327354431,0.3018723130226135,0,0,0.5627570152282715,0,1,0.8992227911949158,-0.2942180633544922,-0.3237795829772949,0,0.3648282289505005,0.0958491787314415,0.9261278510093689,0,-0.2414497584104538,-0.9509201645851135,0.19352900981903076,0,-0.008383000269532204,0.15439699590206146,0.27072998881340027,1,-0.9792734980583191,0.10877801477909088,0.170854389667511,0,0.20118042826652527,0.6200901865959167,0.7582975029945374,0,-0.023459043353796005,0.7769526839256287,-0.6291216611862183,0,0,0.5410029888153076,0,1,-0.11029058694839478,-0.41891589760780334,-0.9013023376464844,0,-0.9233085513114929,0.3788403272628784,-0.06309756636619568,0,0.3678821921348572,0.8252210021018982,-0.4285711348056793,0,0,0.5520840287208557,0,1,-0.7453160881996155,-0.6400350332260132,-0.18670301139354706,0,0.5828868746757507,-0.48959895968437195,-0.6484870910644531,0,0.3236450254917145,-0.5921549201011658,0.7379744648933411,0,-0.03310500085353851,-0.06489100307226181,-0.6518999934196472,1,0.40208715200424194,-0.8772019147872925,-0.26238012313842773,0,0.9124016165733337,0.35994160175323486,0.194845050573349,0,-0.07647693157196045,-0.31774070858955383,0.945088267326355,0,0,0.5143960118293762,0,1,-0.09333304315805435,-0.391998827457428,0.9152190089225769,0,-0.9940118789672852,-0.01578495465219021,-0.10812918096780777,0,0.05683320015668869,-0.9198300242424011,-0.3881779909133911,0,0,0.5403140187263489,0,1,0.9514619708061218,-0.23165099322795868,0.20262688398361206,0,0.07352598756551743,0.8104061484336853,0.5812367796897888,0,-0.2988540828227997,-0.5381262302398682,0.7881028056144714,0,0,0.18944300711154938,0,1,-0.7778363823890686,-0.6268535852432251,-0.045002903789281845,0,0.474983811378479,-0.633255660533905,0.6110472679138184,0,-0.41153523325920105,0.45391881465911865,0.7903139591217041,0,0.012934999540448189,-0.06489100307226181,0.6518999934196472,1,0.4179997146129608,-0.8828203678131104,0.21425093710422516,0,0.8975569009780884,0.43774694204330444,0.05261753499507904,0,-0.14023961126804352,0.1703084260225296,0.9753603339195251,0,0,0.51419597864151,0,1,0.47752901911735535,0.6547917127609253,0.5858443379402161,0,-0.8772940635681152,0.39190810918807983,0.27706193923950195,0,-0.0481792688369751,-0.6462631821632385,0.7615927457809448,0,0,0.5446490049362183,0,1,0.8967739939689636,0.27089524269104004,0.34987491369247437,0,-0.44147178530693054,0.6013360023498535,0.6659560799598694,0,-0.02998807467520237,-0.7516719698905945,0.6588550806045532,0,0,0.09893500059843063,0,1
K0.134,0.9998847246170044,0.002960977843031287,-0.014871827326714993,0,-0.0032653710804879665,0.9997847676277161,-0.020485445857048035,0,0.014807973057031631,0.020531656220555305,0.999679446220398,0,0.1142357885837555,1.0406867265701294,-0.015622994862496853,1,0.998926043510437,0.046338822692632675,0.00042409368325024843,0,-0.046340685337781906,0.9988970160484314,0.00754948053508997,0,-0.00007379187445621938,-0.00756102055311203,0.9999709725379944,0,-0.040713999420404434,0.11680400371551514,0,1,0.9393796920776367,-0.34287700057029724,-0.0005155926919542253,0,0.34283098578453064,0.9392266869544983,0.01791262999176979,0,-0.005657568108290434,-0.017003515735268593,0.9998389482498169,0,0,0.1443129926919937,0,1,0.9762043952941895,-0.21685194969177246,0.00048382842214778066,0,0.21680991351604462,0.9760543704032898,0.01762257143855095,0,-0.004293734673410654,-0.01709834486246109,0.9998449683189392,0,0,0.16492900252342224,0,1,0.925226092338562,-0.3791024684906006,0.015401673503220081,0,0.3791273236274719,0.9253431558609009,0.001387761440128088,0,-0.014777940697968006,0.00455520348623395,0.9998800158500671,0,0,0.18554499745368958,0,1,0.9266345500946045,0.3713899552822113,-0.05846882238984108,0,-0.3733215928077698,0.9273324012756348,-0.026180323213338852,0,0.04449690878391266,0.04608725383877754,0.9979459047317505,0,-0.06834299862384796,0.14684300124645233,0,1,-0.8737282156944275,0.30793800950050354,-0.37652796506881714,0,0.41193580627441406,0.05679688602685928,-0.9094412922859192,0,-0.25866588950157166,-0.9497096538543701,-0.17647559940814972,0,-0.012795000337064266,0.15593400597572327,-0.27072998881340027,1,-0.9173851609230042,-0.1079084649682045,-0.38309264183044434,0,-0.34570392966270447,0.6929944157600403,0.6326503157615662,0,0.19721287488937378,0.7128211855888367,-0.6730476021766663,0,0,0.5410029888153076,0,1,0.5279485583305359,-0.000471852021291852,0.8492770195007324,0,0.6948928236961365,0.5751492977142334,-0.4316568672657013,0,-0.48825713992118835,0.8180486559867859,0.30397698283195496,0,0,0.5627570152282715,0,1,0.8991727232933044,-0.2943618595600128,-0.323788046836853,0,0.36497196555137634,0.09626226127147675,0.9260281920433044,0,-0.24141906201839447,-0.9508336782455444,0.19399040937423706,0,-0.008383000269532204,0.15439699590206146,0.27072998881340027,1,-0.9796470999717712,0.10696269571781158,0.16985547542572021,0,0.1992347240447998,0.6211802363395691,0.7579185962677002,0,-0.02444184571504593,0.7763339877128601,-0.6298481822013855,0,0,0.5410029888153076,0,1,-0.11003473401069641,-0.41832107305526733,-0.9016095995903015,0,-0.9233766794204712,0.3786892592906952,-0.06300976127386093,0,0.3677881062030792,0.8255918025970459,-0.4279367923736572,0,0,0.5520840287208557,0,1,-0.7451103925704956,-0.6396106481552124,-0.18896916508674622,0,0.5841230750083923,-0.48909541964530945,-0.6477541923522949,0,0.32188642024993896,-0.5930294990539551,0.7380412817001343,0,-0.03310500085353851,-0.06489100307226181,-0.6518999934196472,1,0.4024742841720581,-0.8770716786384583,-0.26221901178359985,0,0.912207305431366,0.3602316975593567,0.1952221691608429,0,-0.07676423341035843,-0.3177701234817505,0.9450554847717285,0,0,0.5143960118293762,0,1,-0.09441699087619781,-0.39291706681251526,0.9147136211395264,0,-0.9939106106758118,-0.015228884294629097,-0.1091332659125328,0,0.05681038647890091,-0.91944819688797,-0.38908690214157104,0,0,0.5403140187263489,0,1,0.9514619708061218,-0.23165099322795868,0.20262688398361206,0,0.07352598756551743,0.8104061484336853,0.5812367796897888,0,-0.2988540828227997,-0.5381262302398682,0.7881028056144714,0,0,0.18944300711154938,0,1,-0.7787996530532837,-0.6256579756736755,-0.044978413730859756,0,0.47396907210350037,-0.6339172720909119,0.6111481785774231,0,-0.41088229417800903,0.454643577337265,0.7902370691299438,0,0.012934999540448189,-0.06489100307226181,0.6518999934196472,1,0.41894376277923584,-0.8825156092643738,0.21366390585899353,0,0.8973147869110107,0.43839648365974426,0.05132969841361046,0,-0.13896876573562622,0.1702195107936859,0.9755577445030212,0,0,0.51419597864151,0,1,0.4773103892803192,0.655099093914032,0.5856785178184509,0,-0.8774310946464539,0.3915962278842926,0.27706772089004517,0,-0.04784266650676727,-0.6461400985717773,0.7617176175117493,0,0,0.5446490049362183,0,1,0.8967740535736084,0.27089589834213257,0.3498748540878296,0,-0.44147199392318726,0.6013368964195251,0.6659550666809082,0,-0.02998814918100834,-0.7516708970069885,0.6588560938835144,0,0,0.09893500059843063,0,1
K0.168,0.9998787045478821,0.0027981761377304792,-0.015316803008317947,0,-0.0031186919659376144,0.999775767326355,-0.02094198390841484,0,0.015254773199558258,0.020987220108509064,0.9996634721755981,0,0.11432766169309616,1.0408142805099487,-0.01548831257969141,1,0.998926043510437,0.046327829360961914,0.0005896124057471752,0,-0.04633096978068352,0.9988980889320374,0.007520327344536781,0,-0.0002405623672530055,-0.007539570331573486,0.9999720454216003,0,-0.040713999420404434,0.11680400371551514,0,1,0.9394002556800842,-0.3428233861923218,-0.0002721694763749838,0,0.34277239441871643,0.9392462372779846,0.018009237945079803,0,-0.0059183514676988125,-0.017011167481541634,0.9998379945755005,0,0,0.1443129926919937,0,1,0.9762166142463684,-0.21679677069187164,0.000689952343236655,0,0.21675068140029907,0.9760656356811523,0.017742812633514404,0,-0.004520021844655275,-0.017171276733279228,0.9998419880867004,0,0,0.16492900252342224,0,1,0.9250244498252869,-0.37959784269332886,0.015367214567959309,0,0.3796231746673584,0.925140380859375,0.00133872264996171,0,-0.01472499966621399,0.004595397040247917,0.9998811483383179,0,0,0.18554499745368958,0,1,0.9264745116233826,0.371817409992218,-0.05827741697430611,0,-0.37376919388771057,0.9271338582038879,-0.026822267100214958,0,0.04405798390507698,0.04663245379924774,0.9979398250579834,0,-0.06834299862384796,0.14684300124645233,0,1,-0.8737456798553467,0.30788853764533997,-0.3765282928943634,0,0.41187891364097595,0.05662163347005844,-0.9094781279563904,0,-0.2586980164051056,-0.9497358202934265,-0.17628556489944458,0,-0.012795000337064266,0.15593400597572327,-0.27072998881340027,1,-0.9174653887748718,-0.10996749252080917,-0.3823143243789673,0,-0.34637656807899475,0.6934764385223389,0.6317540407180786,0,0.19565367698669434,0.7120375037193298,-0.6743311882019043,0,0,0.5410029888153076,0,1,0.5287047624588013,-0.0016773194074630737,0.8488044142723083,0,0.6951414346694946,0.5746995210647583,-0.4318552315235138,0,-0.4870827794075012,0.8183624148368835,0.3050121068954468,0,0,0.5627570152282715,0,1,0.899127721786499,-0.29448622465133667,-0.32380199432373047,0,0.3651014566421509,0.09661364555358887,0.925940752029419,0,-0.24139311909675598,-0.9507595300674438,0.1943853497505188,0,-0.008383000269532204,0.15439699590206146,0.27072998881340027,1,-0.9799613356590271,0.1052384153008461,0.1691170334815979,0,0.19754981994628906,0.6221497058868408,0.757564902305603,0,-0.02549118548631668,0.775793194770813,-0.6304723620414734,0,0,0.5410029888153076,0,1,-0.11037328839302063,-0.4187701344490051,-0.9013594388961792,0,-0.9232392311096191,0.37901929020881653,-0.06303917616605759,0,0.3680315613746643,0.8252127170562744,-0.42845869064331055,0,0,0.5520840287208557,0,1,-0.7451338768005371,-0.6389031410217285,-0.19125603139400482,0,0.5851794481277466,-0.48878785967826843,-0.6470328569412231,0,0.319907546043396,-0.5940449833869934,0.738085150718689,0,-0.03310500085353851,-0.06489100307226181,-0.6518999934196472,1,0.40230223536491394,-0.8771529197692871,-0.262212872505188,0,0.9122413396835327,0.35990288853645325,0.19566871225833893,0,-0.07726017385721207,-0.31791919469833374,0.9449643492698669,0,0,0.5143960118293762,0,1,-0.09556886553764343,-0.39369651675224304,0.9142593145370483,0,-0.9937573075294495,-0.015380692668259144,-0.11050217598676682,0,0.05756628140807152,-0.9191120266914368,-0.38976866006851196,0,0,0.5403140187263489,0,1,0.9514619708061218,-0.23165099322795868,0.20262688398361206,0,0.07352598756551743,0.8104061484336853,0.5812367796897888,0,-0.2988540828227997,-0.5381262302398682,0.7881028056144714,0,0,0.18944300711154938,0,1,-0.7794066071510315,-0.6248331665992737,-0.04591620713472366,0,0.4730130136013031,-0.6349173784255981,0.6108507513999939,0,-0.41083279252052307,0.45438212156295776,0.790412962436676,0,0.012934999540448189,-0.06489100307226181,0.6518999934196472,1,0.4199469983577728,-0.8821161389350891,0.2133415937423706,0,0.896899938583374,0.43929439783096313,0.05089591071009636,0,-0.1386159211397171,0.16997256875038147,0.9756507277488708,0,0,0.51419597864151,0,1,0.4773026704788208,0.6550672650337219,0.585720956325531,0,-0.87744140625,0.39149367809295654,0.2771804928779602,0,-0.047734204679727554,-0.6462346315383911,0.7616438865661621,0,0,0.5446490049362183,0,1,0.8967740535736084,0.27089542150497437,0.3498746156692505,0,-0.4414716064929962,0.6013371348381042,0.6659551858901978,0,-0.029988393187522888,-0.7516708970069885,0.6588560938835144,0,0,0.09893500059843063,0,1
K0.201,0.9998710751533508,0.0028236405923962593,-0.015828927978873253,0,-0.0031592606101185083,0.9997696280479431,-0.021218201145529747,0,0.015765370801091194,0.021265478804707527,0.9996498227119446,0,0.114317886531353,1.0410189628601074,-0.015413230285048485,1,0.998929500579834,0.04626183211803436,0.000672151509206742,0,-0.04626553878188133,0.9989004731178284,0.007503126282244921,0,-0.00032430424471385777,-0.007526196073740721,0.9999719858169556,0,-0.040713999420404434,0.11680400371551514,0,1,0.9392912983894348,-0.3431206941604614,-0.0001434065488865599,0,0.3430672585964203,0.9391374588012695,0.018038833513855934,0,-0.006054817698895931,-0.01699291355907917,0.9998369812965393,0,0,0.1443129926919937,0,1,0.9761475920677185,-0.21710439026355743,0.0009276149212382734,0,0.2170543223619461,0.9759983420372009,0.017758090049028397,0,-0.0047607095912098885,-0.01713317260146141,0.9998417496681213,0,0,0.16492900252342224,0,1,0.9247874021530151,-0.3801775872707367,0.01527297031134367,0,0.38020479679107666,0.9249013662338257,0.0011895063798874617,0,-0.01457822322845459,0.0047068181447684765,0.9998829960823059,0,0,0.18554499745368958,0,1,0.9261381030082703,0.3726922571659088,-0.05804789811372757,0,-0.3746636211872101,0.9267528057098389,-0.02750653214752674,0,0.04354454576969147,0.04722324758768082,0.9979345202445984,0,-0.06834299862384796,0.14684300124645233,0,1,-0.8737396597862244,0.3079034090042114,-0.3765292465686798,0,0.4118795096874237,0.05660868436098099,-0.9094788432121277,0,-0.25871655344963074,-0.9497315287590027,-0.17628028988838196,0,-0.012795000337064266,0.15593400597572327,-0.27072998881340027,1,-0.9175888895988464,-0.11159447580575943,-0.3815464675426483,0,-0.34680604934692383,0.6938554644584656,0.6311025023460388,0,0.19431059062480927,0.7114154100418091,-0.6753758788108826,0,0,0.5410029888153076,0,1,0.5293259620666504,-0.002552440855652094,0.8484146595001221,0,0.6956050992012024,0.5738327503204346,-0.43226173520088196,0,-0.4857444763183594,0.8189684152603149,0.30551984906196594,0,0,0.5627570152282715,0,1,0.8991196155548096,-0.29432666301727295,-0.32396867871284485,0,0.365116149187088,0.09612717479467392,0.9259855151176453,0,-0.24140003323554993,-0.9508579969406128,0.19389325380325317,0,-0.008383000269532204,0.15439699590206146,0.27072998881340027,1,-0.9802902936935425,0.10365331918001175,0.16818787157535553,0,0.1957714855670929,0.6240450143814087,0.7564666867256165,0,-0.026546522974967957,0.7744827270507812,-0.632037341594696,0,0,0.5410029888153076,0,1,-0.11053904891014099,-0.4193808138370514,-0.9010555744171143,0,-0.9233280420303345,0.37880346179008484,-0.06303618103265762,0,0.36775919795036316,0.825002133846283,-0.4290987253189087,0,0,0.5520840287208557,0,1,-0.7454111576080322,-0.6379632949829102,-0.19329912960529327,0,0.5859806537628174,-0.48886337876319885,-0.6462504863739014,0,0.3177873194217682,-0.5949919819831848,0.7382385730743408,0,-0.03310500085353851,-0.06489100307226181,-0.6518999934196472,1,0.40270817279815674,-0.8770502209663391,-0.26193419098854065,0,0.9120056629180908,0.3601064085960388,0.19638794660568237,0,-0.07791793346405029,-0.3179725706577301,0.9448928236961365,0,0,0.5143960118293762,0,1,-0.09672699868679047,-0.3942900598049164,0.9138814806938171,0,-0.9936270713806152,-0.01512852218002081,-0.11169449239969254,0,0.057865653187036514,-0.9188610315322876,-0.39031389355659485,0,0,0.5403140187263489,0,1,0.9514619708061218,-0.23165099322795868,0.20262688398361206,0,0.07352598756551743,0.8104061484336853,0.5812367796897888,0,-0.2988540828227997,-0.5381262302398682,0.7881028056144714,0,0,0.18944300711154938,0,1,-0.7800008058547974,-0.6240118741989136,-0.04698421433568001,0,0.4720099866390228,-0.6359708905220032,0.6105300784111023,0,-0.410858690738678,0.45403698086738586,0.7905978560447693,0,0.012934999540448189,-0.06489100307226181,0.6518999934196472,1,0.42102667689323425,-0.8817030787467957,0.2129235714673996,0,0.8963443040847778,0.44038957357406616,0.051229625940322876,0,-0.13893865048885345,0.16928379237651825,0.9757254123687744,0,0,0.51419597864151,0,1,0.47728756070137024,0.6552296280860901,0.5855516791343689,0,-0.8774452805519104,0.39161333441734314,0.27699875831604004,0,-0.04781210049986839,-0.6459981203079224,0.7618409395217896,0,0,0.5446490049362183,0,1,0.8967739939689636,0.27089592814445496,0.3498748540878296,0,-0.44147202372550964,0.6013368964195251,0.6659550666809082,0,-0.029988138005137444,-0.7516708970069885,0.6588560938835144,0,0,0.09893500059843063,0,1
