1.400,30,41,25
B0,mixamorig_Hips,-1,-0.10642237216234207,0.10818982124328613,-0.9884179830551147,0,-0.09975489228963852,0.9878860712051392,0.11887215077877045,0,0.9893040657043457,0.11125006526708603,-0.09434062242507935,0,0.024209000170230865,0.6646530032157898,-0.03774600103497505,1
B1,mixamorig_Spine,0,0.9884570240974426,0.15046797692775726,-0.017645856365561485,0,-0.14992204308509827,0.9882720708847046,0.029004625976085663,0,0.021803198382258415,-0.02602435275912285,0.9994239807128906,0,-0.00395399983972311,0.05672900006175041,0,1
B2,mixamorig_Spine1,1,0.9845659732818604,0.17245084047317505,-0.029857899993658066,0,-0.17078116536140442,0.9839590191841125,0.051551900804042816,0,0.03826911747455597,-0.04565708339214325,0.9982240200042725,0,0,0.0663440003991127,0,1
B3,mixamorig_Spine2,2,0.9845229983329773,0.17309318482875824,-0.027434028685092926,0,-0.17157785594463348,0.9838830828666687,0.0503431037068367,0,0.035705942660570145,-0.04485689848661423,0.998354971408844,0,0,0.07582200318574905,0,1
B4,mixamorig_Neck,3,0.9964730143547058,-0.05320468172430992,0.06489231437444687,0,0.05698230117559433,0.9966989755630493,-0.057823073118925095,0,-0.061601683497428894,0.06131689250469208,0.9962160587310791,0,0,0.08529999852180481,0,1
B5,mixamorig_Head,4,0.9193469882011414,-0.3545212745666504,0.17063575983047485,0,0.35116875171661377,0.9349501132965088,0.05048060789704323,0,-0.17743231356143951,0.013512753881514072,0.9840399622917175,0,-0.08771199733018875,0.17520299553871155,0,1
B6,mixamorig_HeadTop_End,5,1,0,0,0,0,1,0,0,0,0,1,0,-0.14908699691295624,0.2977980077266693,0,1
B7,mixamorig_LeftShoulder,3,0.9999639987945557,0.006415272131562233,-0.0055217924527823925,0,0.004680238198488951,0.12450025230646133,0.9922090172767639,0,0.007052754983305931,-0.9921990633010864,0.12446573376655579,0,0.001408000010997057,0.08018399775028229,0.1500760018825531,1
B8,mixamorig_LeftArm,7,0.9306680560112,0.2236807495355606,0.28952521085739136,0,-0.3650640547275543,0.6200980544090271,0.6944109201431274,0,-0.024207668378949165,-0.7519609928131104,0.6587629914283752,0,0,0.3003869950771332,0,1
B9,mixamorig_LeftForeArm,8,-0.5215018391609192,-0.8122621774673462,-0.2612800896167755,0,-0.8509829044342041,0.5174411535263062,0.08990814536809921,0,0.06216805428266525,0.2692319452762604,-0.9610670804977417,0,0,0.33677300810813904,0,1
B10,mixamorig_LeftHand,9,1,0,0,0,0,1,0,0,0,0,1,0,0,0.5506730079650879,0,1
B11,mixamorig_RightShoulder,3,-0.9975887537002563,-0.012377837672829628,0.06829223036766052,0,-0.06853275001049042,0.020178787410259247,-0.9974449276924133,0,0.010968159884214401,-0.9997199177742004,-0.020978247746825218,0,-0.0021039999555796385,0.08042900264263153,-0.1500760018825531,1
B12,mixamorig_RightArm,11,-0.9836350679397583,-0.1383577138185501,-0.11540789902210236,0,-0.17782926559448242,0.6425822377204895,0.7452946901321411,0,-0.028958212584257126,0.7536211609840393,-0.6566706895828247,0,0,0.3003869950771332,0,1
B13,mixamorig_RightForeArm,12,0.3182269036769867,0.8775691390037537,-0.35861361026763916,0,-0.94684898853302,0.3129711449146271,-0.07433898746967316,0,0.046998076140880585,0.36320939660072327,0.9305208325386047,0,0,0.33481499552726746,0,1
B14,mixamorig_RightHand,13,1,0,0,0,0,1,0,0,0,0,1,0,0,0.5475829839706421,0,1
B15,mixamorig_LeftUpLeg,0,-0.7317332029342651,0.6744300127029419,0.09853800386190414,0,-0.6766020655632019,-0.7362070679664612,0.014491334557533264,0,0.0823177844285965,-0.056067246943712234,0.995028018951416,0,0.0037060000468045473,-0.031321000307798386,0.3167180120944977,1
B16,mixamorig_LeftLeg,15,0.19059798121452332,0.9672039151191711,-0.16789336502552032,0,-0.9799230098724365,0.19764897227287292,0.026180293411016464,0,0.058505646884441376,0.15953269600868225,0.9854571223258972,0,0,0.25246700644493103,0,1
B17,mixamorig_LeftFoot,16,-0.26504504680633545,-0.0719808042049408,-0.961546003818512,0,0.8035358786582947,0.5347311496734619,-0.26152005791664124,0,0.532992959022522,-0.8419511318206787,-0.0838887020945549,0,0,0.2765679955482483,0,1
B18,mixamorig_LeftToeBase,17,0.962770938873291,0.01028629019856453,-0.27012312412261963,0,0.16914619505405426,0.7565518021583557,0.6316791772842407,0,0.21085979044437408,-0.6538527607917786,0.7266462445259094,0,0,0.07574500143527985,0,1
B19,mixamorig_LeftToe_End,18,1,0,0,0,0,1,0,0,0,0,1,0,0,0.04323900118470192,0,1
B20,mixamorig_RightUpLeg,0,-0.9086211919784546,0.4080027639865875,-0.08911389857530594,0,-0.38254427909851074,-0.8987359404563904,-0.2143201231956482,0,-0.16753312945365906,-0.16064584255218506,0.9726899862289429,0,0.023063000291585922,-0.031321000307798386,-0.3167180120944977,1
B21,mixamorig_RightLeg,20,0.6384268999099731,0.7549930810928345,-0.1496579945087433,0,-0.7628839612007141,0.6464971899986267,0.007051058113574982,0,0.1020769476890564,0.10967005789279938,0.9887130260467529,0,0,0.2519350051879883,0,1
B22,mixamorig_RightFoot,21,0.27683112025260925,0.03639224171638489,-0.9602289795875549,0,0.8902101516723633,0.3665197491645813,0.2705358564853668,0,0.36178815364837646,-0.9296978712081909,0.06906729936599731,0,0,0.27811700105667114,0,1
B23,mixamorig_RightToeBase,22,0.9515569806098938,-0.0003410075150895864,0.30747315287590027,0,-0.19117295742034912,0.782555878162384,0.5925031304359436,0,-0.24081692099571228,-0.622580885887146,0.7445810437202454,0,0,0.07741600275039673,0,1
B24,mixamorig_RightToe_End,23,1,0,0,0,0,1,0,0,0,0,1,0,0,0.04300700128078461,0,1
@20,0,1,2,3,4,5,7,8,9,11,12,13,15,16,17,18,20,21,22,23
K0,-0.9884178638458252,0.10818991810083389,0.10642237216234207,0,0.11887226998806,0.9878860116004944,0.09975507855415344,0,-0.09434058517217636,0.11125026643276215,-0.9893039464950562,0,-0.03774599730968475,0.6646530032157898,-0.024209000170230865,1,0.9884570240974426,0.15046797692775726,-0.017645830288529396,0,-0.14992204308509827,0.9882720708847046,0.02900463528931141,0,0.021803172305226326,-0.026024365797638893,0.9994239807128906,0,-0.00395399983972311,0.05672900006175041,0,1,0.9845659732818604,0.17245084047317505,-0.02985789068043232,0,-0.17078116536140442,0.9839590191841125,0.05155190825462341,0,0.03826911374926567,-0.045657090842723846,0.9982240200042725,0,0,0.0663440003991127,0,1,0.9845229983329773,0.17309318482875824,-0.02743404358625412,0,-0.17157785594463348,0.9838830828666687,0.0503431037068367,0,0.03570595756173134,-0.04485689848661423,0.998354971408844,0,0,0.07582200318574905,0,1,0.9964730143547058,-0.05320468917489052,0.06489232182502747,0,0.05698230862617493,0.9966989755630493,-0.05782308802008629,0,-0.06160169094800949,0.06131690740585327,0.9962160587310791,0,0,0.08529999852180481,0,1,0.9193469882011414,-0.354521244764328,0.17063571512699127,0,0.3511687219142914,0.9349501132965088,0.0504806712269783,0,-0.17743228375911713,0.013512668199837208,0.9840400218963623,0,-0.08771199733018875,0.17520299553871155,0,1,0.9999639987945557,0.006415454670786858,-0.005522034130990505,0,0.004680454730987549,0.12450025230646133,0.9922090172767639,0,0.0070529659278690815,-0.9921990633010864,0.12446573376655579,0,0.001408000010997057,0.08018399775028229,0.1500760018825531,1,0.9306679964065552,0.22368082404136658,0.2895253598690033,0,-0.36506420373916626,0.6200979351997375,0.6944109201431274,0,-0.02420765720307827,-0.7519610524177551,0.6587628722190857,0,0,0.3003869950771332,0,1,-0.5215018391609192,-0.8122621774673462,-0.26128000020980835,0,-0.8509829044342041,0.5174412131309509,0.08990813046693802,0,0.062168020755052567,0.2692318558692932,-0.9610670804977417,0,0,0.33677300810813904,0,1,-0.9975889325141907,-0.012378082610666752,0.06829239428043365,0,-0.06853292137384415,0.020178603008389473,-0.9974449872970581,0,0.010968406684696674,-0.99972003698349,-0.02097826451063156,0,-0.0021039999555796385,0.08042900264263153,-0.1500760018825531,1,-0.9836350679397583,-0.13835765421390533,-0.11540806293487549,0,-0.17782935500144958,0.6425822377204895,0.7452946901321411,0,-0.02895805984735489,0.7536212205886841,-0.6566706895828247,0,0,0.3003869950771332,0,1,0.31822699308395386,0.8775691390037537,-0.35861361026763916,0,-0.9468489289283752,0.3129713535308838,-0.07433870434761047,0,0.04699840024113655,0.3632092773914337,0.9305208921432495,0,0,0.33481499552726746,0,1,-0.7317332029342651,0.6744300127029419,0.0985381230711937,0,-0.6766020655632019,-0.7362070679664612,0.014491329900920391,0,0.08231787383556366,-0.0560673326253891,0.995028018951416,0,0.0037060000468045473,-0.031321000307798386,0.3167180120944977,1,0.1905979961156845,0.9672037959098816,-0.16789358854293823,0,-0.9799229502677917,0.19764894247055054,0.026179995387792587,0,0.05850538611412048,0.15953297913074493,0.9854570627212524,0,0,0.25246700644493103,0,1,-0.26504549384117126,-0.07198081910610199,-0.9615458250045776,0,0.8035358786582947,0.5347309112548828,-0.26152050495147705,0,0.5329926013946533,-0.8419512510299683,-0.08388883620500565,0,0,0.2765679955482483,0,1,0.962770938873291,0.010286265052855015,-0.270123153924942,0,0.16914625465869904,0.7565517425537109,0.6316791772842407,0,0.21085979044437408,-0.6538527607917786,0.7266461849212646,0,0,0.07574500143527985,0,1,-0.9086211919784546,0.4080027639865875,-0.08911387622356415,0,-0.38254427909851074,-0.8987359404563904,-0.21432015299797058,0,-0.16753311455249786,-0.16064587235450745,0.9726899862289429,0,0.023063000291585922,-0.031321000307798386,-0.3167180120944977,1,0.6384268403053284,0.7549930810928345,-0.14965800940990448,0,-0.7628839612007141,0.6464971303939819,0.007051078137010336,0,0.10207697004079819,0.10967007279396057,0.9887130260467529,0,0,0.2519350051879883,0,1,0.2768310606479645,0.036392293870449066,-0.9602289795875549,0,0.8902103304862976,0.3665195107460022,0.2705358564853668,0,0.36178797483444214,-0.9296979904174805,0.06906713545322418,0,0,0.27811700105667114,0,1,0.9515569806098938,-0.0003409700293559581,0.3074731230735779,0,-0.19117297232151031,0.782555878162384,0.5925031304359436,0,-0.2408168911933899,-0.622580885887146,0.7445810437202454,0,0,0.07741600275039673,0,1
K0.034,-0.9914373755455017,0.08692029863595963,0.0974513590335846,0,0.09727444499731064,0.9894800782203674,0.10708537697792053,0,-0.0871182382106781,0.11564794182777405,-0.9894621968269348,0,-0.037598662078380585,0.6612578630447388,-0.023015594109892845,1,0.9878836870193481,0.15272682905197144,-0.027578704059123993,0,-0.1518104076385498,0.9878671169281006,0.03273490071296692,0,0.03224358707666397,-0.028151538223028183,0.9990832209587097,0,-0.00395399983972311,0.05672900006175041,0,1,0.9824654459953308,0.18018947541713715,-0.047881484031677246,0,-0.17690236866474152,0.9820263981819153,0.06579486280679703,0,0.05887645483016968,-0.056170862168073654,0.9966835379600525,0,0,0.0663440003991127,0,1,0.9824140667915344,0.18115797638893127,-0.045220665633678436,0,-0.17808707058429718,0.9818910956382751,0.0646204799413681,0,0.0561082623898983,-0.055430829524993896,0.9968851208686829,0,0,0.07582200318574905,0,1,0.996029257774353,-0.0600094348192215,0.06576550751924515,0,0.06418416649103165,0.9959276914596558,-0.06331968307495117,0,-0.061697881668806076,0.0672893226146698,0.9958242774009705,0,0,0.08529999852180481,0,1,0.91343754529953,-0.3512876331806183,0.2054971307516098,0,0.34846988320350647,0.9359321594238281,0.0509783960878849,0,-0.21023951470851898,0.025043994188308716,0.9773290157318115,0,-0.08771199733018875,0.17520299553871155,0,1,0.9999592900276184,0.00742186326533556,-0.005082158371806145,0,0.004317442420870066,0.09964469820261002,0.9950132966041565,0,0.007891269400715828,-0.9949955940246582,0.09960868209600449,0,0.001408000010997057,0.08018399775028229,0.1500760018825531,1,0.954047441482544,0.20071670413017273,0.2225012481212616,0,-0.2985720932483673,0.6998414993286133,0.64890456199646,0,-0.02546960674226284,-0.685518205165863,0.727610170841217,0,0,0.3003869950771332,0,1,-0.4718557298183441,-0.8449861407279968,-0.25169622898101807,0,-0.8808481693267822,0.4641630947589874,0.09305606037378311,0,0.03819699585437775,0.2656150758266449,-0.963322103023529,0,0,0.33677300810813904,0,1,-0.9972885251045227,-0.012349904514849186,0.07254962623119354,0,-0.072921022772789,0.03288581967353821,-0.9967958331108093,0,0.009924475103616714,-0.9993827939033508,-0.03369712084531784,0,-0.0021039999555796385,0.08042900264263153,-0.1500760018825531,1,-0.9847007393836975,-0.12472371011972427,-0.1216857060790062,0,-0.17386065423488617,0.6565229892730713,0.7339954376220703,0,-0.011657173745334148,0.7439225912094116,-0.6681634783744812,0,0,0.3003869950771332,0,1,0.29207509756088257,0.8971453905105591,-0.3313954472541809,0,-0.9560257196426392,0.2835143506526947,-0.07506952434778214,0,0.02660704031586647,0.33874812722206116,0.9405004978179932,0,0,0.33481499552726746,0,1,-0.6673420071601868,0.7379109859466553,0.10071086138486862,0,-0.7411689758300781,-0.671279788017273,0.0072641754522919655,0,0.07296539843082428,-0.06979601085186005,0.9948888421058655,0,0.0037060000468045473,-0.031321000307798386,0.3167180120944977,1,0.3205568790435791,0.9376458525657654,-0.13440123200416565,0,-0.9462359547615051,0.3234778940677643,-0.00010968851711368188,0,0.04337296262383461,0.12721040844917297,0.9909271001815796,0,0,0.25246700644493103,0,1,-0.2641182243824005,-0.09649300575256348,-0.95965176820755,0,0.7487598657608032,0.6066545844078064,-0.2670750617980957,0,0.6079474091529846,-0.7890872955322266,-0.08797839283943176,0,0,0.2765679955482483,0,1,0.9592253565788269,0.005070845130831003,-0.282595157623291,0,0.18616627156734467,0.7409782409667969,0.6452084183692932,0,0.21266871690750122,-0.6715102791786194,0.7098214030265808,0,0,0.07574500143527985,0,1,-0.9530996680259705,0.27965301275253296,-0.11573600023984909,0,-0.2518032193183899,-0.9448497891426086,-0.2094123214483261,0,-0.1679159253835678,-0.17044810950756073,0.9709535837173462,0,0.023063000291585922,-0.031321000307798386,-0.3167180120944977,1,0.6714944839477539,0.7287902235984802,-0.13401728868484497,0,-0.7355234026908875,0.6774982810020447,-0.0010879168985411525,0,0.0900036096572876,0.09930337220430374,0.9909785389900208,0,0,0.2519350051879883,0,1,0.274361789226532,0.029536547139286995,-0.9611725211143494,0,0.9167634844779968,0.29369989037513733,0.270710825920105,0,0.29029229283332825,-0.955440878868103,0.053502004593610764,0,0,0.27811700105667114,0,1,0.951147735118866,-0.00019716790120583028,0.3087364733219147,0,-0.1919591724872589,0.7828319668769836,0.5918830037117004,0,-0.24180547893047333,-0.6222330331802368,0.7445510029792786,0,0,0.07741600275039673,0,1
K0.068,-0.9933690428733826,0.076774962246418,0.08557924628257751,0,0.08584525436162949,0.9904477000236511,0.10790512710809708,0,-0.07647735625505447,0.11453621834516525,-0.9904709458351135,0,-0.03561515361070633,0.6488908529281616,-0.024039024487137794,1,0.9873716235160828,0.15410174429416656,-0.03673075884580612,0,-0.15283723175525665,0.9876285791397095,0.03506962209939957,0,0.04168066009879112,-0.029012933373451233,0.9987094402313232,0,-0.00395399983972311,0.05672900006175041,0,1,0.980542004108429,0.1863795965909958,-0.0616501048207283,0,-0.18156425654888153,0.9804208278656006,0.07622135430574417,0,0.0746491551399231,-0.06354478746652603,0.9951836466789246,0,0,0.0663440003991127,0,1,0.9804704189300537,0.18767856061458588,-0.05877937376499176,0,-0.18314401805400848,0.980230450630188,0.07487230747938156,0,0.07166928797960281,-0.06264502555131912,0.9954596161842346,0,0,0.07582200318574905,0,1,0.9954738616943359,-0.06519374996423721,0.06914454698562622,0,0.06978335231542587,0.995364785194397,-0.0661793202161789,0,-0.0645095705986023,0.07070492208003998,0.9954091310501099,0,0,0.08529999852180481,0,1,0.906339168548584,-0.35743504762649536,0.22536590695381165,0,0.35459157824516296,0.9334370493888855,0.054413262754678726,0,-0.2298140823841095,0.03059597685933113,0.9727538824081421,0,-0.08771199733018875,0.17520299553871155,0,1,0.9999171495437622,0.008618872612714767,-0.00960066169500351,0,0.008993363939225674,0.06792914867401123,0.9976491928100586,0,0.009250776842236519,-0.9976528882980347,0.06784600019454956,0,0.001408000010997057,0.08018399775028229,0.1500760018825531,1,0.973944365978241,0.15583345293998718,0.1647663563489914,0,-0.2243046909570694,0.7690969109535217,0.5984793901443481,0,-0.03345818072557449,-0.6198434829711914,0.784011721611023,0,0,0.3003869950771332,0,1,-0.44413700699806213,-0.8624632358551025,-0.24269169569015503,0,-0.8956421613693237,0.43458208441734314,0.09467507153749466,0,0.02381567656993866,0.25941362977027893,-0.9654723405838013,0,0,0.33677300810813904,0,1,-0.9965812563896179,-0.012243113480508327,0.08171224594116211,0,-0.08221534639596939,0.04866626113653183,-0.9954253435134888,0,0.008210470899939537,-0.9987402558326721,-0.049506597220897675,0,-0.0021039999555796385,0.08042900264263153,-0.1500760018825531,1,-0.988081157207489,-0.10404753684997559,-0.11344431340694427,0,-0.1539214700460434,0.677017092704773,0.7196919322013855,0,0.0019215543288737535,0.7285754084587097,-0.6849626898765564,0,0,0.3003869950771332,0,1,0.273652583360672,0.9097157120704651,-0.31230130791664124,0,-0.961733877658844,0.26336875557899475,-0.07553690671920776,0,0.013533300720155239,0.3210213780403137,0.9469751715660095,0,0,0.33481499552726746,0,1,-0.5945585370063782,0.7986508011817932,0.09304161369800568,0,-0.8017922043800354,-0.5975750684738159,0.005819358862936497,0,0.06024701148271561,-0.07114012539386749,0.9956457018852234,0,0.0037060000468045473,-0.031321000307798386,0.3167180120944977,1,0.4472211003303528,0.8877453804016113,-0.10909836739301682,0,-0.893806517124176,0.44810524582862854,-0.01765173301100731,0,0.033217281103134155,0.10540695488452911,0.9938737750053406,0,0,0.25246700644493103,0,1,-0.26104211807250977,-0.11737243831157684,-0.9581648111343384,0,0.6909056901931763,0.6704877018928528,-0.2703629434108734,0,0.6741706728935242,-0.7325775027275085,-0.09393220394849777,0,0,0.2765679955482483,0,1,0.9548156261444092,0.0034279804676771164,-0.29717907309532166,0,0.20324677228927612,0.7220191955566406,0.6613462567329407,0,0.21683606505393982,-0.6918644309043884,0.6886984705924988,0,0,0.07574500143527985,0,1,-0.9774941205978394,0.15982797741889954,-0.13769659399986267,0,-0.12998487055301666,-0.9703864455223083,-0.20360304415225983,0,-0.16616028547286987,-0.18112221360206604,0.9693217873573303,0,0.023063000291585922,-0.031321000307798386,-0.3167180120944977,1,0.6931394338607788,0.7111299633979797,-0.11769631505012512,0,-0.7167025804519653,0.6973387598991394,-0.0074456362053751945,0,0.07677938044071198,0.0895141139626503,0.993021547794342,0,0,0.2519350051879883,0,1,0.27276456356048584,0.02531072124838829,-0.9617477059364319,0,0.9394135475158691,0.20870819687843323,0.2719230055809021,0,0.2076074779033661,-0.9776510000228882,0.03315097838640213,0,0,0.27811700105667114,0,1,0.9503272771835327,-0.0012863139854744077,0.311249315738678,0,-0.1924886554479599,0.7834017872810364,0.5909568667411804,0,-0.2445933222770691,-0.6215142011642456,0.7442402243614197,0,0,0.07741600275039673,0,1
K0.102,-0.9946587085723877,0.07801622897386551,0.06758721172809601,0,0.08481325954198837,0.9909178614616394,0.104347825050354,0,-0.05883252993226051,0.10952271521091461,-0.9922415018081665,0,-0.031995948404073715,0.6299947500228882,-0.02664721943438053,1,0.9870017766952515,0.15419594943523407,-0.04528651013970375,0,-0.1525753140449524,0.9875868558883667,0.03731299191713333,0,0.05047788470983505,-0.02991839125752449,0.9982767105102539,0,-0.00395399983972311,0.05672900006175041,0,1,0.9791528582572937,0.18995383381843567,-0.07195623964071274,0,-0.18390095233917236,0.9794268608093262,0.08308862149715424,0,0.08625882118940353,-0.06812360137701035,0.9939406514167786,0,0,0.0663440003991127,0,1,0.9790463447570801,0.19163714349269867,-0.06887456774711609,0,-0.18594345450401306,0.9791882634162903,0.08133018761873245,0,0.08302706480026245,-0.06681925803422928,0.9943044781684875,0,0,0.07582200318574905,0,1,0.9949397444725037,-0.06781478226184845,0.07413095980882645,0,0.07276050746440887,0.9951512217521667,-0.06618501245975494,0,-0.06928320974111557,0.07124391943216324,0.9950499534606934,0,0,0.08529999852180481,0,1,0.8991212248802185,-0.3715968430042267,0.23129354417324066,0,0.3677070140838623,0.9279140830039978,0.06137990206480026,0,-0.23742912709712982,0.02986028790473938,0.9709460735321045,0,-0.08771199733018875,0.17520299553871155,0,1,0.9998064637184143,0.010022731497883797,-0.016955485567450523,0,0.01657920703291893,0.036502499133348465,0.9991960525512695,0,0.01063358411192894,-0.9992830157279968,0.0363292396068573,0,0.001408000010997057,0.08018399775028229,0.1500760018825531,1,0.9883803129196167,0.09203772991895676,0.12096960842609406,0,-0.14427044987678528,0.8186125159263611,0.5559316873550415,0,-0.047860514372587204,-0.566923975944519,0.822378396987915,0,0,0.3003869950771332,0,1,-0.44655564427375793,-0.8632373809814453,-0.23539334535598755,0,-0.8945035338401794,0.43695521354675293,0.09452033042907715,0,0.021262861788272858,0.2527686059474945,-0.9672931432723999,0,0,0.33677300810813904,0,1,-0.9954005479812622,-0.012234073132276535,0.09501995891332626,0,-0.09562580287456512,0.06635712832212448,-0.9932036399841309,0,0.00584566593170166,-0.9977205991744995,-0.0672217607498169,0,-0.0021039999555796385,0.08042900264263153,-0.1500760018825531,1,-0.992989718914032,-0.07509829849004745,-0.09128078818321228,0,-0.11767643690109253,0.7008702158927917,0.7035143971443176,0,0.011143251322209835,0.7093240022659302,-0.7047940492630005,0,0,0.3003869950771332,0,1,0.2668924033641815,0.914649486541748,-0.30361875891685486,0,-0.9636886119842529,0.25607091188430786,-0.07570692151784897,0,0.008502653799951077,0.3127998113632202,0.9497815370559692,0,0,0.33481499552726746,0,1,-0.5222073197364807,0.8495140671730042,0.0749979317188263,0,-0.8512637615203857,-0.5245440006256104,0.014284251257777214,0,0.05147438123822212,-0.05638367310166359,0.9970811605453491,0,0.0037060000468045473,-0.031321000307798386,0.3167180120944977,1,0.5725948810577393,0.815686047077179,-0.08240953832864761,0,-0.8195242285728455,0.5722601413726807,-0.029981398954987526,0,0.02270427532494068,0.08470375835895538,0.9961472153663635,0,0,0.25246700644493103,0,1,-0.2589603662490845,-0.1462642103433609,-0.954749345779419,0,0.6303301453590393,0.7233818769454956,-0.28178641200065613,0,0.7318633794784546,-0.6747785210609436,-0.09513246268033981,0,0,0.2765679955482483,0,1,0.9496418833732605,0.013334915041923523,-0.3130547106266022,0,0.21468733251094818,0.7000415921211243,0.6810665130615234,0,0.2282331883907318,-0.7139779925346375,0.6619257926940918,0,0,0.07574500143527985,0,1,-0.9866928458213806,0.0473705530166626,-0.15554329752922058,0,-0.015746640041470528,-0.9799624085426331,-0.19855733215808868,0,-0.16183243691921234,-0.193465918302536,0.9676682949066162,0,0.023063000291585922,-0.031321000307798386,-0.3167180120944977,1,0.7158150672912598,0.6915221810340881,-0.09698180109262466,0,-0.6957898736000061,0.7180814146995544,-0.015339553356170654,0,0.05903317779302597,0.078459233045578,0.9951674938201904,0,0,0.2519350051879883,0,1,0.2730371654033661,0.02301306463778019,-0.961728036403656,0,0.9539954662322998,0.12224782258272171,0.2737672030925751,0,0.12386945635080338,-0.9922329187393188,0.011423807591199875,0,0,0.27811700105667114,0,1,0.9502256512641907,-0.0022653858177363873,0.31155329942703247,0,-0.19176578521728516,0.7838644981384277,0.5905779600143433,0,-0.24555356800556183,-0.6209278702735901,0.7444140315055847,0,0,0.07741600275039673,0,1
K0.137,-0.99542635679245,0.08526226878166199,0.04309659078717232,0,0.08917295187711716,0.9910938739776611,0.09889883548021317,0,-0.034280408173799515,0.10228952020406723,-0.9941636323928833,0,-0.0280314851552248,0.6074454188346863,-0.030455835163593292,1,0.9867429137229919,0.15321360528469086,-0.05351652204990387,0,-0.15114803612232208,0.9876713752746582,0.040743179619312286,0,0.059099115431308746,-0.03211411088705063,0.9977352023124695,0,-0.00395399983972311,0.05672900006175041,0,1,0.9782881140708923,0.19117522239685059,-0.08003018796443939,0,-0.18413273990154266,0.9789775609970093,0.08773428946733475,0,0.0951204001903534,-0.07109325379133224,0.9929240345954895,0,0,0.0663440003991127,0,1,0.9781357645988464,0.19331851601600647,-0.07666908204555511,0,-0.18673096597194672,0.978688657283783,0.08543746918439865,0,0.09155181050300598,-0.06925295293331146,0.9933889508247375,0,0,0.07582200318574905,0,1,0.9945493936538696,-0.06743776798248291,0.0795271173119545,0,0.0726248100399971,0.9952887296676636,-0.0642409697175026,0,-0.0748201310634613,0.06966641545295715,0.9947609305381775,0,0,0.08529999852180481,0,1,0.8924468755722046,-0.38986650109291077,0.22703124582767487,0,0.3842896521091461,0.9205422401428223,0.07016884535551071,0,-0.2363482415676117,0.024623777717351913,0.9713562726974487,0,-0.08771199733018875,0.17520299553871155,0,1,0.9996734261512756,0.011258901096880436,-0.022956473752856255,0,0.022826900705695152,0.0115046426653862,0.9996733069419861,0,0.011519324965775013,-0.9998705387115479,0.011243876069784164,0,0.001408000010997057,0.08018399775028229,0.1500760018825531,1,0.9960981011390686,0.01658014766871929,0.08668409287929535,0,-0.06029263883829117,0.8451065421104431,0.5311862230300903,0,-0.06445016711950302,-0.5343401432037354,0.8428089022636414,0,0,0.3003869950771332,0,1,-0.4712299704551697,-0.851073682308197,-0.23155257105827332,0,-0.8815678358078003,0.462790310382843,0.09307821094989777,0,0.02794385515153408,0.24799050390720367,-0.9683597683906555,0,0,0.33677300810813904,0,1,-0.9937057495117188,-0.01242572721093893,0.11132559180259705,0,-0.1119735985994339,0.08253902941942215,-0.9902772903442383,0,0.0031162151135504246,-0.9965102672576904,-0.0834108218550682,0,-0.0021039999555796385,0.08042900264263153,-0.1500760018825531,1,-0.9973081350326538,-0.04076940193772316,-0.06093963608145714,0,-0.07155217975378036,0.7225837111473083,0.6875699758529663,0,0.016002187505364418,0.6900799870491028,-0.7235562801361084,0,0,0.3003869950771332,0,1,0.2711069881916046,0.9132207632064819,-0.30418646335601807,0,-0.9624958038330078,0.260545551776886,-0.07562378793954849,0,0.010193231515586376,0.3132801353931427,0.94960618019104,0,0,0.33481499552726746,0,1,-0.4738723039627075,0.8791625499725342,0.050192080438137054,0,-0.8789482116699219,-0.4757004678249359,0.03404539078474045,0,0.053807828575372696,-0.02798307314515114,0.9981595873832703,0,0.0037060000468045473,-0.031321000307798386,0.3167180120944977,1,0.7055938243865967,0.7073941826820374,-0.04159720614552498,0,-0.708615243434906,0.704474925994873,-0.03974087908864021,0,0.0011917254887521267,0.05751737952232361,0.9983442425727844,0,0,0.25246700644493103,0,1,-0.25445878505706787,-0.1859418749809265,-0.9490400552749634,0,0.5654214024543762,0.7675321698188782,-0.3019818067550659,0,0.7845696210861206,-0.6134493350982666,-0.0901697427034378,0,0,0.2765679955482483,0,1,0.942514955997467,0.02685265801846981,-0.33308279514312744,0,0.22907789051532745,0.6737719178199768,0.7025337815284729,0,0.2432868927717209,-0.7384509444236755,0.6288891434669495,0,0,0.07574500143527985,0,1,-0.9832786917686462,-0.06541136652231216,-0.16995330154895782,0,0.09875325858592987,-0.9756512641906738,-0.1958378702402115,0,-0.15300513803958893,-0.2093467116355896,0.9657968878746033,0,0.023063000291585922,-0.031321000307798386,-0.3167180120944977,1,0.7497944235801697,0.6575900316238403,-0.07337728142738342,0,-0.6605619192123413,0.7503380179405212,-0.025495998561382294,0,0.03829185664653778,0.0675869882106781,0.9969780445098877,0,0,0.2519350051879883,0,1,0.2750795781612396,0.025032244622707367,-0.96109539270401,0,0.9600654244422913,0.04591831564903259,0.2759808301925659,0,0.051040373742580414,-0.9986312985420227,-0.011401444673538208,0,0,0.27811700105667114,0,1,0.9503178596496582,-0.003133587772026658,0.3112668991088867,0,-0.19073240458965302,0.784389853477478,0.5902148485183716,0,-0.2460038959980011,-0.6202599406242371,0.7448214292526245,0,0,0.07741600275039673,0,1
K0.171,-0.9955825805664062,0.0927378237247467,0.014656946994364262,0,0.09370220452547073,0.99126136302948,0.09284818172454834,0,-0.005918330047279596,0.09381147474050522,-0.9955726861953735,0,-0.02482801117002964,0.5822212100028992,-0.034926075488328934,1,0.9864712953567505,0.15166255831718445,-0.06223447993397713,0,-0.1490272581577301,0.987807035446167,0.04502692446112633,0,0.06830458343029022,-0.03514314815402031,0.9970455765724182,0,-0.00395399983972311,0.05672900006175041,0,1,0.9776831269264221,0.1914251744747162,-0.0865597054362297,0,-0.18350309133529663,0.9787249565124512,0.0917830839753151,0,0.10228767991065979,-0.07385075837373734,0.9920094013214111,0,0,0.0663440003991127,0,1,0.9774888157844543,0.1940687894821167,-0.08277897536754608,0,-0.1867041289806366,0.9783726930618286,0.08903724700212479,0,0.09826808422803879,-0.0715777724981308,0.9925822615623474,0,0,0.07582200318574905,0,1,0.994361937046051,-0.06446990370750427,0.08418909460306168,0,0.06976412981748581,0.9956642985343933,-0.061533112078905106,0,-0.07985704392194748,0.06705956906080246,0.9945484399795532,0,0,0.08529999852180481,0,1,0.8866978287696838,-0.408061683177948,0.21737591922283173,0,0.401046484708786,0.9127688407897949,0.07755665481090546,0,-0.23006193339824677,0.018408531323075294,0.9730021357536316,0,-0.08771199733018875,0.17520299553871155,0,1,0.9996246099472046,0.011962393298745155,-0.024636253714561462,0,0.02471025474369526,-0.006077780853956938,0.9996762275695801,0,0.011808793060481548,-0.9999101161956787,-0.006371095776557922,0,0.001408000010997057,0.08018399775028229,0.1500760018825531,1,0.9966684579849243,-0.06195122376084328,0.05304276570677757,0,0.025088394060730934,0.8517343997955322,0.5233734846115112,0,-0.07760200649499893,-0.5202992558479309,0.8504514098167419,0,0,0.3003869950771332,0,1,-0.5021499395370483,-0.8334067463874817,-0.2308233231306076,0,-0.8639318346977234,0.4952782690525055,0.09121783822774887,0,0.03830021247267723,0.24522073566913605,-0.9687107801437378,0,0,0.33677300810813904,0,1,-0.9914911389350891,-0.012745087966322899,0.12955184280872345,0,-0.1301765739917755,0.0937829315662384,-0.9870460629463196,0,0.0004302278393879533,-0.9955116510391235,-0.09464415907859802,0,-0.0021039999555796385,0.08042900264263153,-0.1500760018825531,1,-0.9994931221008301,-0.00723365880548954,-0.031003016978502274,0,-0.026266083121299744,0.7376510500907898,0.6746715307235718,0,0.017989058047533035,0.6751435995101929,-0.7374669313430786,0,0,0.3003869950771332,0,1,0.27963200211524963,0.9088674783706665,-0.3094611167907715,0,-0.9599918127059937,0.2696753740310669,-0.0754384845495224,0,0.014890476129949093,0.31817522644996643,0.947915256023407,0,0,0.33481499552726746,0,1,-0.4498499929904938,0.8927784562110901,0.024124572053551674,0,-0.8904924988746643,-0.45043516159057617,0.06428175419569016,0,0.06825587153434753,0.007434394210577011,0.9976400136947632,0,0.0037060000468045473,-0.031321000307798386,0.3167180120944977,1,0.8242741823196411,0.5661211609840393,0.008946719579398632,0,-0.5652132034301758,0.8236752152442932,-0.04574508219957352,0,-0.03326644003391266,0.032649680972099304,0.9989131093025208,0,0,0.25246700644493103,0,1,-0.24028678238391876,-0.22586265206336975,-0.9440593123435974,0,0.5012194514274597,0.8040057420730591,-0.31992825865745544,0,0.8312889933586121,-0.5500553846359253,-0.07998521625995636,0,0,0.2765679955482483,0,1,0.9341890215873718,0.037666939198970795,-0.3547840714454651,0,0.24899257719516754,0.6433684825897217,0.7239328622817993,0,0.2555253803730011,-0.7646291851997375,0.5916493535041809,0,0,0.07574500143527985,0,1,-0.9657348394393921,-0.1851237416267395,-0.18189579248428345,0,0.22004513442516327,-0.9556670784950256,-0.19565372169017792,0,-0.13761165738105774,-0.2289748638868332,0.963656485080719,0,0.023063000291585922,-0.031321000307798386,-0.3167180120944977,1,0.796271562576294,0.6027049422264099,-0.05193789303302765,0,-0.6046193242073059,0.7957027554512024,-0.03595014661550522,0,0.019659802317619324,0.060028769075870514,0.9980031251907349,0,0,0.2519350051879883,0,1,0.2799822986125946,0.03301836922764778,-0.9594374299049377,0,0.9599804878234863,-0.016765622422099113,0.2795637845993042,0,-0.006854837294667959,-0.9993137717247009,-0.03639104589819908,0,0,0.27811700105667114,0,1,0.9498426914215088,-0.005404699593782425,0.31268176436424255,0,-0.18970957398414612,0.7849099040031433,0.5898535251617432,0,-0.24861495196819305,-0.619586706161499,0.7445154786109924,0,0,0.07741600275039673,0,1
K0.205,-0.9950230121612549,0.0983789786696434,-0.015807127580046654,0,0.09665191918611526,0.9915176033973694,0.08689742535352707,0,0.024221936240792274,0.0849371924996376,-0.9960917234420776,0,-0.023723851889371872,0.5538108944892883,-0.039545975625514984,1,0.9860212206840515,0.14993031322956085,-0.07267943769693375,0,-0.14659814536571503,0.9879703521728516,0.049227435141801834,0,0.07918582111597061,-0.03788463771343231,0.9961394667625427,0,-0.00395399983972311,0.05672900006175041,0,1,0.9770890474319458,0.1920921802520752,-0.09163998067378998,0,-0.18331240117549896,0.9783345460891724,0.0962229073047638,0,0.10813815146684647,-0.07721953839063644,0.9911320209503174,0,0,0.0663440003991127,0,1,0.9768712520599365,0.1952124983072281,-0.0872618705034256,0,-0.1870846301317215,0.9779030680656433,0.09329748898744583,0,0.10354650765657425,-0.07481429725885391,0.9918068647384644,0,0,0.07582200318574905,0,1,0.9943556785583496,-0.06005280837416649,0.0874706357717514,0,0.0652850940823555,0.9961655139923096,-0.05823739618062973,0,-0.08363790065050125,0.0636192038655281,0.9944632053375244,0,0,0.08529999852180481,0,1,0.8819455504417419,-0.4241640567779541,0.2055661976337433,0,0.41663476824760437,0.9054715037345886,0.0808466374874115,0,-0.220426544547081,0.014343686401844025,0.9752979278564453,0,-0.08771199733018875,0.17520299553871155,0,1,0.9996644854545593,0.012240961194038391,-0.022824741899967194,0,0.023057037964463234,-0.01918315887451172,0.9995503425598145,0,0.011797599494457245,-0.999740719795227,-0.01945895329117775,0,0.001408000010997057,0.08018399775028229,0.1500760018825531,1,0.9907149076461792,-0.13482896983623505,0.01748240739107132,0,0.10577019304037094,0.8451346158981323,0.5239847302436829,0,-0.0854233056306839,-0.5172703266143799,0.8515483140945435,0,0,0.3003869950771332,0,1,-0.5335498452186584,-0.8137953877449036,-0.23034991323947906,0,-0.8443416357040405,0.5283273458480835,0.08920325338840485,0,0.049106989055871964,0.2420884668827057,-0.969010591506958,0,0,0.33677300810813904,0,1,-0.9888181090354919,-0.013036975637078285,0.14855816960334778,0,-0.14911651611328125,0.09938286989927292,-0.9838129281997681,0,-0.001938200555741787,-0.9949643015861511,-0.10021571069955826,0,-0.0021039999555796385,0.08042900264263153,-0.1500760018825531,1,-0.9997469186782837,0.021244876086711884,-0.007461158093065023,0,0.010853569023311138,0.744993269443512,0.6669834852218628,0,0.019728487357497215,0.66673344373703,-0.7450351119041443,0,0,0.3003869950771332,0,1,0.28476765751838684,0.9053092002868652,-0.31515398621559143,0,-0.9584169983863831,0.27525046467781067,-0.0753263458609581,0,0.018552662804722786,0.3234996795654297,0.9460468888282776,0,0,0.33481499552726746,0,1,-0.4543331265449524,0.8908268213272095,0.0029092985205352306,0,-0.8862734436988831,-0.45233598351478577,0.09956112504005432,0,0.09000769257545471,0.042655471712350845,0.9950271844863892,0,0.0037060000468045473,-0.031321000307798386,0.3167180120944977,1,0.9232215881347656,0.38052159547805786,0.05352804809808731,0,-0.3786498010158539,0.9245871305465698,-0.04199142009019852,0,-0.06546998769044876,0.01849900372326374,0.9976832866668701,0,0,0.25246700644493103,0,1,-0.21502290666103363,-0.2594745457172394,-0.9415082931518555,0,0.4331590533256531,0.8387061357498169,-0.33006829023361206,0,0.8752933144569397,-0.4787951707839966,-0.06794730573892593,0,0,0.2765679955482483,0,1,0.9285199046134949,0.05056675523519516,-0.36782369017601013,0,0.26137441396713257,0.6145820021629333,0.7442935109138489,0,0.26369428634643555,-0.7872308492660522,0.5574346780776978,0,0,0.07574500143527985,0,1,-0.9318127036094666,-0.3077999949455261,-0.19231446087360382,0,0.34467607736587524,-0.916452944278717,-0.20325709879398346,0,-0.1136845052242279,-0.2556834816932678,0.9600527882575989,0,0.023063000291585922,-0.031321000307798386,-0.3167180120944977,1,0.8470572829246521,0.5305917263031006,-0.031087204813957214,0,-0.5314698815345764,0.8461965322494507,-0.03861897066235542,0,0.00581497885286808,0.04923437908291817,0.9987701773643494,0,0,0.2519350051879883,0,1,0.28776949644088745,0.04159447178244591,-0.9567959904670715,0,0.9561851620674133,-0.06864005327224731,0.2846018671989441,0,-0.05383662134408951,-0.9967736601829529,-0.0595245435833931,0,0,0.27811700105667114,0,1,0.9490445852279663,-0.011602255515754223,0.3149280250072479,0,-0.18728715181350708,0.78293776512146,0.5932393670082092,0,-0.2534518241882324,-0.6219922304153442,0.7408695220947266,0,0,0.07741600275039673,0,1
