3.133,30,94,25
B0,mixamorig_Hips,-1,-0.7585036158561707,-0.1330617517232895,0.6379396319389343,0,-0.12980689108371735,0.9901647567749023,0.05218997225165367,0,-0.638609766960144,-0.04322268068790436,-0.7683157920837402,0,0.017838072031736374,0.5273376107215881,-0.008944644592702389,1
B1,mixamorig_Spine,0,0.987259030342102,-0.15183888375759125,-0.047585032880306244,0,0.15032632648944855,0.9880543351173401,-0.033918965607881546,0,0.05216682329773903,0.026333525776863098,0.9982910752296448,0,-0.002191999927163124,0.0561939999461174,0,1
B2,mixamorig_Spine1,1,0.9893684387207031,-0.10582561045885086,-0.09975188225507736,0,0.0990452691912651,0.9925718903541565,-0.07064791768789291,0,0.10648735612630844,0.06001691520214081,0.9925015568733215,0,0,0.06560900062322617,0,1
B3,mixamorig_Spine2,2,0.9886924028396606,0.10020986944437027,-0.11156173050403595,0,-0.10618273168802261,0.9931418299674988,-0.048936549574136734,0,0.10589266568422318,0.0602291002869606,0.9925519824028015,0,0,0.07498200237751007,0,1
B4,mixamorig_Neck,3,0.983735978603363,-0.0757620632648468,-0.16286155581474304,0,0.07590797543525696,0.9971006512641907,-0.00533579895272851,0,0.1627936214208603,-0.0071134744212031364,0.9866347312927246,0,0,0.08435499668121338,0,1
B5,mixamorig_Head,4,0.916967511177063,0.06765659153461456,-0.39318299293518066,0,-0.0973350778222084,0.9936739802360535,-0.056015949696302414,0,0.38690581917762756,0.08963529765605927,0.9177520275115967,0,-0.1646530032157898,0.17463800311088562,0,1
B6,mixamorig_HeadTop_End,5,1,0,0,0,0,1,0,0,0,0,1,0,-0.2398650050163269,0.2544099986553192,0,1
B7,mixamorig_LeftShoulder,3,-0.9524954557418823,-0.02967814728617668,-0.30310356616973877,0,0.29347720742225647,0.17651568353176117,-0.939528226852417,0,0.0813860073685646,-0.983850359916687,-0.15942060947418213,0,0.0024210000410676003,0.08201099932193756,-0.14988699555397034,1
B8,mixamorig_LeftArm,7,0.9965937733650208,-0.01108753401786089,0.08171677589416504,0,-0.06388691812753677,0.5227691531181335,0.8500766754150391,0,-0.052144281566143036,-0.8524020910263062,0.5202803611755371,0,0,0.29964199662208557,0,1
B9,mixamorig_LeftForeArm,8,0.8152289390563965,0.449019193649292,0.3657631576061249,0,-0.49582093954086304,0.8674964308738708,0.040148984640836716,0,-0.2992706298828125,-0.2140836864709854,0.9298415184020996,0,0,0.3374539911746979,0,1
B10,mixamorig_LeftHand,9,1,0,0,0,0,1,0,0,0,0,1,0,0,0.5373309850692749,0,1
B11,mixamorig_RightShoulder,3,0.9103010892868042,0.08788039535284042,-0.4045100212097168,0,0.37803134322166443,0.22165004909038544,0.8988678455352783,0,0.16865259408950806,-0.9711580872535706,0.16854678094387054,0,-0.002595999976620078,0.08220600336790085,0.14988699555397034,1
B12,mixamorig_RightArm,11,0.8270885944366455,0.49296835064888,0.27001506090164185,0,-0.432150274515152,0.25055018067359924,0.8662970066070557,0,0.3594045042991638,-0.8331910371780396,0.420263409614563,0,0,0.29964199662208557,0,1
B13,mixamorig_RightForeArm,12,0.6600620150566101,-0.7172095775604248,-0.22344671189785004,0,0.7431314587593079,0.6669162511825562,0.054572805762290955,0,0.10988011956214905,-0.20207171142101288,0.9731870889663696,0,0,0.3323169946670532,0,1
B14,mixamorig_RightHand,13,1,0,0,0,0,1,0,0,0,0,1,0,0,0.5359060168266296,0,1
B15,mixamorig_LeftUpLeg,0,-0.34907007217407227,-0.8942567110061646,0.2800983190536499,0,0.2905568778514862,-0.38745424151420593,-0.8749030232429504,0,0.8909136056900024,-0.22401803731918335,0.3950812816619873,0,0.02911500073969364,-0.031606998294591904,-0.2385219931602478,1
B16,mixamorig_LeftLeg,15,0.5332905054092407,-0.6027218699455261,-0.5935717225074768,0,0.8366031646728516,0.4796992838382721,0.26454633474349976,0,0.12528803944587708,-0.6376639604568481,0.7600579857826233,0,0,0.28234899044036865,0,1
B17,mixamorig_LeftFoot,16,-0.37889206409454346,-0.15906380116939545,0.9116687178611755,0,-0.8936262130737305,0.3189651072025299,-0.3157419264316559,0,-0.24056746065616608,-0.934323251247406,-0.26299700140953064,0,0,0.2821139991283417,0,1
B18,mixamorig_LeftToeBase,17,0.9813657402992249,-0.10157482326030731,0.1631065458059311,0,-0.005850865505635738,0.8326648473739624,0.5537461042404175,0,-0.19205980002880096,-0.544381856918335,0.816554605960846,0,0,0.09650900214910507,0,1
B19,mixamorig_LeftToe_End,18,1,0,0,0,0,1,0,0,0,0,1,0,0,0.04324899986386299,0,1
B20,mixamorig_RightUpLeg,0,-0.8544639945030212,-0.5063652396202087,0.11612869054079056,0,0.41369810700416565,-0.5280011892318726,0.7416660189628601,0,-0.31423765420913696,0.6817688345909119,0.6606401205062866,0,0.025661999359726906,-0.031606998294591904,0.2385219931602478,1
B21,mixamorig_RightLeg,20,0.3715234696865082,-0.8183729648590088,0.43844717741012573,0,0.9278113842010498,0.344414621591568,-0.14333327114582062,0,-0.033707521855831146,0.4600481688976288,0.8872542977333069,0,0,0.2886810004711151,0,1
B22,mixamorig_RightFoot,21,0.36854952573776245,0.7942582964897156,0.48303714394569397,0,-0.8838785886764526,0.1384323686361313,0.4467606544494629,0,0.2879754304885864,-0.591599702835083,0.7530472874641418,0,0,0.28394898772239685,0,1
B23,mixamorig_RightToeBase,22,0.8697519898414612,0.05596691742539406,0.4903056025505066,0,-0.41204115748405457,0.629127562046051,0.6591058969497681,0,-0.27157652378082275,-0.775284469127655,0.5702453851699829,0,0,0.049348000437021255,0,1
B24,mixamorig_RightToe_End,23,1,0,0,0,0,1,0,0,0,0,1,0,0,0.0429610013961792,0,1
@20,0,1,2,3,4,5,7,8,9,11,12,13,15,16,17,18,20,21,22,23
K0,0.6385840177536011,-0.13154497742652893,0.7582260370254517,0,0.05250081792473793,0.9904329776763916,0.12761405110359192,0,-0.7677591443061829,-0.0416848249733448,0.639380931854248,0,-0.008311999030411243,0.5273540019989014,-0.01783199980854988,1,0.9872729778289795,-0.1517607867717743,-0.04755024239420891,0,0.15024621784687042,0.9880650639533997,-0.03397482633590698,0,0.05213875696063042,0.026398174464702606,0.998291015625,0,-0.002191999927163124,0.0561939999461174,0,1,0.9893789887428284,-0.10566000640392303,-0.09982579201459885,0,0.09888799488544464,0.9925959706306458,-0.07052277028560638,0,0.10653819888830185,0.05990222841501236,0.9925029277801514,0,0,0.06560900062322617,0,1,0.9886029362678528,0.1003827378153801,-0.11219728738069534,0,-0.10634627938270569,0.9931470155715942,-0.04848089814186096,0,0.10656172037124634,0.05986010283231735,0.9925030469894409,0,0,0.07498200237751007,0,1,0.9835641384124756,-0.07830680161714554,-0.16269566118717194,0,0.07861220836639404,0.9968950152397156,-0.004569987766444683,0,0.16254834830760956,-0.008294987492263317,0.9866659641265869,0,0,0.08435499668121338,0,1,0.9169901013374329,0.06647863239049911,-0.39333078265190125,0,-0.0962783545255661,0.9937499761581421,-0.05649992451071739,0,0.3871162235736847,0.08967906981706619,0.9176589250564575,0,-0.1646530032157898,0.17463800311088562,0,1,-0.9531800746917725,-0.0292988158762455,-0.30098116397857666,0,0.291303813457489,0.17822521924972534,-0.9398819804191589,0,0.08117981255054474,-0.9835530519485474,-0.16134579479694366,0,0.0024210000410676003,0.08201099932193756,-0.14988699555397034,1,0.9966650009155273,-0.009874334558844566,0.08099997043609619,0,-0.06397632509469986,0.5216060280799866,0.8507839441299438,0,-0.05065102130174637,-0.853128969669342,0.5192349553108215,0,0,0.29964199662208557,0,1,0.8148931860923767,0.4522799551486969,0.3624798059463501,0,-0.49830806255340576,0.8660959601402283,0.03958828002214432,0,-0.2960371971130371,-0.2128867357969284,0.9311500191688538,0,0,0.3374539911746979,0,1,0.9105119109153748,0.08712911605834961,-0.40420013666152954,0,0.37765711545944214,0.22278591990470886,0.8987439870834351,0,0.16835683584213257,-0.9709659814834595,0.16994427144527435,0,-0.002595999976620078,0.08220600336790085,0.14988699555397034,1,0.8271137475967407,0.4938582181930542,0.2683033049106598,0,-0.43108072876930237,0.25113484263420105,0.8666602373123169,0,0.36062732338905334,-0.8324878215789795,0.4206102788448334,0,0,0.29964199662208557,0,1,0.658282995223999,-0.7128980755805969,-0.24174194037914276,0,0.7431919574737549,0.666549026966095,0.05811620131134987,0,0.11970207095146179,-0.2179178148508072,0.9685990810394287,0,0,0.3323169946670532,0,1,-0.36087676882743835,-0.8925589323043823,0.2703811526298523,0,0.2969150245189667,-0.38478991389274597,-0.8739439249038696,0,0.8840869069099426,-0.23510600626468658,0.4038761854171753,0,0.02911500073969364,-0.031606998294591904,-0.2385219931602478,1,0.5330120325088501,-0.6099480986595154,-0.5863968729972839,0,0.83797687292099,0.4763970673084259,0.2661581337451935,0,0.11701512336730957,-0.633252739906311,0.7650481462478638,0,0,0.28234899044036865,0,1,-0.3791680335998535,-0.1643899828195572,0.9106079339981079,0,-0.8952569961547852,0.31401297450065613,-0.3160880506038666,0,-0.23398104310035706,-0.9350789189338684,-0.26623499393463135,0,0,0.2821139991283417,0,1,0.9813709855079651,-0.10179107636213303,0.16293781995773315,0,-0.005616083275526762,0.8325419425964355,0.5539339780807495,0,-0.1920381486415863,-0.544529914855957,0.8164609670639038,0,0,0.09650900214910507,0,1,-0.857012152671814,-0.5027356147766113,0.11307837069034576,0,0.4094153344631195,-0.5310670137405396,0.7418538928031921,0,-0.31290435791015625,0.6820741295814514,0.6609587669372559,0,0.025661999359726906,-0.031606998294591904,0.2385219931602478,1,0.37573763728141785,-0.8166782259941101,0.43801701068878174,0,0.9260888695716858,0.3484134078025818,-0.14479991793632507,0,-0.03435605391860008,0.4600491225719452,0.8872279524803162,0,0,0.2886810004711151,0,1,0.36927804350852966,0.7940009236335754,0.48290300369262695,0,-0.8838949799537659,0.1396149843931198,0.44635990262031555,0,0.2869900166988373,-0.5916670560836792,0.7533709406852722,0,0,0.28394898772239685,0,1,0.8697488307952881,0.05596926435828209,0.49031126499176025,0,-0.4120407998561859,0.6291441917419434,0.659089982509613,0,-0.2715877294540405,-0.7752709984779358,0.5702590346336365,0,0,0.049348000437021255,0,1
K0.033,0.5980282425880432,-0.1122986301779747,0.7935685515403748,0,0.03851395845413208,0.9930179715156555,0.11149900406599045,0,-0.8005490303039551,-0.0361160933971405,0.5981778502464294,0,-0.006675999611616135,0.5269320011138916,-0.019272979348897934,1,0.987030029296875,-0.15295802056789398,-0.04873287305235863,0,0.15143904089927673,0.9878990054130554,-0.03349271044135094,0,0.05326614901423454,0.025678258389234543,0.9982500076293945,0,-0.002191999927163124,0.0561939999461174,0,1,0.9889289736747742,-0.10810699313879013,-0.10165271908044815,0,0.1012401431798935,0.9923639297485352,-0.07045719027519226,0,0.108493372797966,0.05938580632209778,0.9923220276832581,0,0,0.06560900062322617,0,1,0.988306999206543,0.09782096743583679,-0.11696203798055649,0,-0.1037868857383728,0.9935330152511597,-0.04604006186127663,0,0.11170205473899841,0.057640887796878815,0.9920690059661865,0,0,0.07498200237751007,0,1,0.9833909273147583,-0.08394284546375275,-0.16091826558113098,0,0.08445226401090622,0.9964209794998169,-0.0036840259563177824,0,0.16065166890621185,-0.0099670784547925,0.9869610667228699,0,0,0.08435499668121338,0,1,0.9185452461242676,0.05902856960892677,-0.3908834755420685,0,-0.0896562784910202,0.99413001537323,-0.06055838614702225,0,0.3850143849849701,0.09067078679800034,0.9184458255767822,0,-0.1646530032157898,0.17463800311088562,0,1,-0.9588358998298645,-0.027426322922110558,-0.282630980014801,0,0.2731470465660095,0.18295183777809143,-0.9444149136543274,0,0.07760968804359436,-0.9827389121055603,-0.16792932152748108,0,0.0024210000410676003,0.08201099932193756,-0.14988699555397034,1,0.9978989362716675,-0.0013565903063863516,0.06478079408407211,0,-0.054392389953136444,0.525773286819458,0.848883867263794,0,-0.03521161153912544,-0.8506240844726562,0.5245949625968933,0,0,0.29964199662208557,0,1,0.8099228143692017,0.46462148427963257,0.3579838275909424,0,-0.5107518434524536,0.8587501049041748,0.040995847433805466,0,-0.28837090730667114,-0.21604423224925995,0.9328269958496094,0,0,0.3374539911746979,0,1,0.9062848091125488,0.09219691902399063,-0.4124903678894043,0,0.3870890736579895,0.21086646616458893,0.8976069092750549,0,0.1697368323802948,-0.9731571078300476,0.15541651844978333,0,-0.002595999976620078,0.08220600336790085,0.14988699555397034,1,0.8604113459587097,0.4515414535999298,0.23622791469097137,0,-0.39242470264434814,0.2913501262664795,0.8724201321601868,0,0.3251088857650757,-0.8433420062065125,0.4278770387172699,0,0,0.29964199662208557,0,1,0.6537867784500122,-0.7149832844734192,-0.24771414697170258,0,0.7480456829071045,0.6600232720375061,0.06926032155752182,0,0.11397706717252731,-0.2305828332901001,0.9663540720939636,0,0,0.3323169946670532,0,1,-0.42176371812820435,-0.8701386451721191,0.2548995316028595,0,0.263616144657135,-0.3866615295410156,-0.8837419748306274,0,0.8675375580787659,-0.30553460121154785,0.3924623429775238,0,0.02911500073969364,-0.031606998294591904,-0.2385219931602478,1,0.5002872943878174,-0.6349436640739441,-0.5886929631233215,0,0.8593136668205261,0.44753533601760864,0.2475721389055252,0,0.1062665656208992,-0.6297290921211243,0.7695119976997375,0,0,0.28234899044036865,0,1,-0.3832070231437683,-0.19809876382350922,0.9021698236465454,0,-0.9099000692367554,0.2489394098520279,-0.3318282961845398,0,-0.1588508039712906,-0.9480431079864502,-0.27564531564712524,0,0,0.2821139991283417,0,1,0.9798551201820374,-0.0882769450545311,0.17914052307605743,0,-0.02468458190560341,0.836590051651001,0.5472738742828369,0,-0.19817866384983063,-0.54067063331604,0.8175572752952576,0,0,0.09650900214910507,0,1,-0.8386059403419495,-0.5239459872245789,0.1490665078163147,0,0.4506814479827881,-0.513615071773529,0.7301278114318848,0,-0.3059847354888916,0.679470956325531,0.6668532490730286,0,0.025661999359726906,-0.031606998294591904,0.2385219931602478,1,0.3717038333415985,-0.8111512660980225,0.45151984691619873,0,0.9276650547981262,0.34323179721832275,-0.14706723392009735,0,-0.035682182759046555,0.4735246002674103,0.8800572156906128,0,0,0.2886810004711151,0,1,0.3876810073852539,0.7708591818809509,0.5054508447647095,0,-0.8861449360847473,0.16064825654029846,0.434670090675354,0,0.25386959314346313,-0.6164160370826721,0.7453731298446655,0,0,0.28394898772239685,0,1,0.870130181312561,0.05571870505809784,0.4896615743637085,0,-0.41212522983551025,0.6270919442176819,0.6609908938407898,0,-0.27023327350616455,-0.7769501209259033,0.5686147212982178,0,0,0.049348000437021255,0,1
K0.067,0.5583716630935669,-0.09246370196342468,0.8244225978851318,0,0.023648526519536972,0.9951390027999878,0.0955936536192894,0,-0.8292539119720459,-0.03388040512800217,0.5578439831733704,0,-0.006702998653054237,0.5285459756851196,-0.01725902035832405,1,0.9864730834960938,-0.15613169968128204,-0.04993588849902153,0,0.15466424822807312,0.9874478578567505,-0.03203735500574112,0,0.05431109666824341,0.023880677297711372,0.9982380270957947,0,-0.002191999927163124,0.0561939999461174,0,1,0.9877210259437561,-0.11455599218606949,-0.10622650384902954,0,0.10747088491916656,0.9917269349098206,-0.07019911706447601,0,0.11338941752910614,0.05792089179158211,0.9918609857559204,0,0,0.06560900062322617,0,1,0.9883859753608704,0.091061070561409,-0.12165702134370804,0,-0.09697706997394562,0.9943310618400574,-0.04361381381750107,0,0.11699586361646652,0.0549052394926548,0.9916139841079712,0,0,0.07498200237751007,0,1,0.9837380051612854,-0.08875191956758499,-0.15615105628967285,0,0.08964496850967407,0.9959729909896851,-0.0013278973056003451,0,0.15564000606536865,-0.01269184798002243,0.9877319931983948,0,0,0.08435499668121338,0,1,0.921899139881134,0.04949971288442612,-0.38425585627555847,0,-0.08307944238185883,0.9939910173416138,-0.07127697765827179,0,0.37841829657554626,0.09763385355472565,0.9204709529876709,0,-0.1646530032157898,0.17463800311088562,0,1,-0.9657920002937317,-0.024773772805929184,-0.25813421607017517,0,0.2490359991788864,0.1889439970254898,-0.9498850107192993,0,0.07230507582426071,-0.9816750288009644,-0.17631083726882935,0,0.0024210000410676003,0.08201099932193756,-0.14988699555397034,1,0.9995479583740234,0.00502384826540947,0.029657093808054924,0,-0.027728348970413208,0.5360368490219116,0.8437390923500061,0,-0.011658478528261185,-0.8441800475120544,0.5359338521957397,0,0,0.29964199662208557,0,1,0.8061802387237549,0.4793207347393036,0.34687885642051697,0,-0.5251189470291138,0.8497740626335144,0.04620103910565376,0,-0.2726233899593353,-0.2193988859653473,0.9367709159851074,0,0,0.3374539911746979,0,1,0.9004930853843689,0.0935102105140686,-0.42469683289527893,0,0.3997441232204437,0.20652373135089874,0.8930580615997314,0,0.1712201088666916,-0.9739630818367004,0.14859309792518616,0,-0.002595999976620078,0.08220600336790085,0.14988699555397034,1,0.8911537528038025,0.4058482050895691,0.20281152427196503,0,-0.34677261114120483,0.321031779050827,0.881298840045929,0,0.2925645112991333,-0.8557020425796509,0.4268255829811096,0,0,0.29964199662208557,0,1,0.6612150073051453,-0.7041351795196533,-0.2588196098804474,0,0.7404701113700867,0.6679458618164062,0.07451450079679489,0,0.12040925025939941,-0.24091836810112,0.9630471467971802,0,0,0.3323169946670532,0,1,-0.485659658908844,-0.8482761383056641,0.21109633147716522,0,0.27125003933906555,-0.3758089542388916,-0.8861100077629089,0,0.8309985995292664,-0.3730883300304413,0.41261056065559387,0,0.02911500073969364,-0.031606998294591904,-0.2385219931602478,1,0.41504862904548645,-0.7055633068084717,-0.5743825435638428,0,0.9070895910263062,0.3696040213108063,0.2014462947845459,0,0.07016098499298096,-0.6046263575553894,0.7934126853942871,0,0,0.28234899044036865,0,1,-0.39721807837486267,-0.26319870352745056,0.8791720271110535,0,-0.9164867401123047,0.16350382566452026,-0.3651289641857147,0,-0.04764649644494057,-0.9507858753204346,-0.3061648905277252,0,0,0.2821139991283417,0,1,0.9881329536437988,-0.04208768531680107,0.1477222889661789,0,-0.04199906438589096,0.8510459065437317,0.5234092473983765,0,-0.14774753153324127,-0.5234021544456482,0.8391788601875305,0,0,0.09650900214910507,0,1,-0.827092170715332,-0.5277568697929382,0.1933683454990387,0,0.49308082461357117,-0.5161502361297607,0.7003288865089417,0,-0.26979613304138184,0.6745825409889221,0.6871304512023926,0,0.025661999359726906,-0.031606998294591904,0.2385219931602478,1,0.3649478256702423,-0.8167768120765686,0.44686537981033325,0,0.9302799701690674,0.33914628624916077,-0.1398559808731079,0,-0.03732159361243248,0.4667500853538513,0.8836019039154053,0,0,0.2886810004711151,0,1,0.39789310097694397,0.7619439959526062,0.51100093126297,0,-0.8852992057800293,0.17276263236999512,0.4317389130592346,0,0.24067915976047516,-0.6241750717163086,0.7432899475097656,0,0,0.28394898772239685,0,1,0.8711739778518677,0.05503109470009804,0.48788103461265564,0,-0.41232290863990784,0.6214700937271118,0.666155993938446,0,-0.2665441036224365,-0.7815020084381104,0.5640989542007446,0,0,0.049348000437021255,0,1
K0.100,0.5167509913444519,-0.07243391871452332,0.8530659675598145,0,0.009396866895258427,0.9968339800834656,0.07894904911518097,0,-0.8560840487480164,-0.03278087079524994,0.5157958269119263,0,-0.007071998901665211,0.5303500294685364,-0.014320998452603817,1,0.9856720566749573,-0.1606290340423584,-0.051472581923007965,0,0.159263014793396,0.9867910742759705,-0.029650764539837837,0,0.055555421859025955,0.02102823555469513,0.99823397397995,0,-0.002191999927163124,0.0561939999461174,0,1,0.9859620332717896,-0.12366290390491486,-0.1121901422739029,0,0.11633909493684769,0.9907640218734741,-0.06965698301792145,0,0.11976787447929382,0.055627014487981796,0.991241991519928,0,0,0.06560900062322617,0,1,0.9886580109596252,0.08142662793397903,-0.12619200348854065,0,-0.08721937984228134,0.9953420162200928,-0.04107071831822395,0,0.12225998938083649,0.051611293107271194,0.9911550283432007,0,0,0.07498200237751007,0,1,0.9844119548797607,-0.09309173375368118,-0.14922219514846802,0,0.09445225447416306,0.9955269694328308,0.002041218336671591,0,0.1483648121356964,-0.01610378362238407,0.9888020753860474,0,0,0.08435499668121338,0,1,0.9264159202575684,0.038742389529943466,-0.37450215220451355,0,-0.0764906033873558,0.9933149814605713,-0.08645803481340408,0,0.3686489164829254,0.10874196887016296,0.9231860041618347,0,-0.1646530032157898,0.17463800311088562,0,1,-0.976098895072937,-0.02040533535182476,-0.21636797487735748,0,0.20815931260585785,0.1983441263437271,-0.9577727913856506,0,0.06245897710323334,-0.979919970035553,-0.18935583531856537,0,0.0024210000410676003,0.08201099932193756,-0.14988699555397034,1,0.9996240139007568,0.02232394553720951,-0.015948940068483353,0,0.0011659516021609306,0.5462257266044617,0.837637186050415,0,0.0274110846221447,-0.837340772151947,0.5459942817687988,0,0,0.29964199662208557,0,1,0.8025439977645874,0.49639490246772766,0.33092907071113586,0,-0.5410739779472351,0.8392879366874695,0.053236208856105804,0,-0.25131890177726746,-0.22178179025650024,0.9421530365943909,0,0,0.3374539911746979,0,1,0.8906940817832947,0.09490495920181274,-0.4445870816707611,0,0.4202479422092438,0.20106302201747894,0.884852945804596,0,0.17336693406105042,-0.9749699831008911,0.13920199871063232,0,-0.002595999976620078,0.08220600336790085,0.14988699555397034,1,0.9197801947593689,0.34755560755729675,0.18223696947097778,0,-0.30932432413101196,0.3563021123409271,0.8816848993301392,0,0.24150298535823822,-0.8673261404037476,0.43522676825523376,0,0,0.29964199662208557,0,1,0.6674448847770691,-0.6943668723106384,-0.26901936531066895,0,0.7333570718765259,0.6756250262260437,0.07562215626239777,0,0.12924663722515106,-0.2477608025074005,0.9601610898971558,0,0,0.3323169946670532,0,1,-0.5308167934417725,-0.8292211890220642,0.17500102519989014,0,0.27526187896728516,-0.3639911711215973,-0.8897979855537415,0,0.8015390038490295,-0.4241490364074707,0.42146602272987366,0,0.02911500073969364,-0.031606998294591904,-0.2385219931602478,1,0.31042441725730896,-0.790084958076477,-0.528584897518158,0,0.950126051902771,0.27539563179016113,0.14634616672992706,0,0.02994409389793873,-0.5476518869400024,0.8361700773239136,0,0,0.28234899044036865,0,1,-0.3367806375026703,-0.38252484798431396,0.8603790998458862,0,-0.9388660192489624,0.0670560821890831,-0.33768990635871887,0,0.07148124277591705,-0.9215089082717896,-0.3817230463027954,0,0,0.2821139991283417,0,1,0.9999420046806335,0.004973167087882757,0.009514037519693375,0,-0.008987832814455032,0.8724731802940369,0.488578736782074,0,-0.005870962515473366,-0.4886362552642822,0.8724678754806519,0,0,0.09650900214910507,0,1,-0.8161019682884216,-0.5229608416557312,0.2459452897310257,0,0.5364369750022888,-0.5272051095962524,0.6590068936347961,0,-0.21497125923633575,0.6697511076927185,0.7107888460159302,0,0.025661999359726906,-0.031606998294591904,0.2385219931602478,1,0.35756608843803406,-0.8272910714149475,0.4332848787307739,0,0.9330350160598755,0.3362882137298584,-0.12789146602153778,0,-0.03990514576435089,0.4499995708465576,0.8921366930007935,0,0,0.2886810004711151,0,1,0.4053974151611328,0.7623847723007202,0.5044029951095581,0,-0.883523166179657,0.18516477942466736,0.43023377656936646,0,0.23460596799850464,-0.6200672388076782,0.7486497759819031,0,0,0.28394898772239685,0,1,0.8727288842201233,0.0540093332529068,0.48520803451538086,0,-0.41253262758255005,0.6130679845809937,0.673768162727356,0,-0.2610759437084198,-0.7881817817687988,0.5573232173919678,0,0,0.049348000437021255,0,1
K0.133,0.4702674150466919,-0.052392005920410156,0.8809671998023987,0,-0.002480953698977828,0.9981539845466614,0.06068556755781174,0,-0.882520318031311,-0.030724085867404938,0.4692692756652832,0,-0.00724900234490633,0.5311499834060669,-0.009886938147246838,1,0.9847190380096436,-0.1657896786928177,-0.05330880731344223,0,0.1645844578742981,0.9860129356384277,-0.026286697015166283,0,0.056921228766441345,0.01711120828986168,0.9982319474220276,0,-0.002191999927163124,0.0561939999461174,0,1,0.9838959574699402,-0.13409216701984406,-0.11818519234657288,0,0.12660804390907288,0.9895679950714111,-0.0687410831451416,0,0.12616990506649017,0.05267086997628212,0.9906089901924133,0,0,0.06560900062322617,0,1,0.9889601469039917,0.07024353742599487,-0.13047870993614197,0,-0.07582122832536697,0.996385931968689,-0.03827822580933571,0,0.1273183673620224,0.04774869233369827,0.9907119274139404,0,0,0.07498200237751007,0,1,0.9852179884910583,-0.09731291979551315,-0.14098003506660461,0,0.09913919121026993,0.9950560331344604,0.005971861537545919,0,0.13970181345939636,-0.019860221073031425,0.9899939894676208,0,0,0.08435499668121338,0,1,0.9314960241317749,0.027568913996219635,-0.36270594596862793,0,-0.06982792168855667,0.9921309947967529,-0.10392015427350998,0,0.35698679089546204,0.1221281886100769,0.9260910749435425,0,-0.1646530032157898,0.17463800311088562,0,1,-0.9839710593223572,-0.016725877299904823,-0.17754203081130981,0,0.17026852071285248,0.20780710875988007,-0.9632370471954346,0,0.05300547927618027,-0.9780269861221313,-0.20162832736968994,0,0.0024210000410676003,0.08201099932193756,-0.14988699555397034,1,0.9968209862709045,0.033197492361068726,-0.07242248952388763,0,0.04175882041454315,0.5564449429512024,0.829833984375,0,0.0678475871682167,-0.8302208781242371,0.5532901287078857,0,0,0.29964199662208557,0,1,0.7979459166526794,0.515740156173706,0.3119198679924011,0,-0.5583142638206482,0.8274468183517456,0.06013398990035057,0,-0.22708363831043243,-0.22213302552700043,0.9482030868530273,0,0,0.3374539911746979,0,1,0.8772038817405701,0.09717638790607452,-0.4701812267303467,0,0.44671761989593506,0.19368387758731842,0.873458743095398,0,0.17594598233699799,-0.9762390851974487,0.1264897584915161,0,-0.002595999976620078,0.08220600336790085,0.14988699555397034,1,0.9431444406509399,0.2852190434932709,0.17067137360572815,0,-0.27441564202308655,0.3784378468990326,0.8840141892433167,0,0.1875491887331009,-0.8805881142616272,0.4351901412010193,0,0,0.29964199662208557,0,1,0.6637583374977112,-0.6985988020896912,-0.26718077063560486,0,0.7317028641700745,0.6805441975593567,0.03835051879286766,0,0.15503661334514618,-0.22095228731632233,0.9628830552101135,0,0,0.3323169946670532,0,1,-0.5690084099769592,-0.8094208240509033,0.14514368772506714,0,0.276917964220047,-0.3547978699207306,-0.8929920196533203,0,0.7743035554885864,-0.46792733669281006,0.4260264039039612,0,0.02911500073969364,-0.031606998294591904,-0.2385219931602478,1,0.20157815515995026,-0.8369352221488953,-0.5088270306587219,0,0.9794672727584839,0.1739536076784134,0.10190360248088837,0,0.0032256338745355606,-0.5189210772514343,0.8548160195350647,0,0,0.28234899044036865,0,1,-0.2727099657058716,-0.4699224829673767,0.8395247459411621,0,-0.9441229104995728,-0.0371667742729187,-0.32749143242836,0,0.18509800732135773,-0.8819249868392944,-0.4335290491580963,0,0,0.2821139991283417,0,1,0.9999430775642395,0.0027697416953742504,0.010328216478228569,0,-0.007367687299847603,0.8784750699996948,0.47773197293281555,0,-0.0077498797327280045,-0.4777804911136627,0.8784447312355042,0,0,0.09650900214910507,0,1,-0.800649881362915,-0.5164397358894348,0.30372655391693115,0,0.5794225931167603,-0.538478672504425,0.6118096113204956,0,-0.15241238474845886,0.6658307909965515,0.7303692698478699,0,0.025661999359726906,-0.031606998294591904,0.2385219931602478,1,0.3505719304084778,-0.834033727645874,0.42601341009140015,0,0.9354611039161682,0.3336277902126312,-0.11663846671581268,0,-0.04484950378537178,0.4394092857837677,0.8971669673919678,0,0,0.2886810004711151,0,1,0.41627228260040283,0.7673969864845276,0.4876667559146881,0,-0.8813969492912292,0.2088620811700821,0.4236929416656494,0,0.22328568994998932,-0.6061998009681702,0.7633251547813416,0,0,0.28394898772239685,0,1,0.8746421933174133,0.052759867161512375,0.4818887412548065,0,-0.4126591384410858,0.602674663066864,0.6830043196678162,0,-0.2543871998786926,-0.7962409853935242,0.5488970875740051,0,0,0.049348000437021255,0,1
K0.167,0.4158206284046173,-0.03231382742524147,0.9088726043701172,0,-0.010488626547157764,0.9991319179534912,0.040321554988622665,0,-0.9093857407569885,-0.026299336925148964,0.41512030363082886,0,-0.007543996907770634,0.5317239761352539,-0.003996056038886309,1,0.983724057674408,-0.1709858775138855,-0.05522666126489639,0,0.16998404264450073,0.9851920008659363,-0.02239006757736206,0,0.058237314224243164,0.012638011015951633,0.9982230067253113,0,-0.002191999927163124,0.0561939999461174,0,1,0.9818440675735474,-0.1445288509130478,-0.12286011874675751,0,0.13704591989517212,0.9882720112800598,-0.06736179441213608,0,0.13115479052066803,0.04930124431848526,0.9901350140571594,0,0,0.06560900062322617,0,1,0.989175021648407,0.05883828178048134,-0.1344279646873474,0,-0.0640939325094223,0.9973260164260864,-0.035105541348457336,0,0.13200293481349945,0.04334153234958649,0.9903009533882141,0,0,0.07498200237751007,0,1,0.9859789609909058,-0.10173715651035309,-0.1322672963142395,0,0.10396075993776321,0.9945310354232788,0.00999773945659399,0,0.13052688539028168,-0.023608187213540077,0.9911640286445618,0,0,0.08435499668121338,0,1,0.9365991353988647,0.016702156513929367,-0.3500036299228668,0,-0.06305701285600662,0.99058997631073,-0.12146777659654617,0,0.34468165040016174,0.13583692908287048,0.9288398027420044,0,-0.1646530032157898,0.17463800311088562,0,1,-0.990298867225647,-0.013441149145364761,-0.13829930126667023,0,0.13208048045635223,0.2180420458316803,-0.9669598937034607,0,0.04315215349197388,-0.9758470058441162,-0.21415159106254578,0,0.0024210000410676003,0.08201099932193756,-0.14988699555397034,1,0.9902641177177429,0.04446795955300331,-0.13190831243991852,0,0.08425066620111465,0.5628717541694641,0.8222391605377197,0,0.11081072688102722,-0.8253470063209534,0.5536450743675232,0,0,0.29964199662208557,0,1,0.7915002107620239,0.5370715856552124,0.29168701171875,0,-0.5765780806541443,0.814457893371582,0.06493079662322998,0,-0.20269441604614258,-0.21957319974899292,0.9543079137802124,0,0,0.3374539911746979,0,1,0.8629592061042786,0.10192900151014328,-0.49488669633865356,0,0.47284677624702454,0.18231312930583954,0.8620770573616028,0,0.1780950129032135,-0.9779430627822876,0.10913201421499252,0,-0.002595999976620078,0.08220600336790085,0.14988699555397034,1,0.9662507772445679,0.21681180596351624,0.1391080617904663,0,-0.21705645322799683,0.39443719387054443,0.8929198384284973,0,0.13872620463371277,-0.892979085445404,0.42818576097488403,0,0,0.29964199662208557,0,1,0.6814138293266296,-0.6846982836723328,-0.2585808038711548,0,0.7042180299758911,0.709604799747467,-0.023208487778902054,0,0.19938090443611145,-0.16628260910511017,0.9657109379768372,0,0,0.3323169946670532,0,1,-0.6141476631164551,-0.7816113233566284,0.10911960899829865,0,0.2927425503730774,-0.35402679443359375,-0.8882381916046143,0,0.7328879237174988,-0.513565182685852,0.44623544812202454,0,0.02911500073969364,-0.031606998294591904,-0.2385219931602478,1,0.09461253881454468,-0.8563166856765747,-0.5077112317085266,0,0.9951030015945435,0.06668885797262192,0.07295967638492584,0,-0.028617888689041138,-0.5121276378631592,0.8584325909614563,0,0,0.28234899044036865,0,1,-0.24493244290351868,-0.460039883852005,0.8534469604492188,0,-0.9386110901832581,-0.10805168002843857,-0.3276177942752838,0,0.24293361604213715,-0.8812990188598633,-0.40533319115638733,0,0,0.2821139991283417,0,1,0.993337094783783,-0.0036268827971071005,0.11518578231334686,0,-0.05429850146174431,0.8668779730796814,0.49555402994155884,0,-0.10164935141801834,-0.49850672483444214,0.8609052896499634,0,0,0.09650900214910507,0,1,-0.7787021398544312,-0.5156459808349609,0.35739660263061523,0,0.6205586194992065,-0.549175500869751,0.5597427487373352,0,-0.09235569089651108,0.6576587557792664,0.7476330995559692,0,0.025661999359726906,-0.031606998294591904,0.2385219931602478,1,0.3460979163646698,-0.838405966758728,0.4210614562034607,0,0.9369470477104187,0.33204591274261475,-0.10897724330425262,0,-0.048444584012031555,0.4322289526462555,0.9004620909690857,0,0,0.2886810004711151,0,1,0.4281170070171356,0.7668880820274353,0.4781201481819153,0,-0.8794862031936646,0.23184677958488464,0.4156329035758972,0,0.20789314806461334,-0.5984393358230591,0.7737246751785278,0,0,0.28394898772239685,0,1,0.8767629861831665,0.05137914419174194,0.4781688451766968,0,-0.4126228988170624,0.5911031365394592,0.6930649876594543,0,-0.24703823029994965,-0.8049578070640564,0.5394580364227295,0,0,0.049348000437021255,0,1
K0.200,0.3508187234401703,-0.011917910538613796,0.9363669753074646,0,-0.012993921525776386,0.9997610449790955,0.01759307086467743,0,-0.9363529086112976,-0.018339060246944427,0.35058003664016724,0,-0.009567003697156906,0.5324620008468628,0.003203002503141761,1,0.9828569889068604,-0.1756000965833664,-0.05619405210018158,0,0.1748289167881012,0.9844269752502441,-0.018394337967038155,0,0.0585489384829998,0.008254648186266422,0.9982500076293945,0,-0.002191999927163124,0.0561939999461174,0,1,0.9801980257034302,-0.15369096398353577,-0.12486210465431213,0,0.14643102884292603,0.9870539307594299,-0.0654311552643776,0,0.13330188393592834,0.04585183039307594,0.9900140762329102,0,0,0.06560900062322617,0,1,0.9892489314079285,0.04854004085063934,-0.1379503756761551,0,-0.05335494875907898,0.9980810284614563,-0.031420208513736725,0,0.13616061210632324,0.03844277188181877,0.9899411201477051,0,0,0.07498200237751007,0,1,0.9865390062332153,-0.10667689144611359,-0.12393694370985031,0,0.10919412225484848,0.993925929069519,0.013678965158760548,0,0.12172502279281616,-0.0270280409604311,0.9921960234642029,0,0,0.08435499668121338,0,1,0.9412659406661987,0.006688567344099283,-0.3375991880893707,0,-0.05614641308784485,0.9889860153198242,-0.13694880902767181,0,0.3329647481441498,0.14786018431186676,0.9312740564346313,0,-0.1646530032157898,0.17463800311088562,0,1,-0.9947449564933777,-0.01082705520093441,-0.1018134132027626,0,0.09666202962398529,0.22855739295482635,-0.9687198400497437,0,0.033758558332920074,-0.9734700322151184,-0.22630947828292847,0,0.0024210000410676003,0.08201099932193756,-0.14988699555397034,1,0.9805359244346619,0.05721474811434746,-0.18781918287277222,0,0.12347473949193954,0.5640647411346436,0.8164461255073547,0,0.1526549607515335,-0.823745846748352,0.5460212826728821,0,0,0.29964199662208557,0,1,0.7825708985328674,0.5599492192268372,0.27210184931755066,0,-0.5956488251686096,0.8005571365356445,0.0656595453619957,0,-0.18106712400913239,-0.21346044540405273,0.9600260853767395,0,0,0.3374539911746979,0,1,0.8463679552078247,0.10806428641080856,-0.5215203166007996,0,0.5020294189453125,0.1650964468717575,0.848946213722229,0,0.1778418868780136,-0.9803390502929688,0.08548086136579514,0,-0.002595999976620078,0.08220600336790085,0.14988699555397034,1,0.9856871366500854,0.14147460460662842,0.09168349206447601,0,-0.14403727650642395,0.4241330027580261,0.8940719366073608,0,0.08760248869657516,-0.8944810628890991,0.4384400248527527,0,0,0.29964199662208557,0,1,0.7205877900123596,-0.6488752365112305,-0.24436511099338531,0,0.6540976762771606,0.753082275390625,-0.07088425755500793,0,0.2300218939781189,-0.10876024514436722,0.9670889973640442,0,0,0.3323169946670532,0,1,-0.6593691110610962,-0.7511999011039734,-0.030498214066028595,0,0.41344717144966125,-0.3284267485141754,-0.8492339253425598,0,0.6279280185699463,-0.5725679993629456,0.527135968208313,0,0.02911500073969364,-0.031606998294591904,-0.2385219931602478,1,-0.03139689192175865,-0.8161085247993469,-0.577044665813446,0,0.9922128915786743,-0.09506737440824509,0.08046670258045197,0,-0.12052780389785767,-0.5700251460075378,0.8127387762069702,0,0,0.28234899044036865,0,1,-0.25695329904556274,-0.26316988468170166,0.9299008846282959,0,-0.9574349522590637,-0.06160714477300644,-0.28199702501296997,0,0.13150173425674438,-0.9627799987792969,-0.23613795638084412,0,0,0.2821139991283417,0,1,0.9682280421257019,-0.010083052329719067,0.24986393749713898,0,-0.14464908838272095,0.7924789190292358,0.5924981236457825,0,-0.20398613810539246,-0.6098160147666931,0.7658419609069824,0,0,0.09650900214910507,0,1,-0.7481561899185181,-0.5291040539741516,0.4003887176513672,0,0.6619751453399658,-0.5540129542350769,0.5048350095748901,0,-0.045289721339941025,0.642742931842804,0.7647420167922974,0,0.025661999359726906,-0.031606998294591904,0.2385219931602478,1,0.3461048901081085,-0.8366900086402893,0.42445307970046997,0,0.936913013458252,0.33188796043395996,-0.10974794626235962,0,-0.04904588311910629,0.4356600344181061,0.8987740278244019,0,0,0.2886810004711151,0,1,0.4461175501346588,0.7527018189430237,0.48416876792907715,0,-0.8770241141319275,0.2598675787448883,0.4041008949279785,0,0.17834767699241638,-0.604904055595398,0.7760689854621887,0,0,0.28394898772239685,0,1,0.8789319396018982,0.0499798059463501,0.4743211567401886,0,-0.4124082028865814,0.5791928768157959,0.7031750679016113,0,-0.23957888782024384,-0.8136569261550903,0.5296831727027893,0,0,0.049348000437021255,0,1
