2.700,30,80,25
B0,mixamorig_Hips,-1,0.15525415539741516,0.98773592710495,0.016561342403292656,0,-0.04854630306363106,0.024372845888137817,-0.9985229969024658,0,-0.9866809844970703,0.15422086417675018,0.051734961569309235,0,-0.05028476566076279,0.18929140269756317,-0.8611949682235718,1
B1,mixamorig_Spine,0,0.999671995639801,0.025227665901184082,0.004378911107778549,0,-0.025040332227945328,0.9989420175552368,-0.03856109082698822,0,-0.005347089376300573,0.0384388267993927,0.9992470145225525,0,-0.0123070003464818,0.1945430040359497,0,1
B2,mixamorig_Spine1,1,0.9959040284156799,-0.0902346596121788,0.005708250217139721,0,0.09019835293292999,0.9959039092063904,0.006330880336463451,0,-0.006256135180592537,-0.0057900757528841496,0.9999639987945557,0,0,0.22742100059986115,0,1
B3,mixamorig_Spine2,2,0.995930016040802,-0.08981318771839142,0.0075493985787034035,0,0.08977381139993668,0.995948076248169,0.00540887750685215,0,-0.008004593662917614,-0.0047091227024793625,0.9999569654464722,0,0,0.259909987449646,0,1
B4,mixamorig_Neck,3,0.7152436971664429,-0.051134515553712845,-0.6970024704933167,0,-0.06461368501186371,0.9882098436355591,-0.13880319893360138,0,0.6958821415901184,0.1443139761686325,0.7035067081451416,0,0,0.29239800572395325,0,1
B5,mixamorig_Head,4,0.9262306690216064,0.10253194719552994,-0.36274534463882446,0,-0.16230297088623047,0.9770053029060364,-0.13826701045036316,0,0.3402273654937744,0.18694180250167847,0.9215735197067261,0,-0.013539999723434448,0.10293400287628174,0,1
B6,mixamorig_HeadTop_End,5,1,0,0,0,0,1,0,0,0,0,1,0,-0.07672400027513504,0.5832819938659668,0,1
B7,mixamorig_LeftShoulder,3,-0.9870191812515259,0.02141023986041546,-0.15916749835014343,0,0.14478297531604767,0.5475252270698547,-0.8241690993309021,0,0.06950250267982483,-0.8365148305892944,-0.5435173511505127,0,0.0021639999467879534,0.3292880058288574,-0.28019601106643677,1
B8,mixamorig_LeftArm,7,0.5649442672729492,0.21209195256233215,-0.7974054217338562,0,0.14218929409980774,0.9269202351570129,0.34727802872657776,0,0.8127852082252502,-0.3095749020576477,0.49350056052207947,0,0,0.4955880045890808,0,1
B9,mixamorig_LeftForeArm,8,-0.8452351689338684,-0.4244249165058136,-0.3247177004814148,0,-0.5085777640342712,0.8254502415657043,0.24490855634212494,0,0.16409294307231903,0.37214937806129456,-0.9135523438453674,0,0,0.6818770170211792,0,1
B10,mixamorig_LeftHand,9,1,0,0,0,0,1,0,0,0,0,1,0,0,0.5484380125999451,0,1
B11,mixamorig_RightShoulder,3,0.9997209906578064,0.0020090586040169,0.02351607009768486,0,-0.02086794003844261,0.5407127737998962,0.8409481644630432,0,-0.011025932617485523,-0.841204822063446,0.5406041741371155,0,-0.00494999997317791,0.32973799109458923,0.28019601106643677,1
B12,mixamorig_RightArm,11,0.6625898480415344,-0.08809307962656021,0.7437842488288879,0,-0.3115313947200775,0.8706661462783813,0.3806442618370056,0,-0.6811192035675049,-0.48392266035079956,0.5494502186775208,0,0,0.49580299854278564,0,1
B13,mixamorig_RightForeArm,12,0.7527879476547241,-0.4139392673969269,-0.5118252635002136,0,0.5767371654510498,0.7895550727844238,0.20970620214939117,0,0.3173086941242218,-0.4530530869960785,0.8331019282341003,0,0,0.6616399884223938,0,1
B14,mixamorig_RightHand,13,1,0,0,0,0,1,0,0,0,0,1,0,0,0.5160250067710876,0,1
B15,mixamorig_LeftUpLeg,0,-0.6804210543632507,-0.7300645709037781,0.06351098418235779,0,0.5536171793937683,-0.5688797235488892,-0.608180820941925,0,0.4801410436630249,-0.3786579668521881,0.7912533283233643,0,0.00031999999191612005,-0.10770100355148315,-0.30003100633621216,1
B16,mixamorig_LeftLeg,15,0.20905160903930664,-0.10917074978351593,-0.9717919826507568,0,0.8703967332839966,0.4737606942653656,0.13401740789413452,0,0.4457659125328064,-0.873860776424408,0.1940622180700302,0,0,0.38975098729133606,0,1
B17,mixamorig_LeftFoot,16,-0.9768014550209045,-0.21413446962833405,-0.0024164302740246058,0,-0.110048308968544,0.5116152167320251,-0.8521377444267273,0,0.1837082952260971,-0.8321031332015991,-0.5233115553855896,0,0,0.27142098546028137,0,1
B18,mixamorig_LeftToeBase,17,0.9510370492935181,-0.19168393313884735,-0.24245895445346832,0,0.300461083650589,0.7573099732398987,0.5798320770263672,0,0.07247205078601837,-0.6242910027503967,0.7778229713439941,0,0,0.4328269958496094,0,1
B19,mixamorig_LeftToe_End,18,1,0,0,0,0,1,0,0,0,0,1,0,0,0.22163699567317963,0,1
B20,mixamorig_RightUpLeg,0,-0.7675117254257202,-0.637992262840271,-0.06238844245672226,0,0.421434611082077,-0.5755239725112915,0.7008318305015564,0,-0.4830310046672821,0.5116036534309387,0.7105928063392639,0,0.011429999954998493,-0.10770100355148315,0.30003100633621216,1
B21,mixamorig_RightLeg,20,0.1494876891374588,-0.13569778203964233,0.979407787322998,0,0.9546793103218079,0.27764469385147095,-0.10724548995494843,0,-0.25737428665161133,0.9510515928268433,0.17105220258235931,0,0,0.3895609974861145,0,1
B22,mixamorig_RightFoot,21,0.9829369187355042,0.18231557309627533,-0.024413175880908966,0,-0.06786646693944931,0.48280805349349976,0.8730928897857666,0,0.17096523940563202,-0.8565380573272705,0.48694276809692383,0,0,0.28062498569488525,0,1
B23,mixamorig_RightToeBase,22,0.9649220108985901,0.26177871227264404,0.019940078258514404,0,-0.231118306517601,0.8109638690948486,0.5375140309333801,0,0.12453910708427429,-0.5232678651809692,0.8430190682411194,0,0,0.44201400876045227,0,1
B24,mixamorig_RightToe_End,23,1,0,0,0,0,1,0,0,0,0,1,0,0,0.2201409935951233,0,1
@20,0,1,2,3,4,5,7,8,9,11,12,13,15,16,17,18,20,21,22,23
K0,-0.7595927119255066,-0.1316571980714798,0.6369341611862183,0,-0.12809179723262787,0.9904000163078308,0.05196091905236244,0,-0.637660801410675,-0.0421169176697731,-0.7691650986671448,0,-0.005530999973416328,0.7207260131835938,-0.0004820000031031668,1,0.9905149936676025,-0.12783105671405792,-0.05039067193865776,0,0.1262289434671402,0.9914249777793884,-0.03380068391561508,0,0.05427933111786842,0.027119316160678864,0.9981569647789001,0,-0.0123070003464818,0.1945430040359497,0,1,0.9892169237136841,-0.1055782362818718,-0.1015021950006485,0,0.09896976500749588,0.9927579760551453,-0.06808789819478989,0,0.10795581340789795,0.05730811133980751,0.9925030469894409,0,0,0.22742100059986115,0,1,0.9884610176086426,0.10049611330032349,-0.11333683133125305,0,-0.1062328889966011,0.993287980556488,-0.045752909034490585,0,0.10797818005084991,0.05726509168744087,0.9925029873847961,0,0,0.259909987449646,0,1,0.9813820123672485,-0.10207728296518326,-0.16269469261169434,0,0.1027047261595726,0.994701087474823,-0.00457181828096509,0,0.16229933500289917,-0.012222819030284882,0.9866659641265869,0,0,0.29239800572395325,0,1,0.9169910550117493,0.06648144870996475,-0.3933298587799072,0,-0.0962805524468422,0.9937490224838257,-0.05649842694401741,0,0.38711515069007874,0.0896785780787468,0.9176599979400635,0,-0.013539999723434448,0.10293400287628174,0,1,-0.9522218108177185,-0.03262582793831825,-0.3036600351333618,0,0.26621881127357483,0.3985951542854309,-0.8776389360427856,0,0.14967094361782074,-0.9165459871292114,-0.3708648979663849,0,0.0021639999467879534,0.3292880058288574,-0.28019601106643677,1,0.9896660447120667,-0.11777567118406296,0.0817907527089119,0,-0.0422256737947464,0.30573657155036926,0.9511792063713074,0,-0.13703225553035736,-0.9448039531707764,0.29760411381721497,0,0,0.4955880045890808,0,1,-0.6517892479896545,-0.2974150478839874,-0.6976497769355774,0,-0.4916839599609375,0.8660960793495178,0.09013739228248596,0,0.5774232149124146,0.4017736315727234,-0.7107459306716919,0,0,0.6818770170211792,0,1,0.9079042077064514,0.08812184631824493,-0.40981173515319824,0,0.3344448506832123,0.437092125415802,0.8349230289459229,0,0.2527002990245819,-0.8950890302658081,0.36736565828323364,0,-0.00494999997317791,0.32973799109458923,0.28019601106643677,1,0.7968538999557495,0.46745216846466064,0.3827698826789856,0,-0.4522627890110016,0.04143578186631203,0.8909220695495605,0,0.40060290694236755,-0.8830469250679016,0.24442936480045319,0,0,0.49580299854278564,0,1,0.6648157835006714,-0.6937231421470642,-0.27707037329673767,0,0.7383478879928589,0.6665492057800293,0.10273478925228119,0,0.11341160535812378,-0.2728741765022278,0.9553419351577759,0,0,0.6616399884223938,0,1,-0.28757932782173157,-0.9401368498802185,0.18286816775798798,0,0.47673824429512024,-0.3061126470565796,-0.824023962020874,0,0.8306738138198853,-0.14979207515716553,0.5362311005592346,0,0.00031999999191612005,-0.10770100355148315,-0.30003100633621216,1,-0.08608593791723251,0.07191918790340424,-0.9936890006065369,0,0.9738680720329285,0.21647489070892334,-0.06870120018720627,0,0.2101677656173706,-0.9736360907554626,-0.08867524564266205,0,0,0.38975098729133606,0,1,-0.9643770456314087,-0.2643522024154663,-0.009794031269848347,0,-0.10371279716491699,0.41189318895339966,-0.9053109884262085,0,0.24335497617721558,-0.8720450401306152,-0.42463696002960205,0,0,0.27142098546028137,0,1,0.9753390550613403,-0.08112890273332596,-0.20525966584682465,0,0.18711110949516296,0.7971791625022888,0.574016809463501,0,0.11705932021141052,-0.5982671976089478,0.7926998138427734,0,0,0.4328269958496094,0,1,-0.8762479424476624,-0.4547841250896454,0.1592552661895752,0,0.41745689511299133,-0.5514029264450073,0.7222771644592285,0,-0.2406662553548813,0.6993757486343384,0.6730180978775024,0,0.011429999954998493,-0.10770100355148315,0.30003100633621216,1,0.007896729744970798,-0.030832866206765175,0.9994930624961853,0,0.9983740448951721,0.056663934141397476,-0.006139929406344891,0,-0.05644596740603447,0.9979169964790344,0.031230175867676735,0,0,0.3895609974861145,0,1,0.7278480529785156,0.592828631401062,0.3446613848209381,0,-0.16897907853126526,-0.3320593535900116,0.9279988408088684,0,0.6645922660827637,-0.7336826324462891,-0.14151307940483093,0,0,0.28062498569488525,0,1,0.9921339750289917,0.05671287700533867,0.11159802973270416,0,-0.108579121530056,0.8335249423980713,0.5417069792747498,0,-0.062297966331243515,-0.5495629906654358,0.8331260681152344,0,0,0.44201400876045227,0,1
K0.034,-0.7484480142593384,-0.1349439024925232,0.6493194699287415,0,-0.1362697035074234,0.9894812107086182,0.04856417328119278,0,-0.6490422487258911,-0.05213475972414017,-0.7589632868766785,0,-0.00849280133843422,0.7159920930862427,-0.004808052442967892,1,0.9906299710273743,-0.12646375596523285,-0.05156087130308151,0,0.12481672316789627,0.991596519947052,-0.034014828503131866,0,0.055429235100746155,0.02726045623421669,0.9980902671813965,0,-0.0123070003464818,0.1945430040359497,0,1,0.9892935156822205,-0.10299628973007202,-0.10339301824569702,0,0.09615366905927658,0.9929634928703308,-0.06912802904844284,0,0.10978536307811737,0.05844626948237419,0.9922353625297546,0,0,0.22742100059986115,0,1,0.9879451394081116,0.10312473028898239,-0.11545421928167343,0,-0.10906537622213364,0.9929526448249817,-0.04636157304048538,0,0.10985957086086273,0.05839475989341736,0.9922302961349487,0,0,0.259909987449646,0,1,0.9810892939567566,-0.09846444427967072,-0.16664040088653564,0,0.09835753589868546,0.9951112270355225,-0.00891469419002533,0,0.16670338809490204,-0.007644221652299166,0.985977053642273,0,0,0.29239800572395325,0,1,0.916124165058136,0.06670615822076797,-0.395306795835495,0,-0.097580187022686,0.9935075044631958,-0.05849254131317139,0,0.38883838057518005,0.09216051548719406,0.9166852831840515,0,-0.013539999723434448,0.10293400287628174,0,1,-0.9538215398788452,-0.033936649560928345,-0.2984507381916046,0,0.26193538308143616,0.39234256744384766,-0.8817347884178162,0,0.14701803028583527,-0.9191923141479492,-0.3653355538845062,0,0.0021639999467879534,0.3292880058288574,-0.28019601106643677,1,0.9898772239685059,-0.11986716836690903,0.07598751783370972,0,-0.03652770817279816,0.30219772458076477,0.9525450468063354,0,-0.13714219629764557,-0.9456787109375,0.2947603166103363,0,0,0.4955880045890808,0,1,-0.6496158838272095,-0.29862669110298157,-0.6991572380065918,0,-0.4945092499256134,0.8644761443138123,0.09023062139749527,0,0.5774595737457275,0.4043550193309784,-0.7092512249946594,0,0,0.6818770170211792,0,1,0.9131553173065186,0.0826461985707283,-0.39914563298225403,0,0.3234560787677765,0.4489568769931793,0.8329547047615051,0,0.24803975224494934,-0.8897232413291931,0.38323503732681274,0,-0.00494999997317791,0.32973799109458923,0.28019601106643677,1,0.7985926866531372,0.47140389680862427,0.3742035925388336,0,-0.4402657151222229,0.03360874950885773,0.8972378969192505,0,0.41038498282432556,-0.8812766075134277,0.23438268899917603,0,0,0.49580299854278564,0,1,0.6622492671012878,-0.6957148909568787,-0.2782202363014221,0,0.7406736612319946,0.6639662384986877,0.10272232443094254,0,0.1132633239030838,-0.2740980386734009,0.9550082683563232,0,0,0.6616399884223938,0,1,-0.27242594957351685,-0.9441982507705688,0.1851334571838379,0,0.4864921271800995,-0.3011733591556549,-0.8201343417167664,0,0.8301257491111755,-0.13335978984832764,0.5413919687271118,0,0.00031999999191612005,-0.10770100355148315,-0.30003100633621216,1,-0.07789816707372665,0.07140369713306427,-0.9944008588790894,0,0.9714833498001099,0.22948841750621796,-0.05962425097823143,0,0.22394618391990662,-0.9706887602806091,-0.08724428713321686,0,0,0.38975098729133606,0,1,-0.9688231348991394,-0.24774618446826935,-0.0017249931115657091,0,-0.1094333752989769,0.4341702461242676,-0.8941587805747986,0,0.222273588180542,-0.8660938739776611,-0.44774624705314636,0,0,0.27142098546028137,0,1,0.9753389954566956,-0.08112853765487671,-0.20525898039340973,0,0.18711045384407043,0.7971787452697754,0.5740171670913696,0,0.11705901473760605,-0.5982678532600403,0.7927001118659973,0,0,0.4328269958496094,0,1,-0.8816726803779602,-0.44309937953948975,0.16222326457500458,0,0.40968793630599976,-0.5482668280601501,0.7290815711021423,0,-0.2341138869524002,0.7092719674110413,0.6649240255355835,0,0.011429999954998493,-0.10770100355148315,0.30003100633621216,1,0.007063013035804033,-0.024619759991765022,0.9996715188026428,0,0.9996780157089233,0.024527767673134804,-0.006459014490246773,0,-0.024360734969377518,0.9993960857391357,0.024785073474049568,0,0,0.3895609974861145,0,1,0.7203152775764465,0.5968378782272339,0.35345473885536194,0,-0.1493864357471466,-0.364123672246933,0.9192920923233032,0,0.6773695945739746,-0.7149815559387207,-0.17312438786029816,0,0,0.28062498569488525,0,1,0.9921340346336365,0.05671395733952522,0.11159785091876984,0,-0.10858004540205002,0.8335250020027161,0.5417080521583557,0,-0.06229715421795845,-0.5495639443397522,0.8331260085105896,0,0,0.44201400876045227,0,1
K0.067,-0.7459204792976379,-0.14062845706939697,0.6510196328163147,0,-0.1467316746711731,0.9881370663642883,0.045328956097364426,0,-0.6496713757514954,-0.06171341985464096,-0.7577065825462341,0,-0.011222200468182564,0.7123019099235535,-0.00901861023157835,1,0.9907095432281494,-0.12547044456005096,-0.0524570494890213,0,0.12378381937742233,0.9917173981666565,-0.034264322370290756,0,0.05632174760103226,0.02745266631245613,0.9980354309082031,0,-0.0123070003464818,0.1945430040359497,0,1,0.9894136786460876,-0.10121069848537445,-0.10400670766830444,0,0.09421328455209732,0.9930782914161682,-0.07013236731290817,0,0.11038494855165482,0.05959111079573631,0.9921006560325623,0,0,0.22742100059986115,0,1,0.9876348972320557,0.10508068650960922,-0.11634460836648941,0,-0.11116829514503479,0.9926837682723999,-0.047116901725530624,0,0.11054230481386185,0.05946812406182289,0.99209064245224,0,0,0.259909987449646,0,1,0.9807128310203552,-0.08911626785993576,-0.1739572286605835,0,0.0876297801733017,0.9960207939147949,-0.01622239127755165,0,0.17471075057983398,0.0006656740442849696,0.9846199750900269,0,0,0.29239800572395325,0,1,0.9148963689804077,0.06689698994159698,-0.3981066346168518,0,-0.09771136194467545,0.9935465455055237,-0.05759890004992485,0,0.39168447256088257,0.09159661829471588,0.9155292510986328,0,-0.013539999723434448,0.10293400287628174,0,1,-0.9556872248649597,-0.03533770889043808,-0.2922564148902893,0,0.2567605674266815,0.38556718826293945,-0.8862348794937134,0,0.14400191605091095,-0.9220026135444641,-0.35940811038017273,0,0.0021639999467879534,0.3292880058288574,-0.28019601106643677,1,0.9898655414581299,-0.12373285740613937,0.06968546658754349,0,-0.029327312484383583,0.3020195960998535,0.9528505802154541,0,-0.1389452964067459,-0.9452376365661621,0.2953300178050995,0,0,0.4955880045890808,0,1,-0.6484476923942566,-0.3007148504257202,-0.6993479132652283,0,-0.49820566177368164,0.8622517585754395,0.0911826342344284,0,0.5755934119224548,0.4075458347797394,-0.7089423537254333,0,0,0.6818770170211792,0,1,0.9180574417114258,0.0761454626917839,-0.3890664279460907,0,0.31282079219818115,0.46374431252479553,0.8289059400558472,0,0.24354468286037445,-0.8826911449432373,0.40192389488220215,0,-0.00494999997317791,0.32973799109458923,0.28019601106643677,1,0.8031325936317444,0.47253289818763733,0.36289194226264954,0,-0.4236329197883606,0.024622490629553795,0.9054993987083435,0,0.41894271969795227,-0.8809686303138733,0.2199554741382599,0,0,0.49580299854278564,0,1,0.661016047000885,-0.6965456604957581,-0.2790736258029938,0,0.7417181134223938,0.6628438830375671,0.10243392735719681,0,0.11363232880830765,-0.2747044563293457,0.9547910094261169,0,0,0.6616399884223938,0,1,-0.2708286643028259,-0.9440548419952393,0.1881808489561081,0,0.4857037663459778,-0.3027915954589844,-0.8200057744979858,0,0.831109881401062,-0.13068091869354248,0.540535569190979,0,0.00031999999191612005,-0.10770100355148315,-0.30003100633621216,1,-0.06541001051664352,0.06824412196874619,-0.9955219030380249,0,0.9690831303596497,0.24220140278339386,-0.047069668769836426,0,0.23790478706359863,-0.9678230285644531,-0.08197671175003052,0,0,0.38975098729133606,0,1,-0.969855546951294,-0.24362601339817047,0.0052436040714383125,0,-0.11744450032711029,0.4484665095806122,-0.886049747467041,0,0.21351315081119537,-0.8599560260772705,-0.46356019377708435,0,0,0.27142098546028137,0,1,0.9753389954566956,-0.08112794160842896,-0.20525893568992615,0,0.1871100664138794,0.7971779108047485,0.574018120765686,0,0.11705906689167023,-0.5982687473297119,0.7926991581916809,0,0,0.4328269958496094,0,1,-0.8777247071266174,-0.445358544588089,0.17678910493850708,0,0.41990864276885986,-0.537187933921814,0.7315098643302917,0,-0.2308150678873062,0.7162991166114807,0.658512532711029,0,0.011429999954998493,-0.10770100355148315,0.30003100633621216,1,0.004517554771155119,-0.017143402248620987,0.9998429417610168,0,0.9999596476554871,-0.007670351769775152,-0.00464961351826787,0,0.007748844102025032,0.9998238682746887,0.017108049243688583,0,0,0.3895609974861145,0,1,0.7174842357635498,0.5968162417411804,0.35920315980911255,0,-0.13522610068321228,-0.3865228295326233,0.912312924861908,0,0.6833229064941406,-0.703143298625946,-0.19661875069141388,0,0,0.28062498569488525,0,1,0.9921340346336365,0.05671396479010582,0.11159788072109222,0,-0.10858006775379181,0.8335250020027161,0.5417080521583557,0,-0.062297169119119644,-0.5495639443397522,0.8331260085105896,0,0,0.44201400876045227,0,1
K0.101,-0.7505668997764587,-0.14836513996124268,0.6439233422279358,0,-0.15892493724822998,0.9863956570625305,0.042028166353702545,0,-0.6413984298706055,-0.07079050689935684,-0.7639344930648804,0,-0.013690625317394733,0.7095751166343689,-0.01313217543065548,1,0.9906908273696899,-0.12526144087314606,-0.05331285297870636,0,0.12351976335048676,0.991731584072113,-0.03481028601527214,0,0.057232413440942764,0.02790103107690811,0.9979714155197144,0,-0.0123070003464818,0.1945430040359497,0,1,0.9894359707832336,-0.10107437521219254,-0.10392516851425171,0,0.09391510486602783,0.9930004477500916,-0.07162770628929138,0,0.11043746769428253,0.06111089140176773,0.9920027852058411,0,0,0.22742100059986115,0,1,0.9875540137290955,0.1054786816239357,-0.11666851490736008,0,-0.11173447221517563,0.9925571084022522,-0.04842965677380562,0,0.11069189757108688,0.060862816870212555,0.9919896721839905,0,0,0.259909987449646,0,1,0.9801589846611023,-0.07640277594327927,-0.182898610830307,0,0.07382083684206009,0.9970527291297913,-0.020893752574920654,0,0.1839558184146881,0.006977468729019165,0.9829098582267761,0,0,0.29239800572395325,0,1,0.9127222299575806,0.06367892771959305,-0.40358778834342957,0,-0.09661649912595749,0.9934033751487732,-0.06175895780324936,0,0.3969928026199341,0.09536202996969223,0.9128538966178894,0,-0.013539999723434448,0.10293400287628174,0,1,-0.9566890597343445,-0.036255817860364914,-0.28884634375572205,0,0.2539513111114502,0.38114315271377563,-0.8889539837837219,0,0.14232152700424194,-0.9238052368164062,-0.35542815923690796,0,0.0021639999467879534,0.3292880058288574,-0.28019601106643677,1,0.9897111058235168,-0.12912355363368988,0.061638347804546356,0,-0.01976843923330307,0.303259938955307,0.952703058719635,0,-0.14170877635478973,-0.9441189169883728,0.29758700728416443,0,0,0.4955880045890808,0,1,-0.6470350027084351,-0.30277982354164124,-0.6997643113136292,0,-0.5003274083137512,0.8611435890197754,0.0900195986032486,0,0.5753415822982788,0.40835726261138916,-0.70867919921875,0,0,0.6818770170211792,0,1,0.9228208661079407,0.06988763809204102,-0.37883591651916504,0,0.3019741475582123,0.4793698787689209,0.824024498462677,0,0.23919174075126648,-0.8748260140419006,0.42126843333244324,0,-0.00494999997317791,0.32973799109458923,0.28019601106643677,1,0.8098077178001404,0.47156715393066406,0.34904947876930237,0,-0.40350720286369324,0.015774304047226906,0.9148406982421875,0,0.4259029030799866,-0.881689190864563,0.20305494964122772,0,0,0.49580299854278564,0,1,0.6615301370620728,-0.6952061057090759,-0.2811861038208008,0,0.7405686974525452,0.6646460294723511,0.09901810437440872,0,0.1180511862039566,-0.2737409770488739,0.9545309543609619,0,0,0.6616399884223938,0,1,-0.28021907806396484,-0.9405472874641418,0.19195961952209473,0,0.47626417875289917,-0.3098434805870056,-0.8229029774665833,0,0.8334560394287109,-0.1391695737838745,0.5347727537155151,0,0.00031999999191612005,-0.10770100355148315,-0.30003100633621216,1,-0.04961630702018738,0.0627523809671402,-0.9967948794364929,0,0.9665431380271912,0.25449010729789734,-0.032089270651340485,0,0.2516607344150543,-0.9650372266769409,-0.0732797384262085,0,0,0.38975098729133606,0,1,-0.968258261680603,-0.2497088760137558,0.011047501116991043,0,-0.12766923010349274,0.45607855916023254,-0.8807340860366821,0,0.21488843858242035,-0.8541878461837769,-0.4734817147254944,0,0,0.27142098546028137,0,1,0.9753389954566956,-0.08112805336713791,-0.20525886118412018,0,0.18710996210575104,0.7971790432929993,0.5740168690681458,0,0.11705920845270157,-0.5982671976089478,0.7926998734474182,0,0,0.4328269958496094,0,1,-0.8652445673942566,-0.4592263400554657,0.20115460455417633,0,0.4450778663158417,-0.518901526927948,0.7298264503479004,0,-0.23077619075775146,0.7210081815719604,0.6533685326576233,0,0.011429999954998493,-0.10770100355148315,0.30003100633621216,1,0.0007204892463050783,-0.00879222434014082,0.9999610185623169,0,0.9992191195487976,-0.039485007524490356,-0.0010671466588974,0,0.03949286788702011,0.999181866645813,0.008756899274885654,0,0,0.3895609974861145,0,1,0.7188159227371216,0.5935908555984497,0.3618760406970978,0,-0.1262507289648056,-0.40041932463645935,0.907593309879303,0,0.6836407780647278,-0.6980792284011841,-0.21288639307022095,0,0,0.28062498569488525,0,1,0.9921340346336365,0.056714218109846115,0.11159893870353699,0,-0.10858074575662613,0.8335250616073608,0.5417069792747498,0,-0.062297988682985306,-0.5495629906654358,0.8331260681152344,0,0,0.44201400876045227,0,1
K0.135,-0.76069575548172,-0.15774987637996674,0.6296486854553223,0,-0.1723087877035141,0.9842929840087891,0.03843019902706146,0,-0.6258209943771362,-0.07926028966903687,-0.7759289145469666,0,-0.015851465985178947,0.7076688408851624,-0.01715763472020626,1,0.9905788898468018,-0.1256043016910553,-0.054555438458919525,0,0.1237780898809433,0.9916685223579407,-0.03566771373152733,0,0.05858098715543747,0.028578946366906166,0.9978739619255066,0,-0.0123070003464818,0.1945430040359497,0,1,0.9893104434013367,-0.10213106125593185,-0.10408791154623032,0,0.09473887830972672,0.9927732944488525,-0.07365715503692627,0,0.11085844039916992,0.06300865858793259,0.9918373227119446,0,0,0.22742100059986115,0,1,0.9875503778457642,0.10474405437707901,-0.11735601723194122,0,-0.11123336106538773,0.9925270080566406,-0.050165705382823944,0,0.11122453957796097,0.06259511411190033,0.9918221831321716,0,0,0.259909987449646,0,1,0.9788656234741211,-0.06032893806695938,-0.1954052895307541,0,0.056097134947776794,0.9980566501617432,-0.0271238274872303,0,0.19666194915771484,0.015588910318911076,0.9803479313850403,0,0,0.29239800572395325,0,1,0.9099297523498535,0.057414766401052475,-0.4107704162597656,0,-0.09272196888923645,0.9934660792350769,-0.0665355995297432,0,0.40426647663116455,0.09863020479679108,0.9093083143234253,0,-0.013539999723434448,0.10293400287628174,0,1,-0.9583485126495361,-0.037136077880859375,-0.2831774652004242,0,0.24908983707427979,0.376392126083374,-0.8923471570014954,0,0.1397240310907364,-0.92571622133255,-0.35146453976631165,0,0.0021639999467879534,0.3292880058288574,-0.28019601106643677,1,0.9893978238105774,-0.1331847459077835,0.05791415646672249,0,-0.014133365824818611,0.30858081579208374,0.9510934948921204,0,-0.14454229176044464,-0.9418280124664307,0.30342671275138855,0,0,0.4955880045890808,0,1,-0.6506373882293701,-0.3006545603275299,-0.6973361372947693,0,-0.49766629934310913,0.8624209761619568,0.09250842779874802,0,0.5735843777656555,0.4072302281856537,-0.7107491493225098,0,0,0.6818770170211792,0,1,0.9281823039054871,0.06396600604057312,-0.3665858805179596,0,0.2895594537258148,0.4946121573448181,0.8194596767425537,0,0.23373544216156006,-0.8667566180229187,0.4405684173107147,0,-0.00494999997317791,0.32973799109458923,0.28019601106643677,1,0.8168312907218933,0.47044363617897034,0.3338702917098999,0,-0.3818016052246094,0.007011569105088711,0.9242180585861206,0,0.43245169520378113,-0.8824026584625244,0.18534345924854279,0,0,0.49580299854278564,0,1,0.6604318022727966,-0.6943868398666382,-0.2857567071914673,0,0.740126371383667,0.6661803126335144,0.09174289554357529,0,0.12666042149066925,-0.2720859944820404,0.9539006948471069,0,0,0.6616399884223938,0,1,-0.2963678240776062,-0.934320330619812,0.1980220377445221,0,0.45774051547050476,-0.3209266662597656,-0.829143762588501,0,0.8382357358932495,-0.1550886482000351,0.5227881073951721,0,0.00031999999191612005,-0.10770100355148315,-0.30003100633621216,1,-0.029885530471801758,0.058385856449604034,-0.9978461861610413,0,0.9637194871902466,0.2665863335132599,-0.013265022076666355,0,0.2652376592159271,-0.962040364742279,-0.06423462927341461,0,0,0.38975098729133606,0,1,-0.9654026627540588,-0.2602676749229431,0.016077125445008278,0,-0.13839761912822723,0.4591485559940338,-0.8775129914283752,0,0.22100652754306793,-0.8493785858154297,-0.4792838990688324,0,0,0.27142098546028137,0,1,0.9753389954566956,-0.08112766593694687,-0.20525996387004852,0,0.18711037933826447,0.7971780896186829,0.5740177631378174,0,0.11706002056598663,-0.5982682108879089,0.7926987409591675,0,0,0.4328269958496094,0,1,-0.8446103930473328,-0.481992244720459,0.2330603301525116,0,0.48167067766189575,-0.4940600097179413,0.7238081097602844,0,-0.23372413218021393,0.7235941290855408,0.6494495868682861,0,0.011429999954998493,-0.10770100355148315,0.30003100633621216,1,-0.003831850364804268,-0.00005312827124726027,0.9999922513961792,0,0.9975478649139404,-0.06988328695297241,0.003818773664534092,0,0.06988256424665451,0.9975549578666687,0.00032078305957838893,0,0,0.3895609974861145,0,1,0.7236148118972778,0.5879529118537903,0.36151427030563354,0,-0.12213734537363052,-0.4064335227012634,0.9054805040359497,0,0.6793110966682434,-0.6993733644485474,-0.2222902923822403,0,0,0.28062498569488525,0,1,0.9921340346336365,0.05671401694417,0.11159787327051163,0,-0.10857998579740524,0.8335250020027161,0.5417070388793945,0,-0.062297191470861435,-0.549562931060791,0.8331260085105896,0,0,0.44201400876045227,0,1
K0.169,-0.7745194435119629,-0.1683177351951599,0.6097458004951477,0,-0.18634404242038727,0.9818840026855469,0.03434453159570694,0,-0.604479968547821,-0.08702190965414047,-0.791852593421936,0,-0.017681172117590904,0.7064650654792786,-0.021135961636900902,1,0.9905385971069336,-0.12541672587394714,-0.05571895092725754,0,0.12352857738733292,0.9916828870773315,-0.03614185377955437,0,0.059788305312395096,0.028917010873556137,0.9977923631668091,0,-0.0123070003464818,0.1945430040359497,0,1,0.9893530607223511,-0.10209501534700394,-0.10371536761522293,0,0.09459789097309113,0.9927005767822266,-0.07481112331151962,0,0.1105961725115776,0.06420336663722992,0.9917895197868347,0,0,0.22742100059986115,0,1,0.9875030517578125,0.10516898334026337,-0.11737468093633652,0,-0.11176856607198715,0.9924185276031494,-0.051119618117809296,0,0.11110866069793701,0.0635996088385582,0.9917713403701782,0,0,0.259909987449646,0,1,0.9765669703483582,-0.0508144237101078,-0.20912796258926392,0,0.04343312233686447,0.9982657432556152,-0.03974093496799469,0,0.2107847034931183,0.029726605862379074,0.9770804047584534,0,0,0.29239800572395325,0,1,0.9074622988700867,0.05398673936724663,-0.4166495203971863,0,-0.09104681760072708,0.9934130907058716,-0.06957986205816269,0,0.41014885902404785,0.10107574611902237,0.9064005017280579,0,-0.013539999723434448,0.10293400287628174,0,1,-0.9599102735519409,-0.03820754587650299,-0.2776920795440674,0,0.2444593906402588,0.3706362843513489,-0.8960291147232056,0,0.13715779781341553,-0.9279917478561401,-0.3464373052120209,0,0.0021639999467879534,0.3292880058288574,-0.28019601106643677,1,0.9890842437744141,-0.1355823427438736,0.0577087476849556,0,-0.012022358365356922,0.31607869267463684,0.9486570358276367,0,-0.14686153829097748,-0.9389947652816772,0.31099817156791687,0,0,0.4955880045890808,0,1,-0.6569772958755493,-0.2948295772075653,-0.693870484828949,0,-0.4891357421875,0.867050290107727,0.09471368789672852,0,0.5736957788467407,0.4016212821006775,-0.7138435244560242,0,0,0.6818770170211792,0,1,0.9329798221588135,0.05709999054670334,-0.35537034273147583,0,0.27773165702819824,0.5138065814971924,0.8117064237594604,0,0.2289402186870575,-0.8560038208961487,0.46351301670074463,0,-0.00494999997317791,0.32973799109458923,0.28019601106643677,1,0.817953884601593,0.47239816188812256,0.328316330909729,0,-0.36782199144363403,-0.009363480843603611,0.9298492670059204,0,0.4423332214355469,-0.8813356161117554,0.16609950363636017,0,0,0.49580299854278564,0,1,0.6553825736045837,-0.696489155292511,-0.29219239950180054,0,0.743078887462616,0.6638800501823425,0.08424496650695801,0,0.13530495762825012,-0.27233460545539856,0.9526414275169373,0,0,0.6616399884223938,0,1,-0.318986713886261,-0.9251293540000916,0.20587117969989777,0,0.43414124846458435,-0.33571892976760864,-0.8359507322311401,0,0.842477560043335,-0.17728008329868317,0.5087268352508545,0,0.00031999999191612005,-0.10770100355148315,-0.30003100633621216,1,-0.009323670528829098,0.05360960587859154,-0.9985181093215942,0,0.9602105021476746,0.2792137563228607,0.006024819798767567,0,0.27912312746047974,-0.9587318301200867,-0.05407985299825668,0,0,0.38975098729133606,0,1,-0.960629940032959,-0.2772253453731537,0.01836332678794861,0,-0.14909866452217102,0.45862239599227905,-0.8760340213775635,0,0.23443688452243805,-0.8442819714546204,-0.48190009593963623,0,0,0.27142098546028137,0,1,0.9753389358520508,-0.08112825453281403,-0.2052600383758545,0,0.18711088597774506,0.7971783876419067,0.5740174055099487,0,0.11705982685089111,-0.5982679724693298,0.7926990985870361,0,0,0.4328269958496094,0,1,-0.8162429928779602,-0.5108104348182678,0.2698509097099304,0,0.5258738994598389,-0.4635847210884094,0.7131234407424927,0,-0.2391723394393921,0.7239900827407837,0.6470200419425964,0,0.011429999954998493,-0.10770100355148315,0.30003100633621216,1,-0.008706736378371716,0.008449023589491844,0.9999263882637024,0,0.9951729774475098,-0.09767454862594604,0.00949065387248993,0,0.0977475494146347,0.9951825141906738,-0.007557821925729513,0,0,0.3895609974861145,0,1,0.7311276197433472,0.5805753469467163,0.3583069145679474,0,-0.1224183589220047,-0.4050268828868866,0.9060726165771484,0,0.6711673736572266,-0.7063180804252625,-0.2250533103942871,0,0,0.28062498569488525,0,1,0.9921339750289917,0.05671382322907448,0.11159829050302505,0,-0.10858005285263062,0.8335250020027161,0.541706919670105,0,-0.06229766085743904,-0.5495629906654358,0.8331261277198792,0,0,0.44201400876045227,0,1
K0.202,-0.7902882099151611,-0.17955990135669708,0.5858349204063416,0,-0.20049679279327393,0.9792448282241821,0.02967194840312004,0,-0.5790038108825684,-0.09400864690542221,-0.8098868727684021,0,-0.019145825877785683,0.7058177590370178,-0.02506757527589798,1,0.99056476354599,-0.12495332211256027,-0.0562782920897007,0,0.12300822883844376,0.991722822189331,-0.03680717572569847,0,0.060411643236875534,0.029537199065089226,0.9977360367774963,0,-0.0123070003464818,0.1945430040359497,0,1,0.989608645439148,-0.10152050852775574,-0.10182289034128189,0,0.09399178624153137,0.9926518797874451,-0.07620521634817123,0,0.10881108790636063,0.06584283709526062,0.9918791055679321,0,0,0.22742100059986115,0,1,0.9875626564025879,0.10616622865200043,-0.11597064137458801,0,-0.11284322291612625,0.9922202825546265,-0.05259491503238678,0,0.10948453098535538,0.06502722203731537,0.9918590784072876,0,0,0.259909987449646,0,1,0.9740122556686401,-0.04305972158908844,-0.22236619889736176,0,0.0318751186132431,0.9980508089065552,-0.05364590510725975,0,0.22424280643463135,0.0451638288795948,0.9734864830970764,0,0,0.29239800572395325,0,1,0.9054330587387085,0.048308368772268295,-0.4217309355735779,0,-0.08819492161273956,0.9932318329811096,-0.07557706534862518,0,0.41522568464279175,0.10562451183795929,0.9035657048225403,0,-0.013539999723434448,0.10293400287628174,0,1,-0.9606139063835144,-0.038889579474925995,-0.27515125274658203,0,0.2423667460680008,0.3671165704727173,-0.8980438113212585,0,0.13593724370002747,-0.9293615818023682,-0.34323206543922424,0,0.0021639999467879534,0.3292880058288574,-0.28019601106643677,1,0.9887005686759949,-0.1397368460893631,0.054261449724435806,0,-0.006380883045494556,0.322418749332428,0.9465756416320801,0,-0.14976637065410614,-0.9362260103225708,0.3178839385509491,0,0,0.4955880045890808,0,1,-0.6597627997398376,-0.29187726974487305,-0.692474365234375,0,-0.48521125316619873,0.8691152930259705,0.09595926105976105,0,0.5738319754600525,0.39930686354637146,-0.7150324583053589,0,0,0.6818770170211792,0,1,0.9383717775344849,0.04942739009857178,-0.3420758545398712,0,0.2641827166080475,0.5355963706970215,0.8020874857902527,0,0.22285956144332886,-0.8430262804031372,0.48953038454055786,0,-0.00494999997317791,0.32973799109458923,0.28019601106643677,1,0.8152815103530884,0.4771050810813904,0.32815659046173096,0,-0.3585367798805237,-0.029096024110913277,0.9330614805221558,0,0.45471659302711487,-0.8783641457557678,0.14733833074569702,0,0,0.49580299854278564,0,1,0.6460645198822021,-0.7013326287269592,-0.3012198209762573,0,0.7491201758384705,0.6582815051078796,0.07405094802379608,0,0.14635315537452698,-0.27349165081977844,0.9506751894950867,0,0,0.6616399884223938,0,1,-0.34443774819374084,-0.913461446762085,0.21668267250061035,0,0.4061165750026703,-0.3530689775943756,-0.8428593873977661,0,0.8464231491088867,-0.20231404900550842,0.49258190393447876,0,0.00031999999191612005,-0.10770100355148315,-0.30003100633621216,1,0.011638306081295013,0.05013479292392731,-0.9986741542816162,0,0.9558075666427612,0.2928544878959656,0.025840390473604202,0,0.2937617599964142,-0.9548413753509521,-0.044510867446660995,0,0,0.38975098729133606,0,1,-0.9547979235649109,-0.2966863811016083,0.01839596964418888,0,-0.15869353711605072,0.45642364025115967,-0.8754959106445312,0,0.25135135650634766,-0.8388409614562988,-0.48287448287010193,0,0,0.27142098546028137,0,1,0.9753389954566956,-0.08112998306751251,-0.20525895059108734,0,0.187111034989357,0.7971819639205933,0.5740131735801697,0,0.11705906689167023,-0.5982638597488403,0.7927031517028809,0,0,0.4328269958496094,0,1,-0.7810344696044922,-0.5428972244262695,0.30862313508987427,0,0.5737413763999939,-0.42867061495780945,0.6978986859321594,0,-0.2465895563364029,0.722152590751648,0.6462888717651367,0,0.011429999954998493,-0.10770100355148315,0.30003100633621216,1,-0.013612667098641396,0.01627443917095661,0.9997750520706177,0,0.9924483895301819,-0.1216793954372406,0.015493602491915226,0,0.12190412729978561,0.9924358129501343,-0.014495175331830978,0,0,0.3895609974861145,0,1,0.740577220916748,0.5720064043998718,0.35263893008232117,0,-0.1264449805021286,-0.39678463339805603,0.9091611504554749,0,0.6599676012992859,-0.7178933620452881,-0.22152233123779297,0,0,0.28062498569488525,0,1,0.9921339750289917,0.05671302229166031,0.11159757524728775,0,-0.10857898741960526,0.8335249423980713,0.5417070388793945,0,-0.06229750066995621,-0.549562931060791,0.8331260085105896,0,0,0.44201400876045227,0,1
