3.133,30,94,25
B0,mixamorig_Hips,-1,-0.7595927119255066,-0.1316571980714798,0.6369341015815735,0,-0.12809182703495026,0.9904000163078308,0.05196087062358856,0,-0.6376607418060303,-0.04211697354912758,-0.7691650986671448,0,-0.005530999973416328,0.7207260131835938,-0.0004820000031031668,1
B1,mixamorig_Spine,0,0.9905150532722473,-0.1278320550918579,-0.050390180200338364,0,0.12622995674610138,0.9914249777793884,-0.03380069136619568,0,0.05427886173129082,0.02711932547390461,0.9981570243835449,0,-0.0123070003464818,0.1945430040359497,0,1
B2,mixamorig_Spine1,1,0.9892169833183289,-0.10557824373245239,-0.1015026792883873,0,0.09896974265575409,0.9927579760551453,-0.06808788329362869,0,0.10795629769563675,0.057308048009872437,0.9925029873847961,0,0,0.22742100059986115,0,1
B3,mixamorig_Spine2,2,0.9884609580039978,0.1004960760474205,-0.11333730816841125,0,-0.10623287409543991,0.993287980556488,-0.0457528680562973,0,0.10797867923974991,0.057265110313892365,0.9925030469894409,0,0,0.259909987449646,0,1
B4,mixamorig_Neck,3,0.9813819527626038,-0.1020721048116684,-0.16269519925117493,0,0.1026998981833458,0.9947019815444946,-0.004569935612380505,0,0.16229979693889618,-0.012223932892084122,0.9866660237312317,0,0,0.29239800572395325,0,1
B5,mixamorig_Head,4,0.9169899225234985,0.06647861003875732,-0.3933311700820923,0,-0.09627832472324371,0.9937499761581421,-0.05649981647729874,0,0.38711676001548767,0.08967901766300201,0.9176590442657471,0,-0.013539999723434448,0.10293400287628174,0,1
B6,mixamorig_HeadTop_End,5,1,0,0,0,0,1,0,0,0,0,1,0,-0.07672400027513504,0.5832819938659668,0,1
B7,mixamorig_LeftShoulder,3,-0.9522210359573364,-0.03262588009238243,-0.3036622107028961,0,0.2662207782268524,0.3985949754714966,-0.8776381015777588,0,0.1496720314025879,-0.9165470004081726,-0.3708650767803192,0,0.0021639999467879534,0.3292880058288574,-0.28019601106643677,1
B8,mixamorig_LeftArm,7,0.9896660447120667,-0.1177767738699913,0.08179076015949249,0,-0.0422251857817173,0.3057378828525543,0.951179027557373,0,-0.13703329861164093,-0.9448028802871704,0.2976051867008209,0,0,0.4955880045890808,0,1
B9,mixamorig_LeftForeArm,8,-0.6517890691757202,-0.2974151074886322,-0.6976500153541565,0,-0.49168509244918823,0.866096019744873,0.09013818204402924,0,0.577423095703125,0.40177491307258606,-0.7107459902763367,0,0,0.6818770170211792,0,1
B10,mixamorig_LeftHand,9,1,0,0,0,0,1,0,0,0,0,1,0,0,0.5484380125999451,0,1
B11,mixamorig_RightShoulder,3,0.9079030156135559,0.08811996877193451,-0.40981394052505493,0,0.33444690704345703,0.4370952844619751,0.8349208831787109,0,0.25270095467567444,-0.8950881958007812,0.3673686385154724,0,-0.00494999997317791,0.32973799109458923,0.28019601106643677,1
B12,mixamorig_RightArm,11,0.7968531250953674,0.4674530029296875,0.38277092576026917,0,-0.4522622227668762,0.041432205587625504,0.8909218311309814,0,0.400605171918869,-0.8830469846725464,0.24442681670188904,0,0,0.49580299854278564,0,1
B13,mixamorig_RightForeArm,12,0.6648157835006714,-0.693723201751709,-0.2770707905292511,0,0.7383478283882141,0.6665492057800293,0.10273421555757523,0,0.11341223865747452,-0.27287405729293823,0.9553418755531311,0,0,0.6616399884223938,0,1
B14,mixamorig_RightHand,13,1,0,0,0,0,1,0,0,0,0,1,0,0,0.5160250067710876,0,1
B15,mixamorig_LeftUpLeg,0,-0.2875787019729614,-0.9401372075080872,0.1828700453042984,0,0.476738840341568,-0.30611416697502136,-0.8240241408348083,0,0.83067387342453,-0.14979030191898346,0.5362311601638794,0,0.00031999999191612005,-0.10770100355148315,-0.30003100633621216,1
B16,mixamorig_LeftLeg,15,-0.08608590066432953,0.07191887497901917,-0.9936889410018921,0,0.9738669395446777,0.21647809445858002,-0.06870099157094955,0,0.2101709097623825,-0.9736349582672119,-0.08867506682872772,0,0,0.38975098729133606,0,1
B17,mixamorig_LeftFoot,16,-0.9643771052360535,-0.26434993743896484,-0.009794176556169987,0,-0.10371211171150208,0.41189464926719666,-0.9053102135658264,0,0.2433529645204544,-0.8720448613166809,-0.4246383011341095,0,0,0.27142098546028137,0,1
B18,mixamorig_LeftToeBase,17,0.9753389954566956,-0.08112682402133942,-0.20525993406772614,0,0.18711015582084656,0.7971761226654053,0.5740207433700562,0,0.11705987900495529,-0.5982712507247925,0.7926968336105347,0,0,0.4328269958496094,0,1
B19,mixamorig_LeftToe_End,18,1,0,0,0,0,1,0,0,0,0,1,0,0,0.22163699567317963,0,1
B20,mixamorig_RightUpLeg,0,-0.8762490153312683,-0.45478224754333496,0.15925195813179016,0,0.41745394468307495,-0.55140620470047,0.722275972366333,0,-0.24066583812236786,0.6993741393089294,0.6730198860168457,0,0.011429999954998493,-0.10770100355148315,0.30003100633621216,1
B21,mixamorig_RightLeg,20,0.00789724662899971,-0.03083377331495285,0.9994930028915405,0,0.9983750581741333,0.05665702000260353,-0.006140554323792458,0,-0.05643891170620918,0.9979169368743896,0.031231114640831947,0,0,0.3895609974861145,0,1
B22,mixamorig_RightFoot,21,0.7278481125831604,0.5928268432617188,0.34466397762298584,0,-0.16897715628147125,-0.332065612077713,0.9279969930648804,0,0.6645931005477905,-0.7336816787719727,-0.1415191888809204,0,0,0.28062498569488525,0,1
B23,mixamorig_RightToeBase,22,0.9921339154243469,0.056713223457336426,0.11159826815128326,0,-0.10857967287302017,0.8335250020027161,0.5417080521583557,0,-0.06229790672659874,-0.5495639443397522,0.8331259489059448,0,0,0.44201400876045227,0,1
B24,mixamorig_RightToe_End,23,1,0,0,0,0,1,0,0,0,0,1,0,0,0.2201409935951233,0,1
@20,0,1,2,3,4,5,7,8,9,11,12,13,15,16,17,18,20,21,22,23
K0,0.6369341015815735,-0.1316571980714798,0.7595927119255066,0,0.051960911601781845,0.9904000163078308,0.12809179723262787,0,-0.7691650986671448,-0.0421169176697731,0.6376607418060303,0,-0.00048200017772614956,0.7207260131835938,0.005530999507755041,1,0.9905150532722473,-0.12783204019069672,-0.05039016529917717,0,0.12622994184494019,0.9914249777793884,-0.03380068019032478,0,0.054278843104839325,0.027119319885969162,0.9981570243835449,0,-0.0123070003464818,0.1945430040359497,0,1,0.9892169833183289,-0.10557825863361359,-0.10150269418954849,0,0.09896974265575409,0.9927579760551453,-0.06808792054653168,0,0.10795631259679794,0.05730808526277542,0.9925029873847961,0,0,0.22742100059986115,0,1,0.9884609580039978,0.10049609839916229,-0.11333732306957245,0,-0.1062328964471817,0.993287980556488,-0.0457528792321682,0,0.1079786866903305,0.05726512148976326,0.9925030469894409,0,0,0.259909987449646,0,1,0.9813819527626038,-0.10207211226224899,-0.16269521415233612,0,0.10269990563392639,0.9947019815444946,-0.004569935612380505,0,0.16229981184005737,-0.012223935686051846,0.9866660237312317,0,0,0.29239800572395325,0,1,0.9169899225234985,0.06647861748933792,-0.3933311998844147,0,-0.09627837687730789,0.9937499761581421,-0.056499894708395004,0,0.38711678981781006,0.08967911452054977,0.9176590442657471,0,-0.013539999723434448,0.10293400287628174,0,1,-0.9522210359573364,-0.032625749707221985,-0.30366212129592896,0,0.26622074842453003,0.3985949754714966,-0.8776381015777588,0,0.14967188239097595,-0.9165470004081726,-0.3708650767803192,0,0.0021639999467879534,0.3292880058288574,-0.28019601106643677,1,0.9896660447120667,-0.11777696013450623,0.08179058879613876,0,-0.04222496598958969,0.3057378828525543,0.9511790871620178,0,-0.13703341782093048,-0.9448028802871704,0.2976051867008209,0,0,0.4955880045890808,0,1,-0.6517890691757202,-0.2974150478839874,-0.6976499557495117,0,-0.4916849732398987,0.8660960793495178,0.09013819694519043,0,0.5774230360984802,0.4017748236656189,-0.7107459902763367,0,0,0.6818770170211792,0,1,0.9079030156135559,0.0881199985742569,-0.4098140001296997,0,0.3344469964504242,0.4370952844619751,0.8349208235740662,0,0.2527009844779968,-0.8950881361961365,0.36736860871315,0,-0.00494999997317791,0.32973799109458923,0.28019601106643677,1,0.7968531847000122,0.4674527943134308,0.38277101516723633,0,-0.4522622525691986,0.04143213480710983,0.8909218311309814,0,0.4006049931049347,-0.8830471038818359,0.2444266676902771,0,0,0.49580299854278564,0,1,0.6648158431053162,-0.693723201751709,-0.2770707309246063,0,0.7383477687835693,0.6665492653846741,0.10273410379886627,0,0.11341230571269989,-0.2728739082813263,0.9553419351577759,0,0,0.6616399884223938,0,1,-0.2875784933567047,-0.9401370882987976,0.18287023901939392,0,0.47673892974853516,-0.30611419677734375,-0.824023962020874,0,0.8306737542152405,-0.14979006350040436,0.536231279373169,0,0.00031999999191612005,-0.10770100355148315,-0.30003100633621216,1,-0.08608579635620117,0.07191888242959976,-0.9936889410018921,0,0.9738669395446777,0.21647819876670837,-0.0687008649110794,0,0.21017104387283325,-0.9736349582672119,-0.08867506682872772,0,0,0.38975098729133606,0,1,-0.9643769860267639,-0.26434987783432007,-0.00979413092136383,0,-0.10371214151382446,0.4118947684764862,-0.9053100943565369,0,0.24335286021232605,-0.8720448017120361,-0.4246382713317871,0,0,0.27142098546028137,0,1,0.9753389954566956,-0.08112680912017822,-0.2052600234746933,0,0.18711020052433014,0.7971761226654053,0.5740207433700562,0,0.11705996096134186,-0.5982712507247925,0.7926968336105347,0,0,0.4328269958496094,0,1,-0.8762489557266235,-0.4547821879386902,0.1592518538236618,0,0.4174538254737854,-0.55140620470047,0.7222759127616882,0,-0.24066583812236786,0.6993740797042847,0.6730199456214905,0,0.011429999954998493,-0.10770100355148315,0.30003100633621216,1,0.007897129282355309,-0.030833479017019272,0.9994930624961853,0,0.9983751177787781,0.05665655806660652,-0.006140509620308876,0,-0.05643849819898605,0.9979170560836792,0.03123077191412449,0,0,0.3895609974861145,0,1,0.7278481721878052,0.5928267240524292,0.3446640968322754,0,-0.16897724568843842,-0.33206579089164734,0.9279969930648804,0,0.6645931005477905,-0.7336817979812622,-0.14151932299137115,0,0,0.28062498569488525,0,1,0.9921339154243469,0.05671330541372299,0.1115981861948967,0,-0.10857969522476196,0.8335250616073608,0.5417079925537109,0,-0.06229780241847038,-0.5495638847351074,0.8331260085105896,0,0,0.44201400876045227,0,1
K0.033,0.5970308780670166,-0.1123686358332634,0.794309139251709,0,0.03814823925495148,0.9929980039596558,0.11180300265550613,0,-0.8013105392456055,-0.036448363214731216,0.5971372127532959,0,0.0006160089396871626,0.7205989956855774,0.0034810008946806192,1,0.9903450012207031,-0.12901800870895386,-0.05069906264543533,0,0.12745602428913116,0.9912970066070557,-0.032933901995420456,0,0.05450693890452385,0.02615404687821865,0.9981709122657776,0,-0.0123070003464818,0.1945430040359497,0,1,0.9887639880180359,-0.10801985114812851,-0.10332705825567245,0,0.10132729262113571,0.992527961730957,-0.06797780096530914,0,0.10989803820848465,0.05674419179558754,0.9923220276832581,0,0,0.22742100059986115,0,1,0.9881659150123596,0.09795026481151581,-0.11804148554801941,0,-0.1036565899848938,0.9936749935150146,-0.04319818690419197,0,0.11306361854076385,0.054922763258218765,0.9920690655708313,0,0,0.259909987449646,0,1,0.9810739755630493,-0.10770291835069656,-0.16091834008693695,0,0.10852718353271484,0.9940870404243469,-0.0036843440029770136,0,0.16036356985569,-0.013849394395947456,0.9869610667228699,0,0,0.29239800572395325,0,1,0.9185450673103333,0.05902855470776558,-0.3908839225769043,0,-0.0896562859416008,0.99413001537323,-0.06055835261940956,0,0.38501498103141785,0.09067083895206451,0.9184460639953613,0,-0.013539999723434448,0.10293400287628174,0,1,-0.9578940272331238,-0.030601920560002327,-0.2854864299297333,0,0.24948672950267792,0.40341606736183167,-0.8803470730781555,0,0.14211024343967438,-0.9145049452781677,-0.37879544496536255,0,0.0021639999467879534,0.3292880058288574,-0.28019601106643677,1,0.9920380115509033,-0.10559666901826859,0.06863567978143692,0,-0.03270155191421509,0.31031015515327454,0.9500730037689209,0,-0.12162276357412338,-0.944752037525177,0.3043859899044037,0,0,0.4955880045890808,0,1,-0.6507259011268616,-0.3067862391471863,-0.6945779323577881,0,-0.5039200186729431,0.8587499260902405,0.09280622005462646,0,0.5679967999458313,0.41040295362472534,-0.7134061455726624,0,0,0.6818770170211792,0,1,0.9037519693374634,0.09336286038160324,-0.4177500605583191,0,0.34303295612335205,0.4257971942424774,0.8372718095779419,0,0.25604715943336487,-0.8999890685081482,0.35278889536857605,0,-0.00494999997317791,0.32973799109458923,0.28019601106643677,1,0.8330735564231873,0.4345515966415405,0.34227821230888367,0,-0.4138297140598297,0.07900538295507431,0.9069191813468933,0,0.3670613765716553,-0.8971754312515259,0.24564768373966217,0,0,0.49580299854278564,0,1,0.6611352562904358,-0.6948127150535583,-0.2830820381641388,0,0.7425210475921631,0.6600239276885986,0.11414998769760132,0,0.10752813518047333,-0.2856631875038147,0.9522789716720581,0,0,0.6616399884223938,0,1,-0.3622370660305023,-0.9165797233581543,0.16930973529815674,0,0.43422794342041016,-0.32667726278305054,-0.8394810557365417,0,0.8247607946395874,-0.23057202994823456,0.5163388848304749,0,0.00031999999191612005,-0.10770100355148315,-0.30003100633621216,1,-0.08754673600196838,0.0887347012758255,-0.9922000169754028,0,0.9822010397911072,0.17385028302669525,-0.07111670076847076,0,0.166183739900589,-0.980766236782074,-0.1023753210902214,0,0,0.38975098729133606,0,1,-0.9509047865867615,-0.3089818060398102,-0.017615526914596558,0,-0.09407752007246017,0.3428151309490204,-0.9346804022789001,0,0.2948383092880249,-0.88713538646698,-0.3550530672073364,0,0,0.27142098546028137,0,1,0.9788380265235901,-0.07290711253881454,-0.19120776653289795,0,0.17159835994243622,0.8015024065971375,0.5728415846824646,0,0.11148933321237564,-0.593530535697937,0.7970523238182068,0,0,0.4328269958496094,0,1,-0.8531237840652466,-0.48316624760627747,0.1968008428812027,0,0.46595433354377747,-0.5359859466552734,0.7039928436279297,0,-0.2346629500389099,0.6922927498817444,0.6823952198028564,0,0.011429999954998493,-0.10770100355148315,0.30003100633621216,1,-0.007104186341166496,-0.025666849687695503,0.9996450543403625,0,0.9986370205879211,0.05150379240512848,0.0084193991497159,0,-0.051701679825782776,0.9983430504798889,0.02526596002280712,0,0,0.3895609974861145,0,1,0.7417022585868835,0.5781219601631165,0.3400785028934479,0,-0.1898612678050995,-0.3053268790245056,0.9331279397010803,0,0.643296480178833,-0.7566704154014587,-0.11669858545064926,0,0,0.28062498569488525,0,1,0.9921579360961914,0.05641510710120201,0.11153018474578857,0,-0.10846787691116333,0.8320019841194153,0.5440660119056702,0,-0.06209981441497803,-0.5518971085548401,0.8315969705581665,0,0,0.44201400876045227,0,1
K0.067,0.5579834580421448,-0.09251139312982559,0.8246795535087585,0,0.02387506514787674,0.9951450228691101,0.09547994285821915,0,-0.829508900642395,-0.03358696028590202,0.5574832558631897,0,0.0015229908749461174,0.7202249765396118,0.0036069985944777727,1,0.9899060130119324,-0.13215802609920502,-0.0511910654604435,0,0.13071292638778687,0.9909470677375793,-0.030632294714450836,0,0.05477592349052429,0.023631755262613297,0.9982189536094666,0,-0.0123070003464818,0.1945430040359497,0,1,0.9875519871711731,-0.1144549548625946,-0.10789304971694946,0,0.10757192969322205,0.9918959140777588,-0.06760893762111664,0,0.11475686728954315,0.05516108125448227,0.9918610453605652,0,0,0.22742100059986115,0,1,0.9882470369338989,0.09120780229568481,-0.12267585843801498,0,-0.09682934731245041,0.9944700002670288,-0.040659137070178986,0,0.11828906089067459,0.05205991119146347,0.9916139245033264,0,0,0.259909987449646,0,1,0.9813039898872375,-0.11251911520957947,-0.15615035593509674,0,0.1137077733874321,0.9935129880905151,-0.0013276869431138039,0,0.1552867293357849,-0.016452638432383537,0.9877320528030396,0,0,0.29239800572395325,0,1,0.921899139881134,0.04949971288442612,-0.38425585627555847,0,-0.08307944238185883,0.9939910173416138,-0.07127697765827179,0,0.37841829657554626,0.09763385355472565,0.9204709529876709,0,-0.013539999723434448,0.10293400287628174,0,1,-0.9648818373680115,-0.027762433513998985,-0.2612113356590271,0,0.22739462554454803,0.4095454812049866,-0.883495032787323,0,0.13150596618652344,-0.9118669033050537,-0.3888501822948456,0,0.0021639999467879534,0.3292880058288574,-0.28019601106643677,1,0.9951689839363098,-0.09079105406999588,0.037365227937698364,0,-0.0062001654878258705,0.32170501351356506,0.9468200206756592,0,-0.09798330813646317,-0.9424770474433899,0.31958773732185364,0,0,0.4955880045890808,0,1,-0.6540641784667969,-0.3181415796279907,-0.6862841248512268,0,-0.5176821947097778,0.8497739434242249,0.09944704174995422,0,0.551548182964325,0.42032182216644287,-0.7205029726028442,0,0,0.6818770170211792,0,1,0.897938072681427,0.09484365582466125,-0.42978084087371826,0,0.35490354895591736,0.42147350311279297,0.8345078825950623,0,0.26028895378112793,-0.9018670320510864,0.344796746969223,0,-0.00494999997317791,0.32973799109458923,0.28019601106643677,1,0.8665918111801147,0.3986707925796509,0.3001335561275482,0,-0.36845892667770386,0.1055789664387703,0.923629641532898,0,0.3365364074707031,-0.9109967947006226,0.23838770389556885,0,0,0.49580299854278564,0,1,0.6686767935752869,-0.6831921935081482,-0.2934609055519104,0,0.7346439361572266,0.6679459810256958,0.11893890053033829,0,0.11475791037082672,-0.2951209843158722,0.9485430121421814,0,0,0.6616399884223938,0,1,-0.4437951147556305,-0.8855014443397522,0.13760091364383698,0,0.4152369797229767,-0.33927270770072937,-0.8440811634063721,0,0.7941185235977173,-0.317461758852005,0.5182599425315857,0,0.00031999999191612005,-0.10770100355148315,-0.30003100633621216,1,-0.07536086440086365,0.08188774436712265,-0.9937880635261536,0,0.9951299428939819,0.06968286633491516,-0.06972077488899231,0,0.0635407567024231,-0.9942029118537903,-0.08674035966396332,0,0,0.38975098729133606,0,1,-0.9312744736671448,-0.3633202314376831,-0.026957614347338676,0,-0.06712552905082703,0.24384400248527527,-0.9674888253211975,0,0.35808172821998596,-0.8991879820823669,-0.2514738142490387,0,0,0.27142098546028137,0,1,0.9810150265693665,-0.049643393605947495,-0.18747277557849884,0,0.14458607137203217,0.8314745426177979,0.536418616771698,0,0.12924906611442566,-0.5533401370048523,0.8228659629821777,0,0,0.4328269958496094,0,1,-0.8375388383865356,-0.48767921328544617,0.24636943638324738,0,0.5092052221298218,-0.5332218408584595,0.6755625605583191,0,-0.19808831810951233,0.6912627220153809,0.6949231624603271,0,0.011429999954998493,-0.10770100355148315,0.30003100633621216,1,-0.01622936502099037,-0.03532819077372551,0.9992439150810242,0,0.9988109469413757,0.04537389427423477,0.01782657392323017,0,-0.04596931114792824,0.9983449578285217,0.03454983979463577,0,0,0.3895609974861145,0,1,0.7414923906326294,0.579587459564209,0.33803433179855347,0,-0.20092839002609253,-0.2888747453689575,0.9360441565513611,0,0.6401694416999817,-0.7619907259941101,-0.09774291515350342,0,0,0.28062498569488525,0,1,0.9922270774841309,0.0555877648293972,0.11133582144975662,0,-0.10814525187015533,0.8278129696846008,0.5504820346832275,0,-0.06156518682837486,-0.5582437515258789,0.8273902535438538,0,0,0.44201400876045227,0,1
K0.100,0.5170848965644836,-0.07245992124080658,0.8528610467910767,0,0.010501756332814693,0.9968720078468323,0.07832806557416916,0,-0.8558698892593384,-0.03154576197266579,0.516228973865509,0,0.0032790000550448895,0.7183160185813904,0.0029740005265921354,1,0.9892609119415283,-0.13661141693592072,-0.051961857825517654,0,0.1353495866060257,0.9904270768165588,-0.02708895318210125,0,0.055165138095617294,0.019765041768550873,0.9982819557189941,0,-0.0123070003464818,0.1945430040359497,0,1,0.9857879281044006,-0.12354303151369095,-0.11384189873933792,0,0.11645996570587158,0.9909380078315735,-0.06692308932542801,0,0.12107808142900467,0.05271391570568085,0.9912419319152832,0,0,0.22742100059986115,0,1,0.9885220527648926,0.0815916657447815,-0.12714795768260956,0,-0.08705432713031769,0.9954779744148254,-0.038006220012903214,0,0.12347204238176346,0.048638779670000076,0.9911550283432007,0,0,0.259909987449646,0,1,0.981872022151947,-0.11687394231557846,-0.14922212064266205,0,0.11850305646657944,0.9929519295692444,0.002041361527517438,0,0.14793188869953156,-0.01968764141201973,0.9888020753860474,0,0,0.29239800572395325,0,1,0.9264159202575684,0.038742389529943466,-0.37450215220451355,0,-0.0764906033873558,0.9933149814605713,-0.08645803481340408,0,0.3686489164829254,0.10874196887016296,0.9231860041618347,0,-0.013539999723434448,0.10293400287628174,0,1,-0.9752727746963501,-0.023110883310437202,-0.2197922319173813,0,0.1901358664035797,0.4192039966583252,-0.8877589106559753,0,0.11265470832586288,-0.9075978994369507,-0.4044441282749176,0,0.0021639999467879534,0.3292880058288574,-0.28019601106643677,1,0.9980189800262451,-0.06290078163146973,-0.0015900261932983994,0,0.022506220266222954,0.3332698941230774,0.9425630569458008,0,-0.058758001774549484,-0.9407309293746948,0.334025114774704,0,0,0.4955880045890808,0,1,-0.6597501635551453,-0.3320487439632416,-0.6741459965705872,0,-0.5328382849693298,0.8392878174781799,0.10807104408740997,0,0.5299180150032043,0.430510938167572,-0.7306489944458008,0,0,0.6818770170211792,0,1,0.8880900740623474,0.09651166945695877,-0.4494240880012512,0,0.374232679605484,0.4159293472766876,0.8288260102272034,0,0.26691997051239014,-0.90426105260849,0.3332648277282715,0,-0.00494999997317791,0.32973799109458923,0.28019601106643677,1,0.8988410830497742,0.3476417362689972,0.2668902277946472,0,-0.3310951590538025,0.13961800932884216,0.9332109093666077,0,0.2871602475643158,-0.927173912525177,0.24059680104255676,0,0,0.49580299854278564,0,1,0.6747868061065674,-0.6729201078414917,-0.30305299162864685,0,0.7274768948554993,0.6756251454353333,0.11961632966995239,0,0.12425801903009415,-0.3011796474456787,0.9454370737075806,0,0,0.6616399884223938,0,1,-0.5219330191612244,-0.8461040258407593,0.10813827067613602,0,0.3708011209964752,-0.3392293453216553,-0.8645408153533936,0,0.7681747674942017,-0.41113436222076416,0.4907910227775574,0,0.00031999999191612005,-0.10770100355148315,-0.30003100633621216,1,-0.049739278852939606,0.06525523960590363,-0.9966279864311218,0,0.9975870251655579,-0.045148301869630814,-0.05274323374032974,0,-0.04843782261013985,-0.9968469738960266,-0.06285220384597778,0,0,0.38975098729133606,0,1,-0.8876663446426392,-0.4578496813774109,0.04921950772404671,0,-0.11817248165607452,0.12318584322929382,-0.9853230714797974,0,0.44506654143333435,-0.8804541826248169,-0.16345317661762238,0,0,0.27142098546028137,0,1,0.9674651026725769,-0.0129609489813447,-0.25267383456230164,0,0.13495202362537384,0.8711919188499451,0.47203102707862854,0,0.21400924026966095,-0.49077191948890686,0.8445960879325867,0,0,0.4328269958496094,0,1,-0.8217182159423828,-0.4798838496208191,0.30739477276802063,0,0.5516101121902466,-0.534199059009552,0.6405918598175049,0,-0.14319972693920135,0.6959481835365295,0.7036699056625366,0,0.011429999954998493,-0.10770100355148315,0.30003100633621216,1,-0.02201905846595764,-0.05247044190764427,0.9983798861503601,0,0.9988969564437866,0.04026361182332039,0.024146558716893196,0,-0.04146532714366913,0.9978099465370178,0.05152599886059761,0,0,0.3895609974861145,0,1,0.7312310934066772,0.593335747718811,0.33653193712234497,0,-0.20969021320343018,-0.2739419639110565,0.938607931137085,0,0.6491000056266785,-0.7569069862365723,-0.0758982002735138,0,0,0.28062498569488525,0,1,0.9923320412635803,0.05433171987533569,0.11101780086755753,0,-0.10762327909469604,0.82150799036026,0.5599469542503357,0,-0.06077919900417328,-0.5676019787788391,0.8210569620132446,0,0,0.44201400876045227,0,1
K0.133,0.4715265929698944,-0.052391208708286285,0.880294144153595,0,-0.0007455279119312763,0.998210072517395,0.05980837717652321,0,-0.8818513751029968,-0.028857508674263954,0.4706432521343231,0,0.00441700778901577,0.7157989740371704,0.0047910576686263084,1,0.9884939789772034,-0.14174798130989075,-0.05279364436864853,0,0.14071212708950043,0.9897860288619995,-0.022863835096359253,0,0.055495359003543854,0.015172069892287254,0.9983440041542053,0,-0.0123070003464818,0.1945430040359497,0,1,0.9837179183959961,-0.1339501142501831,-0.11981316655874252,0,0.12674908339977264,0.9897459149360657,-0.06586276739835739,0,0.12740693986415863,0.049604181200265884,0.9906089901924133,0,0,0.22742100059986115,0,1,0.9888290166854858,0.07042630761861801,-0.13136668503284454,0,-0.07563844323158264,0.9965170621871948,-0.03511138632893562,0,0.1284363865852356,0.04465553164482117,0.9907119870185852,0,0,0.259909987449646,0,1,0.9825759530067444,-0.12111320346593857,-0.14098012447357178,0,0.12317690253257751,0.9923670291900635,0.0059718238189816475,0,0.13918070495128632,-0.023233257234096527,0.9899939894676208,0,0,0.29239800572395325,0,1,0.9314960241317749,0.027568913996219635,-0.36270594596862793,0,-0.06982792168855667,0.9921309947967529,-0.10392015427350998,0,0.35698679089546204,0.1221281886100769,0.9260910749435425,0,-0.013539999723434448,0.10293400287628174,0,1,-0.9832410216331482,-0.019203651696443558,-0.18129785358905792,0,0.15570631623268127,0.4288180470466614,-0.8898710608482361,0,0.09483255445957184,-0.9031868577003479,-0.41864126920700073,0,0.0021639999467879534,0.3292880058288574,-0.28019601106643677,1,0.9978610277175903,-0.03860010579228401,-0.05275385081768036,0,0.0628620907664299,0.3453572392463684,0.9363639950752258,0,-0.01792481727898121,-0.9376770853996277,0.3470449447631836,0,0,0.4955880045890808,0,1,-0.6657321453094482,-0.3489174544811249,-0.6595885157585144,0,-0.549285888671875,0.8274471163749695,0.1166888028383255,0,0.5050599575042725,0.43998628854751587,-0.7425137162208557,0,0,0.6818770170211792,0,1,0.8745529651641846,0.09915456175804138,-0.4746840000152588,0,0.39922675490379333,0.40844249725341797,0.8208489418029785,0,0.27527227997779846,-0.9073830842971802,0.3176196813583374,0,-0.00494999997317791,0.32973799109458923,0.28019601106643677,1,0.9257922768592834,0.2905644476413727,0.24182747304439545,0,-0.2962934076786041,0.1604454666376114,0.9415241479873657,0,0.2347734570503235,-0.9433082342147827,0.23463164269924164,0,0,0.49580299854278564,0,1,0.6690118908882141,-0.6792301535606384,-0.301778107881546,0,0.7280685901641846,0.6805444955825806,0.08231257647275925,0,0.14946423470973969,-0.274783194065094,0.9498181939125061,0,0,0.6616399884223938,0,1,-0.5886750221252441,-0.8031883835792542,0.09138472378253937,0,0.3308171331882477,-0.3425128161907196,-0.8793430924415588,0,0.7375785708427429,-0.4874155819416046,0.46733710169792175,0,0.00031999999191612005,-0.10770100355148315,-0.30003100633621216,1,-0.035146065056324005,0.08251703530550003,-0.9959700107574463,0,0.98630690574646,-0.15781603753566742,-0.04788023233413696,0,-0.16113092005252838,-0.9840148091316223,-0.0758405476808548,0,0,0.38975098729133606,0,1,-0.8450139760971069,-0.5204585194587708,0.12277578562498093,0,-0.13509662449359894,-0.014369695447385311,-0.990727961063385,0,0.5173972249031067,-0.8537658452987671,-0.05816951021552086,0,0,0.27142098546028137,0,1,0.9423103332519531,0.03628550097346306,-0.3327680230140686,0,0.14068666100502014,0.859114944934845,0.49206626415252686,0,0.303740918636322,-0.5104953050613403,0.8044481873512268,0,0,0.4328269958496094,0,1,-0.7997207641601562,-0.47071999311447144,0.37265273928642273,0,0.5947394371032715,-0.5363079309463501,0.5988807678222656,0,-0.08204853534698486,0.700568675994873,0.7088522911071777,0,0.011429999954998493,-0.10770100355148315,0.30003100633621216,1,-0.028872907161712646,-0.06820112466812134,0.9972538948059082,0,0.9988099932670593,0.03727331385016441,0.03146706894040108,0,-0.03931698948144913,0.9969750046730042,0.06704375147819519,0,0,0.3895609974861145,0,1,0.7136667370796204,0.6149142384529114,0.33549997210502625,0,-0.2261171191930771,-0.25108370184898376,0.9411840438842773,0,0.6629860401153564,-0.7475540637969971,-0.04014746472239494,0,0,0.28062498569488525,0,1,0.9924659132957458,0.05275409296154976,0.1105819121003151,0,-0.10692086070775986,0.8136379718780518,0.5714550018310547,0,-0.05982706695795059,-0.5789733529090881,0.8131487369537354,0,0,0.44201400876045227,0,1
K0.167,0.4181765019893646,-0.032296814024448395,0.9077915549278259,0,-0.008512322790920734,0.9991849660873413,0.03946956619620323,0,-0.9083256721496582,-0.024232644587755203,0.4175604283809662,0,0.005229991395026445,0.7144129872322083,0.010318947955965996,1,0.9876969456672668,-0.1469421088695526,-0.05350875109434128,0,0.1461448073387146,0.9890890121459961,-0.01854010671377182,0,0.05564923956990242,0.01049197930842638,0.9983950257301331,0,-0.0123070003464818,0.1945430040359497,0,1,0.9816660284996033,-0.14436902105808258,-0.12445316463708878,0,0.13720577955245972,0.988448977470398,-0.06437095254659653,0,0.13230876624584198,0.04611508548259735,0.9901350736618042,0,0,0.22742100059986115,0,1,0.9890530109405518,0.0590384416282177,-0.13523803651332855,0,-0.06389378756284714,0.9974489808082581,-0.03184392303228378,0,0.13301287591457367,0.04013615474104881,0.9903010129928589,0,0,0.259909987449646,0,1,0.9832299947738647,-0.12555404007434845,-0.13226787745952606,0,0.12798386812210083,0.9917259812355042,0.009997711516916752,0,0.12991827726364136,-0.026758214458823204,0.991163969039917,0,0,0.29239800572395325,0,1,0.9365991353988647,0.016702156513929367,-0.3500036299228668,0,-0.06305701285600662,0.99058997631073,-0.12146777659654617,0,0.34468165040016174,0.13583692908287048,0.9288398027420044,0,-0.013539999723434448,0.10293400287628174,0,1,-0.9896849393844604,-0.015722081065177917,-0.14239457249641418,0,0.12110938131809235,0.43911561369895935,-0.8902301788330078,0,0.07652398198843002,-0.8982929587364197,-0.43268218636512756,0,0.0021639999467879534,0.3292880058288574,-0.28019601106643677,1,0.9941279888153076,-0.013292135670781136,-0.10738664120435715,0,0.10512669384479523,0.35372576117515564,0.9294230341911316,0,0.025631412863731384,-0.9352549910545349,0.353046178817749,0,0,0.4955880045890808,0,1,-0.6700618863105774,-0.3689156174659729,-0.6441413760185242,0,-0.5669660568237305,0.8144580125808716,0.12332092225551605,0,0.4791311025619507,0.4478389620780945,-0.7548999190330505,0,0,0.6818770170211792,0,1,0.8603334426879883,0.10431275516748428,-0.49894437193870544,0,0.4239036440849304,0.3971748650074005,0.8139762878417969,0,0.2830764055252075,-0.9117957353591919,0.2974843978881836,0,-0.00494999997317791,0.32973799109458923,0.28019601106643677,1,0.9526587724685669,0.2321586161851883,0.19632449746131897,0,-0.23919448256492615,0.1736709028482437,0.9553138613700867,0,0.18768848478794098,-0.9570478200912476,0.22098015248775482,0,0,0.49580299854278564,0,1,0.682624876499176,-0.6696372032165527,-0.29258888959884644,0,0.7043381333351135,0.7096046805381775,0.01921141892671585,0,0.19475777447223663,-0.21919572353363037,0.9560448527336121,0,0,0.6616399884223938,0,1,-0.6429420113563538,-0.7630360126495361,0.06634154170751572,0,0.32517263293266296,-0.35036176443099976,-0.8783559203147888,0,0.6934611797332764,-0.5431597828865051,0.4733809530735016,0,0.00031999999191612005,-0.10770100355148315,-0.30003100633621216,1,-0.014072498306632042,0.1134653389453888,-0.9934421181678772,0,0.9602513313293457,-0.2754738926887512,-0.045065347105264664,0,-0.2787806987762451,-0.9545884728431702,-0.10507873445749283,0,0,0.38975098729133606,0,1,-0.8622035980224609,-0.4858684539794922,0.1433050036430359,0,-0.10344939678907394,-0.10804994404315948,-0.9887480139732361,0,0.4958861172199249,-0.8673279285430908,0.04289843514561653,0,0,0.27142098546028137,0,1,0.9716646075248718,0.0031750693451613188,-0.23634350299835205,0,0.12250193953514099,0.8483720421791077,0.5150319337844849,0,0.20214244723320007,-0.5293907523155212,0.8239440321922302,0,0,0.4328269958496094,0,1,-0.7713583111763,-0.4684521555900574,0.43076658248901367,0,0.6359214782714844,-0.5410778522491455,0.5503078103065491,0,-0.024714622646570206,0.6984177827835083,0.7152631878852844,0,0.011429999954998493,-0.10770100355148315,0.30003100633621216,1,-0.035525307059288025,-0.08187903463840485,0.9960090517997742,0,0.9985800385475159,0.03667154163122177,0.03863164037466049,0,-0.03968833386898041,0.9959669709205627,0.08045995980501175,0,0,0.3895609974861145,0,1,0.7011446356773376,0.6294124126434326,0.3350158929824829,0,-0.24607232213020325,-0.22738677263259888,0.9422011971473694,0,0.6692119240760803,-0.7430580854415894,-0.004550031386315823,0,0,0.28062498569488525,0,1,0.9926199316978455,0.05095808207988739,0.11003819853067398,0,-0.10605694353580475,0.8047851324081421,0.5840147733688354,0,-0.058796826750040054,-0.591374933719635,0.8042500615119934,0,0,0.44201400876045227,0,1
K0.200,0.3541432321071625,-0.011916972696781158,0.9351146817207336,0,-0.010925650596618652,0.9997979402542114,0.0168790053576231,0,-0.9351270198822021,-0.016194328665733337,0.35394152998924255,0,0.008696000091731548,0.7130100131034851,0.022241005674004555,1,0.9870020151138306,-0.15155889093875885,-0.05344820022583008,0,0.15100212395191193,0.9884300231933594,-0.014331025071442127,0,0.055001795291900635,0.006073959171772003,0.9984680414199829,0,-0.0123070003464818,0.1945430040359497,0,1,0.9800269603729248,-0.15352146327495575,-0.12640811502933502,0,0.14660154283046722,0.9872260093688965,-0.06239239498972893,0,0.13437187671661377,0.04261458292603493,0.9900140762329102,0,0,0.22742100059986115,0,1,0.9891380071640015,0.04875592887401581,-0.1386697143316269,0,-0.05313806235790253,0.9981920123100281,-0.028074635192751884,0,0.13705025613307953,0.035138342529535294,0.989940881729126,0,0,0.259909987449646,0,1,0.9836710691452026,-0.13050591945648193,-0.12393714487552643,0,0.13320107758045197,0.9909949898719788,0.01367891300469637,0,0.12103584408760071,-0.02996409311890602,0.9921960234642029,0,0,0.29239800572395325,0,1,0.9412659406661987,0.006688567344099283,-0.3375991880893707,0,-0.05614641308784485,0.9889860153198242,-0.13694880902767181,0,0.3329647481441498,0.14786018431186676,0.9312740564346313,0,-0.013539999723434448,0.10293400287628174,0,1,-0.9942560791969299,-0.012950452044606209,-0.10624096542596817,0,0.0891154408454895,0.4495701193809509,-0.8887879848480225,0,0.05927300453186035,-0.8931509852409363,-0.4458340108394623,0,0.0021639999467879534,0.3292880058288574,-0.28019601106643677,1,0.9871990084648132,0.012447118759155273,-0.1590050458908081,0,0.14418210089206696,0.35655683279037476,0.92308109998703,0,0.06818407773971558,-0.9341909885406494,0.3501981198787689,0,0,0.4955880045890808,0,1,-0.6709528565406799,-0.3919581472873688,-0.6294371485710144,0,-0.5858638286590576,0.8005571961402893,0.12598896026611328,0,0.4545178711414337,0.4532969892024994,-0.76677006483078,0,0,0.6818770170211792,0,1,0.8438549637794495,0.11093628406524658,-0.5249780416488647,0,0.4519882798194885,0.38029974699020386,0.8068940043449402,0,0.2891630232334137,-0.9181860685348511,0.27077609300613403,0,-0.00494999997317791,0.32973799109458923,0.28019601106643677,1,0.9764211177825928,0.17038166522979736,0.1325618326663971,0,-0.16627822816371918,0.20197270810604095,0.9651731252670288,0,0.13767385482788086,-0.964457094669342,0.22554107010364532,0,0,0.49580299854278564,0,1,0.7183769345283508,-0.638411819934845,-0.27634328603744507,0,0.6571769714355469,0.7530819773674011,-0.03139441832900047,0,0.22815166413784027,-0.15905338525772095,0.96054607629776,0,0,0.6616399884223938,0,1,-0.6483139991760254,-0.7586759924888611,-0.06402729451656342,0,0.46959811449050903,-0.33225545287132263,-0.8179758191108704,0,0.5993051528930664,-0.5603721737861633,0.5716785788536072,0,0.00031999999191612005,-0.10770100355148315,-0.30003100633621216,1,0.03055117279291153,0.1686101108789444,-0.9852089285850525,0,0.9019550085067749,-0.4294240176677704,-0.04552280902862549,0,-0.43074822425842285,-0.8872238397598267,-0.1651981770992279,0,0,0.38975098729133606,0,1,-0.9647688269615173,-0.250217080116272,0.08131907880306244,0,-0.07001018524169922,-0.053784746676683426,-0.9960949420928955,0,0.25361379981040955,-0.9666950106620789,0.0343722328543663,0,0,0.27142098546028137,0,1,0.998166024684906,-0.06047698110342026,-0.00263919192366302,0,0.048589929938316345,0.7744449377059937,0.6307721138000488,0,-0.036103323101997375,-0.6297441124916077,0.7759639620780945,0,0,0.4328269958496094,0,1,-0.7408599853515625,-0.4768448770046234,0.47301822900772095,0,0.6713802218437195,-0.5460690855979919,0.5010557174682617,0,0.019374778494238853,0.6887871026992798,0.7247048020362854,0,0.011429999954998493,-0.10770100355148315,0.30003100633621216,1,-0.044088445603847504,-0.08537512272596359,0.995373010635376,0,0.9980601072311401,0.040076844394207,0.047644879668951035,0,-0.04395916685461998,0.9955429434776306,0.08344253897666931,0,0,0.3895609974861145,0,1,0.6979889273643494,0.6309342384338379,0.33872345089912415,0,-0.2702499032020569,-0.20594798028469086,0.9405049085617065,0,0.6631565093994141,-0.7480022311210632,0.02676055021584034,0,0,0.28062498569488525,0,1,0.9927830100059509,0.049080535769462585,0.10942210257053375,0,-0.10509447008371353,0.7955770492553711,0.5966678857803345,0,-0.057768892496824265,-0.6038610339164734,0.7949929237365723,0,0,0.44201400876045227,0,1
