4.567,30,136,25
B0,mixamorig_Hips,-1,0.01144870650023222,0.004407027270644903,0.9999250173568726,0,0.0193452388048172,0.9998019933700562,-0.004627979826182127,0,-0.9997469782829285,0.019396763294935226,0.011361179873347282,0,0.007796000223606825,0.7833729982376099,0.026900000870227814,1
B1,mixamorig_Spine,0,0.9744901061058044,-0.22439754009246826,-0.003846978535875678,0,0.2244204729795456,0.9744659662246704,0.00721384072676301,0,0.0021299817599356174,-0.007893158122897148,0.9999669194221497,0,-0.0123070003464818,0.1945430040359497,0,1
B2,mixamorig_Spine1,1,0.9389510154724121,-0.34397709369659424,-0.007191614247858524,0,0.3440499007701874,0.9388110041618347,0.016205081716179848,0,0.0011773904552683234,-0.017690055072307587,0.9998429417610168,0,0,0.22742100059986115,0,1
B3,mixamorig_Spine2,2,0.9759309887886047,-0.21801398694515228,-0.0053121307864785194,0,0.21807299554347992,0.9757940173149109,0.016460871323943138,0,0.0015948440413922071,-0.017223097383975983,0.9998499751091003,0,0,0.259909987449646,0,1
B4,mixamorig_Neck,3,0.9932600259780884,-0.11480596661567688,0.015976840630173683,0,0.11478503048419952,0.9933879971504211,0.0022209263406693935,0,-0.01612616702914238,-0.0003720551321748644,0.9998700022697449,0,0,0.29239800572395325,0,1
B5,mixamorig_Head,4,0.9276589751243591,0.3696388900279999,-0.05305943265557289,0,-0.37129008769989014,0.9281719326972961,-0.02529408410191536,0,0.03989862650632858,0.043164752423763275,0.9982709288597107,0,-0.013539999723434448,0.10293400287628174,0,1
B6,mixamorig_HeadTop_End,5,1,0,0,0,0,1,0,0,0,0,1,0,-0.07672400027513504,0.5832819938659668,0,1
B7,mixamorig_LeftShoulder,3,-0.8800539970397949,0.3327177166938782,-0.33882611989974976,0,0.4614650309085846,0.43084415793418884,-0.7755148410797119,0,-0.11204636096954346,-0.8388518691062927,-0.5327039361000061,0,0.0021639999467879534,0.3292880058288574,-0.28019601106643677,1
B8,mixamorig_LeftArm,7,0.8338040113449097,0.026699049398303032,0.551414966583252,0,-0.48432600498199463,0.5147480368614197,0.7074339985847473,0,-0.26495200395584106,-0.8569260239601135,0.44213005900382996,0,0,0.4955880045890808,0,1
B9,mixamorig_LeftForeArm,8,-0.6551160216331482,-0.6343628168106079,-0.41037505865097046,0,-0.7546659708023071,0.5753688812255859,0.31532415747642517,0,0.03608707711100578,0.5162698030471802,-0.8556650876998901,0,0,0.6818770170211792,0,1
B10,mixamorig_LeftHand,9,1,0,0,0,0,1,0,0,0,0,1,0,0,0.5484380125999451,0,1
B11,mixamorig_RightShoulder,3,0.9221499562263489,-0.30206313729286194,-0.24165397882461548,0,0.36443591117858887,0.4689099192619324,0.8045560121536255,0,-0.12971282005310059,-0.829988956451416,0.5424880981445312,0,-0.00494999997317791,0.32973799109458923,0.28019601106643677,1
B12,mixamorig_RightArm,11,0.8812709450721741,0.060555700212717056,-0.46871522068977356,0,0.41443076729774475,0.37769991159439087,0.8280031681060791,0,0.22717422246932983,-0.923945963382721,0.307760089635849,0,0,0.49580299854278564,0,1
B13,mixamorig_RightForeArm,12,0.3955623507499695,-0.8509799242019653,-0.3454907536506653,0,0.9178211092948914,0.3800659477710724,0.1146976426243782,0,0.033703841269016266,-0.36246830224990845,0.9313859343528748,0,0,0.6616399884223938,0,1
B14,mixamorig_RightHand,13,1,0,0,0,0,1,0,0,0,0,1,0,0,0.5160250067710876,0,1
B15,mixamorig_LeftUpLeg,0,-0.7421479225158691,-0.6579658389091492,-0.12766428291797638,0,0.5723427534103394,-0.5230298638343811,-0.6315562129020691,0,0.34877002239227295,-0.541775643825531,0.7647472620010376,0,0.00031999999191612005,-0.10770100355148315,-0.30003100633621216,1
B16,mixamorig_LeftLeg,15,0.2117619663476944,-0.041051845997571945,-0.9764590859413147,0,0.9746810793876648,0.08226093649864197,0.20791800320148468,0,0.07178902626037598,-0.995764970779419,0.057432159781455994,0,0,0.38975098729133606,0,1
B17,mixamorig_LeftFoot,16,-0.9431681632995605,-0.2391178011894226,0.2307736575603485,0,-0.24511249363422394,0.0316484197974205,-0.9689779281616211,0,0.22439633309841156,-0.9704750776290894,-0.08846066892147064,0,0,0.27142098546028137,0,1
B18,mixamorig_LeftToeBase,17,0.9526309370994568,-0.18989630043506622,-0.23755691945552826,0,0.2976647615432739,0.7423561215400696,0.6002519130706787,0,0.06236621364951134,-0.6425310373306274,0.7637169361114502,0,0,0.4328269958496094,0,1
B19,mixamorig_LeftToe_End,18,1,0,0,0,0,1,0,0,0,0,1,0,0,0.22163699567317963,0,1
B20,mixamorig_RightUpLeg,0,-0.7271320223808289,-0.6856468915939331,-0.03417806327342987,0,0.5232011079788208,-0.5857148766517639,0.6190309524536133,0,-0.4444550573825836,0.43223506212234497,0.7846230268478394,0,0.011429999954998493,-0.10770100355148315,0.30003100633621216,1
B21,mixamorig_RightLeg,20,0.038909051567316055,-0.009003031067550182,0.9992020130157471,0,0.9937320351600647,0.10522691160440445,-0.03774791955947876,0,-0.10480299592018127,0.9944069981575012,0.013040882535278797,0,0,0.3895609974861145,0,1
B22,mixamorig_RightFoot,21,0.9391499757766724,0.32201799750328064,0.11958980560302734,0,-0.12983623147010803,0.010449073277413845,0.9914799928665161,0,0.31802496314048767,-0.9466760158538818,0.05162287876009941,0,0,0.28062498569488525,0,1
B23,mixamorig_RightToeBase,22,0.9634180665016174,0.267578661441803,0.015068057924509048,0,-0.22691220045089722,0.7844988703727722,0.5771241188049316,0,0.14260520040988922,-0.5594308376312256,0.8165171146392822,0,0,0.44201400876045227,0,1
B24,mixamorig_RightToe_End,23,1,0,0,0,0,1,0,0,0,0,1,0,0,0.2201409935951233,0,1
@20,0,1,2,3,4,5,7,8,9,11,12,13,15,16,17,18,20,21,22,23
K0,0.9999249577522278,0.004407258238643408,-0.011448673903942108,0,-0.004628209862858057,0.9998019933700562,-0.019345257431268692,0,0.011361142620444298,0.019396785646677017,0.9997469186782837,0,0.026899999007582664,0.7833729982376099,-0.007795998826622963,1,0.9744901061058044,-0.22439754009246826,-0.0038469983264803886,0,0.2244204729795456,0.9744659662246704,0.007213839329779148,0,0.0021300013177096844,-0.007893160916864872,0.9999669194221497,0,-0.0123070003464818,0.1945430040359497,0,1,0.9389510154724121,-0.34397709369659424,-0.007191599812358618,0,0.3440499007701874,0.9388110041618347,0.016205012798309326,0,0.0011774004669860005,-0.017689984291791916,0.9998429417610168,0,0,0.22742100059986115,0,1,0.9759309887886047,-0.21801398694515228,-0.005312145221978426,0,0.21807299554347992,0.9757940173149109,0.01646088808774948,0,0.0015948547516018152,-0.017223116010427475,0.9998499751091003,0,0,0.259909987449646,0,1,0.9932600259780884,-0.11480597406625748,0.015976836904883385,0,0.11478503793478012,0.9933879971504211,0.002220935421064496,0,-0.01612616516649723,-0.00037206459091976285,0.9998700022697449,0,0,0.29239800572395325,0,1,0.9276589751243591,0.36963891983032227,-0.0530594177544117,0,-0.3712901175022125,0.9281719326972961,-0.025294169783592224,0,0.0398985780775547,0.043164826929569244,0.9982709288597107,0,-0.013539999723434448,0.10293400287628174,0,1,-0.8800538778305054,0.3327177166938782,-0.33882632851600647,0,0.46146517992019653,0.4308439791202545,-0.7755148410797119,0,-0.11204633116722107,-0.8388519287109375,-0.5327037572860718,0,0.0021639999467879534,0.3292880058288574,-0.28019601106643677,1,0.8338040113449097,0.026698976755142212,0.551414966583252,0,-0.48432597517967224,0.5147479772567749,0.7074339389801025,0,-0.26495200395584106,-0.8569259643554688,0.4421299993991852,0,0,0.4955880045890808,0,1,-0.6551160216331482,-0.6343628764152527,-0.41037502884864807,0,-0.7546659708023071,0.5753688216209412,0.31532418727874756,0,0.036086998879909515,0.5162698030471802,-0.8556651473045349,0,0,0.6818770170211792,0,1,0.9221500158309937,-0.3020631670951843,-0.24165385961532593,0,0.3644358217716217,0.46890997886657715,0.8045560121536255,0,-0.12971287965774536,-0.8299888968467712,0.542488157749176,0,-0.00494999997317791,0.32973799109458923,0.28019601106643677,1,0.8812710642814636,0.06055557727813721,-0.46871498227119446,0,0.4144305884838104,0.37769991159439087,0.8280031681060791,0,0.22717402875423431,-0.9239459037780762,0.30776020884513855,0,0,0.49580299854278564,0,1,0.3955622911453247,-0.8509798645973206,-0.345490962266922,0,0.9178210496902466,0.3800659477710724,0.11469753831624985,0,0.0337040051817894,-0.3624684512615204,0.93138587474823,0,0,0.6616399884223938,0,1,-0.7421478033065796,-0.6579660177230835,-0.12766426801681519,0,0.5723427534103394,-0.5230296850204468,-0.6315563321113586,0,0.34877023100852966,-0.541775643825531,0.764747142791748,0,0.00031999999191612005,-0.10770100355148315,-0.30003100633621216,1,0.21176180243492126,-0.041051898151636124,-0.9764591455459595,0,0.9746810793876648,0.08226078003644943,0.20791786909103394,0,0.07178887724876404,-0.9957650303840637,0.057432159781455994,0,0,0.38975098729133606,0,1,-0.9431681632995605,-0.2391173392534256,0.2307738959789276,0,-0.24511265754699707,0.03164831921458244,-0.9689778685569763,0,0.22439590096473694,-0.9704751372337341,-0.08846043795347214,0,0,0.27142098546028137,0,1,0.9526309967041016,-0.18989628553390503,-0.2375568300485611,0,0.29766467213630676,0.7423561811447144,0.6002519130706787,0,0.062366172671318054,-0.6425309777259827,0.763716995716095,0,0,0.4328269958496094,0,1,-0.7271320223808289,-0.6856468319892883,-0.0341779999434948,0,0.5232011079788208,-0.5857148766517639,0.6190309524536133,0,-0.44445496797561646,0.43223509192466736,0.7846230268478394,0,0.011429999954998493,-0.10770100355148315,0.30003100633621216,1,0.03890923038125038,-0.009003081358969212,0.9992020130157471,0,0.9937320351600647,0.10522691160440445,-0.03774809464812279,0,-0.10480299592018127,0.9944069981575012,0.01304094772785902,0,0,0.3895609974861145,0,1,0.9391500353813171,0.3220177888870239,0.11958977580070496,0,-0.12983618676662445,0.010449130088090897,0.9914799332618713,0,0.31802475452423096,-0.9466760754585266,0.0516228973865509,0,0,0.28062498569488525,0,1,0.9634180665016174,0.26757872104644775,0.015068160369992256,0,-0.22691228985786438,0.7844988107681274,0.5771241188049316,0,0.14260517060756683,-0.5594308972358704,0.8165170550346375,0,0,0.44201400876045227,0,1
K0.034,0.9999238848686218,0.004224858712404966,-0.011628266423940659,0,-0.004453027155250311,0.9997969269752502,-0.01966656930744648,0,0.011542806401848793,0.019716838374733925,0.9997387528419495,0,0.027020027860999107,0.7833278179168701,-0.007885536178946495,1,0.9745233058929443,-0.2242565155029297,-0.003684069961309433,0,0.22427815198898315,0.974498450756073,0.007236674427986145,0,0.0019672482740134,-0.0078785615041852,0.9999669790267944,0,-0.0123070003464818,0.1945430040359497,0,1,0.9390360713005066,-0.3437492549419403,-0.006942412815988064,0,0.3438180088996887,0.938895046710968,0.01627994515001774,0,0.0009219774510711432,-0.01767437532544136,0.9998430013656616,0,0,0.22742100059986115,0,1,0.9759857058525085,-0.21777217090129852,-0.005240133032202721,0,0.21782982349395752,0.9758477210998535,0.016473151743412018,0,0.0015261783264577389,-0.017219021916389465,0.9998509287834167,0,0,0.259909987449646,0,1,0.9932267665863037,-0.1151234433054924,0.015743685886263847,0,0.11510792374610901,0.9933506846427917,0.0018848374020308256,0,-0.01585598848760128,-0.00005984819290461019,0.9998740553855896,0,0,0.29239800572395325,0,1,0.9274851083755493,0.36983874440193176,-0.054691512137651443,0,-0.37156105041503906,0.9280637502670288,-0.025294585153460503,0,0.04140229895710945,0.043781593441963196,0.9981831908226013,0,-0.013539999723434448,0.10293400287628174,0,1,-0.8799995183944702,0.3325944244861603,-0.3390904366970062,0,0.46151211857795715,0.4299716353416443,-0.7759708762168884,0,-0.11228425800800323,-0.8393480181694031,-0.5318709015846252,0,0.0021639999467879534,0.3292880058288574,-0.28019601106643677,1,0.8336473703384399,0.02739073894917965,0.5516176819801331,0,-0.4844028055667877,0.5160350799560547,0.706443190574646,0,-0.2653040587902069,-0.8561295866966248,0.4434593915939331,0,0,0.4955880045890808,0,1,-0.6551336050033569,-0.6346203088760376,-0.4099462926387787,0,-0.7546660304069519,0.5753686428070068,0.31532537937164307,0,0.03575834259390831,0.515953004360199,-0.8558701872825623,0,0,0.6818770170211792,0,1,0.9221428036689758,-0.30217233300209045,-0.24154400825500488,0,0.3644590675830841,0.4692736268043518,0.8043329119682312,0,-0.12969698011875153,-0.8297433257102966,0.542867124080658,0,-0.00494999997317791,0.32973799109458923,0.28019601106643677,1,0.88173508644104,0.06061176210641861,-0.46783509850502014,0,0.4136728048324585,0.37734657526016235,0.8285428881645203,0,0.22675560414791107,-0.9240867495536804,0.3076465427875519,0,0,0.49580299854278564,0,1,0.3950226306915283,-0.8512061834335327,-0.34555086493492126,0,0.9180538058280945,0.3795590400695801,0.1145099624991417,0,0.0336853452026844,-0.3624682128429413,0.9313873052597046,0,0,0.6616399884223938,0,1,-0.7422022223472595,-0.6576566100120544,-0.12893401086330414,0,0.5728727579116821,-0.5227506756782532,-0.6313076615333557,0,0.3477831482887268,-0.5424204468727112,0.7647398114204407,0,0.00031999999191612005,-0.10770100355148315,-0.30003100633621216,1,0.21182779967784882,-0.041370805352926254,-0.9764308929443359,0,0.9747163653373718,0.08164072036743164,0.20799675583839417,0,0.07111155241727829,-0.9958032965660095,0.057618629187345505,0,0,0.38975098729133606,0,1,-0.9429923295974731,-0.23988468945026398,0.23069888353347778,0,-0.24496591091156006,0.03103896789252758,-0.9690346121788025,0,0.22529572248458862,-0.9703047871589661,-0.08803300559520721,0,0,0.27142098546028137,0,1,0.9526309967041016,-0.18989679217338562,-0.2375570386648178,0,0.29766514897346497,0.74235600233078,0.6002518534660339,0,0.06236596032977104,-0.6425310373306274,0.7637169361114502,0,0,0.4328269958496094,0,1,-0.7275607585906982,-0.6851738691329956,-0.03451964631676674,0,0.5226709842681885,-0.5861920118331909,0.6190264225006104,0,-0.4443759620189667,0.4323370158672333,0.7846109867095947,0,0.011429999954998493,-0.10770100355148315,0.30003100633621216,1,0.039746448397636414,-0.009166826494038105,0.9991676807403564,0,0.9937317371368408,0.10492371767759323,-0.03856758028268814,0,-0.10448287427425385,0.9944379925727844,0.013279729522764683,0,0,0.3895609974861145,0,1,0.9391595721244812,0.3219389021396637,0.1197294220328331,0,-0.1297493875026703,0.009765136986970901,0.9914990663528442,0,0.3180326223373413,-0.9467097520828247,0.050942350178956985,0,0,0.28062498569488525,0,1,0.9634180665016174,0.26757872104644775,0.015068160369992256,0,-0.22691228985786438,0.7844988107681274,0.5771241188049316,0,0.14260517060756683,-0.5594308972358704,0.8165170550346375,0,0,0.44201400876045227,0,1
K0.067,0.9999167919158936,0.0038161096163094044,-0.012320272624492645,0,-0.004062556196004152,0.9997909069061279,-0.020040832459926605,0,0.012241212651133537,0.02008921094238758,0.9997227191925049,0,0.027161041274666786,0.78329998254776,-0.007957689464092255,1,0.9745762944221497,-0.22403168678283691,-0.0034340836573392153,0,0.2240513414144516,0.9745501279830933,0.007281473372131586,0,0.00171540561132133,-0.007865761406719685,0.9999679327011108,0,-0.0123070003464818,0.1945430040359497,0,1,0.9391816258430481,-0.34336480498313904,-0.006165624130517244,0,0.3434201180934906,0.9390363097190857,0.016511958092451096,0,0.00012012034130748361,-0.017625141888856888,0.999845027923584,0,0,0.22742100059986115,0,1,0.9760779738426208,-0.21736359596252441,-0.004983967170119286,0,0.21741695702075958,0.9759388566017151,0.016516679897904396,0,0.0012739222729578614,-0.017205167561769485,0.9998509287834167,0,0,0.259909987449646,0,1,0.9931873083114624,-0.11548727750778198,0.01553456112742424,0,0.11547671258449554,0.9933091998100281,0.0015817704843357205,0,-0.015613294206559658,0.00022288558830041438,0.9998780488967896,0,0,0.29239800572395325,0,1,0.9272271990776062,0.37018701434135437,-0.05667474865913391,0,-0.37199950218200684,0.9278870224952698,-0.025343680754303932,0,0.043205831199884415,0.044582296162843704,0.9980707168579102,0,-0.013539999723434448,0.10293400287628174,0,1,-0.8799530863761902,0.332489013671875,-0.33931320905685425,0,0.46155136823654175,0.4292341470718384,-0.7763561010360718,0,-0.11248507350683212,-0.8397674560546875,-0.531166672706604,0,0.0021639999467879534,0.3292880058288574,-0.28019601106643677,1,0.8335828185081482,0.02848430909216404,0.5516584515571594,0,-0.48448362946510315,0.5174375176429749,0.7053610682487488,0,-0.26535728573799133,-0.8552470803260803,0.44512760639190674,0,0,0.4955880045890808,0,1,-0.6551981568336487,-0.6355108618736267,-0.408462256193161,0,-0.7546647191047668,0.5753471255302429,0.31536710262298584,0,0.03458835557103157,0.5148802399635315,-0.8565644025802612,0,0,0.6818770170211792,0,1,0.9221339821815491,-0.3023240864276886,-0.24139101803302765,0,0.3644907772541046,0.46977734565734863,0.8040245175361633,0,-0.12967592477798462,-0.8294030427932739,0.5433919429779053,0,-0.00494999997317791,0.32973799109458923,0.28019601106643677,1,0.8821519017219543,0.06067623943090439,-0.4670405685901642,0,0.4128894507884979,0.37741437554359436,0.8289029002189636,0,0.22656261920928955,-0.9240548014640808,0.3078843951225281,0,0,0.49580299854278564,0,1,0.3950008451938629,-0.8512357473373413,-0.3455026149749756,0,0.9180551171302795,0.3796261250972748,0.11427178978919983,0,0.03388961777091026,-0.36232811212539673,0.9314345717430115,0,0,0.6616399884223938,0,1,-0.7420790791511536,-0.6573516726493835,-0.13117998838424683,0,0.574063241481781,-0.5221972465515137,-0.6306838989257812,0,0.346079021692276,-0.5433224439620972,0.7648723721504211,0,0.00031999999191612005,-0.10770100355148315,-0.30003100633621216,1,0.21254214644432068,-0.04167485237121582,-0.976262629032135,0,0.974611222743988,0.08104255795478821,0.20872309803962708,0,0.07042031735181808,-0.9958386421203613,0.057841707020998,0,0,0.38975098729133606,0,1,-0.9428905844688416,-0.24057428538799286,0.23039162158966064,0,-0.24464116990566254,0.03072274662554264,-0.9691271781921387,0,0.22606879472732544,-0.9701440930366516,-0.08782248944044113,0,0,0.27142098546028137,0,1,0.9526309967041016,-0.18989679217338562,-0.2375570386648178,0,0.29766514897346497,0.74235600233078,0.6002518534660339,0,0.06236596032977104,-0.6425310373306274,0.7637169361114502,0,0,0.4328269958496094,0,1,-0.7281138896942139,-0.6845685839653015,-0.034868963062763214,0,0.5220200419425964,-0.5867568850517273,0.6190410852432251,0,-0.444235622882843,0.4325300455093384,0.7845842838287354,0,0.011429999954998493,-0.10770100355148315,0.30003100633621216,1,0.04058400169014931,-0.009201892651617527,0.9991334080696106,0,0.9937065243721008,0.10486220568418503,-0.039397742599248886,0,-0.10440871864557266,0.9944440722465515,0.013399750925600529,0,0,0.3895609974861145,0,1,0.9390965700149536,0.3220536708831787,0.1199112981557846,0,-0.12967871129512787,0.00896390713751316,0.9915159344673157,0,0.31824633479118347,-0.9466786980628967,0.05018145591020584,0,0,0.28062498569488525,0,1,0.9634179472923279,0.26757821440696716,0.015068000182509422,0,-0.22691181302070618,0.784498929977417,0.5771241188049316,0,0.1426050215959549,-0.5594309568405151,0.8165170550346375,0,0,0.44201400876045227,0,1
K0.101,0.999912679195404,0.0033684398513287306,-0.012741338461637497,0,-0.0036287319380789995,0.9997838735580444,-0.020461345091462135,0,0.012669671326875687,0.020505813881754875,0.9997096061706543,0,0.02730097621679306,0.78329998254776,-0.007938013412058353,1,0.9745920300483704,-0.22396491467952728,-0.0032449166756123304,0,0.22398309409618378,0.9745652079582214,0.007311276160180569,0,0.0015249139396473765,-0.00785231962800026,0.9999679923057556,0,-0.0123070003464818,0.1945430040359497,0,1,0.9392841458320618,-0.3430911898612976,-0.005739476066082716,0,0.3431391716003418,0.9391350150108337,0.016769682988524437,0,-0.0003633878368418664,-0.017720941454172134,0.9998428821563721,0,0,0.22742100059986115,0,1,0.9761433601379395,-0.21707768738269806,-0.004622801207005978,0,0.21712522208690643,0.976000189781189,0.01676172763109207,0,0.0008732575224712491,-0.01736557111144066,0.9998489618301392,0,0,0.259909987449646,0,1,0.9931368231773376,-0.11593186110258102,0.015436241403222084,0,0.11592349410057068,0.9932569265365601,0.0014399728970602155,0,-0.01549910381436348,0.0003593331784941256,0.9998800754547119,0,0,0.29239800572395325,0,1,0.9270340800285339,0.3704559803009033,-0.058059412986040115,0,-0.37234553694725037,0.9277390241622925,-0.02567242458462715,0,0.04435347393155098,0.04541736841201782,0.9979832172393799,0,-0.013539999723434448,0.10293400287628174,0,1,-0.8799068927764893,0.3324040174484253,-0.33951622247695923,0,0.4615926146507263,0.4285586476325989,-0.7767049074172974,0,-0.11267715692520142,-0.8401457667350769,-0.5305266380310059,0,0.0021639999467879534,0.3292880058288574,-0.28019601106643677,1,0.8334967494010925,0.030208880081772804,0.5516983270645142,0,-0.48482421040534973,0.5188990831375122,0.7040514945983887,0,-0.2650071382522583,-0.8543013334274292,0.4471466839313507,0,0,0.4955880045890808,0,1,-0.6552870273590088,-0.636521577835083,-0.4067420959472656,0,-0.7546568512916565,0.5752058029174805,0.31564441323280334,0,0.033045943826436996,0.5137883424758911,-0.8572803139686584,0,0,0.6818770170211792,0,1,0.9221338629722595,-0.30231931805610657,-0.24139538407325745,0,0.36448970437049866,0.46976238489151,0.8040337562561035,0,-0.12967656552791595,-0.8294134736061096,0.5433764457702637,0,-0.00494999997317791,0.32973799109458923,0.28019601106643677,1,0.8827592730522156,0.061595119535923004,-0.46577075123786926,0,0.41106685996055603,0.37880435585975647,0.8291752338409424,0,0.22750899195671082,-0.923424482345581,0.30907315015792847,0,0,0.49580299854278564,0,1,0.39423638582229614,-0.8517647385597229,-0.345071017742157,0,0.9183976650238037,0.3788394331932068,0.11413208395242691,0,0.03351285308599472,-0.3619076907634735,0.9316117763519287,0,0,0.6616399884223938,0,1,-0.7420176267623901,-0.6569822430610657,-0.13335539400577545,0,0.575183629989624,-0.5217458605766296,-0.6300349831581116,0,0.34434422850608826,-0.5442010164260864,0.7650303840637207,0,0.00031999999191612005,-0.10770100355148315,-0.30003100633621216,1,0.21301497519016266,-0.0417923741042614,-0.9761551022529602,0,0.9745534062385559,0.0804518610239029,0.20922106504440308,0,0.06978961080312729,-0.9958816170692444,0.05786628648638725,0,0,0.38975098729133606,0,1,-0.9427914023399353,-0.2414507269859314,0.22988282144069672,0,-0.24407587945461273,0.030194208025932312,-0.9692860245704651,0,0.2270936518907547,-0.9699432849884033,-0.08739921450614929,0,0,0.27142098546028137,0,1,0.9526309967041016,-0.18989621102809906,-0.23755675554275513,0,0.2976647913455963,0.7423568367958069,0.6002522110939026,0,0.062366239726543427,-0.6425307989120483,0.7637171745300293,0,0,0.4328269958496094,0,1,-0.728748083114624,-0.683894693851471,-0.034835390746593475,0,0.5214888453483582,-0.5872230529785156,0.6190460920333862,0,-0.4438188076019287,0.43296268582344055,0.78458172082901,0,0.011429999954998493,-0.10770100355148315,0.30003100633621216,1,0.04155818372964859,-0.009075968526303768,0.9990946650505066,0,0.9936017394065857,0.1054823026061058,-0.040371522307395935,0,-0.1050204485654831,0.9943800568580627,0.013401516713202,0,0,0.3895609974861145,0,1,0.9389980435371399,0.3223147690296173,0.11998268961906433,0,-0.12971733510494232,0.008811360225081444,0.99151211977005,0,0.3185216784477234,-0.9465914964675903,0.050083648413419724,0,0,0.28062498569488525,0,1,0.9634180665016174,0.26757872104644775,0.015068160369992256,0,-0.22691228985786438,0.7844988107681274,0.5771241188049316,0,0.14260517060756683,-0.5594308972358704,0.8165170550346375,0,0,0.44201400876045227,0,1
K0.134,0.9999037384986877,0.0029921613167971373,-0.013504738919436932,0,-0.003272236092016101,0.9997787475585938,-0.020764749497175217,0,0.013439634814858437,0.020806970074772835,0.9996934533119202,0,0.0274359118193388,0.7833456993103027,-0.007982615381479263,1,0.9745979905128479,-0.22394347190856934,-0.0030161843169480562,0,0.2239600270986557,0.9745709896087646,0.00735070277005434,0,0.0012933422112837434,-0.007839473895728588,0.9999679923057556,0,-0.0123070003464818,0.1945430040359497,0,1,0.9393807649612427,-0.34283387660980225,-0.005312863737344742,0,0.34287402033805847,0.9392256140708923,0.01711442694067955,0,-0.0008774271700531244,-0.017898598685860634,0.9998389482498169,0,0,0.22742100059986115,0,1,0.9762044548988342,-0.2168101668357849,-0.0042724572122097015,0,0.21685171127319336,0.9760544300079346,0.017103301361203194,0,0.0004619810788426548,-0.017622821033000946,0.9998449683189392,0,0,0.259909987449646,0,1,0.9930862784385681,-0.11637623608112335,0.015401564538478851,0,0.11636865139007568,0.9932051301002502,0.0013875431613996625,0,-0.015458375215530396,0.00041430885903537273,0.9998800158500671,0,0,0.29239800572395325,0,1,0.9266345500946045,0.3713899552822113,-0.05846882238984108,0,-0.3733215928077698,0.9273324012756348,-0.026180323213338852,0,0.04449690878391266,0.04608725383877754,0.9979459047317505,0,-0.013539999723434448,0.10293400287628174,0,1,-0.8799082040786743,0.33226531744003296,-0.3396492302417755,0,0.4615803062915802,0.42816922068595886,-0.7769264578819275,0,-0.11271835118532181,-0.8403992652893066,-0.5301167368888855,0,0.0021639999467879534,0.3292880058288574,-0.28019601106643677,1,0.8334586024284363,0.032307811081409454,0.5516374707221985,0,-0.48537877202033997,0.51994389295578,0.7028980255126953,0,-0.2641114294528961,-0.8535895347595215,0.4490332007408142,0,0,0.4955880045890808,0,1,-0.6553657650947571,-0.6378123760223389,-0.4045886993408203,0,-0.754662811756134,0.5751484632492065,0.31573623418807983,0,0.0313180573284626,0.5122500061988831,-0.8582645654678345,0,0,0.6818770170211792,0,1,0.9221267700195312,-0.3024332523345947,-0.2412799596786499,0,0.3645135164260864,0.4701416790485382,0.8038015365600586,0,-0.12966060638427734,-0.8291571736335754,0.543771505355835,0,-0.00494999997317791,0.32973799109458923,0.28019601106643677,1,0.8833585381507874,0.06302592158317566,-0.4644395112991333,0,0.40911296010017395,0.3798299729824066,0.8296722769737244,0,0.22869902849197388,-0.9229068160057068,0.3097414970397949,0,0,0.49580299854278564,0,1,0.3940894305706024,-0.8520947098731995,-0.34442368149757385,0,0.9184706807136536,0.378688246011734,0.11404948681592941,0,0.033248238265514374,-0.361288845539093,0.9318612813949585,0,0,0.6616399884223938,0,1,-0.7420102953910828,-0.6565275192260742,-0.13562177121639252,0,0.5763011574745178,-0.5213284492492676,-0.629360020160675,0,0.3424883186817169,-0.5451500415802002,0.7651879787445068,0,0.00031999999191612005,-0.10770100355148315,-0.30003100633621216,1,0.21347174048423767,-0.041581541299819946,-0.9760636687278748,0,0.974427342414856,0.08080713450908661,0.20967137813568115,0,0.07015442848205566,-0.9958615899085999,0.057768192142248154,0,0,0.38975098729133606,0,1,-0.9427157640457153,-0.24265305697917938,0.2289258986711502,0,-0.24330182373523712,0.030612753704190254,-0.9694674015045166,0,0.22823621332645416,-0.9696304798126221,-0.08789697289466858,0,0,0.27142098546028137,0,1,0.9526309967041016,-0.18989628553390503,-0.2375568300485611,0,0.29766467213630676,0.7423561811447144,0.6002519130706787,0,0.062366172671318054,-0.6425309777259827,0.763716995716095,0,0,0.4328269958496094,0,1,-0.7296936511993408,-0.6828960180282593,-0.034639425575733185,0,0.5206946134567261,-0.5877845883369446,0.6191825866699219,0,-0.44319793581962585,0.4337771534919739,0.7844831943511963,0,0.011429999954998493,-0.10770100355148315,0.30003100633621216,1,0.043018899857997894,-0.009032116271555424,0.9990332126617432,0,0.9934930205345154,0.10593196749687195,-0.04182259738445282,0,-0.10545188188552856,0.9943326711654663,0.013530455529689789,0,0,0.3895609974861145,0,1,0.9389059543609619,0.322531521320343,0.12011678516864777,0,-0.12972639501094818,0.008381894789636135,0.9915139079093933,0,0.3187878727912903,-0.9465211629867554,0.04971069097518921,0,0,0.28062498569488525,0,1,0.9634180665016174,0.26757869124412537,0.015068178996443748,0,-0.22691230475902557,0.7844989895820618,0.5771239399909973,0,0.14260520040988922,-0.5594311356544495,0.8165179491043091,0,0,0.44201400876045227,0,1
K0.168,0.9998987317085266,0.0028305519372224808,-0.013943048194050789,0,-0.0031261800322681665,0.9997697472572327,-0.021226581186056137,0,0.013879758305847645,0.021268026903271675,0.9996775388717651,0,0.02753247693181038,0.7834411263465881,-0.007970549166202545,1,0.9745956063270569,-0.22395484149456024,-0.0028575118631124496,0,0.2239702194929123,0.9745684862136841,0.00737175066024065,0,0.001133901416324079,-0.007824470289051533,0.9999690055847168,0,-0.0123070003464818,0.1945430040359497,0,1,0.9394022226333618,-0.3427793085575104,-0.005104515701532364,0,0.3428155183792114,0.9392442107200623,0.0172724649310112,0,-0.0011262566549703479,-0.0179756972938776,0.9998380541801453,0,0,0.22742100059986115,0,1,0.9762176275253296,-0.21675390005111694,-0.00410549296066165,0,0.21679256856441498,0.9760646224021912,0.01727539487183094,0,0.0002627172216307372,-0.017754582688212395,0.9998419880867004,0,0,0.259909987449646,0,1,0.9930233955383301,-0.11690787225961685,0.015366633422672749,0,0.11690115928649902,0.9931424260139465,0.0013388788793236017,0,-0.0154177937656641,0.0004668396431952715,0.9998811483383179,0,0,0.29239800572395325,0,1,0.9264745116233826,0.371817409992218,-0.05827741697430611,0,-0.37376919388771057,0.9271338582038879,-0.026822267100214958,0,0.04405798390507698,0.04663245379924774,0.9979398250579834,0,-0.013539999723434448,0.10293400287628174,0,1,-0.8799046874046326,0.3322194218635559,-0.33970212936401367,0,0.4615803062915802,0.42800959944725037,-0.777014970779419,0,-0.11274372041225433,-0.8404990434646606,-0.5299535393714905,0,0.0021639999467879534,0.3292880058288574,-0.28019601106643677,1,0.8336151242256165,0.034419167786836624,0.5512731671333313,0,-0.48576784133911133,0.5207284688949585,0.7020481824874878,0,-0.2628996968269348,-0.8530286550521851,0.45080679655075073,0,0,0.4955880045890808,0,1,-0.655105710029602,-0.6388126611709595,-0.40342894196510315,0,-0.7549392580986023,0.5746989250183105,0.31589218974113464,0,0.03005424700677395,0.5115072727203369,-0.858753502368927,0,0,0.6818770170211792,0,1,0.9221186637878418,-0.30253082513809204,-0.2411881983280182,0,0.3645400106906891,0.47046589851379395,0.8035995364189148,0,-0.1296427845954895,-0.828936755657196,0.5441098809242249,0,-0.00494999997317791,0.32973799109458923,0.28019601106643677,1,0.8838286399841309,0.06444589048624039,-0.463350385427475,0,0.40741315484046936,0.3807487487792969,0.8300869464874268,0,0.22991591691970825,-0.9224302172660828,0.31026071310043335,0,0,0.49580299854278564,0,1,0.39438483119010925,-0.8517470359802246,-0.34494632482528687,0,0.9183312654495239,0.379018098115921,0.11407094448804855,0,0.033581316471099854,-0.36176303029060364,0.9316654801368713,0,0,0.6616399884223938,0,1,-0.7422640323638916,-0.655788242816925,-0.13779102265834808,0,0.5771925449371338,-0.5212190747261047,-0.6286327242851257,0,0.34043046832084656,-0.5461432337760925,0.7653980851173401,0,0.00031999999191612005,-0.10770100355148315,-0.30003100633621216,1,0.2138364613056183,-0.04154788702726364,-0.9759858846664429,0,0.9743612408638,0.08061817288398743,0.2100486010313034,0,0.06995513290166855,-0.9958788752555847,0.05772174894809723,0,0,0.38975098729133606,0,1,-0.9426417946815491,-0.24384650588035583,0.2279578149318695,0,-0.24233873188495636,0.030279776081442833,-0.969718873500824,0,0.22956018149852753,-0.9693410992622375,-0.08763649314641953,0,0,0.27142098546028137,0,1,0.9526309967041016,-0.18989628553390503,-0.2375568300485611,0,0.29766467213630676,0.7423561811447144,0.6002519130706787,0,0.062366172671318054,-0.6425309777259827,0.763716995716095,0,0,0.4328269958496094,0,1,-0.7302613258361816,-0.6822518110275269,-0.035368844866752625,0,0.5199509263038635,-0.5886294841766357,0.6190032958984375,0,-0.44313567876815796,0.43364450335502625,0.784591555595398,0,0.011429999954998493,-0.10770100355148315,0.30003100633621216,1,0.04357633739709854,-0.00915583036839962,0.9990078806877136,0,0.9933938980102539,0.10665378719568253,-0.042354028671979904,0,-0.1061602234840393,0.9942538142204285,0.013742881827056408,0,0,0.3895609974861145,0,1,0.9389016032218933,0.3225215971469879,0.12017714977264404,0,-0.1297471970319748,0.008255965076386929,0.9915124773979187,0,0.3187921941280365,-0.9465256929397583,0.0495978482067585,0,0,0.28062498569488525,0,1,0.9634180665016174,0.26757872104644775,0.015068160369992256,0,-0.22691228985786438,0.7844988107681274,0.5771241188049316,0,0.14260517060756683,-0.5594308972358704,0.8165170550346375,0,0,0.44201400876045227,0,1
K0.201,0.9998908638954163,0.0028571493458002806,-0.014448397792875767,0,-0.0031676057260483503,0.9997637271881104,-0.02151014842092991,0,0.014383526518940926,0.02155357226729393,0.9996637105941772,0,0.02754376269876957,0.7836117744445801,-0.007986498065292835,1,0.974580705165863,-0.22401916980743408,-0.002782427240163088,0,0.22403399646282196,0.9745534658432007,0.007383068557828665,0,0.0010576755739748478,-0.007818754762411118,0.9999690055847168,0,-0.0123070003464818,0.1945430040359497,0,1,0.9392943382263184,-0.3430764973163605,-0.004988008178770542,0,0.3431105315685272,0.9391354322433472,0.01733611896634102,0,-0.0012631993740797043,-0.017995143309235573,0.9998369812965393,0,0,0.22742100059986115,0,1,0.9761505722999573,-0.21706153452396393,-0.0038811315316706896,0,0.2170962244272232,0.9759963154792786,0.01735377497971058,0,0.000021133242626092397,-0.017782460898160934,0.9998417496681213,0,0,0.259909987449646,0,1,0.9929521679878235,-0.11752960085868835,0.01527290791273117,0,0.1175251379609108,0.993069052696228,0.0011896303622052073,0,-0.015306872315704823,0.000613704789429903,0.9998829960823059,0,0,0.29239800572395325,0,1,0.9261381030082703,0.3726922571659088,-0.05804789811372757,0,-0.3746636211872101,0.9267528057098389,-0.02750653214752674,0,0.04354454576969147,0.04722324758768082,0.9979345202445984,0,-0.013539999723434448,0.10293400287628174,0,1,-0.8798980116844177,0.3322356939315796,-0.339704304933548,0,0.46158912777900696,0.42799603939056396,-0.7770162224769592,0,-0.11276040226221085,-0.8404987454414368,-0.5299493074417114,0,0.0021639999467879534,0.3292880058288574,-0.28019601106643677,1,0.8338208794593811,0.036127008497714996,0.5508518815040588,0,-0.485992968082428,0.5213192701339722,0.7014541625976562,0,-0.26182815432548523,-0.8525968790054321,0.45224419236183167,0,0,0.4955880045890808,0,1,-0.6545627117156982,-0.6398326754570007,-0.4026934504508972,0,-0.7554608583450317,0.5738328099250793,0.3162195086479187,0,0.028751133009791374,0.5112046003341675,-0.8589782118797302,0,0,0.6818770170211792,0,1,0.9220782518386841,-0.3024216890335083,-0.24148105084896088,0,0.36466944217681885,0.47006094455718994,0.8037779331207275,0,-0.12956900894641876,-0.8292065262794495,0.5437166690826416,0,-0.00494999997317791,0.32973799109458923,0.28019601106643677,1,0.8843448162078857,0.0656532272696495,-0.4621943533420563,0,0.40544039011001587,0.3827659487724304,0.8301246762275696,0,0.23141293227672577,-0.9215099811553955,0.31187903881073,0,0,0.49580299854278564,0,1,0.3941613733768463,-0.8515777587890625,-0.34561824798583984,0,0.9184198975563049,0.3788023889064789,0.1140737533569336,0,0.033778365701436996,-0.3623863458633423,0.9314157962799072,0,0,0.6616399884223938,0,1,-0.7427132725715637,-0.6548537015914917,-0.13979706168174744,0,0.577914834022522,-0.521431565284729,-0.6277927160263062,0,0.3382177948951721,-0.5470607876777649,0.7657238245010376,0,0.00031999999191612005,-0.10770100355148315,-0.30003100633621216,1,0.21459132432937622,-0.041595786809921265,-0.9758176207542419,0,0.9741759896278381,0.08095953613519669,0.21077926456928253,0,0.07023417949676514,-0.9958491921424866,0.05789482221007347,0,0,0.38975098729133606,0,1,-0.9426335096359253,-0.24479113519191742,0.2269800305366516,0,-0.24145321547985077,0.03041766956448555,-0.9699351787567139,0,0.2305273562669754,-0.9690985679626465,-0.08777822554111481,0,0,0.27142098546028137,0,1,0.9526309967041016,-0.18989628553390503,-0.2375568300485611,0,0.29766467213630676,0.7423561811447144,0.6002519130706787,0,0.062366172671318054,-0.6425309777259827,0.763716995716095,0,0,0.4328269958496094,0,1,-0.7308415770530701,-0.6815898418426514,-0.03614697977900505,0,0.5191332101821899,-0.5894678235054016,0.6188925504684448,0,-0.44313839077949524,0.43354737758636475,0.7846437096595764,0,0.011429999954998493,-0.10770100355148315,0.30003100633621216,1,0.043655406683683395,-0.009370976127684116,0.9990025758743286,0,0.9932761192321777,0.10773159563541412,-0.04239465296268463,0,-0.10722684115171432,0.9941354990005493,0.01401098445057869,0,0,0.3895609974861145,0,1,0.9388203024864197,0.32275256514549255,0.12019884586334229,0,-0.12984630465507507,0.008444312959909439,0.9914982318878174,0,0.3189935088157654,-0.946445643901825,0.04983590915799141,0,0,0.28062498569488525,0,1,0.9634180665016174,0.26757872104644775,0.015068160369992256,0,-0.22691228985786438,0.7844988107681274,0.5771241188049316,0,0.14260517060756683,-0.5594308972358704,0.8165171146392822,0,0,0.44201400876045227,0,1
