2.700,30,80,25
B0,mixamorig_Hips,-1,-0.7619752883911133,0.13745062053203583,0.6328508853912354,0,0.03228503465652466,0.9840638041496277,-0.1748591810464859,0,-0.6468003392219543,-0.11280679702758789,-0.7542701363563538,0,-0.008044271729886532,0.35260918736457825,-0.0025110715068876743,1
B1,mixamorig_Spine,0,0.9913950562477112,-0.10128270089626312,-0.08292610943317413,0,0.10739681124687195,0.9915387630462646,0.07291971892118454,0,0.07483897358179092,-0.08119828999042511,0.9938845038414001,0,-0.00775599991902709,0.09732399880886078,0,1
B2,mixamorig_Spine1,1,0.952206552028656,-0.16341888904571533,-0.25806427001953125,0,0.17056521773338318,0.9853314757347107,0.005392211489379406,0,0.25339779257774353,-0.04915131628513336,0.9661132097244263,0,0,0.11390499770641327,0,1
B3,mixamorig_Spine2,2,0.9667516946792603,0.010778818279504776,-0.25548842549324036,0,0.008249452337622643,0.9972770810127258,0.07328958064317703,0,0.2555825710296631,-0.07296042889356613,0.9640297889709473,0,0,0.13017700612545013,0,1
B4,mixamorig_Neck,3,0.8479332327842712,-0.20330210030078888,0.4895680844783783,0,0.2688286006450653,0.9608840346336365,-0.06658720970153809,0,-0.4568805694580078,0.18807131052017212,0.8694184422492981,0,0,0.1464499980211258,0,1
B5,mixamorig_Head,4,0.9290245771408081,0.22187896072864532,0.2961137592792511,0,-0.2507835626602173,0.9659922122955322,0.06298505514860153,0,-0.27206850051879883,-0.13277511298656464,0.9530739784240723,0,0.04863499850034714,0.05214399844408035,0,1
B6,mixamorig_HeadTop_End,5,1,0,0,0,0,1,0,0,0,0,1,0,0.27559199929237366,0.29547199606895447,0,1
B7,mixamorig_LeftShoulder,3,-0.9963217973709106,-0.08533331751823425,0.007859558798372746,0,-0.056629713624715805,0.5867908596992493,-0.8077560663223267,0,0.06431654840707779,-0.8052295446395874,-0.589464545249939,0,0.005956000182777643,0.1650869995355606,-0.1600629985332489,1
B8,mixamorig_LeftArm,7,0.9558172821998596,-0.04949763044714928,0.28976401686668396,0,-0.12210341542959213,0.8298125863075256,0.5445200204849243,0,-0.2674022316932678,-0.5558427572250366,0.7871052622795105,0,0,0.32193100452423096,0,1
B9,mixamorig_LeftForeArm,8,0.32639753818511963,-0.9452272653579712,0.0032811902929097414,0,-0.7899433374404907,-0.27086663246154785,0.550110399723053,0,-0.5190901756286621,-0.18214648962020874,-0.8350855708122253,0,0,0.3142760097980499,0,1
B10,mixamorig_LeftHand,9,1,0,0,0,0,1,0,0,0,0,1,0,0,0.3415290117263794,0,1
B11,mixamorig_RightShoulder,3,0.9459719657897949,-0.05499103665351868,-0.31955069303512573,0,0.3235056400299072,0.2267099916934967,0.9186657667160034,0,0.021926971152424812,-0.9724087715148926,0.23225128650665283,0,0.009719000197947025,0.16478699445724487,0.1600629985332489,1
B12,mixamorig_RightArm,11,-0.41965553164482117,0.348928302526474,0.8379371166229248,0,0.8554775714874268,-0.15652288496494293,0.49361830949783325,0,0.303393691778183,0.92398601770401,-0.2328146994113922,0,0,0.32222801446914673,0,1
B13,mixamorig_RightForeArm,12,0.7801221609115601,0.454375296831131,0.43006014823913574,0,-0.2994287312030792,0.8747332096099854,-0.3810308277606964,0,-0.5493189692497253,0.16847822070121765,0.8184518814086914,0,0,0.3085870146751404,0,1
B14,mixamorig_RightHand,13,1,0,0,0,0,1,0,0,0,0,1,0,0,0.33164098858833313,0,1
B15,mixamorig_LeftUpLeg,0,-0.8098857402801514,-0.586507260799408,-0.009771588258445263,0,0.42215633392333984,-0.5712120532989502,-0.7039178013801575,0,0.40727126598358154,-0.5742181539535522,0.7102142572402954,0,-0.002380999969318509,-0.05394800007343292,-0.14911900460720062,1
B16,mixamorig_LeftLeg,15,0.17556944489479065,-0.0003561699704732746,-0.9844671487808228,0,0.9723217487335205,0.15665990114212036,0.17334681749343872,0,0.15416476130485535,-0.9876528382301331,0.02785096876323223,0,0,0.1894489973783493,0,1
B17,mixamorig_LeftFoot,16,-0.8900889158248901,-0.41671931743621826,-0.1846276968717575,0,0.03250686451792717,0.3460023105144501,-0.9376700520515442,0,0.45462673902511597,-0.8406112194061279,-0.2944265902042389,0,0,0.13586999475955963,0,1
B18,mixamorig_LeftToeBase,17,0.9844929575920105,-0.0746820718050003,-0.15873213112354279,0,0.15415596961975098,0.800155758857727,0.5796442031860352,0,0.08372138440608978,-0.5951249599456787,0.799260139465332,0,0,0.21759499609470367,0,1
B19,mixamorig_LeftToe_End,18,1,0,0,0,0,1,0,0,0,0,1,0,0,0.11081799864768982,0,1
B20,mixamorig_RightUpLeg,0,-0.838725745677948,-0.15811565518379211,0.5210939049720764,0,0.49652937054634094,-0.6149778366088867,0.6125850081443787,0,0.22360196709632874,0.7725294232368469,0.5943068861961365,0,-0.002560999942943454,-0.05394800007343292,0.14911900460720062,1
B21,mixamorig_RightLeg,20,-0.07784713059663773,0.1928539276123047,0.9781349301338196,0,0.9878039360046387,-0.11778440326452255,0.101839579641819,0,0.13484905660152435,0.9741325974464417,-0.1813325583934784,0,0,0.18951599299907684,0,1
B22,mixamorig_RightFoot,21,0.8250558972358704,0.49696940183639526,0.26889413595199585,0,-0.01698227785527706,-0.45385217666625977,0.8909154534339905,0,0.564795732498169,-0.7396213412284851,-0.36601370573043823,0,0,0.14189699292182922,0,1
B23,mixamorig_RightToeBase,22,0.9947091341018677,0.09667680412530899,-0.03473890945315361,0,-0.0475347638130188,0.7329387664794922,0.6786313652992249,0,0.09106946736574173,-0.6733899712562561,0.7336569428443909,0,0,0.22331799566745758,0,1
B24,mixamorig_RightToe_End,23,1,0,0,0,0,1,0,0,0,0,1,0,0,0.11006999760866165,0,1
@20,0,1,2,3,4,5,7,8,9,11,12,13,15,16,17,18,20,21,22,23
K0,0.6368739604949951,-0.13163812458515167,0.7596470713615417,0,0.05129329860210419,0.9903669953346252,0.12861588597297668,0,-0.769260048866272,-0.04294730722904205,0.63749098777771,0,0.0012769995955750346,0.3566190004348755,0.0078959995880723,1,0.9924399852752686,-0.11166692525148392,-0.05092018470168114,0,0.11003405600786209,0.9933519959449768,-0.033824823796749115,0,0.05435881018638611,0.027966171503067017,0.9981300234794617,0,-0.00775599991902709,0.09732399880886078,0,1,0.989109992980957,-0.10551906377077103,-0.10260282456874847,0,0.09902994334697723,0.9928650259971619,-0.06641800701618195,0,0.1088792011141777,0.0555340051651001,0.9925030469894409,0,0,0.11390499770641327,0,1,0.9883689880371094,0.10057606548070908,-0.11406984180212021,0,-0.10615192353725433,0.9933810234069824,-0.04389340057969093,0,0.10890015214681625,0.05549158900976181,0.9925029873847961,0,0,0.13017700612545013,0,1,0.9795809984207153,-0.11811288446187973,-0.16269493103027344,0,0.11895812302827835,0.9928889870643616,-0.004572122823446989,0,0.1620780974626541,-0.014875124208629131,0.9866660833358765,0,0,0.1464499980211258,0,1,0.9169910550117493,0.06648144870996475,-0.3933298587799072,0,-0.0962805524468422,0.9937490224838257,-0.05649842694401741,0,0.38711515069007874,0.0896785780787468,0.9176599979400635,0,0.04863499850034714,0.05214399844408035,0,1,-0.9436410069465637,-0.02167273685336113,-0.3302609920501709,0,0.30313169956207275,0.3439841866493225,-0.8886989951133728,0,0.1328650265932083,-0.9387250542640686,-0.31802770495414734,0,0.005956000182777643,0.1650869995355606,-0.1600629985332489,1,0.9949649572372437,-0.08442439883947372,0.054006364196538925,0,-0.02030240185558796,0.3579131066799164,0.9335339069366455,0,-0.09814262390136719,-0.9299300312995911,0.3543969690799713,0,0,0.32193100452423096,0,1,-0.8546899557113647,-0.4744870960712433,-0.2106359899044037,0,-0.4960448443889618,0.8660960793495178,0.061780236661434174,0,0.15311701595783234,0.15728777647018433,-0.975610077381134,0,0,0.3142760097980499,0,1,0.8737058639526367,0.06556867063045502,-0.4820142090320587,0,0.42381271719932556,0.38379621505737305,0.8204171061515808,0,0.238788902759552,-0.9210870265960693,0.30753618478775024,0,0.009719000197947025,0.16478699445724487,0.1600629985332489,1,-0.7771697640419006,-0.49168097972869873,-0.39275428652763367,0,-0.4789258539676666,0.05727272108197212,0.8759850263595581,0,-0.40821126103401184,0.8688896298408508,-0.2799893319606781,0,0,0.32222801446914673,0,1,0.6563732624053955,0.712449848651886,-0.24817398190498352,0,-0.7435681223869324,0.6665498614311218,-0.05308758094906807,0,0.12759801745414734,0.21937941014766693,0.9672598838806152,0,0,0.3085870146751404,0,1,-0.29543599486351013,-0.9387539625167847,0.1773664653301239,0,0.4991603195667267,-0.3099740445613861,-0.809168815612793,0,0.8145896792411804,-0.1505233496427536,0.5601664185523987,0,-0.002380999969318509,-0.05394800007343292,-0.14911900460720062,1,-0.17146743834018707,0.16923603415489197,-0.9705449342727661,0,0.9624620079994202,0.23915666341781616,-0.12833717465400696,0,0.21039314568042755,-0.9561189413070679,-0.20389096438884735,0,0,0.1894489973783493,0,1,-0.9506329894065857,-0.2824036478996277,-0.12863028049468994,0,-0.0017113244393840432,0.4192752242088318,-0.9078578948974609,0,0.31031373143196106,-0.8628190755844116,-0.39905989170074463,0,0,0.13586999475955963,0,1,0.9853320121765137,-0.0816102996468544,-0.14987000823020935,0,0.15433472394943237,0.8009040355682373,0.578561007976532,0,0.07281499356031418,-0.5932049751281738,0.801751971244812,0,0,0.21759499609470367,0,1,-0.8613052368164062,-0.47477373480796814,0.18094900250434875,0,0.4554603099822998,-0.5636276602745056,0.6891152262687683,0,-0.22518600523471832,0.6759538054466248,0.7016961574554443,0,-0.002560999942943454,-0.05394800007343292,0.14911900460720062,1,-0.04706954210996628,0.060369886457920074,0.9970660209655762,0,0.9981459975242615,0.0414007306098938,0.04461381956934929,0,-0.038585904985666275,0.9973170161247253,-0.06220663711428642,0,0,0.18951599299907684,0,1,0.7756891250610352,0.5889158248901367,0.22690415382385254,0,-0.02553514949977398,-0.32994821667671204,0.9436541199684143,0,0.6305991411209106,-0.737775981426239,-0.24089913070201874,0,0,0.14189699292182922,0,1,0.9972500205039978,0.05678093060851097,0.047636840492486954,0,-0.073525071144104,0.8389620780944824,0.5392009019851685,0,-0.009349164552986622,-0.5412200689315796,0.8408288955688477,0,0,0.22331799566745758,0,1
K0.034,0.6492735147476196,-0.13493020832538605,0.7484908699989319,0,0.04789690673351288,0.9894372224807739,0.13681766390800476,0,-0.7590453028678894,-0.05298168584704399,0.6488779187202454,0,-0.0008753081201575696,0.35423943400382996,0.009326862171292305,1,0.992533802986145,-0.11029267311096191,-0.05207546800374985,0,0.10861460864543915,0.9935013651847839,-0.03403232619166374,0,0.05549057945609093,0.028122086077928543,0.998063325881958,0,-0.00775599991902709,0.09732399880886078,0,1,0.9891825318336487,-0.10293444246053696,-0.10451003164052963,0,0.09621553868055344,0.9930745363235474,-0.06742747873067856,0,0.11072680354118347,0.0566425658762455,0.9922353029251099,0,0,0.11390499770641327,0,1,0.9878491163253784,0.10320869088172913,-0.1161971315741539,0,-0.10898242145776749,0.9930487275123596,-0.04446694999933243,0,0.11080004274845123,0.056590087711811066,0.9922302961349487,0,0,0.13017700612545013,0,1,0.9793480634689331,-0.1144954189658165,-0.16663986444473267,0,0.1146177351474762,0.9933692812919617,-0.008914913050830364,0,0.16655556857585907,-0.010369076393544674,0.9859771132469177,0,0,0.1464499980211258,0,1,0.916124165058136,0.06670615822076797,-0.395306795835495,0,-0.097580187022686,0.9935075044631958,-0.05849254131317139,0,0.38883838057518005,0.09216051548719406,0.9166852831840515,0,0.04863499850034714,0.05214399844408035,0,1,-0.9454079866409302,-0.023144057020545006,-0.3250679075717926,0,0.2986489236354828,0.3377044200897217,-0.8926163911819458,0,0.13043560087680817,-0.9409677982330322,-0.3123564124107361,0,0.005956000182777643,0.1650869995355606,-0.1600629985332489,1,0.9950470924377441,-0.0867702066898346,0.048493124544620514,0,-0.014670392498373985,0.3543137311935425,0.9350109696388245,0,-0.09831292927265167,-0.9310919046401978,0.3512860834598541,0,0,0.32193100452423096,0,1,-0.8528167605400085,-0.4769640862941742,-0.21262462437152863,0,-0.4988709092140198,0.864476203918457,0.06171125918626785,0,0.1543748378753662,0.1587005853652954,-0.9751829504966736,0,0,0.3142760097980499,0,1,0.879797101020813,0.058962635695934296,-0.4716796875,0,0.4132058322429657,0.39566466212272644,0.8201894760131836,0,0.23498742282390594,-0.9165006279945374,0.32374075055122375,0,0.009719000197947025,0.16478699445724487,0.1600629985332489,1,-0.7795035243034363,-0.4953816533088684,-0.38336867094039917,0,-0.46655163168907166,0.05077027902007103,0.8830351829528809,0,-0.41797569394111633,0.8671903610229492,-0.27069664001464844,0,0,0.32222801446914673,0,1,0.6537297964096069,0.7145284414291382,-0.24917155504226685,0,-0.7458873987197876,0.6639662384986877,-0.05291948467493057,0,0.1276291161775589,0.22044910490512848,0.9670129418373108,0,0,0.3085870146751404,0,1,-0.2797382175922394,-0.9431616067886353,0.17942488193511963,0,0.5090746283531189,-0.3041664659976959,-0.8051862716674805,0,0.813996434211731,-0.13390077650547028,0.5652270317077637,0,-0.002380999969318509,-0.05394800007343292,-0.14911900460720062,1,-0.16565895080566406,0.16832667589187622,-0.9717118740081787,0,0.9601732492446899,0.2523317039012909,-0.11998116225004196,0,0.2249976247549057,-0.9528872966766357,-0.20342369377613068,0,0,0.1894489973783493,0,1,-0.9562084078788757,-0.26659855246543884,-0.1207946315407753,0,-0.009723416529595852,0.4414152204990387,-0.8972505331039429,0,0.29252615571022034,-0.8567836284637451,-0.4246769845485687,0,0,0.13586999475955963,0,1,0.9853320121765137,-0.08160988241434097,-0.1498711258172989,0,0.1543351113796234,0.8009030818939209,0.5785619020462036,0,0.07281588762998581,-0.5932061076164246,0.8017509579658508,0,0,0.21759499609470367,0,1,-0.8666574358940125,-0.46340206265449524,0.18483366072177887,0,0.4483563005924225,-0.560935914516449,0.6959362030029297,0,-0.21881826221942902,0.6860091686248779,0.6939082145690918,0,-0.002560999942943454,-0.05394800007343292,0.14911900460720062,1,-0.0434134267270565,0.0668683722615242,0.9968173503875732,0,0.999040424823761,0.008611761964857578,0.04293253272771835,0,-0.005713539198040962,0.9977247714996338,-0.06717810034751892,0,0,0.18951599299907684,0,1,0.7693466544151306,0.593788206577301,0.23563037812709808,0,-0.0067435624077916145,-0.36127641797065735,0.9324343800544739,0,0.6387962698936462,-0.7189542055130005,-0.2739425003528595,0,0,0.14189699292182922,0,1,0.9972500205039978,0.05678107962012291,0.047636330127716064,0,-0.07352492213249207,0.8389620780944824,0.5392009615898132,0,-0.009348655119538307,-0.5412200689315796,0.8408289551734924,0,0,0.22331799566745758,0,1
K0.067,0.650977373123169,-0.1406218707561493,0.7459585070610046,0,0.04465793818235397,0.9880838990211487,0.1472935825586319,0,-0.7577823400497437,-0.06257180869579315,0.6495000720024109,0,-0.0030040047131478786,0.3523428738117218,0.01068946160376072,1,0.9925974607467651,-0.10929210484027863,-0.05297127738595009,0,0.10757383704185486,0.9936063289642334,-0.03427914157509804,0,0.05637900158762932,0.02832704968750477,0.9980074763298035,0,-0.00775599991902709,0.09732399880886078,0,1,0.9892996549606323,-0.10114935785531998,-0.10514035820960999,0,0.0942755863070488,0.9931923151016235,-0.06842239201068878,0,0.11134546995162964,0.05777807906270027,0.9921006560325623,0,0,0.11390499770641327,0,1,0.9875368475914001,0.10516488552093506,-0.11709928512573242,0,-0.11108408868312836,0.9927818179130554,-0.04520820081233978,0,0.11149971187114716,0.05765262618660927,0.99209064245224,0,0,0.13017700612545013,0,1,0.9791238903999329,-0.10514318943023682,-0.17395764589309692,0,0.10390719771385193,0.9944542646408081,-0.016222720965743065,0,0.17469877004623413,-0.00219139875844121,0.9846198558807373,0,0,0.1464499980211258,0,1,0.9148963689804077,0.06689698994159698,-0.3981066346168518,0,-0.09771136194467545,0.9935465455055237,-0.05759890004992485,0,0.39168447256088257,0.09159661829471588,0.9155292510986328,0,0.04863499850034714,0.05214399844408035,0,1,-0.9474687576293945,-0.024716868996620178,-0.31889262795448303,0,0.2932535707950592,0.33090999722480774,-0.896940290927887,0,0.1276942491531372,-0.9433388710021973,-0.30627840757369995,0,0.005956000182777643,0.1650869995355606,-0.1600629985332489,1,0.9949489831924438,-0.09099333733320236,0.04239042475819588,0,-0.00747301708906889,0.353974312543869,0.9352248311042786,0,-0.10010433197021484,-0.9308176040649414,0.3515063226222992,0,0,0.32193100452423096,0,1,-0.8507702946662903,-0.480508029460907,-0.21284176409244537,0,-0.5026159286499023,0.8622515201568604,0.06244970113039017,0,0.15351562201976776,0.1601080745458603,-0.9750893712043762,0,0,0.3142760097980499,0,1,0.8854860067367554,0.051069919019937515,-0.46184998750686646,0,0.4029814898967743,0.410452663898468,0.8180063962936401,0,0.23134317994117737,-0.9104506969451904,0.3428700268268585,0,0.009719000197947025,0.16478699445724487,0.1600629985332489,1,-0.7848467230796814,-0.4962155818939209,-0.37119433283805847,0,-0.44952458143234253,0.0435834601521492,0.8922042846679688,0,-0.42654767632484436,0.8671044707298279,-0.2572672665119171,0,0,0.32222801446914673,0,1,0.6524725556373596,0.7154030799865723,-0.2499563843011856,0,-0.746910810470581,0.6628437638282776,-0.05256253480911255,0,0.12807852029800415,0.22099056839942932,0.9668289422988892,0,0,0.3085870146751404,0,1,-0.27777543663978577,-0.9431962966918945,0.18226732313632965,0,0.5083584189414978,-0.3053149878978729,-0.8052045106887817,0,0.8151149749755859,-0.13100895285606384,0.5642908811569214,0,-0.002380999969318509,-0.05394800007343292,-0.14911900460720062,1,-0.15540991723537445,0.16430962085723877,-0.9740898609161377,0,0.9580984115600586,0.26525360345840454,-0.108115553855896,0,0.24061615765094757,-0.9500750303268433,-0.198647603392601,0,0,0.1894489973783493,0,1,-0.9580650925636292,-0.2630632221698761,-0.11361289769411087,0,-0.01953696645796299,0.45553186535835266,-0.8900046348571777,0,0.28588205575942993,-0.8504635095596313,-0.4415690302848816,0,0,0.13586999475955963,0,1,0.9853320121765137,-0.08160978555679321,-0.14987120032310486,0,0.15433523058891296,0.8009029030799866,0.5785630345344543,0,0.07281583547592163,-0.5932068228721619,0.801750123500824,0,0,0.21759499609470367,0,1,-0.8620940446853638,-0.46557632088661194,0.20008008182048798,0,0.4588858485221863,-0.5497399568557739,0.6980046033859253,0,-0.21498237550258636,0.693559467792511,0.6875739097595215,0,-0.002560999942943454,-0.05394800007343292,0.14911900460720062,1,-0.04140368849039078,0.07500015199184418,0.9963234066963196,0,0.9987797141075134,-0.023746272549033165,0.04329326003789902,0,0.026905929669737816,0.9969004988670349,-0.07392552495002747,0,0,0.18951599299907684,0,1,0.767184317111969,0.5945031046867371,0.24081873893737793,0,0.006707750726491213,-0.3828579783439636,0.9237827658653259,0,0.641391396522522,-0.707096517086029,-0.29771050810813904,0,0,0.14189699292182922,0,1,0.9972500801086426,0.056781262159347534,0.04763590171933174,0,-0.07352478057146072,0.8389610052108765,0.5392010807991028,0,-0.009348148480057716,-0.5412209033966064,0.840829074382782,0,0,0.22331799566745758,0,1
K0.101,0.6438762545585632,-0.1483665555715561,0.7506067156791687,0,0.04134836792945862,0.9863333106040955,0.15949182212352753,0,-0.764011800289154,-0.07165665924549103,0.6412113904953003,0,-0.005110512487590313,0.35089436173439026,0.01195993646979332,1,0.9925739765167236,-0.10907753556966782,-0.05384082347154617,0,0.10730325430631638,0.9936168193817139,-0.03482222184538841,0,0.05729546397924423,0.02878633141517639,0.9979423880577087,0,-0.00775599991902709,0.09732399880886078,0,1,0.9893199801445007,-0.10101421177387238,-0.10508283227682114,0,0.09397529810667038,0.993116557598114,-0.06991857290267944,0,0.11142224073410034,0.059296637773513794,0.9920026659965515,0,0,0.11390499770641327,0,1,0.9874528646469116,0.10556169599294662,-0.11744451522827148,0,-0.11165055632591248,0.992658257484436,-0.04651530086994171,0,0.11167207360267639,0.05904443562030792,0.9919896125793457,0,0,0.13017700612545013,0,1,0.9787779450416565,-0.09242160618305206,-0.18289878964424133,0,0.09011632204055786,0.995711624622345,-0.0208935234695673,0,0.18404559791088104,0.003967958502471447,0.9829099178314209,0,0,0.1464499980211258,0,1,0.9127222299575806,0.06367892771959305,-0.40358778834342957,0,-0.09661649912595749,0.9934033751487732,-0.06175895780324936,0,0.3969928026199341,0.09536202996969223,0.9128538966178894,0,0.04863499850034714,0.05214399844408035,0,1,-0.9485804438591003,-0.02575078420341015,-0.31548741459846497,0,0.29030898213386536,0.3264658451080322,-0.8995229005813599,0,0.1261591911315918,-0.9448578357696533,-0.3022031784057617,0,0.005956000182777643,0.1650869995355606,-0.1600629985332489,1,0.9946970343589783,-0.09687294065952301,0.03453762084245682,0,0.002109552500769496,0.35496777296066284,0.9348764419555664,0,-0.10282403230667114,-0.9298464059829712,0.35328996181488037,0,0,0.32193100452423096,0,1,-0.8494454026222229,-0.4826630651950836,-0.2132578194141388,0,-0.5046668648719788,0.8611445426940918,0.06116677075624466,0,0.15412284433841705,0.15958194434642792,-0.9750791192054749,0,0,0.3142760097980499,0,1,0.89105224609375,0.04333681985735893,-0.45182687044143677,0,0.3925594985485077,0.42614492774009705,0.8150440454483032,0,0.22786520421504974,-0.9036160707473755,0.3627052307128906,0,0.009719000197947025,0.16478699445724487,0.1600629985332489,1,-0.7924445271492004,-0.49490484595298767,-0.356510728597641,0,-0.42905741930007935,0.03686469793319702,0.9025245904922485,0,-0.4335215389728546,0.868165135383606,-0.24155600368976593,0,0,0.32222801446914673,0,1,0.6531773209571838,0.7139942049980164,-0.25213441252708435,0,-0.7455346584320068,0.6646460294723511,-0.049231305718421936,0,0.13242927193641663,0.2201317399740219,0.9664391875267029,0,0,0.3085870146751404,0,1,-0.286973774433136,-0.9397398233413696,0.1858380138874054,0,0.4989224970340729,-0.3122330904006958,-0.8084469437599182,0,0.8177540302276611,-0.13928425312042236,0.5584597587585449,0,-0.002380999969318509,-0.05394800007343292,-0.14911900460720062,1,-0.14164792001247406,0.1576036810874939,-0.9772903919219971,0,0.9560586214065552,0.27777448296546936,-0.09377498179674149,0,0.25668713450431824,-0.9476301670074463,-0.19002461433410645,0,0,0.1894489973783493,0,1,-0.9570024013519287,-0.2695282995700836,-0.10724193602800369,0,-0.03110346570611,0.4629100263118744,-0.8858592510223389,0,0.28840765357017517,-0.8444342613220215,-0.45138949155807495,0,0,0.13586999475955963,0,1,0.9853320121765137,-0.08160984516143799,-0.1498710811138153,0,0.1543351411819458,0.800903856754303,0.5785620808601379,0,0.0728159248828888,-0.5932058691978455,0.8017511367797852,0,0,0.21759499609470367,0,1,-0.8485174775123596,-0.47899484634399414,0.2249055951833725,0,0.4840475022792816,-0.5308434963226318,0.6956316232681274,0,-0.213814377784729,0.6991207599639893,0.682286262512207,0,-0.002560999942943454,-0.05394800007343292,0.14911900460720062,1,-0.040612004697322845,0.084324911236763,0.9956105947494507,0,0.997440755367279,-0.055259548127651215,0.04536698758602142,0,0.058842580765485764,0.9949049353599548,-0.0818648710846901,0,0,0.18951599299907684,0,1,0.7687103152275085,0.5918538570404053,0.24247555434703827,0,0.01517426036298275,-0.39587581157684326,0.9181791543960571,0,0.6394174695014954,-0.70213383436203,-0.31329452991485596,0,0,0.14189699292182922,0,1,0.9972490668296814,0.056781914085149765,0.04763706773519516,0,-0.0735260471701622,0.8389618396759033,0.5392002463340759,0,-0.009348860941827297,-0.5412197113037109,0.8408291339874268,0,0,0.22331799566745758,0,1
K0.135,0.6295939683914185,-0.15775950253009796,0.7607389092445374,0,0.03773411363363266,0.9842205047607422,0.17287525534629822,0,-0.7760075926780701,-0.08013541251420975,0.6256121397018433,0,-0.00720291817560792,0.34984055161476135,0.013112308457493782,1,0.9924675822257996,-0.10941556096076965,-0.055103108286857605,0,0.10755524039268494,0.9935584664344788,-0.03567253798246384,0,0.05865130573511124,0.02947721630334854,0.9978429675102234,0,-0.00775599991902709,0.09732399880886078,0,1,0.9891904592514038,-0.10207296162843704,-0.10527882725000381,0,0.09479794651269913,0.9928933382034302,-0.07194550335407257,0,0.11187437176704407,0.061187613755464554,0.9918372631072998,0,0,0.11390499770641327,0,1,0.9874462485313416,0.10482765734195709,-0.11816081404685974,0,-0.11115074902772903,0.9926319718360901,-0.048240311443805695,0,0.1122332438826561,0.060768358409404755,0.9918221235275269,0,0,0.13017700612545013,0,1,0.9777474403381348,-0.0763290673494339,-0.19540557265281677,0,0.07241175323724747,0.9970058798789978,-0.027123691514134407,0,0.19689080119132996,0.012370457872748375,0.9803469181060791,0,0,0.1464499980211258,0,1,0.9099297523498535,0.057414766401052475,-0.4107704162597656,0,-0.09272196888923645,0.9934660792350769,-0.0665355995297432,0,0.40426647663116455,0.09863020479679108,0.9093083143234253,0,0.04863499850034714,0.05214399844408035,0,1,-0.9504123330116272,-0.02674342505633831,-0.3098418712615967,0,0.2852783203125,0.32172295451164246,-0.9028347730636597,0,0.12382802367210388,-0.9464555382728577,-0.29813989996910095,0,0.005956000182777643,0.1650869995355606,-0.1600629985332489,1,0.9943851232528687,-0.1012687236070633,0.030722172930836678,0,0.007845288142561913,0.3600514233112335,0.9328998923301697,0,-0.10553502291440964,-0.9274196624755859,0.35882383584976196,0,0,0.32193100452423096,0,1,-0.8515580892562866,-0.48027706146240234,-0.21019776165485382,0,-0.5021532773971558,0.8624210357666016,0.06380482017993927,0,0.1506350189447403,0.15988504886627197,-0.9755744934082031,0,0,0.3142760097980499,0,1,0.8973698616027832,0.035950418561697006,-0.43981292843818665,0,0.3805539309978485,0.4415189027786255,0.8125510215759277,0,0.22339731454849243,-0.8965315222740173,0.3825247585773468,0,0.009719000197947025,0.16478699445724487,0.1600629985332489,1,-0.8004130125045776,-0.49338197708129883,-0.34045836329460144,0,-0.4070222079753876,0.030355187132954597,0.912913978099823,0,-0.4400807023048401,0.8692825436592102,-0.2251141220331192,0,0,0.32222801446914673,0,1,0.6524285674095154,0.713051438331604,-0.2566993236541748,0,-0.7446067929267883,0.666180431842804,-0.04200190678238869,0,0.1410585641860962,0.2185433804988861,0.9655784368515015,0,0,0.3085870146751404,0,1,-0.30303287506103516,-0.9335012435913086,0.19169355928897858,0,0.48036471009254456,-0.32335400581359863,-0.8152861595153809,0,0.8230558633804321,-0.1549757719039917,0.5464082360267639,0,-0.002380999969318509,-0.05394800007343292,-0.14911900460720062,1,-0.12382236868143082,0.15178532898426056,-0.9806271195411682,0,0.9539615511894226,0.2902642786502838,-0.07552706450223923,0,0.27317699790000916,-0.9448318481445312,-0.18073849380016327,0,0,0.1894489973783493,0,1,-0.9545241594314575,-0.2803405821323395,-0.10145068913698196,0,-0.04284680634737015,0.4657490849494934,-0.8838783502578735,0,0.2950376868247986,-0.8393368124961853,-0.4565807282924652,0,0,0.13586999475955963,0,1,0.9853320121765137,-0.08160988241434097,-0.1498711258172989,0,0.1543351262807846,0.8009031414985657,0.5785619020462036,0,0.07281588762998581,-0.5932061076164246,0.8017509579658508,0,0,0.21759499609470367,0,1,-0.8263984322547913,-0.5010074973106384,0.2570132911205292,0,0.520338237285614,-0.5050273537635803,0.6886188983917236,0,-0.21520455181598663,0.702807605266571,0.6780474185943604,0,-0.002560999942943454,-0.05394800007343292,0.14911900460720062,1,-0.04067954793572426,0.09424683451652527,0.9947171807289124,0,0.995187520980835,-0.0849980041384697,0.04875217378139496,0,0.0891437977552414,0.9919137954711914,-0.09033557772636414,0,0,0.18951599299907684,0,1,0.7732836008071899,0.5865830183029175,0.2407335489988327,0,0.01905226521193981,-0.40099436044692993,0.9158825874328613,0,0.633773922920227,-0.7036504149436951,-0.3212580680847168,0,0,0.14189699292182922,0,1,0.9972500205039978,0.05678170919418335,0.047636035829782486,0,-0.07352528721094131,0.8389620780944824,0.5392009615898132,0,-0.009348063729703426,-0.5412200689315796,0.8408289551734924,0,0,0.22331799566745758,0,1
K0.169,0.6096838116645813,-0.16833581030368805,0.7745630145072937,0,0.03363027796149254,0.9818024039268494,0.18690362572669983,0,-0.7919312715530396,-0.0879034474492073,0.6042507886886597,0,-0.00928597990423441,0.3491191864013672,0.014120678417384624,1,0.9924230575561523,-0.10922238975763321,-0.05627971887588501,0,0.10729914903640747,0.9935693144798279,-0.03613852709531784,0,0.05986497923731804,0.02982596680521965,0.9977612495422363,0,-0.00775599991902709,0.09732399880886078,0,1,0.9892311096191406,-0.10203827917575836,-0.10492511093616486,0,0.09465469419956207,0.9928225874900818,-0.0731048434972763,0,0.11163153499364853,0.06238595023751259,0.9917896389961243,0,0,0.11390499770641327,0,1,0.9873970150947571,0.10525161027908325,-0.11819472163915634,0,-0.11168685555458069,0.9925254583358765,-0.049193065613508224,0,0.11213355511426926,0.06177384406328201,0.9917712807655334,0,0,0.13017700612545013,0,1,0.9756054282188416,-0.06677837669849396,-0.20912785828113556,0,0.059752851724624634,0.9974217414855957,-0.03974122926592827,0,0.21124257147312164,0.02627577632665634,0.9770804047584534,0,0,0.1464499980211258,0,1,0.9074622988700867,0.05398673936724663,-0.4166495203971863,0,-0.09104681760072708,0.9934130907058716,-0.06957986205816269,0,0.41014885902404785,0.10107574611902237,0.9064005017280579,0,0.04863499850034714,0.05214399844408035,0,1,-0.9521436095237732,-0.027959264814853668,-0.3043700158596039,0,0.28046056628227234,0.31595873832702637,-0.9063727259635925,0,0.12150992453098297,-0.9483608603477478,-0.29299676418304443,0,0.005956000182777643,0.1650869995355606,-0.1600629985332489,1,0.9941334128379822,-0.10385008156299591,0.030225766822695732,0,0.010097997263073921,0.36735203862190247,0.9300270676612854,0,-0.10768692940473557,-0.9242662191390991,0.3662457764148712,0,0,0.32193100452423096,0,1,-0.8570623397827148,-0.47228533029556274,-0.20589041709899902,0,-0.4937632381916046,0.8670504689216614,0.06649496406316757,0,0.14711281657218933,0.15865148603916168,-0.9763136506080627,0,0,0.3142760097980499,0,1,0.903039813041687,0.027257224544882774,-0.4286907911300659,0,0.36919304728507996,0.46089765429496765,0.8070123791694641,0,0.21957968175411224,-0.8870347142219543,0.4061460793018341,0,0.009719000197947025,0.16478699445724487,0.1600629985332489,1,-0.8022280335426331,-0.49514156579971313,-0.33356523513793945,0,-0.3920057713985443,0.01545808557420969,0.9198323488235474,0,-0.4502910375595093,0.8686749935150146,-0.20649923384189606,0,0,0.32222801446914673,0,1,0.6476244926452637,0.7151666283607483,-0.2629052996635437,0,-0.747050940990448,0.6638801693916321,-0.03432254120707512,0,0.14999134838581085,0.21863186359405518,0.9642114639282227,0,0,0.3085870146751404,0,1,-0.32569584250450134,-0.9242079854011536,0.19940386712551117,0,0.4566354751586914,-0.33843785524368286,-0.8227660655975342,0,0.8278926014900208,-0.17691662907600403,0.5322539806365967,0,-0.002380999969318509,-0.05394800007343292,-0.14911900460720062,1,-0.10504213720560074,0.14525474607944489,-0.9838026165962219,0,0.9511987566947937,0.3033091127872467,-0.05677855759859085,0,0.2901489734649658,-0.9417562484741211,-0.17002639174461365,0,0,0.1894489973783493,0,1,-0.9496998190879822,-0.29738691449165344,-0.09813466668128967,0,-0.05429341644048691,0.46498167514801025,-0.8836534023284912,0,0.3084181249141693,-0.8338783383369446,-0.45773977041244507,0,0,0.13586999475955963,0,1,0.9853320121765137,-0.08160995692014694,-0.14987099170684814,0,0.154335156083107,0.8009040355682373,0.5785618424415588,0,0.07281583547592163,-0.5932056307792664,0.8017513751983643,0,0,0.21759499609470367,0,1,-0.796303927898407,-0.528784453868866,0.2937455475330353,0,0.5639316439628601,-0.47329995036125183,0.6767330765724182,0,-0.21881617605686188,0.7045376896858215,0.6750889420509338,0,-0.002560999942943454,-0.05394800007343292,0.14911900460720062,1,-0.04135989770293236,0.10412564873695374,0.9937033653259277,0,0.9923127889633179,-0.1118253692984581,0.05301961302757263,0,0.11664190143346786,0.9882575869560242,-0.09870022535324097,0,0,0.18951599299907684,0,1,0.7801699042320251,0.579384982585907,0.23589825630187988,0,0.018858706578612328,-0.39870625734329224,0.9168843626976013,0,0.6252835988998413,-0.7108773589134216,-0.3219853341579437,0,0,0.14189699292182922,0,1,0.9972500205039978,0.05678141489624977,0.04763694852590561,0,-0.07352554053068161,0.8389621376991272,0.5392009615898132,0,-0.009348989464342594,-0.5412200689315796,0.8408288955688477,0,0,0.22331799566745758,0,1
K0.202,0.5857738256454468,-0.17958462238311768,0.7903281450271606,0,0.028936201706528664,0.9791542887687683,0.20104430615901947,0,-0.80995774269104,-0.09489741921424866,0.578759491443634,0,-0.01135802548378706,0.3486689329147339,0.014960424043238163,1,0.992441713809967,-0.10875339061021805,-0.056846778839826584,0,0.10677234083414078,0.9936017394065857,-0.0368046909570694,0,0.06048571690917015,0.03045685961842537,0.997704029083252,0,-0.00775599991902709,0.09732399880886078,0,1,0.9894867539405823,-0.10146917402744293,-0.10305556654930115,0,0.09404405206441879,0.9927747845649719,-0.07452970743179321,0,0.10987332463264465,0.06405432522296906,0.9918790459632874,0,0,0.11390499770641327,0,1,0.9874548316001892,0.10624424368143082,-0.1168152391910553,0,-0.11276521533727646,0.9923272132873535,-0.05069121718406677,0,0.11053330451250076,0.06322798877954483,0.9918590784072876,0,0,0.13017700612545013,0,1,0.9731776714324951,-0.05898279324173927,-0.22236619889736176,0,0.04819279536604881,0.9973962903022766,-0.053646016865968704,0,0.22495143115520477,0.04149066284298897,0.9734864234924316,0,0,0.1464499980211258,0,1,0.9054330587387085,0.04830840602517128,-0.4217309355735779,0,-0.08819495886564255,0.9932318329811096,-0.07557705044746399,0,0.41522568464279175,0.10562452673912048,0.9035657048225403,0,0.04863499850034714,0.05214399844408035,0,1,-0.9529290199279785,-0.028733080253005028,-0.30182918906211853,0,0.2782645523548126,0.3124232590198517,-0.9082728028297424,0,0.1203959584236145,-0.9495081305503845,-0.28972184658050537,0,0.005956000182777643,0.1650869995355606,-0.1600629985332489,1,0.993755578994751,-0.10835231095552444,0.026634100824594498,0,0.015857040882110596,0.3734278976917267,0.9275236129760742,0,-0.11044527590274811,-0.9213097095489502,0.3728143274784088,0,0,0.32193100452423096,0,1,-0.8595190644264221,-0.46853911876678467,-0.20420299470424652,0,-0.48991721868515015,0.8691154718399048,0.06796463578939438,0,0.14563190937042236,0.15845948457717896,-0.9765667915344238,0,0,0.3142760097980499,0,1,0.9094519019126892,0.017488623037934303,-0.4154408872127533,0,0.35613444447517395,0.48295336961746216,0.799953281879425,0,0.2146286517381668,-0.875471830368042,0.432994544506073,0,0.009719000197947025,0.16478699445724487,0.1600629985332489,1,-0.8000656962394714,-0.49979060888290405,-0.3318192958831787,0,-0.38134655356407166,-0.0032816994935274124,0.9244261980056763,0,-0.46310847997665405,0.866139829158783,-0.187967911362648,0,0,0.32222801446914673,0,1,0.6385795474052429,0.7200831770896912,-0.27147039771080017,0,-0.7523961067199707,0.6582826375961304,-0.02374669723212719,0,0.16160474717617035,0.21941758692264557,0.9621542692184448,0,0,0.3085870146751404,0,1,-0.3512685298919678,-0.9123820066452026,0.2101641446352005,0,0.4284084141254425,-0.35621917247772217,-0.830406129360199,0,0.8325120806694031,-0.20165947079658508,0.5160006880760193,0,-0.002380999969318509,-0.05394800007343292,-0.14911900460720062,1,-0.08585857599973679,0.1397857666015625,-0.9864518046379089,0,0.9475345611572266,0.3174477517604828,-0.03748723119497299,0,0.30790674686431885,-0.9379159212112427,-0.1597074419260025,0,0,0.1894489973783493,0,1,-0.9435144662857056,-0.3168412744998932,-0.09691192209720612,0,-0.06450842320919037,0.4625592529773712,-0.8842382431030273,0,0.3249908685684204,-0.8280404806137085,-0.4568706154823303,0,0,0.13586999475955963,0,1,0.9853321313858032,-0.08161166310310364,-0.1498696208000183,0,0.15433542430400848,0.800906777381897,0.5785582065582275,0,0.07281443476676941,-0.593201756477356,0.8017541170120239,0,0,0.21759499609470367,0,1,-0.7592792510986328,-0.5596045851707458,0.3321721851825714,0,0.6108963489532471,-0.4370017647743225,0.660178005695343,0,-0.2242787778377533,0.7041820287704468,0.6736664772033691,0,-0.002560999942943454,-0.05394800007343292,0.14911900460720062,1,-0.0425444059073925,0.11343974620103836,0.992633581161499,0,0.9891957640647888,-0.13472749292850494,0.05779392272233963,0,0.1402912139892578,0.9843681454658508,-0.10648226737976074,0,0,0.18951599299907684,0,1,0.7886542081832886,0.5708092451095581,0.22847424447536469,0,0.015244276262819767,-0.3896411657333374,0.9208405613899231,0,0.6146476864814758,-0.7227423191070557,-0.31599393486976624,0,0,0.14189699292182922,0,1,0.9972500205039978,0.056781105697155,0.047636352479457855,0,-0.07352489233016968,0.8389613032341003,0.5392006635665894,0,-0.009348643943667412,-0.5412201881408691,0.8408288359642029,0,0,0.22331799566745758,0,1
