4.567,30,136,25
B0,mixamorig_Hips,-1,0.194243386387825,0.5064916610717773,0.8400806188583374,0,-0.042563606053590775,0.8599371910095215,-0.5086218118667603,0,-0.9800298810005188,0.06303960829973221,0.18859533965587616,0,-0.010110817849636078,0.3139525055885315,-0.09675896167755127,1
B1,mixamorig_Spine,0,0.9888488054275513,-0.1395888477563858,-0.051898207515478134,0,0.14251703023910522,0.9881035685539246,0.05779682472348213,0,0.04321301355957985,-0.06454870104789734,0.9969788193702698,0,-0.00775599991902709,0.09732399880886078,0,1
B2,mixamorig_Spine1,1,0.8186478614807129,-0.554652214050293,-0.14891742169857025,0,0.5713563561439514,0.8128011226654053,0.11360444128513336,0,0.05802931264042854,-0.1780870109796524,0.9823023080825806,0,0,0.11390499770641327,0,1
B3,mixamorig_Spine2,2,0.8156282305717468,-0.559840202331543,-0.14604641497135162,0,0.5748804211616516,0.8126596808433533,0.09537475556135178,0,0.06529142707586288,-0.16174961626529694,0.9846696853637695,0,0,0.13017700612545013,0,1
B4,mixamorig_Neck,3,0.9780128598213196,-0.1285635232925415,0.16420124471187592,0,0.08092053979635239,0.9596291184425354,0.269376665353775,0,-0.1922043114900589,-0.25016656517982483,0.9489330053329468,0,0,0.1464499980211258,0,1
B5,mixamorig_Head,4,0.9475177526473999,0.3095482587814331,0.07994232326745987,0,-0.2825588285923004,0.9278092980384827,-0.24357879161834717,0,-0.1495705246925354,0.2082066833972931,0.9665807485580444,0,0.04863499850034714,0.05214399844408035,0,1
B6,mixamorig_HeadTop_End,5,1,0,0,0,0,1,0,0,0,0,1,0,0.27559199929237366,0.29547199606895447,0,1
B7,mixamorig_LeftShoulder,3,-0.8838532567024231,0.07063889503479004,-0.4624001681804657,0,0.4372063875198364,0.476189523935318,-0.7629512548446655,0,0.16629597544670105,-0.87650066614151,-0.45176514983177185,0,0.005956000182777643,0.1650869995355606,-0.1600629985332489,1
B8,mixamorig_LeftArm,7,0.4093983471393585,0.2671029567718506,0.8723810315132141,0,-0.7007237672805786,0.704399585723877,0.11317063868045807,0,-0.5842767357826233,-0.6576300859451294,0.4755454957485199,0,0,0.32193100452423096,0,1
B9,mixamorig_LeftForeArm,8,0.011478289030492306,-0.9199540019035339,0.39185798168182373,0,-0.9891157746315002,0.04704310745000839,0.13941478729248047,0,-0.14668941497802734,-0.38919323682785034,-0.9094011187553406,0,0,0.3142760097980499,0,1
B10,mixamorig_LeftHand,9,1,0,0,0,0,1,0,0,0,0,1,0,0,0.3415290117263794,0,1
B11,mixamorig_RightShoulder,3,0.9992790222167969,-0.030800795182585716,-0.022197339683771133,0,0.03672214224934578,0.6357055306434631,0.7710577249526978,0,-0.009638220071792603,-0.7713170647621155,0.636378288269043,0,0.009719000197947025,0.16478699445724487,0.1600629985332489,1
B12,mixamorig_RightArm,11,-0.7660245299339294,0.2084084153175354,0.6080894470214844,0,0.5486961007118225,0.7048025131225586,0.44965073466300964,0,-0.3348720371723175,0.6780998110771179,-0.6542489528656006,0,0,0.32222801446914673,0,1
B13,mixamorig_RightForeArm,12,0.07240760326385498,0.917743444442749,-0.390518456697464,0,-0.9630566835403442,-0.0374932624399662,-0.26667580008506775,0,-0.2593817114830017,0.39540064334869385,0.8811238408088684,0,0,0.3085870146751404,0,1
B14,mixamorig_RightHand,13,1,0,0,0,0,1,0,0,0,0,1,0,0,0.33164098858833313,0,1
B15,mixamorig_LeftUpLeg,0,-0.5191646814346313,-0.848288357257843,-0.10428118705749512,0,0.7474148869514465,-0.391440212726593,-0.5367916226387024,0,0.4145343005657196,-0.35662466287612915,0.8372455835342407,0,-0.002380999969318509,-0.05394800007343292,-0.14911900460720062,1
B16,mixamorig_LeftLeg,15,0.08802841603755951,0.07786659151315689,-0.9930694103240967,0,0.9959954023361206,0.008763945661485195,0.08897491544485092,0,0.015631340444087982,-0.9969250559806824,-0.07678326219320297,0,0,0.1894489973783493,0,1
B17,mixamorig_LeftFoot,16,-0.9800581932067871,0.15640363097190857,0.1225719004869461,0,-0.012329564429819584,0.5677837133407593,-0.8230852484703064,0,-0.19832783937454224,-0.8081826567649841,-0.5545325875282288,0,0,0.13586999475955963,0,1
B18,mixamorig_LeftToeBase,17,0.9657262563705444,-0.18950413167476654,-0.17737218737602234,0,0.2594047784805298,0.7284609079360962,0.6340771317481995,0,0.009048468433320522,-0.6583561897277832,0.7526521682739258,0,0,0.21759499609470367,0,1
B19,mixamorig_LeftToe_End,18,1,0,0,0,0,1,0,0,0,0,1,0,0,0.11081799864768982,0,1
B20,mixamorig_RightUpLeg,0,-0.8018606901168823,-0.5888954997062683,0.10109928995370865,0,0.46626415848731995,-0.5108957886695862,0.7222070097923279,0,-0.373653382062912,0.6262485384941101,0.6842483878135681,0,-0.002560999942943454,-0.05394800007343292,0.14911900460720062,1
B21,mixamorig_RightLeg,20,0.0864352434873581,0.169480562210083,0.9817358255386353,0,0.9529024958610535,-0.30160242319107056,-0.03183002024888992,0,0.29069918394088745,0.9382495284080505,-0.1875675469636917,0,0,0.18951599299907684,0,1
B22,mixamorig_RightFoot,21,0.9857228398323059,0.13652236759662628,-0.09855128824710846,0,0.09016875177621841,0.06629480421543121,0.9937175512313843,0,0.1421980857849121,-0.9884160757064819,0.05303824320435524,0,0,0.14189699292182922,0,1
B23,mixamorig_RightToeBase,22,0.9619420170783997,0.26850199699401855,-0.050744570791721344,0,-0.18743643164634705,0.7834856510162354,0.5924670696258545,0,0.19883623719215393,-0.5604075193405151,0.8039947152137756,0,0,0.22331799566745758,0,1
B24,mixamorig_RightToe_End,23,1,0,0,0,0,1,0,0,0,0,1,0,0,0.11006999760866165,0,1
@20,0,1,2,3,4,5,7,8,9,11,12,13,15,16,17,18,20,21,22,23
K0,0.9999250173568726,0.0043995012529194355,-0.01144518330693245,0,-0.004603137262165546,0.9998300075531006,-0.017827501520514488,0,0.011364812962710857,0.017878862097859383,0.9997760057449341,0,0.018706997856497765,0.38884401321411133,-0.002159999217838049,1,0.9780309796333313,-0.20842987298965454,-0.0034149596467614174,0,0.20844711363315582,0.9780169725418091,0.0057901847176253796,0,0.002133039990440011,-0.006374815013259649,0.9999769926071167,0,-0.00775599991902709,0.09732399880886078,0,1,0.9389519691467285,-0.3439792990684509,-0.006925898138433695,0,0.3440477252006531,0.9388101100921631,0.01632075384259224,0,0.0008881021058186889,-0.01770724356174469,0.9998429417610168,0,0,0.11390499770641327,0,1,0.9759319424629211,-0.21801626682281494,-0.0050421045161783695,0,0.21807073056697845,0.9757930636405945,0.01654534600675106,0,0.001312895561568439,-0.017246656119823456,0.9998499751091003,0,0,0.13017700612545013,0,1,0.9912490248680115,-0.13103388249874115,0.015976373106241226,0,0.1310151368379593,0.9913780093193054,0.0022207903675734997,0,-0.0161296259611845,-0.00010820956231327727,0.9998700022697449,0,0,0.1464499980211258,0,1,0.9276589751243591,0.36963891983032227,-0.0530594177544117,0,-0.3712901175022125,0.9281719326972961,-0.025294169783592224,0,0.0398985780775547,0.043164826929569244,0.9982709288597107,0,0.04863499850034714,0.05214399844408035,0,1,-0.8648368120193481,0.34424713253974915,-0.36544516682624817,0,0.4824468493461609,0.36841610074043274,-0.7946791052818298,0,-0.13893015682697296,-0.8635759353637695,-0.48470091819763184,0,0.005956000182777643,0.1650869995355606,-0.1600629985332489,1,0.8571539521217346,0.08321621268987656,0.5082941055297852,0,-0.4609488248825073,0.5642611980438232,0.6849350333213806,0,-0.2298128604888916,-0.8213919997215271,0.5220169425010681,0,0,0.32193100452423096,0,1,-0.5645288825035095,-0.8159109950065613,0.12488707154989243,0,-0.7715140581130981,0.5753690600395203,0.2715086340904236,0,-0.2933829426765442,0.05692233890295029,-0.9542989134788513,0,0,0.3142760097980499,0,1,0.8899338841438293,-0.3278961181640625,-0.31702014803886414,0,0.43297484517097473,0.3889019787311554,0.813196063041687,0,-0.143354132771492,-0.8609528541564941,0.4880680441856384,0,0.009719000197947025,0.16478699445724487,0.1600629985332489,1,-0.9042310118675232,-0.04210705682635307,0.42496204376220703,0,0.36123502254486084,0.45532625913619995,0.813748836517334,0,-0.22776097059249878,0.889328122138977,-0.39650964736938477,0,0,0.32222801446914673,0,1,0.3777690529823303,0.8760589957237244,-0.29968494176864624,0,-0.9234391450881958,0.38006579875946045,-0.053011223673820496,0,0.06745904684066772,0.2967667877674103,0.9525640606880188,0,0,0.3085870146751404,0,1,-0.7426302433013916,-0.6562767624855042,-0.1334187388420105,0,0.5827301740646362,-0.535055935382843,-0.611670732498169,0,0.33003875613212585,-0.5319922566413879,0.779780924320221,0,-0.002380999969318509,-0.05394800007343292,-0.14911900460720062,1,0.15075798332691193,0.06287819892168045,-0.9865689277648926,0,0.982136070728302,0.10415468364953995,0.15671877562999725,0,0.1126098707318306,-0.9925709962844849,-0.04605274647474289,0,0,0.1894489973783493,0,1,-0.9639960527420044,-0.24453087151050568,0.10447727888822556,0,-0.11627116799354553,0.03426181152462959,-0.9926260709762573,0,0.23914828896522522,-0.9690359830856323,-0.06146024540066719,0,0,0.13586999475955963,0,1,0.9644620418548584,-0.1908135861158371,-0.1827659159898758,0,0.26347142457962036,0.7466259002685547,0.6108459234237671,0,0.019900068640708923,-0.6372910737991333,0.7703660130500793,0,0,0.21759499609470367,0,1,-0.709528923034668,-0.7043460011482239,-0.02155137062072754,0,0.5608419179916382,-0.5829570293426514,0.5878928303718567,0,-0.42664358019828796,0.4050401747226715,0.8086520433425903,0,-0.002560999942943454,-0.05394800007343292,0.14911900460720062,1,-0.022938814014196396,0.09012042731046677,0.9956668615341187,0,0.9947688579559326,0.10122168809175491,0.013756326399743557,0,-0.09954330325126648,0.9907738566398621,-0.09197086095809937,0,0,0.18951599299907684,0,1,0.9510998129844666,0.3083304762840271,-0.018497921526432037,0,0.013441468589007854,0.018515504896640778,0.9997379779815674,0,0.3085920810699463,-0.9510989785194397,0.013465674594044685,0,0,0.14189699292182922,0,1,0.9624710083007812,0.2669369578361511,-0.04893561825156212,0,-0.18976303935050964,0.7908721566200256,0.5818177461624146,0,0.19401036202907562,-0.5506961941719055,0.8118457198143005,0,0,0.22331799566745758,0,1
K0.034,0.9999239444732666,0.0042182328179478645,-0.011624815873801708,0,-0.0044288248755037785,0.9998259544372559,-0.01814994215965271,0,0.011546223424375057,0.018200034275650978,0.9997678995132446,0,0.018765507265925407,0.38882189989089966,-0.002207293873652816,1,0.9780622720718384,-0.20828835666179657,-0.003253097180277109,0,0.2083042860031128,0.9780463576316833,0.005811530165374279,0,0.001971206860616803,-0.0063616749830543995,0.9999780654907227,0,-0.00775599991902709,0.09732399880886078,0,1,0.9390369057655334,-0.3437515199184418,-0.006675289012491703,0,0.34381577372550964,0.9388942122459412,0.01639065332710743,0,0.0006330778705887496,-0.017686491832137108,0.9998430013656616,0,0,0.11390499770641327,0,1,0.9759865999221802,-0.2177744358778,-0.004969914443790913,0,0.21782754361629486,0.9758467674255371,0.01655605435371399,0,0.0012443899177014828,-0.01724107563495636,0.9998509287834167,0,0,0.13017700612545013,0,1,0.9912107586860657,-0.13135136663913727,0.01574375480413437,0,0.1313379853963852,0.9913356304168701,0.0018845193553715944,0,-0.015854882076382637,0.00019979715580120683,0.9998740553855896,0,0,0.1464499980211258,0,1,0.9274851083755493,0.36983874440193176,-0.054691512137651443,0,-0.37156105041503906,0.9280637502670288,-0.025294585153460503,0,0.04140229895710945,0.043781593441963196,0.9981831908226013,0,0.04863499850034714,0.05214399844408035,0,1,-0.8647869229316711,0.34409481287002563,-0.3657074272632599,0,0.4824654161930084,0.36752140522003174,-0.7950823307037354,0,-0.1391783505678177,-0.8640178442001343,-0.48384153842926025,0,0.005956000182777643,0.1650869995355606,-0.1600629985332489,1,0.857035756111145,0.083870530128479,0.5083861351013184,0,-0.4610093832015991,0.5654941201210022,0.6838762760162354,0,-0.23013214766979218,-0.8204766511917114,0.5233134627342224,0,0,0.32193100452423096,0,1,-0.5643818378448486,-0.8159389495849609,0.12536433339118958,0,-0.771513819694519,0.5753690600395203,0.27150940895080566,0,-0.2936660051345825,0.05651470646262169,-0.9542364478111267,0,0,0.3142760097980499,0,1,0.8899228572845459,-0.32803964614868164,-0.3169037699699402,0,0.4330041706562042,0.38926973938941956,0.8130051493644714,0,-0.14333675801753998,-0.8607316613197327,0.4884621202945709,0,0.009719000197947025,0.16478699445724487,0.1600629985332489,1,-0.904636561870575,-0.042235784232616425,0.4240863621234894,0,0.36049214005470276,0.4549473524093628,0.8142903447151184,0,-0.22732897102832794,0.8895159959793091,-0.39633601903915405,0,0,0.32222801446914673,0,1,0.377227246761322,0.8762842416763306,-0.29970818758010864,0,-0.9236587882041931,0.3795596957206726,-0.05280834436416626,0,0.06748205423355103,0.29674893617630005,0.9525681734085083,0,0,0.3085870146751404,0,1,-0.7426749467849731,-0.6559678912162781,-0.1346874237060547,0,0.5832415223121643,-0.5347971320152283,-0.6114094257354736,0,0.32903438806533813,-0.5326336026191711,0.7797678112983704,0,-0.002380999969318509,-0.05394800007343292,-0.14911900460720062,1,0.15092624723911285,0.06258195638656616,-0.9865622520446777,0,0.9821865558624268,0.10352148115634918,0.15682367980480194,0,0.11194469034671783,-0.9926565885543823,-0.04584303870797157,0,0,0.1894489973783493,0,1,-0.9638159275054932,-0.24527780711650848,0.10439333319664001,0,-0.11608640849590302,0.0336679071187973,-0.9926682710647583,0,0.23996472358703613,-0.9688678979873657,-0.060922954231500626,0,0,0.13586999475955963,0,1,0.9644620418548584,-0.1908135861158371,-0.1827659159898758,0,0.26347142457962036,0.7466259002685547,0.6108459234237671,0,0.019900068640708923,-0.6372910737991333,0.7703660130500793,0,0,0.21759499609470367,0,1,-0.7099573016166687,-0.7039046287536621,-0.02187134325504303,0,0.5603355169296265,-0.5834210515022278,0.5879152417182922,0,-0.42659643292427063,0.40513935685157776,0.808626651763916,0,-0.002560999942943454,-0.05394800007343292,0.14911900460720062,1,-0.0220552459359169,0.0899478867650032,0.9957022070884705,0,0.9948100447654724,0.10092425346374512,0.012918436899781227,0,-0.09932852536439896,0.9908201098442078,-0.09170698374509811,0,0,0.18951599299907684,0,1,0.951129674911499,0.30824506282806396,-0.018378648906946182,0,0.013533868826925755,0.0178480576723814,0.9997491240501404,0,0.30849575996398926,-0.9511398077011108,0.012804068624973297,0,0,0.14189699292182922,0,1,0.9624708890914917,0.26693645119667053,-0.04893576353788376,0,-0.18976257741451263,0.79087233543396,0.5818176865577698,0,0.19401021301746368,-0.5506961941719055,0.8118457794189453,0,0,0.22331799566745758,0,1
K0.067,0.9999167323112488,0.0038095051422715187,-0.012317067012190819,0,-0.004037317354232073,0.9998198747634888,-0.01852424256503582,0,0.012244287878274918,0.01857244409620762,0.9997526407241821,0,0.018834998831152916,0.388808012008667,-0.00224689650349319,1,0.9781113862991333,-0.20806275308132172,-0.0030019429977983236,0,0.20807725191116333,0.9780951142311096,0.005852330941706896,0,0.0017185320612043142,-0.006348860915750265,0.9999780058860779,0,-0.00775599991902709,0.09732399880886078,0,1,0.939182460308075,-0.34336718916893005,-0.005894826725125313,0,0.3434177041053772,0.9390354752540588,0.016610853374004364,0,-0.00016817061987239867,-0.017625026404857635,0.999845027923584,0,0,0.11390499770641327,0,1,0.9760789275169373,-0.21736593544483185,-0.0047128587029874325,0,0.21741466224193573,0.9759379029273987,0.01659650355577469,0,0.0009919432923197746,-0.0172241423279047,0.9998509883880615,0,0,0.13017700612545013,0,1,0.9911662340164185,-0.1317143440246582,0.01553440559655428,0,0.1317056119441986,0.991287112236023,0.0015819213585928082,0,-0.015607421286404133,0.0004780215967912227,0.9998780488967896,0,0,0.1464499980211258,0,1,0.9272271990776062,0.37018701434135437,-0.05667474865913391,0,-0.37199950218200684,0.9278870224952698,-0.025343680754303932,0,0.043205831199884415,0.044582296162843704,0.9980707168579102,0,0.04863499850034714,0.05214399844408035,0,1,-0.8647453784942627,0.343964159488678,-0.36592885851860046,0,0.4824795424938202,0.36676499247550964,-0.7954223155975342,0,-0.13938689231872559,-0.8643910884857178,-0.48311400413513184,0,0.005956000182777643,0.1650869995355606,-0.1600629985332489,1,0.8569979071617126,0.08490802347660065,0.5082758069038391,0,-0.4610738158226013,0.5668367147445679,0.6827205419540405,0,-0.23014116287231445,-0.8194435238838196,0.5249271988868713,0,0,0.32193100452423096,0,1,-0.563854455947876,-0.8160499930381775,0.12701037526130676,0,-0.7715150117874146,0.5753471255302429,0.2715509533882141,0,-0.2946740388870239,0.055124785751104355,-0.9540062546730042,0,0,0.3142760097980499,0,1,0.8899068236351013,-0.328237920999527,-0.3167433440685272,0,0.4330448508262634,0.389777809381485,0.8127391338348389,0,-0.14331229031085968,-0.8604260683059692,0.4890076220035553,0,0.009719000197947025,0.16478699445724487,0.1600629985332489,1,-0.9050102233886719,-0.04237982630729675,0.4232727885246277,0,0.35969507694244385,0.4549744129180908,0.8146271109580994,0,-0.22710224986076355,0.8894957304000854,-0.39651307463645935,0,0,0.32222801446914673,0,1,0.3772238790988922,0.8763033151626587,-0.2996566593647003,0,-0.9236449003219604,0.3796263039112091,-0.05257066711783409,0,0.06768970936536789,0.2966073155403137,0.9525973200798035,0,0,0.3085870146751404,0,1,-0.7425208687782288,-0.6556763648986816,-0.13693706691265106,0,0.5844060182571411,-0.5342516303062439,-0.6107731461524963,0,0.32731083035469055,-0.5335389375686646,0.7798746824264526,0,-0.002380999969318509,-0.05394800007343292,-0.14911900460720062,1,0.1517503559589386,0.062312476336956024,-0.9864528179168701,0,0.9821276664733887,0.10291387140750885,0.15758587419986725,0,0.11133929342031479,-0.9927369952201843,-0.04558160901069641,0,0,0.1894489973783493,0,1,-0.9636827111244202,-0.24593284726142883,0.10408084094524384,0,-0.11573651432991028,0.033384058624506,-0.9927192330360413,0,0.24066758155822754,-0.9687121510505676,-0.06063499674201012,0,0,0.13586999475955963,0,1,0.9644620418548584,-0.1908135861158371,-0.1827659159898758,0,0.26347142457962036,0.7466259002685547,0.6108459234237671,0,0.019900068640708923,-0.6372910737991333,0.7703660130500793,0,0,0.21759499609470367,0,1,-0.7105151414871216,-0.7033318281173706,-0.022207215428352356,0,0.5597074627876282,-0.5839880108833313,0.5879502296447754,0,-0.42649269104003906,0.4053177833557129,0.808591902256012,0,-0.002560999942943454,-0.05394800007343292,0.14911900460720062,1,-0.021212369203567505,0.08987464010715485,0.9957271218299866,0,0.9948261976242065,0.1008744165301323,0.012088228948414326,0,-0.09935696423053741,0.9908319115638733,-0.09154943376779556,0,0,0.18951599299907684,0,1,0.9510958194732666,0.30835777521133423,-0.01820983551442623,0,0.013613296672701836,0.017051424831151962,0.9997621178627014,0,0.3085949718952179,-0.951117753982544,0.012019776739180088,0,0,0.14189699292182922,0,1,0.9624708890914917,0.26693645119667053,-0.04893576353788376,0,-0.18976257741451263,0.79087233543396,0.5818176865577698,0,0.19401021301746368,-0.5506961941719055,0.8118457794189453,0,0,0.22331799566745758,0,1
K0.101,0.999912679195404,0.00336168403737247,-0.012738102115690708,0,-0.0036027024034410715,0.9998139142990112,-0.018945587798953056,0,0.012672051787376404,0.018989842385053635,0.9997395277023315,0,0.018903454765677452,0.3888085186481476,-0.002240617061033845,1,0.9781261682510376,-0.20799534022808075,-0.002812110586091876,0,0.20800861716270447,0.9781090617179871,0.005879125092178583,0,0.0015277203638106585,-0.0063354698941111565,0.9999790191650391,0,-0.00775599991902709,0.09732399880886078,0,1,0.9392852187156677,-0.34309422969818115,-0.005464282818138599,0,0.34313708543777466,0.9391340017318726,0.016861509531736374,0,-0.0006533931591548026,-0.01771276257932186,0.9998428821563721,0,0,0.11390499770641327,0,1,0.9761443734169006,-0.21708008646965027,-0.004347846377640963,0,0.21712280809879303,0.9759992361068726,0.016834814101457596,0,0.0005889917374588549,-0.017377221956849098,0.9998489618301392,0,0,0.13017700612545013,0,1,0.9911087155342102,-0.13215787708759308,0.01543622650206089,0,0.13215145468711853,0.9912287592887878,0.0014396910555660725,0,-0.015491094440221786,0.000613029464147985,0.9998800754547119,0,0,0.1464499980211258,0,1,0.9270340800285339,0.3704559803009033,-0.058059412986040115,0,-0.37234553694725037,0.9277390241622925,-0.02567242458462715,0,0.04435347393155098,0.04541736841201782,0.9979832172393799,0,0.04863499850034714,0.05214399844408035,0,1,-0.8647031188011169,0.3438566327095032,-0.3661298453807831,0,0.4824974238872528,0.36607134342193604,-0.7957313060760498,0,-0.139587864279747,-0.8647283315658569,-0.4824531376361847,0,0.005956000182777643,0.1650869995355606,-0.1600629985332489,1,0.8569309115409851,0.08657100796699524,0.5081090927124023,0,-0.4613988697528839,0.5682340264320374,0.6813386082649231,0,-0.22974064946174622,-0.8183009028434753,0.5268809199333191,0,0,0.32193100452423096,0,1,-0.5631448030471802,-0.8162477612495422,0.12887372076511383,0,-0.7715230584144592,0.5752059817314148,0.27182817459106445,0,-0.29600781202316284,0.05364951491355896,-0.9536773562431335,0,0,0.3142760097980499,0,1,0.8899075984954834,-0.3282316327095032,-0.3167475461959839,0,0.43304330110549927,0.38976335525512695,0.8127478361129761,0,-0.14331278204917908,-0.8604347705841064,0.48899129033088684,0,0.009719000197947025,0.16478699445724487,0.1600629985332489,1,-0.9055666327476501,-0.043463531881570816,0.42197057604789734,0,0.35776597261428833,0.45623308420181274,0.8147734999656677,0,-0.22792981564998627,0.8887982368469238,-0.39759954810142517,0,0,0.32222801446914673,0,1,0.3764653503894806,0.8767984509468079,-0.2991614043712616,0,-0.9239766597747803,0.37884023785591125,-0.05240879952907562,0,0.06738245487213135,0.2961483895778656,0.9527618885040283,0,0,0.3085870146751404,0,1,-0.7424401640892029,-0.655310332775116,-0.13910825550556183,0,0.5854897499084473,-0.5338226556777954,-0.6101115345954895,0,0.32555297017097473,-0.5344172716140747,0.7800081968307495,0,-0.002380999969318509,-0.05394800007343292,-0.14911900460720062,1,0.1523299366235733,0.06221657618880272,-0.9863693714141846,0,0.9821034669876099,0.10231950879096985,0.15812507271766663,0,0.11076280474662781,-0.9928038120269775,-0.04551678150892258,0,0,0.1894489973783493,0,1,-0.9635247588157654,-0.24676980078220367,0.10356487333774567,0,-0.11513463407754898,0.032885901629924774,-0.9928057193756104,0,0.24158848822116852,-0.9685161709785461,-0.060098227113485336,0,0,0.13586999475955963,0,1,0.9644620418548584,-0.1908136010169983,-0.1827659159898758,0,0.26347145438194275,0.7466259002685547,0.6108459234237671,0,0.019900063052773476,-0.6372910737991333,0.7703660130500793,0,0,0.21759499609470367,0,1,-0.7111531496047974,-0.7026877403259277,-0.02216559834778309,0,0.5591891407966614,-0.5844725966453552,0.5879626274108887,0,-0.42610907554626465,0.40573650598526,0.8085845112800598,0,-0.002560999942943454,-0.05394800007343292,0.14911900460720062,1,-0.020342206582427025,0.08994333446025848,0.995738685131073,0,0.9947723746299744,0.10150325298309326,0.011153892613947392,0,-0.10006753355264664,0.9907609224319458,-0.0915379747748375,0,0,0.18951599299907684,0,1,0.9510083794593811,0.3086310625076294,-0.018132081255316734,0,0.013581831008195877,0.016885485500097275,0.9997650980949402,0,0.3088648021221161,-0.951031506061554,0.011866468004882336,0,0,0.14189699292182922,0,1,0.9624708890914917,0.2669364809989929,-0.04893580079078674,0,-0.18976253271102905,0.7908720374107361,0.581817090511322,0,0.1940101832151413,-0.5506958961486816,0.8118460178375244,0,0,0.22331799566745758,0,1
K0.134,0.9999048113822937,0.002985971746966243,-0.013502690009772778,0,-0.0032456337939947844,0.9998096823692322,-0.01924958825111389,0,0.01344263181090355,0.019291570410132408,0.999723494052887,0,0.01896943897008896,0.38883236050605774,-0.002267911098897457,1,0.9781309962272644,-0.20797327160835266,-0.0025832513347268105,0,0.2079852670431137,0.9781139492988586,0.005916614085435867,0,0.0012962165055796504,-0.006324502639472485,0.9999790191650391,0,-0.00775599991902709,0.09732399880886078,0,1,0.9393818378448486,-0.34283706545829773,-0.00503182178363204,0,0.34287184476852417,0.9392246603965759,0.017199086025357246,0,-0.001170472358353436,-0.017881764099001884,0.9998389482498169,0,0,0.11390499770641327,0,1,0.9762054681777954,-0.21681208908557892,-0.003991886507719755,0,0.21684876084327698,0.9760544300079346,0.017170928418636322,0,0.0001734334509819746,-0.017627988010644913,0.9998449683189392,0,0,0.13017700612545013,0,1,0.9910499453544617,-0.13260123133659363,0.015401490963995457,0,0.13259559869766235,0.9911689162254333,0.0013874255819246173,0,-0.015449450351297855,0.000667161715682596,0.9998800158500671,0,0,0.1464499980211258,0,1,0.9266345500946045,0.3713899552822113,-0.05846882238984108,0,-0.3733215928077698,0.9273324012756348,-0.026180323213338852,0,0.04449690878391266,0.04608725383877754,0.9979459047317505,0,0.04863499850034714,0.05214399844408035,0,1,-0.8647078275680542,0.3437052369117737,-0.36626189947128296,0,0.48247700929641724,0.3656730651855469,-0.7959273457527161,0,-0.13963215053081512,-0.8649567365646362,-0.4820297956466675,0,0.005956000182777643,0.1650869995355606,-0.1600629985332489,1,0.8568877577781677,0.08861510455608368,0.5078300833702087,0,-0.4619463086128235,0.5692269206047058,0.680137038230896,0,-0.22880008816719055,-0.817391037940979,0.5286988019943237,0,0,0.32193100452423096,0,1,-0.5623500347137451,-0.8164161443710327,0.13125018775463104,0,-0.7715331315994263,0.5751492977142334,0.27191969752311707,0,-0.2974882423877716,0.05165020003914833,-0.9533277750015259,0,0,0.3142760097980499,0,1,0.8898956179618835,-0.32838043570518494,-0.3166264295578003,0,0.4330735504627228,0.39014580845832825,0.8125474452972412,0,-0.14329421520233154,-0.8602049350738525,0.4894019067287445,0,0.009719000197947025,0.16478699445724487,0.1600629985332489,1,-0.9060938358306885,-0.04504940286278725,0.42067062854766846,0,0.35572656989097595,0.4571303725242615,0.8151629567146301,0,-0.2290240079164505,0.888258159160614,-0.3981778621673584,0,0,0.32222801446914673,0,1,0.3763429522514343,0.8770807981491089,-0.29848772287368774,0,-0.9240438342094421,0.3786882758140564,-0.0523209422826767,0,0.06714412569999695,0.29550638794898987,0.9529778957366943,0,0,0.3085870146751404,0,1,-0.7424128651618958,-0.6548604965209961,-0.1413535177707672,0,0.5865657925605774,-0.5334452390670776,-0.6094065308570862,0,0.3236719071865082,-0.5353444218635559,0.7801554203033447,0,-0.002380999969318509,-0.05394800007343292,-0.14911900460720062,1,0.1527254432439804,0.062404777854681015,-0.9862961769104004,0,0.9819968342781067,0.10267578065395355,0.15855614840984344,0,0.11116338521242142,-0.9927555918693542,-0.04560007154941559,0,0,0.1894489973783493,0,1,-0.963324248790741,-0.24794794619083405,0.10260888189077377,0,-0.11433384567499161,0.033320989459753036,-0.9928836822509766,0,0.2427644580602646,-0.96820068359375,-0.0604478158056736,0,0,0.13586999475955963,0,1,0.9644619226455688,-0.19081400334835052,-0.18276606500148773,0,0.26347190141677856,0.7466260194778442,0.6108459830284119,0,0.019899921491742134,-0.6372910141944885,0.7703660130500793,0,0,0.21759499609470367,0,1,-0.7121021151542664,-0.7017329335212708,-0.021942369639873505,0,0.5584146976470947,-0.5850558876991272,0.5881175398826599,0,-0.42553919553756714,0.40654703974723816,0.8084779977798462,0,-0.002560999942943454,-0.05394800007343292,0.14911900460720062,1,-0.01895877905189991,0.08992797881364822,0.9957677721977234,0,0.9947400093078613,0.10197023302316666,0.009730259887874126,0,-0.10066362470388412,0.9907142519950867,-0.09138816595077515,0,0,0.18951599299907684,0,1,0.9509381651878357,0.3088575601577759,-0.017995066940784454,0,0.013576465658843517,0.016449574381113052,0.9997721314430237,0,0.30908334255218506,-0.9509662985801697,0.011449338868260384,0,0,0.14189699292182922,0,1,0.9624710083007812,0.2669369876384735,-0.0489356629550457,0,-0.18976299464702606,0.7908719182014465,0.5818171501159668,0,0.19401033222675323,-0.5506958365440369,0.8118460178375244,0,0,0.22331799566745758,0,1
K0.168,0.9998987913131714,0.0028242249973118305,-0.013940601609647274,0,-0.003098777262493968,0.9998008012771606,-0.01971222087740898,0,0.013882155530154705,0.019753430038690567,0.9997084736824036,0,0.019017217680811882,0.38888102769851685,-0.002265403512865305,1,0.9781285524368286,-0.20798499882221222,-0.0024234531447291374,0,0.20799608528614044,0.9781115055084229,0.005935446824878454,0,0.001135923434048891,-0.006309699732810259,0.9999790191650391,0,-0.00775599991902709,0.09732399880886078,0,1,0.9394022226333618,-0.3427823781967163,-0.004821463488042355,0,0.3428134024143219,0.9392431378364563,0.01735435053706169,0,-0.00142024050001055,-0.017955588176846504,0.9998379945755005,0,0,0.11390499770641327,0,1,0.9762186408042908,-0.2167568802833557,-0.0038225657772272825,0,0.2167905867099762,0.9760646224021912,0.01733970455825329,0,-0.000027428943212726153,-0.017756016924977303,0.9998419880867004,0,0,0.13017700612545013,0,1,0.990979015827179,-0.13313138484954834,0.015366923995316029,0,0.13312660157680511,0.9910979866981506,0.0013389692176133394,0,-0.015408393926918507,0.0007188564632087946,0.9998811483383179,0,0,0.1464499980211258,0,1,0.9264745116233826,0.371817409992218,-0.05827741324901581,0,-0.37376919388771057,0.9271338582038879,-0.02682226523756981,0,0.04405798017978668,0.04663245379924774,0.9979398250579834,0,0.04863499850034714,0.05214399844408035,0,1,-0.8647056221961975,0.3436535596847534,-0.3663141131401062,0,0.4824722111225128,0.3655092716217041,-0.7960051894187927,0,-0.13965873420238495,-0.865045964717865,-0.48186084628105164,0,0.005956000182777643,0.1650869995355606,-0.1600629985332489,1,0.8570173978805542,0.09065938740968704,0.5072492957115173,0,-0.4623282849788666,0.5699743032455444,0.679251492023468,0,-0.2275385707616806,-0.8166460394859314,0.5303922891616821,0,0,0.32193100452423096,0,1,-0.5614822506904602,-0.8168073892593384,0.13253121078014374,0,-0.7718191742897034,0.5746997594833374,0.2720589339733124,0,-0.29838502407073975,0.050466060638427734,-0.9531101584434509,0,0,0.3142760097980499,0,1,0.8898831605911255,-0.32850873470306396,-0.316528856754303,0,0.4331054091453552,0.3904728293418884,0.8123729228973389,0,-0.14327578246593475,-0.860007643699646,0.4897542893886566,0,0.009719000197947025,0.16478699445724487,0.1600629985332489,1,-0.9065011143684387,-0.04659784212708473,0.4196245074272156,0,0.3539513349533081,0.4579381048679352,0.815481960773468,0,-0.23016183078289032,0.887762188911438,-0.3986281752586365,0,0,0.32222801446914673,0,1,0.3766268193721771,0.8767699599266052,-0.2990432679653168,0,-0.9239071607589722,0.37901926040649414,-0.052351877093315125,0,0.06744258850812912,0.29600533843040466,0.9528028964996338,0,0,0.3085870146751404,0,1,-0.7426508665084839,-0.6541211009025574,-0.14350846409797668,0,0.5874060988426208,-0.53337162733078,-0.6086611747741699,0,0.32159510254859924,-0.5363209843635559,0.7803443670272827,0,-0.002380999969318509,-0.05394800007343292,-0.14911900460720062,1,0.15313401818275452,0.062423255294561386,-0.9862321019172668,0,0.9819523692131042,0.10248491913080215,0.15895621478557587,0,0.11099636554718018,-0.9927738308906555,-0.04560268297791481,0,0,0.1894489973783493,0,1,-0.9631291627883911,-0.2490995079278946,0.10164511203765869,0,-0.1133408397436142,0.03302931413054466,-0.9930065870285034,0,0.24400021135807037,-0.9679142236709595,-0.06004469841718674,0,0,0.13586999475955963,0,1,0.9644619822502136,-0.19081304967403412,-0.18276572227478027,0,0.26347094774246216,0.7466260194778442,0.6108459830284119,0,0.019900256767868996,-0.6372910141944885,0.7703660130500793,0,0,0.21759499609470367,0,1,-0.7126906514167786,-0.7011122107505798,-0.02267838828265667,0,0.5576843619346619,-0.5859125256538391,0.5879577398300171,0,-0.42551174759864807,0.4063844680786133,0.8085733652114868,0,-0.002560999942943454,-0.05394800007343292,0.14911900460720062,1,-0.018509240821003914,0.08974030613899231,0.9957928657531738,0,0.994670033454895,0.10269973427057266,0.00923315342515707,0,-0.10143902897834778,0.9906559586524963,-0.09116284549236298,0,0,0.18951599299907684,0,1,0.9509421586990356,0.30884796380996704,-0.01792888157069683,0,0.013550770469009876,0.01631493680179119,0.9997749924659729,0,0.3090709149837494,-0.9509710073471069,0.01132943108677864,0,0,0.14189699292182922,0,1,0.9624710083007812,0.2669369876384735,-0.0489356629550457,0,-0.18976299464702606,0.7908719182014465,0.5818171501159668,0,0.19401033222675323,-0.5506958365440369,0.8118460178375244,0,0,0.22331799566745758,0,1
K0.201,0.9998920559883118,0.002851681085303426,-0.014445827342569828,0,-0.0031402891036123037,0.9997946619987488,-0.01999567821621895,0,0.01438584178686142,0.020038887858390808,0.9996957778930664,0,0.01902233622968197,0.38896605372428894,-0.0022767935879528522,1,0.9781156778335571,-0.20804986357688904,-0.002347779693081975,0,0.2080603390932083,0.9780977964401245,0.005945224314928055,0,0.0010594552149996161,-0.006303598638623953,0.9999799132347107,0,-0.00775599991902709,0.09732399880886078,0,1,0.9392943978309631,-0.3430795669555664,-0.004703971557319164,0,0.3431083559989929,0.9391344785690308,0.017415273934602737,0,-0.0015571623807772994,-0.017972037196159363,0.9998369812965393,0,0,0.11390499770641327,0,1,0.976150631904602,-0.21706406772136688,-0.0035966276191174984,0,0.21709369122982025,0.9759953022003174,0.017414860427379608,0,-0.0002698485623113811,-0.017780333757400513,0.9998417496681213,0,0,0.13017700612545013,0,1,0.9908966422080994,-0.1337524801492691,0.01527280081063509,0,0.1337500661611557,0.9910145998001099,0.0011897695949301124,0,-0.015294712036848068,0.0008637999417260289,0.9998829960823059,0,0,0.1464499980211258,0,1,0.9261372089385986,0.3726920485496521,-0.05804787948727608,0,-0.374663770198822,0.9267527461051941,-0.027506522834300995,0,0.043544571846723557,0.04722325876355171,0.9979345202445984,0,0.04863499850034714,0.05214399844408035,0,1,-0.8646987676620483,0.3436695635318756,-0.36631670594215393,0,0.4824801981449127,0.3654954433441162,-0.7960060834884644,0,-0.13967591524124146,-0.8650458455085754,-0.48185718059539795,0,0.005956000182777643,0.1650869995355606,-0.1600629985332489,1,0.8571938276290894,0.09230639785528183,0.5066535472869873,0,-0.46254831552505493,0.5705369710922241,0.678628146648407,0,-0.22642283141613007,-0.8160675764083862,0.5317569375038147,0,0,0.32193100452423096,0,1,-0.5603316426277161,-0.817467451095581,0.13332945108413696,0,-0.772358238697052,0.5738331079483032,0.2723557651042938,0,-0.2991507947444916,0.04963145777583122,-0.9529143571853638,0,0,0.3142760097980499,0,1,0.8898327350616455,-0.32836049795150757,-0.31682300567626953,0,0.43322888016700745,0.39006105065345764,0.8125060200691223,0,-0.14321444928646088,-0.8602505326271057,0.48934391140937805,0,0.009719000197947025,0.16478699445724487,0.1600629985332489,1,-0.9069832563400269,-0.047978103160858154,0.41842612624168396,0,0.3518316149711609,0.4597957730293274,0.8153542876243591,0,-0.2315095067024231,0.8867274522781372,-0.4001465141773224,0,0,0.32222801446914673,0,1,0.37637314200401306,0.876648485660553,-0.2997170090675354,0,-0.9239959120750427,0.3788035213947296,-0.05234842002391815,0,0.06764267385005951,0.29663974046707153,0.952590823173523,0,0,0.3085870146751404,0,1,-0.7430784702301025,-0.653195858001709,-0.1454993635416031,0,0.5880774259567261,-0.5336112380027771,-0.6078032851219177,0,0.3193744122982025,-0.5372103452682495,0.7806447148323059,0,-0.002380999969318509,-0.05394800007343292,-0.14911900460720062,1,0.1538630574941635,0.06234358623623848,-0.9861234426498413,0,0.9817978143692017,0.10282313078641891,0.15968869626522064,0,0.1113518550992012,-0.992743968963623,-0.0453881099820137,0,0,0.1894489973783493,0,1,-0.9629964828491211,-0.25000399351119995,0.1006748303771019,0,-0.11244313418865204,0.033206742256879807,-0.9931036233901978,0,0.24493661522865295,-0.9676747918128967,-0.0600891076028347,0,0,0.13586999475955963,0,1,0.9644620418548584,-0.1908136010169983,-0.1827659159898758,0,0.26347145438194275,0.7466259002685547,0.6108459234237671,0,0.019900063052773476,-0.6372910737991333,0.7703660130500793,0,0,0.21759499609470367,0,1,-0.7133030891418457,-0.7004634141921997,-0.02346930094063282,0,0.5568738579750061,-0.5867780447006226,0.5878625512123108,0,-0.42554736137390137,0.4062545895576477,0.808620035648346,0,-0.002560999942943454,-0.05394800007343292,0.14911900460720062,1,-0.018580259755253792,0.08945400267839432,0.9958178400993347,0,0.9945597648620605,0.10376130044460297,0.009235984645783901,0,-0.1025010421872139,0.9905713200569153,-0.0908951684832573,0,0,0.18951599299907684,0,1,0.9508699178695679,0.30907586216926575,-0.017875242978334427,0,0.01343874353915453,0.016477204859256744,0.9997734427452087,0,0.3093002736568451,-0.9508943557739258,0.011514084413647652,0,0,0.14189699292182922,0,1,0.9624710083007812,0.2669369876384735,-0.0489356629550457,0,-0.18976299464702606,0.7908719182014465,0.5818171501159668,0,0.19401033222675323,-0.5506958365440369,0.8118460178375244,0,0,0.22331799566745758,0,1
