3.133,30,94,25
B0,mixamorig_Hips,-1,-0.7820349335670471,-0.14366847276687622,0.6064493656158447,0,-0.1561952382326126,0.9871929287910461,0.032448481768369675,0,-0.6033445000648499,-0.06934867799282074,-0.7944598197937012,0,-0.014949559234082699,0.3555319607257843,-0.01568806730210781,1
B1,mixamorig_Spine,0,0.9920811057090759,-0.11709989607334137,-0.04541585594415665,0,0.11564284563064575,0.9927258491516113,-0.03349066153168678,0,0.04900726303458214,0.027973439544439316,0.9984065890312195,0,-0.00775599991902709,0.09732399880886078,0,1
B2,mixamorig_Spine1,1,0.9890438914299011,-0.1163627877831459,-0.0908423438668251,0,0.11045289784669876,0.9915802478790283,-0.06759268045425415,0,0.09794273972511292,0.05681832507252693,0.9935688972473145,0,0,0.11390499770641327,0,1
B3,mixamorig_Spine2,2,0.9906490445137024,0.08969887346029282,-0.10280343890190125,0,-0.09495918452739716,0.9943495988845825,-0.047461386770009995,0,0.0979652926325798,0.05677969008684158,0.9935688972473145,0,0,0.13017700612545013,0,1
B4,mixamorig_Neck,3,0.9840393662452698,-0.06122018024325371,-0.16708719730377197,0,0.061213016510009766,0.9981109499931335,-0.005197960417717695,0,0.1670898199081421,-0.005112915299832821,0.9859281182289124,0,0,0.1464499980211258,0,1
B5,mixamorig_Head,4,0.9159068465232849,0.06501749902963638,-0.39609089493751526,0,-0.09417081624269485,0.9940589070320129,-0.05458462983369827,0,0.39018839597702026,0.0872945711016655,0.9165874123573303,0,0.04863499850034714,0.05214399844408035,0,1
B6,mixamorig_HeadTop_End,5,1,0,0,0,0,1,0,0,0,0,1,0,0.27559199929237366,0.29547199606895447,0,1
B7,mixamorig_LeftShoulder,3,-0.9429846405982971,-0.029870694503188133,-0.3314942717552185,0,0.3056778907775879,0.31633222103118896,-0.8980504870414734,0,0.1316876858472824,-0.9481779336929321,-0.2891656160354614,0,0.005956000182777643,0.1650869995355606,-0.1600629985332489,1
B8,mixamorig_LeftArm,7,0.9935399889945984,-0.10969078540802002,0.02909882925450802,0,0.01184758823364973,0.3552663028240204,0.9346900582313538,0,-0.11286468058824539,-0.9283068776130676,0.35427072644233704,0,0,0.32193100452423096,0,1
B9,mixamorig_LeftForeArm,8,-0.8704092502593994,-0.4455152750015259,-0.20953184366226196,0,-0.46887409687042236,0.8799182176589966,0.0768154039978981,0,0.15014849603176117,0.1651049256324768,-0.9747798442840576,0,0,0.3142760097980499,0,1
B10,mixamorig_LeftHand,9,1,0,0,0,0,1,0,0,0,0,1,0,0,0.3415290117263794,0,1
B11,mixamorig_RightShoulder,3,0.8848533630371094,0.06045052781701088,-0.4619312286376953,0,0.40612807869911194,0.3856918513774872,0.8284329771995544,0,0.228242427110672,-0.9206453561782837,0.31673023104667664,0,0.009719000197947025,0.16478699445724487,0.1600629985332489,1
B12,mixamorig_RightArm,11,-0.7302966713905334,-0.5331552028656006,-0.4270976483821869,0,-0.5279151797294617,0.04366813600063324,0.8481734395027161,0,-0.4335576295852661,0.8448898196220398,-0.31335145235061646,0,0,0.32222801446914673,0,1
B13,mixamorig_RightForeArm,12,0.45711517333984375,0.8808370232582092,-0.12317290902137756,0,-0.8847191333770752,0.4645250141620636,0.03858226537704468,0,0.09120158851146698,0.09133689105510712,0.9916347861289978,0,0,0.3085870146751404,0,1
B14,mixamorig_RightHand,13,1,0,0,0,0,1,0,0,0,0,1,0,0,0.33164098858833313,0,1
B15,mixamorig_LeftUpLeg,0,-0.31445857882499695,-0.9211430549621582,0.22937214374542236,0,0.43366503715515137,-0.354341983795166,-0.8284786939620972,0,0.8444228768348694,-0.16105139255523682,0.510892927646637,0,-0.002380999969318509,-0.05394800007343292,-0.14911900460720062,1
B16,mixamorig_LeftLeg,15,-0.17904117703437805,0.15762366354465485,-0.9711328744888306,0,0.9217045307159424,0.3721061944961548,-0.1095321774482727,0,0.344099760055542,-0.9147084951400757,-0.21190482378005981,0,0,0.1894489973783493,0,1
B17,mixamorig_LeftFoot,16,-0.9417574405670166,-0.30644944310188293,-0.1384974718093872,0,-0.03950945660471916,0.5098078846931458,-0.8593805432319641,0,0.3339638113975525,-0.8038560748100281,-0.4922230839729309,0,0,0.13586999475955963,0,1
B18,mixamorig_LeftToeBase,17,0.9858259558677673,-0.07656029611825943,-0.14928336441516876,0,0.15043894946575165,0.7972701191902161,0.5845754742622375,0,0.07426390796899796,-0.598747730255127,0.7974873185157776,0,0,0.21759499609470367,0,1
B19,mixamorig_LeftToe_End,18,1,0,0,0,0,1,0,0,0,0,1,0,0,0.11081799864768982,0,1
B20,mixamorig_RightUpLeg,0,-0.797595202922821,-0.5462407469749451,0.2558567225933075,0,0.5609084367752075,-0.5156381726264954,0.6476878523826599,0,-0.22186397016048431,0.6601047515869141,0.7176613807678223,0,-0.002560999942943454,-0.05394800007343292,0.14911900460720062,1
B21,mixamorig_RightLeg,20,-0.04299447312951088,0.09437238425016403,0.9946082234382629,0,0.9937002658843994,-0.0990862175822258,0.052356962114572525,0,0.10349304229021072,0.990593433380127,-0.08951764553785324,0,0,0.18951599299907684,0,1
B22,mixamorig_RightFoot,21,0.8086552619934082,0.5494873523712158,0.21009549498558044,0,0.020366450771689415,-0.3830690383911133,0.9234952330589294,0,0.5879299640655518,-0.7425101399421692,-0.32096177339553833,0,0,0.14189699292182922,0,1
B23,mixamorig_RightToeBase,22,0.9973036646842957,0.055964577943086624,0.04747436195611954,0,-0.07282599806785583,0.8346272706985474,0.5459805130958557,0,-0.009067822247743607,-0.5479652285575867,0.8364517092704773,0,0,0.22331799566745758,0,1
B24,mixamorig_RightToe_End,23,1,0,0,0,0,1,0,0,0,0,1,0,0,0.11006999760866165,0,1
@20,0,1,2,3,4,5,7,8,9,11,12,13,15,16,17,18,20,21,22,23
K0,0.6368743181228638,-0.1316380649805069,0.7596458196640015,0,0.05129338800907135,0.9903669953346252,0.12861593067646027,0,-0.7692591547966003,-0.042947396636009216,0.6374917030334473,0,0.0012769995955750346,0.35662001371383667,0.0078959995880723,1,0.9924399852752686,-0.1116679236292839,-0.050920698791742325,0,0.11003506928682327,0.9933519959449768,-0.033824384212493896,0,0.05435929819941521,0.027965618297457695,0.9981299638748169,0,-0.00775599991902709,0.09732399880886078,0,1,0.9891099333763123,-0.10551903396844864,-0.10260231047868729,0,0.09902996569871902,0.9928650259971619,-0.06641797721385956,0,0.10887869447469711,0.05553402751684189,0.9925031065940857,0,0,0.11390499770641327,0,1,0.9883689880371094,0.10057606548070908,-0.11406984180212021,0,-0.10615192353725433,0.9933810234069824,-0.04389340057969093,0,0.10890015214681625,0.05549158900976181,0.9925029873847961,0,0,0.13017700612545013,0,1,0.9795820116996765,-0.11810832470655441,-0.16269604861736298,0,0.11895368248224258,0.9928890466690063,-0.004570309072732925,0,0.16207896173000336,-0.014876307919621468,0.9866660237312317,0,0,0.1464499980211258,0,1,0.9169901013374329,0.06647863239049911,-0.39333078265190125,0,-0.0962783545255661,0.9937499761581421,-0.05649992451071739,0,0.3871162235736847,0.08967906981706619,0.9176589250564575,0,0.04863499850034714,0.05214399844408035,0,1,-0.9436401724815369,-0.021673446521162987,-0.33026280999183655,0,0.30313342809677124,0.343983918428421,-0.888698935508728,0,0.13286618888378143,-0.9387250542640686,-0.3180270195007324,0,0.005956000182777643,0.1650869995355606,-0.1600629985332489,1,0.9949649572372437,-0.084425188601017,0.054006531834602356,0,-0.0203021839261055,0.35791417956352234,0.9335340261459351,0,-0.09814348071813583,-0.9299300312995911,0.35439804196357727,0,0,0.32193100452423096,0,1,-0.8546888828277588,-0.47448721528053284,-0.2106361836194992,0,-0.49604588747024536,0.8660961389541626,0.061781145632267,0,0.15311682224273682,0.15728884935379028,-0.975610077381134,0,0,0.3142760097980499,0,1,0.8737052083015442,0.06556744128465652,-0.48201653361320496,0,0.42381441593170166,0.3837979733943939,0.8204147815704346,0,0.2387893795967102,-0.9210859537124634,0.3075377643108368,0,0.009719000197947025,0.16478699445724487,0.1600629985332489,1,-0.7771698832511902,-0.4916823208332062,-0.39275458455085754,0,-0.47892478108406067,0.05726959556341171,0.8759859800338745,0,-0.40821361541748047,0.8688891530036926,-0.279986709356308,0,0,0.32222801446914673,0,1,0.6563729643821716,0.7124491930007935,-0.24817366898059845,0,-0.7435678839683533,0.6665500998497009,-0.053087081760168076,0,0.1275983452796936,0.21937891840934753,0.96725994348526,0,0,0.3085870146751404,0,1,-0.29543593525886536,-0.9387530088424683,0.1773689091205597,0,0.4991599917411804,-0.30997613072395325,-0.8091679215431213,0,0.8145900368690491,-0.15052205324172974,0.5601668357849121,0,-0.002380999969318509,-0.05394800007343292,-0.14911900460720062,1,-0.1714678555727005,0.1692361682653427,-0.9705449938774109,0,0.9624618887901306,0.2391596883535385,-0.12833690643310547,0,0.21039602160453796,-0.956118106842041,-0.2038915753364563,0,0,0.1894489973783493,0,1,-0.9506328701972961,-0.2824021577835083,-0.12863120436668396,0,-0.001709836651571095,0.4192754030227661,-0.9078578352928162,0,0.31031277775764465,-0.8628191947937012,-0.3990596532821655,0,0,0.13586999475955963,0,1,0.9853320717811584,-0.08160806447267532,-0.14987091720104218,0,0.1543339341878891,0.8009011149406433,0.5785658359527588,0,0.07281609624624252,-0.5932092070579529,0.8017478585243225,0,0,0.21759499609470367,0,1,-0.8613068461418152,-0.4747734069824219,0.18094605207443237,0,0.4554576575756073,-0.5636292099952698,0.6891149878501892,0,-0.2251870483160019,0.6759529113769531,0.7016969919204712,0,-0.002560999942943454,-0.05394800007343292,0.14911900460720062,1,-0.04706951230764389,0.06036876514554024,0.9970659613609314,0,0.9981459975242615,0.04140254855155945,0.044613730162382126,0,-0.0385877788066864,0.9973170757293701,-0.062205612659454346,0,0,0.18951599299907684,0,1,0.7756884098052979,0.5889143943786621,0.22690606117248535,0,-0.025533461943268776,-0.32995331287384033,0.9436517953872681,0,0.6305990815162659,-0.7377739548683167,-0.2409040927886963,0,0,0.14189699292182922,0,1,0.9972500801086426,0.056781966239213943,0.04763715714216232,0,-0.0735260471701622,0.8389612436294556,0.5392006635665894,0,-0.009348848834633827,-0.5412203073501587,0.8408287763595581,0,0,0.22331799566745758,0,1
K0.033,0.5969222784042358,-0.11235056072473526,0.7943935394287109,0,0.03747313469648361,0.9929699897766113,0.1122770607471466,0,-0.8014230728149414,-0.03725225850939751,0.5969358682632446,0,0.001639002119190991,0.3566409945487976,0.007082001771777868,1,0.9922879934310913,-0.11285500973463058,-0.05127376317977905,0,0.11126203835010529,0.993245005607605,-0.03293489292263985,0,0.05464424937963486,0.02697606012225151,0.9981409907341003,0,-0.00775599991902709,0.09732399880886078,0,1,0.9886560440063477,-0.10795705020427704,-0.1044248715043068,0,0.10139108449220657,0.9926360249519348,-0.06627877801656723,0,0.11081121861934662,0.05493919923901558,0.9923220276832581,0,0,0.11390499770641327,0,1,0.988074004650116,0.09804191440343857,-0.1187322735786438,0,-0.10356494039297104,0.9937660098075867,-0.041261740028858185,0,0.1139468178153038,0.0530662015080452,0.9920689463615417,0,0,0.13017700612545013,0,1,0.9791810512542725,-0.12373305857181549,-0.16091880202293396,0,0.12477005273103714,0.9921789765357971,-0.003684250172227621,0,0.16011612117290497,-0.016470300033688545,0.9869610071182251,0,0,0.1464499980211258,0,1,0.9185450673103333,0.05902855470776558,-0.3908839225769043,0,-0.0896562859416008,0.99413001537323,-0.06055835261940956,0,0.38501498103141785,0.09067083895206451,0.9184460639953613,0,0.04863499850034714,0.05214399844408035,0,1,-0.9497922658920288,-0.019401859492063522,-0.3122806251049042,0,0.28624066710472107,0.34913498163223267,-0.8922841548919678,0,0.1263400912284851,-0.9368720054626465,-0.3260522484779358,0,0.005956000182777643,0.1650869995355606,-0.1600629985332489,1,0.9965320229530334,-0.07306098937988281,0.039820119738578796,0,-0.010689853690564632,0.36218225955963135,0.9320458769798279,0,-0.0825183168053627,-0.92923903465271,0.3601451516151428,0,0,0.32193100452423096,0,1,-0.8486359119415283,-0.48711714148521423,-0.20623797178268433,0,-0.508414089679718,0.8587509393692017,0.06374265998601913,0,0.14605675637722015,0.15894843637943268,-0.9764230251312256,0,0,0.3142760097980499,0,1,0.8689260482788086,0.07186487317085266,-0.4896959364414215,0,0.4320489466190338,0.3725410997867584,0.8213079571723938,0,0.24145516753196716,-0.925229012966156,0.2926616668701172,0,0.009719000197947025,0.16478699445724487,0.1600629985332489,1,-0.8146424889564514,-0.45837658643722534,-0.3553154766559601,0,-0.4439127445220947,0.09855232387781143,0.8906341791152954,0,-0.3732285499572754,0.8832772374153137,-0.2837640643119812,0,0,0.32222801446914673,0,1,0.6518481969833374,0.7145078182220459,-0.25411078333854675,0,-0.7484959959983826,0.6600240468978882,-0.06419792026281357,0,0.12184933573007584,0.23204824328422546,0.9650418758392334,0,0,0.3085870146751404,0,1,-0.37124934792518616,-0.9139305353164673,0.16402673721313477,0,0.4558151066303253,-0.3332812488079071,-0.8253217935562134,0,0.8089538216590881,-0.23163428902626038,0.540313720703125,0,-0.002380999969318509,-0.05394800007343292,-0.14911900460720062,1,-0.16659478843212128,0.1878558099269867,-0.9679650664329529,0,0.9717072248458862,0.1979680210351944,-0.12881863117218018,0,0.16742682456970215,-0.9620393514633179,-0.21552132070064545,0,0,0.1894489973783493,0,1,-0.935546875,-0.3257535994052887,-0.1365138739347458,0,0.014510379172861576,0.3507300019264221,-0.9363643527030945,0,0.352903813123703,-0.877994179725647,-0.32339784502983093,0,0,0.13586999475955963,0,1,0.9880330562591553,-0.07329688966274261,-0.1357109248638153,0,0.1389116644859314,0.805261492729187,0.5764174461364746,0,0.06703320890665054,-0.5883716344833374,0.8058071732521057,0,0,0.21759499609470367,0,1,-0.8369237780570984,-0.5023201107978821,0.21732984483242035,0,0.5023473501205444,-0.5473731160163879,0.6693507432937622,0,-0.2172679752111435,0.6693709492683411,0.7104490399360657,0,-0.002560999942943454,-0.05394800007343292,0.14911900460720062,1,-0.06144297868013382,0.0679149255156517,0.9957969784736633,0,0.9975511431694031,0.0375811792910099,0.05898814648389816,0,-0.03341703116893768,0.9969830513000488,-0.0700576975941658,0,0,0.18951599299907684,0,1,0.7887356281280518,0.5738205313682556,0.2205130010843277,0,-0.04543459787964821,-0.3033173680305481,0.9518061876296997,0,0.6130510568618774,-0.7607420086860657,-0.21316580474376678,0,0,0.14189699292182922,0,1,0.9972679615020752,0.056499261409044266,0.047581981867551804,0,-0.07328471541404724,0.837459146976471,0.5415638089179993,0,-0.009250008501112461,-0.5435712933540344,0.8393117785453796,0,0,0.22331799566745758,0,1
K0.067,0.5578312277793884,-0.0924941822886467,0.8247846364974976,0,0.023199986666440964,0.9951199293136597,0.09590515494346619,0,-0.8296296000480652,-0.03436388075351715,0.5572543740272522,0,0.0018769972957670689,0.35650500655174255,0.007329997140914202,1,0.9918990731239319,-0.11599984019994736,-0.0517759844660759,0,0.11452510952949524,0.9929489493370056,-0.03060431033372879,0,0.05496100336313248,0.024426737800240517,0.9981900453567505,0,-0.00775599991902709,0.09732399880886078,0,1,0.9874410033226013,-0.11438213288784027,-0.10898482799530029,0,0.10764474421739578,0.9920070171356201,-0.06583525240421295,0,0.11564408987760544,0.05327678099274635,0.9918609857559204,0,0,0.11390499770641327,0,1,0.9881560206413269,0.09131105989217758,-0.12332475930452347,0,-0.09672608226537704,0.9945600032806396,-0.03864699974656105,0,0.11912514269351959,0.05011805519461632,0.9916139841079712,0,0,0.13017700612545013,0,1,0.9793319702148438,-0.12855182588100433,-0.156150221824646,0,0.12994009256362915,0.9915209412574768,-0.0013278293190523982,0,0.1549968719482422,-0.01898978278040886,0.9877319931983948,0,0,0.1464499980211258,0,1,0.9218989610671997,0.04949969798326492,-0.3842562735080719,0,-0.08307946473360062,0.9939910173416138,-0.0712769404053688,0,0.378418892621994,0.09763389080762863,0.9204710721969604,0,0.04863499850034714,0.05214399844408035,0,1,-0.9574187397956848,-0.016250425949692726,-0.2882451117038727,0,0.2638896107673645,0.3556918501853943,-0.8965738415718079,0,0.1170961856842041,-0.9344620108604431,-0.33625778555870056,0,0.005956000182777643,0.1650869995355606,-0.1600629985332489,1,0.9981610178947449,-0.06022408604621887,0.0069536492228507996,0,0.016024788841605186,0.37272366881370544,0.9278041124343872,0,-0.05846790969371796,-0.9259859323501587,0.37300312519073486,0,0,0.32193100452423096,0,1,-0.8425300121307373,-0.5021128058433533,-0.19500209391117096,0,-0.5225348472595215,0.8497740626335144,0.06958293914794922,0,0.13076914846897125,0.1605210155248642,-0.9783309698104858,0,0,0.3142760097980499,0,1,0.8621451258659363,0.07383193075656891,-0.5012537837028503,0,0.4435858428478241,0.3680550158023834,0.8171701431274414,0,0.24482212960720062,-0.9268679618835449,0.28456592559814453,0,0.009719000197947025,0.16478699445724487,0.1600629985332489,1,-0.8499154448509216,-0.42181363701820374,-0.31577932834625244,0,-0.40117010474205017,0.1294635683298111,0.9068080186843872,0,-0.3416222333908081,0.8973917365074158,-0.27925214171409607,0,0,0.32222801446914673,0,1,0.659187912940979,0.7036390900611877,-0.2652597427368164,0,-0.7409570813179016,0.6679469347000122,-0.06950327008962631,0,0.1282740831375122,0.24236159026622772,0.961668074131012,0,0,0.3085870146751404,0,1,-0.45361876487731934,-0.8815165162086487,0.13099561631679535,0,0.4359529912471771,-0.34769076108932495,-0.830094039440155,0,0.7772870063781738,-0.319438099861145,0.542018473148346,0,-0.002380999969318509,-0.05394800007343292,-0.14911900460720062,1,-0.13908593356609344,0.18628431856632233,-0.9726009368896484,0,0.9878838658332825,0.09438127279281616,-0.1231943666934967,0,0.068846195936203,-0.9779518246650696,-0.19715449213981628,0,0,0.1894489973783493,0,1,-0.9144271612167358,-0.37748655676841736,-0.1460394263267517,0,0.048926763236522675,0.25507575273513794,-0.9656818509101868,0,0.40178290009498596,-0.8901907801628113,-0.21477892994880676,0,0,0.13586999475955963,0,1,0.9900529980659485,-0.05016309395432472,-0.13144676387310028,0,0.1137973815202713,0.8349075317382812,0.5384985208511353,0,0.08273310214281082,-0.5481001734733582,0.8323107957839966,0,0,0.21759499609470367,0,1,-0.8202122449874878,-0.506421685218811,0.26606351137161255,0,0.5433568954467773,-0.5441949963569641,0.6392300128936768,0,-0.1789293736219406,0.6688712239265442,0.7215226292610168,0,-0.002560999942943454,-0.05394800007343292,0.14911900460720062,1,-0.0696263313293457,0.060074061155319214,0.9957630038261414,0,0.9971819519996643,0.032136470079422,0.0677868127822876,0,-0.027928020805120468,0.9976760149002075,-0.06214223429560661,0,0,0.18951599299907684,0,1,0.7883248329162598,0.5752072334289551,0.21835815906524658,0,-0.05618669465184212,-0.28611648082733154,0.9565459489822388,0,0.6126881837844849,-0.7663379311561584,-0.19323378801345825,0,0,0.14189699292182922,0,1,0.9973199963569641,0.05571688711643219,0.04742264375090599,0,-0.07261212915182114,0.8333279490470886,0.5479890704154968,0,-0.008986363187432289,-0.5499637722969055,0.8351401090621948,0,0,0.22331799566745758,0,1
K0.100,0.5169106721878052,-0.07244420796632767,0.8529680371284485,0,0.009873846545815468,0.9968510866165161,0.07868076860904694,0,-0.8559818267822266,-0.0322488509118557,0.515998125076294,0,0.002569999545812607,0.35551199316978455,0.007153000216931105,1,0.9913290143013,-0.12045590579509735,-0.052513085305690765,0,0.11917010694742203,0.9925069808959961,-0.026974940672516823,0,0.05536891892552376,0.02048305794596672,0.9982560873031616,0,-0.00775599991902709,0.09732399880886078,0,1,0.9856730103492737,-0.12345688045024872,-0.11492103338241577,0,0.11654612421989441,0.99105304479599,-0.0650528222322464,0,0.12192397564649582,0.050727177411317825,0.991241991519928,0,0,0.11390499770641327,0,1,0.988434910774231,0.08170684427022934,-0.12775331735610962,0,-0.08693915605545044,0.9955660104751587,-0.0359218530356884,0,0.12425171583890915,0.04661314934492111,0.9911550879478455,0,0,0.13017700612545013,0,1,0.9798300266265869,-0.13291503489017487,-0.1492220163345337,0,0.13472497463226318,0.9908810257911682,0.002041118685156107,0,0.14758998155593872,-0.02210388146340847,0.9888019561767578,0,0,0.1464499980211258,0,1,0.9264159202575684,0.038742389529943466,-0.37450215220451355,0,-0.0764906033873558,0.9933149814605713,-0.08645803481340408,0,0.3686489164829254,0.10874196887016296,0.9231860041618347,0,0.04863499850034714,0.05214399844408035,0,1,-0.9689051508903503,-0.011115753091871738,-0.24718482792377472,0,0.2260957658290863,0.3660701513290405,-0.9027029871940613,0,0.10052122175693512,-0.9305210709571838,-0.3521740734577179,0,0.005956000182777643,0.1650869995355606,-0.1600629985332489,1,0.9988110065460205,-0.03470174968242645,-0.03422771766781807,0,0.04493125155568123,0.38332581520080566,0.9225200414657593,0,-0.018892690539360046,-0.9229609370231628,0.3844291865825653,0,0,0.32193100452423096,0,1,-0.8356441259384155,-0.5193501114845276,-0.17881473898887634,0,-0.5381608605384827,0.839288055896759,0.07732321321964264,0,0.10991927236318588,0.1608457863330841,-0.9808400273323059,0,0,0.3142760097980499,0,1,0.8507151007652283,0.0761694386601448,-0.520078718662262,0,0.46235138177871704,0.362220823764801,0.809337854385376,0,0.25003015995025635,-0.9289750456809998,0.2729296386241913,0,0.009719000197947025,0.16478699445724487,0.1600629985332489,1,-0.8835579752922058,-0.3703978955745697,-0.2865847945213318,0,-0.3667760491371155,0.16677910089492798,0.9152379631996155,0,-0.29120582342147827,0.9137780666351318,-0.28321194648742676,0,0,0.32222801446914673,0,1,0.6653311848640442,0.6938570141792297,-0.2754956781864166,0,-0.7338511347770691,0.6756258606910706,-0.07065942138433456,0,0.13710439205169678,0.24918457865715027,0.9587020874023438,0,0,0.3085870146751404,0,1,-0.5325874090194702,-0.840540885925293,0.09920384734869003,0,0.3915821313858032,-0.348618745803833,-0.8515450358390808,0,0.7503431439399719,-0.41467589139938354,0.5148109197616577,0,-0.002380999969318509,-0.05394800007343292,-0.14911900460720062,1,-0.09682296961545944,0.1739259511232376,-0.9799870848655701,0,0.994596004486084,-0.020158272236585617,-0.1018439531326294,0,-0.03746812418103218,-0.9845519661903381,-0.1710342913866043,0,0,0.1894489973783493,0,1,-0.8790152668952942,-0.4718666970729828,-0.06837490200996399,0,0.005304650869220495,0.13371782004833221,-0.9910050630569458,0,0.47676509618759155,-0.8714709877967834,-0.1150369867682457,0,0,0.13586999475955963,0,1,0.980276882648468,-0.013703800737857819,-0.19715134799480438,0,0.10752817988395691,0.8739878535270691,0.4739021062850952,0,0.16581369936466217,-0.4857548475265503,0.8582240343093872,0,0,0.21759499609470367,0,1,-0.8032398819923401,-0.4981320798397064,0.32660403847694397,0,0.5829688906669617,-0.544858992099762,0.602724015712738,0,-0.12228298932313919,0.6745319366455078,0.7280480861663818,0,-0.002560999942943454,-0.05394800007343292,0.14911900460720062,1,-0.07456550747156143,0.04472324624657631,0.9962129592895508,0,0.9969260096549988,0.027436284348368645,0.07338716834783554,0,-0.024050278589129448,0.9986230731010437,-0.0466315858066082,0,0,0.18951599299907684,0,1,0.7779054641723633,0.5892754793167114,0.21821372210979462,0,-0.06485151499509811,-0.2701222896575928,0.9606398940086365,0,0.6250256896018982,-0.7614381909370422,-0.17191416025161743,0,0,0.14189699292182922,0,1,0.9973980188369751,0.05452776700258255,0.047157324850559235,0,-0.07157523930072784,0.8271070122718811,0.5574679970741272,0,-0.008606674149632454,-0.5593929886817932,0.8288580775260925,0,0,0.22331799566745758,0,1
K0.133,0.4713703393936157,-0.05237548053264618,0.8803794980049133,0,-0.0013349094660952687,0.9981920123100281,0.06009911000728607,0,-0.8819342851638794,-0.02950412593781948,0.4704475402832031,0,0.0029020004440099,0.3542500138282776,0.00819903053343296,1,0.9906509518623352,-0.1255982518196106,-0.053254012018442154,0,0.12454486638307571,0.9919549226760864,-0.022670680657029152,0,0.055672988295555115,0.01582622155547142,0.9983239769935608,0,-0.00775599991902709,0.09732399880886078,0,1,0.9836019277572632,-0.1338501125574112,-0.12087412178516388,0,0.12685008347034454,0.9898620247840881,-0.06389429420232773,0,0.128200963139534,0.047513656318187714,0.9906090497970581,0,0,0.11390499770641327,0,1,0.9887460470199585,0.07055345177650452,-0.13192397356033325,0,-0.07551132142543793,0.9965999722480774,-0.03295803442597389,0,0.1291501373052597,0.04254888743162155,0.99071204662323,0,0,0.13017700612545013,0,1,0.9804640412330627,-0.13716576993465424,-0.14097990095615387,0,0.1393892914056778,0.9902200102806091,0.005971834529191256,0,0.13878190517425537,-0.025506241247057915,0.9899939894676208,0,0,0.1464499980211258,0,1,0.9314960241317749,0.027568913996219635,-0.36270594596862793,0,-0.06982792168855667,0.9921309947967529,-0.10392015427350998,0,0.35698679089546204,0.1221281886100769,0.9260910749435425,0,0.04863499850034714,0.05214399844408035,0,1,-0.9778980612754822,-0.00676392950117588,-0.20897360146045685,0,0.19112060964107513,0.37638306617736816,-0.9065369963645935,0,0.08478584885597229,-0.9264398217201233,-0.366771399974823,0,0.005956000182777643,0.1650869995355606,-0.1600629985332489,1,0.9960958957672119,-0.013413487933576107,-0.08725391328334808,0,0.08546572178602219,0.39405500888824463,0.9151039123535156,0,0.02210811711847782,-0.9189888834953308,0.3936631381511688,0,0,0.32193100452423096,0,1,-0.8273149132728577,-0.5385971665382385,-0.15957076847553253,0,-0.5550751090049744,0.8274478316307068,0.08498326689004898,0,0.08626476675271988,0.15888173878192902,-0.9835221171379089,0,0,0.3142760097980499,0,1,0.8351521492004395,0.07971290498971939,-0.5442127585411072,0,0.48653608560562134,0.35439759492874146,0.7985512018203735,0,0.2565225660800934,-0.9316909909248352,0.2571927011013031,0,0.009719000197947025,0.16478699445724487,0.1600629985332489,1,-0.9119741320610046,-0.31299155950546265,-0.2652166187763214,0,-0.3338983356952667,0.1906740516424179,0.9231221079826355,0,-0.23835954070091248,0.9304190278053284,-0.2783970832824707,0,0,0.32222801446914673,0,1,0.6616030335426331,0.6981431245803833,-0.2736368477344513,0,-0.7319446206092834,0.6805444359779358,-0.03339946269989014,0,0.1629045605659485,0.22238434851169586,0.9612529873847961,0,0,0.3085870146751404,0,1,-0.6002914309501648,-0.7957287430763245,0.08041085302829742,0,0.35169485211372375,-0.3529323935508728,-0.867034912109375,0,0.718304455280304,-0.49219372868537903,0.4917161464691162,0,-0.002380999969318509,-0.05394800007343292,-0.14911900460720062,1,-0.06604751944541931,0.19310693442821503,-0.9789517521858215,0,0.9868617057800293,-0.13233886659145355,-0.09268628060817719,0,-0.14745180308818817,-0.9722116589546204,-0.18182909488677979,0,0,0.1894489973783493,0,1,-0.8444553017616272,-0.535585343837738,0.0066419304348528385,0,-0.005125406663864851,-0.0043197209015488625,-0.9999779462814331,0,0.5356017351150513,-0.8444700837135315,0.0009028131025843322,0,0,0.13586999475955963,0,1,0.9595662951469421,0.03496067598462105,-0.2793029546737671,0,0.11226282268762589,0.8623929619789124,0.49363407492637634,0,0.2581268846988678,-0.5050303936004639,0.8235991597175598,0,0,0.21759499609470367,0,1,-0.7800804972648621,-0.4884399175643921,0.3910248875617981,0,0.6228513717651367,-0.546875,0.5594493746757507,0,-0.05941567197442055,0.6799659729003906,0.730832040309906,0,-0.002560999942943454,-0.05394800007343292,0.14911900460720062,1,-0.08089206367731094,0.030074087902903557,0.9962689280509949,0,0.9964710474014282,0.024913934990763664,0.08015637844800949,0,-0.022410374134778976,0.999237060546875,-0.03198332339525223,0,0,0.18951599299907684,0,1,0.7602428793907166,0.6111071705818176,0.22040492296218872,0,-0.08165019005537033,-0.24669842422008514,0.9656460881233215,0,0.6444870829582214,-0.7521219849586487,-0.13765373826026917,0,0,0.14189699292182922,0,1,0.9974960088729858,0.05303095281124115,0.04678788781166077,0,-0.07024802267551422,0.8193389773368835,0.568989098072052,0,-0.008161105215549469,-0.5708512663841248,0.8210127949714661,0,0,0.22331799566745758,0,1
K0.167,0.41805049777030945,-0.03227608650922775,0.9078497290611267,0,-0.009106878191232681,0.9991699457168579,0.03971629962325096,0,-0.9083777070045471,-0.024871090427041054,0.41740942001342773,0,0.0029859987553209066,0.3536149859428406,0.011108971200883389,1,0.9899439811706543,-0.13080617785453796,-0.053857505321502686,0,0.129994735121727,0.9913450479507446,-0.01831773668527603,0,0.05578748881816864,0.011132349260151386,0.9983809590339661,0,-0.00775599991902709,0.09732399880886078,0,1,0.981550931930542,-0.14425624907016754,-0.1254899650812149,0,0.13731853663921356,0.9885640740394592,-0.062327008694410324,0,0.13304594159126282,0.043945036828517914,0.9901350140571594,0,0,0.11390499770641327,0,1,0.9889759421348572,0.05917705222964287,-0.13574007153511047,0,-0.06375516951084137,0.9975260496139526,-0.029627803713083267,0,0.13365082442760468,0.03795527294278145,0.9903010129928589,0,0,0.13017700612545013,0,1,0.9810450077056885,-0.14161676168441772,-0.13226734101772308,0,0.1441851705312729,0.9894999861717224,0.009997708722949028,0,0.1294628083705902,-0.02887922152876854,0.9911640286445618,0,0,0.1464499980211258,0,1,0.9365991353988647,0.016702156513929367,-0.3500036299228668,0,-0.06305701285600662,0.99058997631073,-0.12146777659654617,0,0.34468165040016174,0.13583692908287048,0.9288398027420044,0,0.04863499850034714,0.05214399844408035,0,1,-0.9853859543800354,-0.002838890766724944,-0.1703098565340042,0,0.1559261828660965,0.38741838932037354,-0.9086223244667053,0,0.06856067478656769,-0.9218998551368713,-0.38131409883499146,0,0.005956000182777643,0.1650869995355606,-0.1600629985332489,1,0.9896340370178223,0.008840951137244701,-0.14334075152873993,0,0.12780776619911194,0.4009847342967987,0.9071251153945923,0,0.06549729406833649,-0.916041910648346,0.3956981301307678,0,0,0.32193100452423096,0,1,-0.8170799016952515,-0.5594699382781982,-0.13918913900852203,0,-0.5731067061424255,0.8144581317901611,0.0905902087688446,0,0.06268126517534256,0.15378977358341217,-0.986113965511322,0,0,0.3142760097980499,0,1,0.8189920783042908,0.08609645068645477,-0.5673079490661621,0,0.5102633237838745,0.3429383635520935,0.7886852622032166,0,0.2624548375606537,-0.9354040026664734,0.23693208396434784,0,0.009719000197947025,0.16478699445724487,0.1600629985332489,1,-0.9413346648216248,-0.25324752926826477,-0.22305817902088165,0,-0.278374582529068,0.20903682708740234,0.9374487996101379,0,-0.19077922403812408,0.9445467591285706,-0.26727116107940674,0,0,0.32222801446914673,0,1,0.6792256832122803,0.6843553781509399,-0.2651619613170624,0,-0.7040441632270813,0.7096048593521118,0.02797156758606434,0,0.20730264484882355,0.16768667101860046,0.963797926902771,0,0,0.3085870146751404,0,1,-0.6549012064933777,-0.7538755536079407,0.052692607045173645,0,0.34615397453308105,-0.36122727394104004,-0.8658478260040283,0,0.6717751622200012,-0.5488047003746033,0.49752500653266907,0,-0.002380999969318509,-0.05394800007343292,-0.14911900460720062,1,-0.02754371054470539,0.22584660351276398,-0.9737731218338013,0,0.9644363522529602,-0.25017285346984863,-0.08530199527740479,0,-0.2628768980503082,-0.9414923191070557,-0.2109241634607315,0,0,0.1894489973783493,0,1,-0.8641691207885742,-0.5026689171791077,0.023139918223023415,0,0.029491141438484192,-0.0964992493391037,-0.9948961138725281,0,0.502336323261261,-0.8590760231018066,0.09821584075689316,0,0,0.13586999475955963,0,1,0.9833798408508301,0.002706133993342519,-0.1815388798713684,0,0.09287701547145844,0.8516591191291809,0.5158018469810486,0,0.15600502490997314,-0.5240898132324219,0.8372528553009033,0,0,0.21759499609470367,0,1,-0.7506563663482666,-0.48579299449920654,0.4477942883968353,0,0.6606926918029785,-0.5513668060302734,0.5093924403190613,0,-0.0005603478639386594,0.6782330870628357,0.7348469495773315,0,-0.002560999942943454,-0.05394800007343292,0.14911900460720062,1,-0.08745767921209335,0.017348023131489754,0.9960169792175293,0,0.9958940744400024,0.024987943470478058,0.0870116725564003,0,-0.023378919810056686,0.9995369911193848,-0.019462168216705322,0,0,0.18951599299907684,0,1,0.7476661801338196,0.6257238984107971,0.2224067598581314,0,-0.10206891596317291,-0.22265222668647766,0.969539999961853,0,0.6561837196350098,-0.7475932240486145,-0.10260262340307236,0,0,0.14189699292182922,0,1,0.9976070523262024,0.05132197216153145,0.04631891846656799,0,-0.0687030628323555,0.8105961084365845,0.5815608501434326,0,-0.007699092850089073,-0.5833519697189331,0.812183141708374,0,0,0.22331799566745758,0,1
K0.200,0.3540274500846863,-0.011886750347912312,0.9351592063903809,0,-0.011693940497934818,0.9997850060462952,0.01713523082435131,0,-0.9351618885993958,-0.017002040520310402,0.3538123369216919,0,0.0040959990583360195,0.3532469868659973,0.01727200299501419,1,0.9893289804458618,-0.13544932007789612,-0.05368788540363312,0,0.134870707988739,0.9907600283622742,-0.014273107051849365,0,0.05512510985136032,0.006879877299070358,0.9984560012817383,0,-0.00775599991902709,0.09732399880886078,0,1,0.9799150228500366,-0.15340185165405273,-0.1274118274450302,0,0.14672113955020905,0.9873369932174683,-0.06031671538949013,0,0.13505114614963531,0.04041125997900963,0.9900139570236206,0,0,0.11390499770641327,0,1,0.9890689849853516,0.04890565946698189,-0.13911037147045135,0,-0.05298933386802673,0.9982620477676392,-0.025802841410040855,0,0.13760662078857422,0.0328921377658844,0.9899410605430603,0,0,0.13017700612545013,0,1,0.9814050197601318,-0.1465757042169571,-0.12393726408481598,0,0.1493902951478958,0.9886839389801025,0.01367917563766241,0,0.12052970379590988,-0.03193982318043709,0.9921960234642029,0,0,0.1464499980211258,0,1,0.9412660598754883,0.006688595283776522,-0.3375987410545349,0,-0.05614638328552246,0.9889860153198242,-0.1369488537311554,0,0.3329641819000244,0.14786015450954437,0.931273877620697,0,0.04863499850034714,0.05214399844408035,0,1,-0.9909350872039795,0.0003521484904922545,-0.1343379020690918,0,0.12334383279085159,0.39859992265701294,-0.9087930917739868,0,0.05322706326842308,-0.91712486743927,-0.3950302004814148,0,0.005956000182777643,0.1650869995355606,-0.1600629985332489,1,0.9801059365272522,0.03187184035778046,-0.19589923322200775,0,0.16681784391403198,0.40249916911125183,0.9000929594039917,0,0.10753689706325531,-0.9148659706115723,0.38917505741119385,0,0,0.32193100452423096,0,1,-0.8047419786453247,-0.5814528465270996,-0.11959303915500641,0,-0.592126190662384,0.8005568385124207,0.09216932207345963,0,0.0421488955616951,0.14498667418956757,-0.9885349273681641,0,0,0.3142760097980499,0,1,0.8004051446914673,0.09446082264184952,-0.5919709205627441,0,0.5370168089866638,0.32584789395332336,0.7780971527099609,0,0.2663920521736145,-0.9406908750534058,0.21008317172527313,0,0.009719000197947025,0.16478699445724487,0.1600629985332489,1,-0.9681109189987183,-0.1893533617258072,-0.16403023898601532,0,-0.2081175148487091,0.24340416491031647,0.9473340511322021,0,-0.13945524394512177,0.9512619972229004,-0.2750500440597534,0,0,0.32222801446914673,0,1,0.7184320092201233,0.6486501097679138,-0.2512136697769165,0,-0.6536017060279846,0.7530820965766907,0.07530806958675385,0,0.23803332448005676,0.11009006202220917,0.9649979472160339,0,0,0.3085870146751404,0,1,-0.6587448716163635,-0.7478711009025574,-0.0821271538734436,0,0.4888388514518738,-0.3424737751483917,-0.8023392558097839,0,0.5719199776649475,-0.5686837434768677,0.5911912322044373,0,-0.002380999969318509,-0.05394800007343292,-0.14911900460720062,1,0.04380537569522858,0.2870877683162689,-0.9569021463394165,0,0.9099440574645996,-0.40686193108558655,-0.08041013032197952,0,-0.41241177916526794,-0.8672049641609192,-0.2790565490722656,0,0,0.1894489973783493,0,1,-0.9617379307746887,-0.2698609530925751,-0.04727990925312042,0,0.062219005078077316,-0.047070808708667755,-0.9969519972801208,0,0.26681283116340637,-0.9617480039596558,0.06206028163433075,0,0,0.13586999475955963,0,1,0.9967419505119324,-0.05981108918786049,0.05411422997713089,0,0.012446820735931396,0.7769318222999573,0.6294623613357544,0,-0.07969189435243607,-0.6267380118370056,0.7751450538635254,0,0,0.21759499609470367,0,1,-0.7194439768791199,-0.4944338798522949,0.48778706789016724,0,0.6931002140045166,-0.5564495921134949,0.4582311511039734,0,0.04486390948295593,0.6677567362785339,0.7430262565612793,0,-0.002560999942943454,-0.05394800007343292,0.14911900460720062,1,-0.09668681025505066,0.01344570517539978,0.995224118232727,0,0.9949300289154053,0.029118075966835022,0.0962647944688797,0,-0.02768472209572792,0.9994860887527466,-0.016192931681871414,0,0,0.18951599299907684,0,1,0.7452700138092041,0.6267319917678833,0.22755078971385956,0,-0.12706401944160461,-0.201524555683136,0.9712070822715759,0,0.6545437574386597,-0.7527250647544861,-0.07055509835481644,0,0,0.14189699292182922,0,1,0.9977229237556458,0.049531348049640656,0.04578002542257309,0,-0.06705565750598907,0.8014999032020569,0.5942241549491882,0,-0.007259968668222427,-0.5959407687187195,0.8029960989952087,0,0,0.22331799566745758,0,1
