0.667,30,19,33
B0,mixamorig_Hips,-1,0.9984580278396606,-0.05403198301792145,0.012716707773506641,0,0.05048195645213127,0.9791579842567444,0.19672814011573792,0,-0.023081280291080475,-0.195782870054245,0.9803759455680847,0,0.01998399943113327,0.4207000136375427,-0.026792999356985092,1
B1,mixamorig_Spine,0,0.9958760142326355,0.09035705029964447,-0.008202161639928818,0,-0.08850596100091934,0.9873890280723572,0.13125863671302795,0,0.0199588630348444,-0.1299913376569748,0.9913139343261719,0,0,0.09616000205278397,-0.004323999863117933,1
B2,mixamorig_Spine1,1,0.9999600052833557,0.00878017209470272,0.001529907574877143,0,-0.00882883183658123,0.9993339776992798,0.03539694473147392,0,-0.0012180979829281569,-0.035409048199653625,0.9993720054626465,0,0,0.11230000108480453,0,1
B3,mixamorig_Spine2,2,0.9999939799308777,0.0031067607924342155,0.0013370576780289412,0,-0.003211232367902994,0.9962090253829956,0.0869295671582222,0,-0.0010619204258546233,-0.08693341910839081,0.9962139129638672,0,0,0.12834300100803375,0,1
B4,mixamorig_Neck,3,0.999970018863678,-0.004717538598924875,0.006068845745176077,0,0.004850464873015881,0.9997439980506897,-0.022078098729252815,0,-0.005963143892586231,0.022106895223259926,0.9997379183769226,0,0,0.14438599348068237,0,1
B5,mixamorig_Head,4,0.998399019241333,-0.05653110519051552,0.0016740026185289025,0,0.05476389452815056,0.9589489698410034,-0.27824029326438904,0,0.014123957604169846,0.27788668870925903,0.9605101346969604,0,0,0.05262000113725662,0.05306600034236908,1
B6,mixamorig_HeadTop_End,5,1,0,0,0,0,1,0,0,0,0,1,0,0,0.2981710135936737,0.30069699883461,1
B7,mixamorig_LeftShoulder,3,0.0794830247759819,0.009740949608385563,-0.9967889785766602,0,0.9729220867156982,0.21695564687252045,0.07970006763935089,0,0.21703538298606873,-0.9761329889297485,0.007767101749777794,0,0.16010400652885437,0.1615850031375885,-0.00013899999612476677,1
B8,mixamorig_LeftArm,7,0.9574649930000305,0.17954608798027039,-0.22588716447353363,0,0.19668085873126984,0.16672295331954956,0.9661880135536194,0,0.2111358791589737,-0.9695189595222473,0.12431811541318893,0,0,0.32196301221847534,0,1
B9,mixamorig_LeftForeArm,8,-8.42160687852811e-8,1,0.000017999989722738974,0,-0.9999979734420776,-1.198379067091082e-7,0.001978999935090542,0,0.001978999935090542,-0.000017999820556724444,0.9999979734420776,0,0,0.3193959891796112,0,1
B10,mixamorig_LeftHand,9,-0.13277509808540344,-0.2087898701429367,-0.9689049124717712,0,-0.057367607951164246,0.9775399565696716,-0.20278918743133545,0,0.9894850254058838,0.028658438473939896,-0.14177094399929047,0,0,0.3529700040817261,0,1
B11,mixamorig_LeftHandIndex1,10,0.008251341059803963,-0.9978680610656738,-0.06473424285650253,0,-0.9951789379119873,-0.014521577395498753,0.09699639678001404,0,-0.0977296382188797,0.06362179666757584,-0.993177056312561,0,0,0.10231500118970871,0,1
B12,mixamorig_LeftHandIndex2,11,0.2907140552997589,-0.9561710357666016,0.03497184067964554,0,0.46595481038093567,0.17340299487113953,0.8676501512527466,0,-0.8356860280036926,-0.2359427958726883,0.4959431290626526,0,0,0.06951499730348587,0,1
B13,mixamorig_LeftHandIndex3,12,0.19475337862968445,-0.3868533670902252,0.9013410210609436,0,0.3423369526863098,0.8879581689834595,0.3071405291557312,0,-0.9191719889640808,0.24874581396579742,0.30536723136901855,0,-0.001585999969393015,0.03770500048995018,-0.07663899660110474,1
B14,mixamorig_LeftHandIndex4,13,1,0,0,0,0,1,0,0,0,0,1,0,0.004579999949783087,0.012807999737560749,-0.040387000888586044,1
B15,mixamorig_RightShoulder,3,0.07628101110458374,-0.009215075522661209,0.9970439672470093,0,-0.9732469916343689,0.21666599810123444,0.07646283507347107,0,-0.21672995388507843,-0.9762019515037537,0.007558988407254219,0,-0.16010400652885437,0.16163000464439392,-0.0011419999646022916,1
B16,mixamorig_RightArm,15,0.8812228441238403,-0.29028427600860596,-0.37307098507881165,0,0.4589248597621918,0.33623114228248596,0.8223970532417297,0,-0.11329075694084167,-0.8959259986877441,0.42951294779777527,0,0,0.32197999954223633,0,1
B17,mixamorig_RightForeArm,16,-0.004738012328743935,-0.9999869465827942,-0.0018613780848681927,0,0.9999549388885498,-0.004753055050969124,0.008162626065313816,0,-0.008171371184289455,-0.0018226199317723513,0.9999649524688721,0,0,0.3194020092487335,0,1
B18,mixamorig_RightHand,17,0.970771074295044,-0.19542798399925232,0.13932669162750244,0,0.2202000766992569,0.9561480283737183,-0.19311289489269257,0,-0.09547726064920425,0.2181481271982193,0.9712339639663696,0,0,0.36380699276924133,0,1
B19,mixamorig_RightHandIndex1,18,0.31809496879577637,0.902508020401001,-0.2903340458869934,0,0.049126993864774704,0.29013797640800476,0.9557230472564697,0,0.946785032749176,-0.3182741105556488,0.04795392230153084,0,0,0.0956450030207634,0,1
B20,mixamorig_RightHandIndex2,19,-0.0009530986426398158,0.9476349353790283,0.3193528354167938,0,-0.9617669582366943,-0.08832905441522598,0.2592337429523468,0,0.27386727929115295,-0.3068961203098297,0.9114888906478882,0,0,0.046424999833106995,0,1
B21,mixamorig_RightHandIndex3,20,0.4065971374511719,0.8832540512084961,0.23354074358940125,0,-0.9044960141181946,0.35315588116645813,0.23909792304039001,0,0.12870793044567108,-0.30845320224761963,0.9424920082092285,0,0.027445999905467033,0.07566999644041061,-0.004366000182926655,1
B22,mixamorig_RightHandIndex4,21,1,0,0,0,0,1,0,0,0,0,1,0,0.029746999964118004,0.04586299881339073,-0.00609199982136488,1
B23,mixamorig_LeftUpLeg,0,-0.9638641476631165,0.2420700192451477,0.11121184378862381,0,-0.25977906584739685,-0.9465610980987549,-0.1911458820104599,0,0.058998122811317444,-0.2131291627883911,0.97524094581604,0,0.1494559943675995,-0.05323300138115883,0.00558000011369586,1
B24,mixamorig_LeftLeg,23,0.8596609830856323,-0.01098922360688448,-0.510746955871582,0,-0.014646964147686958,-0.9998879432678223,-0.0031393817625939846,0,-0.510654866695404,0.010179688222706318,-0.8597249388694763,0,0,0.19341400265693665,0,1
B25,mixamorig_LeftFoot,24,0.4551125168800354,-0.7054011821746826,-0.5433981418609619,0,-0.460631787776947,-0.7087721228599548,0.5342848896980286,0,-0.7620307207107544,0.0071467203088104725,-0.6475012898445129,0,0,0.1357100009918213,0,1
B26,mixamorig_LeftToeBase,25,0.9896329641342163,-0.0001479123893659562,-0.14362210035324097,0,0.08258999139070511,0.8187041282653809,0.5682460069656372,0,0.11749983578920364,-0.5742160677909851,0.8102279901504517,0,0,0.2164130061864853,0,1
B27,mixamorig_LeftToe_End,26,1,0,0,0,0,1,0,0,0,0,1,0,0,0.11081799864768982,0,1
B28,mixamorig_RightUpLeg,0,-0.9848620295524597,-0.09613116085529327,-0.144242063164711,0,-0.013064584694802761,-0.7885981202125549,0.6147697567939758,0,-0.1728476583957672,0.6073482036590576,0.7754048705101013,0,-0.1494559943675995,-0.05323300138115883,0.011367999948561192,1
B29,mixamorig_RightLeg,28,0.9569870233535767,-0.22471213340759277,-0.18352381885051727,0,-0.15743212401866913,0.12913626432418823,-0.9790498614311218,0,0.24370384216308594,0.9658300280570984,0.0882047712802887,0,0,0.19331799447536469,0,1
B30,mixamorig_RightFoot,29,0.999472975730896,0.027956852689385414,-0.016469066962599754,0,0.026059992611408234,-0.3892468512058258,0.9207650423049927,0,0.019331159070134163,-0.9207088351249695,-0.3897702395915985,0,0,0.14031200110912323,0,1
B31,mixamorig_RightToeBase,30,0.9943910241127014,0.0011499206302687526,0.10576216131448746,0,-0.0577009916305542,0.8439329266548157,0.5333371162414551,0,-0.08864282071590424,-0.5364478826522827,0.8392650485038757,0,0,0.22100700438022614,0,1
B32,mixamorig_RightToe_End,31,1,0,0,0,0,1,0,0,0,0,1,0,0,0.11006999760866165,0,1
@28,0,1,2,3,4,5,7,8,9,10,11,12,13,15,16,17,18,19,20,21,23,24,25,26,28,29,30,31
K0,0.012716744095087051,-0.054032012820243835,-0.9984579682350159,0,0.19672812521457672,0.9791579842567444,-0.050481975078582764,0,0.9803758859634399,-0.195782870054245,0.023081321269273758,0,-0.026792997494339943,0.4207000136375427,-0.01998399943113327,1,0.9958760142326355,0.09035704284906387,-0.008202150464057922,0,-0.08850595355033875,0.9873890280723572,0.13125863671302795,0,0.019958849996328354,-0.1299913376569748,0.9913139343261719,0,0,0.09616000205278397,-0.004323999863117933,1,0.9999600052833557,0.008780170232057571,0.001529904780909419,0,-0.008828829973936081,0.9993339776992798,0.03539694845676422,0,-0.001218095188960433,-0.035409051924943924,0.9993720054626465,0,0,0.11230000108480453,0,1,0.9999939799308777,0.003106763819232583,0.0013370687374845147,0,-0.0032112363260239363,0.9962090253829956,0.0869295746088028,0,-0.0010619312524795532,-0.0869334265589714,0.9962139129638672,0,0,0.12834300100803375,0,1,0.999970018863678,-0.004717536736279726,0.006068850867450237,0,0.004850463010370731,0.9997439980506897,-0.022078100591897964,0,-0.005963149014860392,0.022106897085905075,0.9997379183769226,0,0,0.14438599348068237,0,1,0.998399019241333,-0.05653110891580582,0.0016739791026338935,0,0.05476389080286026,0.9589489698410034,-0.27824029326438904,0,0.014123980887234211,0.27788668870925903,0.9605101346969604,0,0,0.05262000113725662,0.05306600034236908,1,0.07948345690965652,0.00974074937403202,-0.9967889189720154,0,0.9729220271110535,0.21695563197135925,0.07970039546489716,0,0.21703530848026276,-0.9761329293251038,0.007767426315695047,0,0.16010400652885437,0.1615850031375885,-0.00013899999612476677,1,0.9574649930000305,0.17954593896865845,-0.2258872240781784,0,0.1966809332370758,0.16672295331954956,0.9661880731582642,0,0.21113574504852295,-0.9695190787315369,0.12431813031435013,0,0,0.32196301221847534,0,1,0,0.9999999403953552,0.00001799998790374957,0,-0.9999979138374329,0,0.001978999935090542,0,0.001978999935090542,-0.000017999986084760167,0.9999979734420776,0,0,0.3193959891796112,0,1,-0.13277508318424225,-0.20878936350345612,-0.9689050912857056,0,-0.057367365807294846,0.9775400757789612,-0.20278872549533844,0,0.9894850254058838,0.028658278286457062,-0.1417708545923233,0,0,0.3529700040817261,0,1,0.008251330815255642,-0.997868001461029,-0.06473459303379059,0,-0.9951789975166321,-0.014521587640047073,0.09699616581201553,0,-0.0977294072508812,0.06362215429544449,-0.993177056312561,0,0,0.10231500118970871,0,1,0.290713906288147,-0.9561710357666016,0.03497173264622688,0,0.4659547209739685,0.1734028309583664,0.8676501512527466,0,-0.8356860876083374,-0.23594267666339874,0.4959430396556854,0,0,0.06951499730348587,0,1,0.1947534829378128,-0.38685333728790283,0.9013410210609436,0,0.3423366844654083,0.887958288192749,0.3071405291557312,0,-0.9191721081733704,0.24874551594257355,0.30536723136901855,0,-0.001585999969393015,0.03770500048995018,-0.07663899660110474,1,0.07628106325864792,-0.009215090423822403,0.997044026851654,0,-0.9732470512390137,0.21666599810123444,0.07646296173334122,0,-0.2167300134897232,-0.9762020111083984,0.007558933459222317,0,-0.16010400652885437,0.16163000464439392,-0.0011419999646022916,1,0.8812229633331299,-0.29028427600860596,-0.3730708360671997,0,0.45892471075057983,0.33623117208480835,0.8223970532417297,0,-0.11329083144664764,-0.8959259986877441,0.42951297760009766,0,0,0.32197999954223633,0,1,-0.004738012328743935,-0.999987006187439,-0.0018617527093738317,0,0.9999549984931946,-0.004753058776259422,0.00816300604492426,0,-0.008171753026545048,-0.001822993508540094,0.9999649524688721,0,0,0.3194020092487335,0,1,0.970771074295044,-0.19542795419692993,0.13932670652866364,0,0.2202000468969345,0.9561480283737183,-0.19311286509037018,0,-0.09547729045152664,0.2181480973958969,0.9712339639663696,0,0,0.36380699276924133,0,1,0.31809502840042114,0.9025079607963562,-0.2903340458869934,0,0.04912690818309784,0.2901380956172943,0.955722987651825,0,0.9467849135398865,-0.31827405095100403,0.047954097390174866,0,0,0.0956450030207634,0,1,-0.0009527723304927349,0.9476348757743835,0.31935304403305054,0,-0.9617670178413391,-0.08832872658967972,0.25923359394073486,0,0.27386704087257385,-0.3068964183330536,0.9114888310432434,0,0,0.046424999833106995,0,1,0.4065971076488495,0.8832541108131409,0.23354078829288483,0,-0.9044961333274841,0.3531559109687805,0.23909780383110046,0,0.12870778143405914,-0.30845320224761963,0.9424920082092285,0,0.027445999905467033,0.07566999644041061,-0.004366000182926655,1,-0.9638641476631165,0.24206997454166412,0.111211858689785,0,-0.25977903604507446,-0.9465610980987549,-0.1911458671092987,0,0.058998141437768936,-0.21312914788722992,0.97524094581604,0,0.1494559943675995,-0.05323300138115883,0.00558000011369586,1,0.8596609830856323,-0.01098913885653019,-0.510746955871582,0,-0.014646859839558601,-0.9998879432678223,-0.0031393717508763075,0,-0.510654866695404,0.010179626755416393,-0.8597249388694763,0,0,0.19341400265693665,0,1,0.45511242747306824,-0.7054011821746826,-0.5433982610702515,0,-0.4606318175792694,-0.7087722420692444,0.5342848300933838,0,-0.7620307803153992,0.007146861404180527,-0.6475012898445129,0,0,0.1357100009918213,0,1,0.9896329641342163,-0.00014795397873967886,-0.14362213015556335,0,0.08259004354476929,0.8187041282653809,0.5682459473609924,0,0.11749983578920364,-0.5742160677909851,0.8102279901504517,0,0,0.2164130061864853,0,1,-0.9848620295524597,-0.09613142162561417,-0.14424212276935577,0,-0.01306441891938448,-0.7885981798171997,0.6147698163986206,0,-0.17284786701202393,0.6073482036590576,0.7754048705101013,0,-0.1494559943675995,-0.05323300138115883,0.011367999948561192,1,0.9569869637489319,-0.2247122824192047,-0.1835239976644516,0,-0.15743228793144226,0.12913626432418823,-0.9790498614311218,0,0.24370400607585907,0.9658300280570984,0.08820470422506332,0,0,0.19331799447536469,0,1,0.999472975730896,0.027956752106547356,-0.016468849033117294,0,0.026059750467538834,-0.3892468512058258,0.9207650423049927,0,0.019331151619553566,-0.9207088351249695,-0.3897702395915985,0,0,0.14031200110912323,0,1,0.9943910241127014,0.0011499631218612194,0.10576218366622925,0,-0.05770104005932808,0.8439329266548157,0.5333371162414551,0,-0.08864281326532364,-0.5364478826522827,0.8392650485038757,0,0,0.22100700438022614,0,1
K0.035,0.027211150154471397,0.006647070869803429,-0.9996073246002197,0,0.1653861701488495,0.9861667156219482,0.011059810407459736,0,0.985852837562561,-0.16562215983867645,0.025735393166542053,0,-0.03733207285404205,0.4223230481147766,-0.0183773972094059,1,0.9941814541816711,0.02788393758237362,-0.1040511205792427,0,-0.012769848108291626,0.9896133542060852,0.1431870311498642,0,0.10696297138929367,-0.1410251408815384,0.9842111468315125,0,0,0.09616000205278397,-0.004323999863117933,1,0.9988279342651367,0.007129732519388199,-0.04787592962384224,0,-0.0051027704030275345,0.9990909099578857,0.04232734441757202,0,0.048134174197912216,-0.04203342646360397,0.9979560375213623,0,0,0.11230000108480453,0,1,0.998803436756134,0.0036611459217965603,-0.04877454787492752,0,0.0009078763541765511,0.9956352710723877,0.09332646429538727,0,0.048903316259384155,-0.09325903654098511,0.9944401383399963,0,0,0.12834300100803375,0,1,0.9994322061538696,-0.002238447545096278,0.03360464796423912,0,0.002726319245994091,0.9998911619186401,-0.01447916217148304,0,-0.03356859087944031,0.014562563970685005,0.9993298649787903,0,0,0.14438599348068237,0,1,0.9888251423835754,-0.03602924942970276,0.14465981721878052,0,0.07173816114664078,0.9656180739402771,-0.24986903369426727,0,-0.13068357110023499,0.2574544847011566,0.9574124217033386,0,0,0.05262000113725662,0.05306600034236908,1,0.0769403800368309,0.010090704075992107,-0.9969847798347473,0,0.9675936698913574,0.24045315384864807,0.07710587978363037,0,0.24050617218017578,-0.9706085920333862,0.008736835792660713,0,0.16010400652885437,0.1615850031375885,-0.00013899999612476677,1,0.9274826645851135,0.18521243333816528,-0.32476603984832764,0,0.2850015163421631,0.2119559943675995,0.9347987174987793,0,0.24197250604629517,-0.9595685601234436,0.14379972219467163,0,0,0.32196301221847534,0,1,0.2080494463443756,0.9781180620193481,-0.00039383568218909204,0,-0.9781160354614258,0.20804978907108307,0.0019350518705323339,0,0.0019746471662074327,-0.000017369495253660716,0.9999979734420776,0,0,0.3193959891796112,0,1,-0.04008015617728233,-0.14183445274829865,-0.989078938961029,0,-0.13975971937179565,0.9809390902519226,-0.13500376045703888,0,0.9893742203712463,0.1328224092721939,-0.05913892760872841,0,0,0.3529700040817261,0,1,0.07337187230587006,-0.9952884316444397,-0.06339188665151596,0,-0.9928819537162781,-0.07887815684080124,0.08923641592264175,0,-0.09381620585918427,0.05639322102069855,-0.9939913749694824,0,0,0.10231500118970871,0,1,0.30804356932640076,-0.950770378112793,0.03383226692676544,0,0.46273595094680786,0.18080554902553558,0.8678617477416992,0,-0.8312544226646423,-0.2516838610172272,0.4956516921520233,0,0,0.06951499730348587,0,1,0.21253712475299835,-0.3861055374145508,0.8976358771324158,0,0.3401862382888794,0.8903937339782715,0.3024430274963379,0,-0.9160248041152954,0.24108313024044037,0.32058969140052795,0,-0.001585999969393015,0.03770500048995018,-0.07663899660110474,1,0.051062144339084625,-0.009648178704082966,0.9986488223075867,0,-0.9686058163642883,0.24312831461429596,0.05187489464879036,0,-0.24330027401447296,-0.9699459075927734,0.0030693933367729187,0,-0.16010400652885437,0.16163000464439392,-0.0011419999646022916,1,0.7424265146255493,-0.35413050651550293,-0.5686787962913513,0,0.6687347292900085,0.34110626578330994,0.6606369614601135,0,-0.03997178375720978,-0.8707684278488159,0.4900650382041931,0,0,0.32197999954223633,0,1,0.23933526873588562,-0.9709365963935852,0.00013122227392159402,0,0.9709067344665527,0.23932898044586182,0.007925527170300484,0,-0.007726592943072319,-0.0017694548005238175,0.9999690651893616,0,0,0.3194020092487335,0,1,0.944492757320404,-0.3151688277721405,0.09274274855852127,0,0.32805392146110535,0.8895514607429504,-0.317929744720459,0,0.017702093347907066,0.33070701360702515,0.9435674548149109,0,0,0.36380699276924133,0,1,0.31367871165275574,0.9124126434326172,-0.2628850042819977,0,0.04353674501180649,0.26274681091308594,0.9638820290565491,0,0.9485307335853577,-0.3137945830821991,0.042694590985774994,0,0,0.0956450030207634,0,1,0.0036963466554880142,0.9481426477432251,0.3178226053714752,0,-0.9621877670288086,-0.08319185674190521,0.25937214493751526,0,0.2723621726036072,-0.30676382780075073,0.9119841456413269,0,0,0.046424999833106995,0,1,0.41099753975868225,0.8816096782684326,0.2320447564125061,0,-0.9026817679405212,0.35796886682510376,0.2387951761484146,0,0.12745948135852814,-0.30760717391967773,0.9429384469985962,0,0.027445999905467033,0.07566999644041061,-0.004366000182926655,1,-0.9884955883026123,0.14183104038238525,0.05254703760147095,0,0.012828472070395947,-0.26754438877105713,0.963460385799408,0,0.1507071703672409,0.9530498385429382,0.26264679431915283,0,0.1494559943675995,-0.05323300138115883,0.00558000011369586,1,0.8380441665649414,0.21847796440124512,-0.49995049834251404,0,0.031929802149534225,-0.9343945384025574,-0.3548072278499603,0,-0.5446679592132568,0.28138047456741333,-0.7900389432907104,0,0,0.19341400265693665,0,1,0.9889470338821411,-0.1482672393321991,0.0003649135469458997,0,0.007043320685625076,0.04943728819489479,0.998752236366272,0,-0.1481003612279892,-0.9877111315727234,0.04993518441915512,0,0,0.1357100009918213,0,1,0.9870274066925049,0.0012075642589479685,-0.16054581105709076,0,0.08553938567638397,0.8422689437866211,0.5322269201278687,0,0.13586559891700745,-0.539056122303009,0.8312401175498962,0,0,0.2164130061864853,0,1,-0.986566424369812,-0.00011434806219767779,-0.1633598655462265,0,-0.04798317700624466,-0.9556866884231567,0.29044997692108154,0,-0.156154066324234,0.29438671469688416,0.942842960357666,0,-0.1494559943675995,-0.05323300138115883,0.011367999948561192,1,0.9664260149002075,-0.2090846598148346,-0.14934585988521576,0,-0.09819705784320831,0.236570805311203,-0.96663898229599,0,0.23744027316570282,0.9488505125045776,0.2080967277288437,0,0,0.19331799447536469,0,1,0.9893690347671509,0.13563945889472961,0.05244603008031845,0,0.03269367292523384,-0.5588619112968445,0.8286159038543701,0,0.14170308411121368,-0.8180921673774719,-0.5573552250862122,0,0,0.14031200110912323,0,1,0.9945579171180725,0.0013319631107151508,0.10417769849300385,0,-0.057347532361745834,0.8418101668357849,0.5367193222045898,0,-0.08698294311761856,-0.5397726893424988,0.8373052477836609,0,0,0.22100700438022614,0,1
K0.070,0.04302680492401123,0.08731009811162949,-0.9952510595321655,0,0.1726745367050171,0.9805324673652649,0.09348395466804504,0,0.9840385913848877,-0.1758769452571869,0.027112962678074837,0,-0.02717469073832035,0.42647069692611694,-0.01486425194889307,1,0.9812828898429871,-0.06878389418125153,-0.17987044155597687,0,0.0903145894408226,0.9893229007720947,0.11438608169555664,0,0.1700819730758667,-0.12848998606204987,0.9770174622535706,0,0,0.09616000205278397,-0.004323999863117933,1,0.9971920251846313,0.002705727471038699,-0.0748383179306984,0,-0.0004341416643001139,0.9995391368865967,0.030352871865034103,0,0.07488596439361572,-0.030235154554247856,0.9967337250709534,0,0,0.11230000108480453,0,1,0.9970876574516296,0.00033056430402211845,-0.0762631967663765,0,0.0057902284897863865,0.9967758655548096,0.08002371340990067,0,0.07604381442070007,-0.08023229241371155,0.9938716292381287,0,0,0.12834300100803375,0,1,0.9988024830818176,-0.021530337631702423,0.0439225435256958,0,0.02161549963057041,0.999765157699585,-0.0014646784402430058,0,-0.04388069733977318,0.0024123324546962976,0.9990334510803223,0,0,0.14438599348068237,0,1,0.9698886275291443,0.027699170634150505,0.2419670820236206,0,0.018154822289943695,0.982524573802948,-0.1852453202009201,0,-0.2428697794675827,0.1840602308511734,0.9524366855621338,0,0,0.05262000113725662,0.05306600034236908,1,0.030464570969343185,0.009915415197610855,-0.9994871020317078,0,0.9590705037117004,0.2813492715358734,0.03202374652028084,0,0.28152239322662354,-0.9595540761947632,-0.0009383634314872324,0,0.16010400652885437,0.1615850031375885,-0.00013899999612476677,1,0.8563990592956543,0.25044217705726624,-0.45150819420814514,0,0.3846382796764374,0.27390483021736145,0.881492555141449,0,0.34443339705467224,-0.9285772442817688,0.13824227452278137,0,0,0.32196301221847534,0,1,0.27795910835266113,0.9605929255485535,-0.000532155332621187,0,-0.9605908393859863,0.27795955538749695,0.0019007343798875809,0,0.0019737491384148598,-0.000017142967408290133,0.9999979734420776,0,0,0.3193959891796112,0,1,0.02291903831064701,-0.18215851485729218,-0.9830016493797302,0,-0.14671654999256134,0.9720016717910767,-0.18354086577892303,0,0.9889127016067505,0.14842917025089264,-0.00444832444190979,0,0,0.3529700040817261,0,1,0.10655418038368225,-0.9919304847717285,-0.06870244443416595,0,-0.9890822768211365,-0.11281483620405197,0.09480998665094376,0,-0.10179562121629715,0.05784999579191208,-0.9931221604347229,0,0,0.10231500118970871,0,1,0.31915566325187683,-0.9471244812011719,0.03310093283653259,0,0.4605911076068878,0.18554265797138214,0.8680034279823303,0,-0.8282486200332642,-0.26178210973739624,0.49545392394065857,0,0,0.06951499730348587,0,1,0.22395692765712738,-0.38554659485816956,0.8950961828231812,0,0.33875036239624023,0.8919559717178345,0.29943719506263733,0,-0.9138339757919312,0.236153244972229,0.3303639888763428,0,-0.001585999969393015,0.03770500048995018,-0.07663899660110474,1,0.08232882618904114,-0.009375887922942638,0.9965609312057495,0,-0.943860650062561,0.32026177644729614,0.08098819851875305,0,-0.3199199438095093,-0.9472830295562744,0.01751725748181343,0,-0.16010400652885437,0.16163000464439392,-0.0011419999646022916,1,0.7245466113090515,-0.30141913890838623,-0.6198208928108215,0,0.6885994672775269,0.3549041152000427,0.6323561072349548,0,0.029372721910476685,-0.8849800825119019,0.4647018015384674,0,0,0.32197999954223633,0,1,0.25399211049079895,-0.9672058820724487,0.0002506519085727632,0,0.9671756625175476,0.2539862394332886,0.007895083166658878,0,-0.007699836045503616,-0.0017628646455705166,0.999968945980072,0,0,0.3194020092487335,0,1,0.9168667197227478,-0.391642302274704,0.07727865874767303,0,0.39487871527671814,0.8614122867584229,-0.3194372355937958,0,0.05853629484772682,0.32339680194854736,0.9444507360458374,0,0,0.36380699276924133,0,1,0.31530317664146423,0.900655210018158,-0.29900556802749634,0,0.037414055317640305,0.3030346632003784,0.952244758605957,0,0.9482533931732178,-0.311432808637619,0.0618506595492363,0,0,0.0956450030207634,0,1,0.023479241877794266,0.9500173926353455,0.31131234765052795,0,-0.9636943340301514,-0.061339206993579865,0.2598680257797241,0,0.2659747898578644,-0.3061113953590393,0.9140861630439758,0,0,0.046424999833106995,0,1,0.42960113286972046,0.8743570446968079,0.22570399940013885,0,-0.8947117328643799,0.378315269947052,0.23741960525512695,0,0.12220226228237152,-0.3039357662200928,0.9448221921920776,0,0.027445999905467033,0.07566999644041061,-0.004366000182926655,1,-0.9947992563247681,0.08627194166183472,0.05415097251534462,0,0.0575573705136776,0.03749741613864899,0.9976377487182617,0,0.08403756469488144,0.9955653548240662,-0.04226798191666603,0,0.1494559943675995,-0.05323300138115883,0.00558000011369586,1,0.8920433521270752,0.3666583299636841,-0.2642357647418976,0,0.08883287757635117,-0.7154982686042786,-0.6929441094398499,0,-0.44313374161720276,0.5946630835533142,-0.6708264946937561,0,0,0.19341400265693665,0,1,0.998537540435791,0.04480602592229843,-0.03024212457239628,0,0.018956298008561134,0.2336874008178711,0.9721267223358154,0,0.050624389201402664,-0.9712792038917542,0.23249651491641998,0,0,0.1357100009918213,0,1,0.9863298535346985,0.0014333596918731928,-0.16477903723716736,0,0.08615175634622574,0.8479297757148743,0.52306067943573,0,0.14047078788280487,-0.5301064252853394,0.8362150192260742,0,0,0.2164130061864853,0,1,-0.9721167087554932,0.14891895651817322,-0.181144118309021,0,-0.1322680115699768,-0.9860721230506897,-0.10083072632551193,0,-0.19363676011562347,-0.07405965030193329,0.9782742261886597,0,-0.1494559943675995,-0.05323300138115883,0.011367999948561192,1,0.9645132422447205,-0.18168801069259644,-0.19158409535884857,0,-0.0826069787144661,0.4815254509449005,-0.8725302219390869,0,0.2507808208465576,0.8573927879333496,0.4494287967681885,0,0,0.19331799447536469,0,1,0.9784314632415771,0.1655535250902176,0.12354439496994019,0,-0.00785403698682785,-0.5678281784057617,0.8231096863746643,0,0.2064206898212433,-0.8063267469406128,-0.5542807579040527,0,0,0.14031200110912323,0,1,0.9992960691452026,0.013720429502427578,0.03491881489753723,0,-0.033955544233322144,0.726584255695343,0.6862373948097229,0,-0.015955988317728043,-0.6869400143623352,0.7265387177467346,0,0,0.22100700438022614,0,1
K0.105,0.03994596004486084,0.17872993648052216,-0.9830870032310486,0,0.1790420413017273,0.966667890548706,0.18301990628242493,0,0.9830304384231567,-0.18332494795322418,0.0066143120639026165,0,-0.01593131572008133,0.42496320605278015,-0.00402867142111063,1,0.9542217254638672,-0.1809348613023758,-0.23816891014575958,0,0.20586280524730682,0.9749590158462524,0.08411971479654312,0,0.21698465943336487,-0.12929892539978027,0.9675745368003845,0,0,0.09616000205278397,-0.004323999863117933,1,0.9961424469947815,-0.00377899338491261,-0.0876707136631012,0,0.0054389494471251965,0.9998106360435486,0.018702831119298935,0,0.08758337050676346,-0.019107503816485405,0.9959735870361328,0,0,0.11230000108480453,0,1,0.9959778189659119,-0.006115830969065428,-0.0893901139497757,0,0.012119659222662449,0.9976940751075745,0.06677677482366562,0,0.08877565711736679,-0.0675916075706482,0.9937559962272644,0,0,0.12834300100803375,0,1,0.9983468055725098,-0.0009502625907771289,0.05746504291892052,0,0.0009617861942388117,0.9999996423721313,-0.0001728682836983353,0,-0.057464852929115295,0.00022785157489124686,0.9983473420143127,0,0,0.14438599348068237,0,1,0.9472714066505432,0.05217207223176956,0.3161553740501404,0,-0.010391860269010067,0.9911392331123352,-0.1324218362569809,0,-0.32026273012161255,0.12215398997068405,0.9394200444221497,0,0,0.05262000113725662,0.05306600034236908,1,-0.005281067453324795,0.007850722409784794,-0.9999555349349976,0,0.9431100487709045,0.33247116208076477,-0.002370551461353898,0,0.3324377238750458,-0.9430804252624512,-0.009159926325082779,0,0.16010400652885437,0.1615850031375885,-0.00013899999612476677,1,0.7793148756027222,0.3066350221633911,-0.546482264995575,0,0.4460189938545227,0.34113526344299316,0.8274619579315186,0,0.4401535093784332,-0.8885955214500427,0.12908683717250824,0,0,0.32196301221847534,0,1,0.29832181334495544,0.954465389251709,-0.000572436023503542,0,-0.9544633626937866,0.2983223497867584,0.0018887650221586227,0,0.001973530510440469,-0.000017090475012082607,0.9999979734420776,0,0,0.3193959891796112,0,1,0.031500913202762604,-0.19233648478984833,-0.9808230400085449,0,-0.18073055148124695,0.9640383124351501,-0.19484953582286835,0,0.9830285310745239,0.18340277671813965,-0.004392992705106735,0,0,0.3529700040817261,0,1,0.1585240662097931,-0.9844030141830444,-0.07629570364952087,0,-0.9807928800582886,-0.16589370369911194,0.10258820652961731,0,-0.11364513635635376,0.0585675984621048,-0.991793692111969,0,0,0.10231500118970871,0,1,0.3220600485801697,-0.9461468458175659,0.03291059285402298,0,0.4600198566913605,0.18678045272827148,0.8680403232574463,0,-0.8274411559104919,-0.2644217312335968,0.49540114402770996,0,0,0.06951499730348587,0,1,0.22694486379623413,-0.3853895664215088,0.8944106101989746,0,0.33836743235588074,0.8923643231391907,0.2986515164375305,0,-0.913237988948822,0.23486219346523285,0.33292099833488464,0,-0.001585999969393015,0.03770500048995018,-0.07663899660110474,1,0.0550789013504982,-0.007919698022305965,0.9984509348869324,0,-0.925606906414032,0.3746090531349182,0.05403190478682518,0,-0.3744567334651947,-0.92714923620224,0.013302529230713844,0,-0.16010400652885437,0.16163000464439392,-0.0011419999646022916,1,0.7379262447357178,-0.3002980947494507,-0.6043892502784729,0,0.6732987761497498,0.38888058066368103,0.628840982913971,0,0.046195536851882935,-0.8709730505943298,0.4891556203365326,0,0,0.32197999954223633,0,1,0.17767870426177979,-0.9840883612632751,-0.00037247242289595306,0,0.9840573072433472,0.17767006158828735,0.008032822981476784,0,-0.007838832214474678,-0.0017937959637492895,0.9999678134918213,0,0,0.3194020092487335,0,1,0.9456156492233276,-0.3199891448020935,0.058461446315050125,0,0.3188082277774811,0.8760071992874146,-0.36190128326416016,0,0.06459182500839233,0.3608575463294983,0.9303814172744751,0,0,0.36380699276924133,0,1,0.31802237033843994,0.8878556489944458,-0.33252760767936707,0,0.03554766997694969,0.33932358026504517,0.9399980902671814,0,0.9474166631698608,-0.31076085567474365,0.07635126262903214,0,0,0.0956450030207634,0,1,0.037970978766679764,0.9510985016822815,0.30654361844062805,0,-0.9645068049430847,-0.04533680900931358,0.2601359784603119,0,0.2613128125667572,-0.30554118752479553,0.9156200289726257,0,0,0.046424999833106995,0,1,0.44310426712036133,0.8687810301780701,0.22108471393585205,0,-0.8886159062385559,0.3930821418762207,0.23632200062274933,0,0.11840755492448807,-0.3011745810508728,0.9461886286735535,0,0.027445999905467033,0.07566999644041061,-0.004366000182926655,1,-0.9987247586250305,0.04958419129252434,0.009504883550107479,0,0.011810011230409145,0.046405382454395294,0.9988524317741394,0,0.04908623918890953,0.9976914525032043,-0.046931881457567215,0,0.1494559943675995,-0.05323300138115883,0.00558000011369586,1,0.8794879913330078,0.47575631737709045,-0.01249908097088337,0,0.17867761850357056,-0.35441920161247253,-0.9178566932678223,0,-0.441106379032135,0.8050112128257751,-0.3967147171497345,0,0,0.19341400265693665,0,1,0.9982609152793884,0.03628760203719139,-0.04645639657974243,0,0.036698516458272934,0.2341776043176651,0.9715012311935425,0,0.04613250121474266,-0.9715166687965393,0.23243866860866547,0,0,0.1357100009918213,0,1,0.9878475069999695,0.000873905373737216,-0.1554245948791504,0,0.08473149687051773,0.8352960348129272,0.5432329773902893,0,0.13030022382736206,-0.549800455570221,0.8250706791877747,0,0,0.2164130061864853,0,1,-0.9298543334007263,0.30751141905784607,-0.20200864970684052,0,-0.21256329119205475,-0.8971379995346069,-0.38724714517593384,0,-0.3003126084804535,-0.31714385747909546,0.8995734453201294,0,-0.1494559943675995,-0.05323300138115883,0.011367999948561192,1,0.9628398418426514,-0.18736402690410614,-0.19450992345809937,0,-0.06397695094347,0.5414782762527466,-0.8382765650749207,0,0.26238587498664856,0.8195706009864807,0.5093700885772705,0,0,0.19331799447536469,0,1,0.9680437445640564,0.17897264659404755,0.1756700575351715,0,-0.08052609860897064,-0.44156256318092346,0.893609344959259,0,0.23750104010105133,-0.8791993260383606,-0.4130401313304901,0,0,0.14031200110912323,0,1,0.9870973825454712,0.10808376967906952,-0.11814044415950775,0,0.0777406170964241,0.3215281069278717,0.9437032341957092,0,0.13998441398143768,-0.9407107830047607,0.3089768886566162,0,0,0.22100700438022614,0,1
K0.140,0.026482662186026573,0.18511973321437836,-0.982358992099762,0,0.18969297409057617,0.9639182090759277,0.18675844371318817,0,0.981485903263092,-0.19129237532615662,-0.009588788263499737,0,-0.017230486497282982,0.4206355810165405,0.003678478067740798,1,0.935699462890625,-0.1937873661518097,-0.2948116660118103,0,0.21736763417720795,0.9748541712760925,0.04910380393266678,0,0.27788251638412476,-0.11002887040376663,0.9542931914329529,0,0,0.09616000205278397,-0.004323999863117933,1,0.9949890375137329,-0.007225158624351025,-0.09972052276134491,0,0.0077895610593259335,0.9999556541442871,0.00527162617072463,0,0.09967803210020065,-0.006021990440785885,0.9950013160705566,0,0,0.11230000108480453,0,1,0.9948246479034424,-0.009654358960688114,-0.10114918649196625,0,0.015034758485853672,0.9985045194625854,0.05256619304418564,0,0.10049034655094147,-0.053814858198165894,0.9934812784194946,0,0,0.12834300100803375,0,1,0.9978047609329224,-0.006823256146162748,0.06587040424346924,0,0.006038606632500887,0.9999088644981384,0.012103832326829433,0,-0.06594696640968323,-0.011679491028189659,0.9977546334266663,0,0,0.14438599348068237,0,1,0.91359943151474,0.07719101756811142,0.39922070503234863,0,-0.04250682145357132,0.9945668578147888,-0.09502868354320526,0,-0.4043869376182556,0.06984853744506836,0.9119166135787964,0,0,0.05262000113725662,0.05306600034236908,1,0.0011395519832149148,0.0061829048208892345,-0.9999805092811584,0,0.9201146960258484,0.3916330933570862,0.003469947725534439,0,0.3916466236114502,-0.9201002717018127,-0.00524264806881547,0,0.16010400652885437,0.1615850031375885,-0.00013899999612476677,1,0.7008079290390015,0.3612019419670105,-0.6151432394981384,0,0.5002632737159729,0.3658844530582428,0.7847710847854614,0,0.5085321068763733,-0.8577072620391846,0.07571864128112793,0,0,0.32196301221847534,0,1,0.3134933412075043,0.949589729309082,-0.0006029395153746009,0,-0.9495885968208313,0.31349414587020874,0.0018794838106259704,0,0.0019737565889954567,-0.000016661229892633855,0.9999979734420776,0,0,0.3193959891796112,0,1,0.01781873032450676,-0.2386871725320816,-0.9709334969520569,0,-0.21855288743972778,0.9466739296913147,-0.2367342859506607,0,0.9756625294685364,0.2164185494184494,-0.03529722988605499,0,0,0.3529700040817261,0,1,0.23114335536956787,-0.9688646793365479,-0.08873416483402252,0,-0.9636816382408142,-0.24053281545639038,0.11602263897657394,0,-0.13375380635261536,0.05869366601109505,-0.989275336265564,0,0,0.10231500118970871,0,1,0.3261162340641022,-0.9447659254074097,0.03264360874891281,0,0.45921480655670166,0.1885070949792862,0.8680933117866516,0,-0.8262988328933716,-0.2681090235710144,0.49532589316368103,0,0,0.06951499730348587,0,1,0.23111923038959503,-0.3851640820503235,0.8934382200241089,0,0.3378276824951172,0.8929347991943359,0.297556072473526,0,-0.9123907089233398,0.23305736482143402,0.33649376034736633,0,-0.001585999969393015,0.03770500048995018,-0.07663899660110474,1,-0.005269953049719334,-0.003013045061379671,0.9999811053276062,0,-0.9130361080169678,0.4078628122806549,-0.003582857083529234,0,-0.4078446328639984,-0.9130384922027588,-0.0049004144966602325,0,-0.16010400652885437,0.16163000464439392,-0.0011419999646022916,1,0.771263599395752,-0.33371850848197937,-0.5420186519622803,0,0.6362596154212952,0.42837223410606384,0.6416164636611938,0,0.01806645840406418,-0.8397198915481567,0.5427194237709045,0,0,0.32197999954223633,0,1,0.10075496882200241,-0.9949107766151428,-0.0009999917820096016,0,0.9948796629905701,0.10074365139007568,0.00812143087387085,0,-0.007979354821145535,-0.0018131460528820753,0.9999667406082153,0,0,0.3194020092487335,0,1,0.960228681564331,-0.2683013379573822,0.07730285823345184,0,0.27713024616241455,0.8820304870605469,-0.3810781240463257,0,0.0340602807700634,0.3873450458049774,0.9213052988052368,0,0,0.36380699276924133,0,1,0.3167497515678406,0.8901969790458679,-0.32744207978248596,0,0.03309072181582451,0.3346365690231323,0.9417663812637329,0,0.9479313492774963,-0.3091394901275635,0.07653876394033432,0,0,0.0956450030207634,0,1,0.03989165648818016,0.9512239694595337,0.30591195821762085,0,-0.9645963311195374,-0.043216217309236526,0.26016518473625183,0,0.2606956362724304,-0.3054598867893219,0.9158228635787964,0,0,0.046424999833106995,0,1,0.4448865056037903,0.8680248260498047,0.22047379612922668,0,-0.8877917528152466,0.39503154158592224,0.23617058992385864,0,0.1179078072309494,-0.30080389976501465,0.9463694095611572,0,0.027445999905467033,0.07566999644041061,-0.004366000182926655,1,-0.999267578125,0.006326931528747082,-0.03774772956967354,0,-0.03771951049566269,0.004518972709774971,0.9992780089378357,0,0.006492943037301302,0.9999698400497437,-0.0042769587598741055,0,0.1494559943675995,-0.05323300138115883,0.00558000011369586,1,0.859249472618103,0.45185768604278564,0.23982375860214233,0,0.20130640268325806,0.13231731951236725,-0.9705502986907959,0,-0.47028324007987976,0.882222592830658,0.02273174375295639,0,0,0.19341400265693665,0,1,0.9997069835662842,-0.0093372268602252,-0.022334206849336624,0,0.024112146347761154,0.3022986948490143,0.9529082775115967,0,-0.00214591808617115,-0.9531673192977905,0.3024351894855499,0,0,0.1357100009918213,0,1,0.9901198744773865,-0.0005079028196632862,-0.14022432267665863,0,0.08190145343542099,0.8137921690940857,0.575356125831604,0,0.11382126808166504,-0.581156313419342,0.8057935833930969,0,0,0.2164130061864853,0,1,-0.9267197251319885,0.3324193060398102,-0.17517830431461334,0,-0.22288230061531067,-0.8616372346878052,-0.4559662342071533,0,-0.3025120198726654,-0.3835086226463318,0.872586190700531,0,-0.1494559943675995,-0.05323300138115883,0.011367999948561192,1,0.9664214849472046,-0.1959906667470932,-0.16618560254573822,0,-0.04909195750951767,0.4939952790737152,-0.8680775761604309,0,0.2522298991680145,0.8470868468284607,0.46778592467308044,0,0,0.19331799447536469,0,1,0.9847953915596008,0.10562210530042648,0.13791848719120026,0,-0.11865495145320892,-0.1708909273147583,0.9781192541122437,0,0.12688001990318298,-0.9796121716499329,-0.1557600498199463,0,0,0.14031200110912323,0,1,0.9769241809844971,0.17331130802631378,-0.12483234703540802,0,0.11339018493890762,0.07446038722991943,0.9907563924789429,0,0.1810043454170227,-0.9820485711097717,0.05309034511446953,0,0,0.22100700438022614,0,1
