0.667,30,19,25
B0,mixamorig_Hips,-1,0.022832095623016357,-0.13651175796985626,0.990375280380249,0,0.06153282895684242,0.9889470338821411,0.13489632308483124,0,-0.9978436827659607,0.057860616594552994,0.030979689210653305,0,-0.00367665383964777,0.44065186381340027,-0.0010697640245780349,1
B1,mixamorig_Spine,0,0.9936320185661316,0.002062475774437189,0.11265306174755096,0,-0.005557304248213768,0.9995124340057373,0.030717723071575165,0,-0.11253486573696136,-0.031148182228207588,0.9931597113609314,0,-0.00775599991902709,0.09732399880886078,0,1
B2,mixamorig_Spine1,1,0.9740263223648071,-0.15541477501392365,0.164676696062088,0,0.14613614976406097,0.9869858026504517,0.06711166352033615,0,-0.1729636937379837,-0.04130331054329872,0.9840617775917053,0,0,0.11390499770641327,0,1
B3,mixamorig_Spine2,2,0.9740262627601624,-0.15541481971740723,0.164676696062088,0,0.14613619446754456,0.9869858026504517,0.06711167097091675,0,-0.1729636937379837,-0.04130330681800842,0.9840617775917053,0,0,0.13017700612545013,0,1
B4,mixamorig_Neck,3,0.9903736710548401,0.10007450729608536,-0.09562765806913376,0,-0.10169858485460281,0.9947397112846375,-0.012250805273652077,0,0.09389868378639221,0.021858083084225655,0.9953418970108032,0,0,0.1464499980211258,0,1
B5,mixamorig_Head,4,0.9619311690330505,0.17963935434818268,-0.205958291888237,0,-0.1831003576517105,0.9830916523933411,0.0022917233873158693,0,0.20288756489753723,0.035506561398506165,0.9785585999488831,0,0.04863499850034714,0.05214399844408035,0,1
B6,mixamorig_HeadTop_End,5,1,0,0,0,0,1,0,0,0,0,1,0,0.27559199929237366,0.29547199606895447,0,1
B7,mixamorig_LeftShoulder,3,-0.9891886115074158,0.02082580141723156,-0.1451611965894699,0,0.14623703062534332,0.21408887207508087,-0.965805172920227,0,0.01096373051404953,-0.9765922427177429,-0.21481984853744507,0,0.005956000182777643,0.1650869995355606,-0.1600629985332489,1
B8,mixamorig_LeftArm,7,0.9859050512313843,-0.1663396805524826,0.017973046749830246,0,0.017153363674879074,0.20735464990139008,0.9781155586242676,0,-0.1664261817932129,-0.9640206098556519,0.20728522539138794,0,0,0.32193100452423096,0,1
B9,mixamorig_LeftForeArm,8,0.4404042959213257,-0.8861315250396729,0.1442725509405136,0,-0.8893072009086609,-0.452619343996048,-0.06533163040876389,0,0.12319296598434448,-0.09953029453754425,-0.9873785972595215,0,0,0.3142760097980499,0,1
B10,mixamorig_LeftHand,9,1,0,0,0,0,1,0,0,0,0,1,0,0,0.3415290117263794,0,1
B11,mixamorig_RightShoulder,3,0.9984892010688782,-0.033337973058223724,-0.04367387667298317,0,0.05247143283486366,0.34281936287879944,0.9379348754882812,0,-0.01629660092294216,-0.938809871673584,0.34405088424682617,0,0.009719000197947025,0.16478699445724487,0.1600629985332489,1
B12,mixamorig_RightArm,11,-0.650328516960144,-0.281782865524292,-0.7054585814476013,0,-0.7567553520202637,0.15926936268806458,0.6339991092681885,0,-0.06629208475351334,0.946166455745697,-0.31681787967681885,0,0,0.32222801446914673,0,1
B13,mixamorig_RightForeArm,12,0.14737190306186676,0.9886515736579895,0.02913268655538559,0,-0.9683922529220581,0.1502196192741394,-0.19912506639957428,0,-0.2012416422367096,0.001133577199652791,0.9795408248901367,0,0,0.3085870146751404,0,1
B14,mixamorig_RightHand,13,1,0,0,0,0,1,0,0,0,0,1,0,0,0.33164098858833313,0,1
B15,mixamorig_LeftUpLeg,0,-0.8173027038574219,0.5641800165176392,0.1171172708272934,0,-0.5701875686645508,-0.8211863040924072,-0.023216182366013527,0,0.08307705819606781,-0.08575354516506195,0.9928470253944397,0,-0.002380999969318509,-0.05394800007343292,-0.14911900460720062,1
B16,mixamorig_LeftLeg,15,0.06870825588703156,-0.12557372450828552,-0.9897021651268005,0,0.770874559879303,0.6364041566848755,-0.027230605483055115,0,0.6332704424858093,-0.7610657215118408,0.1405278891324997,0,0,0.1894489973783493,0,1
B17,mixamorig_LeftFoot,16,-0.9919982552528381,-0.018985213711857796,-0.12481772154569626,0,0.11917968094348907,0.18545791506767273,-0.9753983020782471,0,0.041666559875011444,-0.9824686050415039,-0.18171118199825287,0,0,0.13586999475955963,0,1
B18,mixamorig_LeftToeBase,17,0.9928629994392395,-0.008531657047569752,-0.11895716190338135,0,0.11832621693611145,0.19521960616111755,0.9735956192016602,0,0.01491637248545885,-0.9807220697402954,0.19483569264411926,0,0,0.21759499609470367,0,1
B19,mixamorig_LeftToe_End,18,1,0,0,0,0,1,0,0,0,0,1,0,0,0.11081799864768982,0,1
B20,mixamorig_RightUpLeg,0,-0.3794613480567932,-0.9235893487930298,-0.05470000207424164,0,0.9223840832710266,-0.38225677609443665,0.055560801178216934,0,-0.07222482562065125,-0.029371248558163643,0.9969560503959656,0,-0.002560999942943454,-0.05394800007343292,0.14911900460720062,1
B21,mixamorig_RightLeg,20,0.33322983980178833,-0.06397901475429535,0.9406722187995911,0,0.5061485767364502,0.8538837432861328,-0.12122520059347153,0,-0.7954691648483276,0.5165159702301025,0.31692254543304443,0,0,0.18951599299907684,0,1
B22,mixamorig_RightFoot,21,0.9801161289215088,-0.18151973187923431,-0.08013902604579926,0,0.17367319762706757,0.589451789855957,0.7889135479927063,0,-0.09596528112888336,-0.7871448993682861,0.6092563271522522,0,0,0.14189699292182922,0,1
B23,mixamorig_RightToeBase,22,0.9738509654998779,0.10673066228628159,0.20055870711803436,0,-0.21696597337722778,0.6987544894218445,0.6816656589508057,0,-0.06738661974668503,-0.7073546051979065,0.7036390900611877,0,0,0.22331799566745758,0,1
B24,mixamorig_RightToe_End,23,1,0,0,0,0,1,0,0,0,0,1,0,0,0.11006999760866165,0,1
@20,0,1,2,3,4,5,7,8,9,11,12,13,15,16,17,18,20,21,22,23
K0,0.9943130016326904,-0.09470624476671219,-0.04869680106639862,0,0.09337516874074936,0.9952110052108765,-0.028924748301506042,0,0.05120297893881798,0.024213189259171486,0.9983950853347778,0,-0.023107998073101044,0.4410189986228943,0.003496999153867364,1,0.9997020363807678,-0.0070061651058495045,-0.023392872884869576,0,0.007061835844069719,0.9999719858169556,0.0022982435766607523,0,0.02337612584233284,-0.002462756587192416,0.9997239708900452,0,-0.00775599991902709,0.09732399880886078,0,1,0.984188973903656,-0.17095908522605896,-0.04631489887833595,0,0.17258891463279724,0.9844139814376831,0.03380301222205162,0,0.039814095944166183,-0.04126198589801788,0.9983549118041992,0,0,0.11390499770641327,0,1,0.984188973903656,-0.17095908522605896,-0.04631489887833595,0,0.17258891463279724,0.9844139814376831,0.03380301222205162,0,0.039814095944166183,-0.04126198589801788,0.9983549118041992,0,0,0.13017700612545013,0,1,0.9971800446510315,0.051211025565862656,0.05486280098557472,0,-0.050870973616838455,0.9986760020256042,-0.00757714593783021,0,-0.0551781952381134,0.004764854907989502,0.9984650015830994,0,0,0.1464499980211258,0,1,0.9618739485740662,0.24163216352462769,0.1281081736087799,0,-0.23123885691165924,0.9686490297317505,-0.0908149778842926,0,-0.146035835146904,0.05772903189063072,0.9875940680503845,0,0.04863499850034714,0.05214399844408035,0,1,-0.997281014919281,0.026874953880906105,-0.0686110332608223,0,0.07314404100179672,0.24824504554271698,-0.9659319519996643,0,-0.008927029557526112,-0.9683240056037903,-0.24953576922416687,0,0.005956000182777643,0.1650869995355606,-0.1600629985332489,1,0.8553751111030579,-0.0779789462685585,-0.5121057033538818,0,0.510110080242157,-0.04518386721611023,0.8589220643043518,0,-0.09011676162481308,-0.995931088924408,0.0011286900844424963,0,0,0.32193100452423096,0,1,0.2637764513492584,-0.9469491243362427,0.18359898030757904,0,-0.960503876209259,-0.2403704971075058,0.14019516110420227,0,-0.08862598240375519,-0.21332785487174988,-0.9729530811309814,0,0,0.3142760097980499,0,1,0.9843770265579224,-0.023468976840376854,-0.17450499534606934,0,0.17515702545642853,0.23164108395576477,0.956902027130127,0,0.017965009436011314,-0.9725180268287659,0.23213288187980652,0,0.009719000197947025,0.16478699445724487,0.1600629985332489,1,-0.9581788182258606,-0.1424473226070404,-0.24819721281528473,0,-0.27087464928627014,0.1717120110988617,0.9471760988235474,0,-0.09230421483516693,0.9747939109802246,-0.2031160145998001,0,0,0.32222801446914673,0,1,0.015307540073990822,0.9996210336685181,-0.02288953959941864,0,-0.998869001865387,0.014257450588047504,-0.045356057584285736,0,-0.045012541115283966,0.02355794794857502,0.9987090826034546,0,0,0.3085870146751404,0,1,-0.7202960252761841,-0.670930027961731,0.17614567279815674,0,0.6854159832000732,-0.7274478673934937,0.03199504688382149,0,0.10667034238576889,0.1437789350748062,0.983843982219696,0,-0.002380999969318509,-0.05394800007343292,-0.14911900460720062,1,-0.3068699538707733,-0.406281977891922,-0.8606770634651184,0,0.7134100198745728,-0.6967700123786926,0.07454714179039001,0,-0.6299818754196167,-0.59114009141922,0.5036640167236328,0,0,0.1894489973783493,0,1,-0.9850109219551086,-0.08016212284564972,-0.15273027122020721,0,0.16614088416099548,-0.20291411876678467,-0.9649989604949951,0,0.046365272253751755,-0.9759100079536438,0.21319100260734558,0,0,0.13586999475955963,0,1,0.9813950657844543,-0.161478653550148,0.10386601090431213,0,0.05174334719777107,0.7433991432189941,0.6668439507484436,0,-0.18489499390125275,-0.6490631699562073,0.737923800945282,0,0,0.21759499609470367,0,1,-0.910362958908081,-0.39978012442588806,-0.10683873295783997,0,0.4042488932609558,-0.9143560528755188,-0.02313619665801525,0,-0.08843928575515747,-0.06425179541110992,0.9940069913864136,0,-0.002560999942943454,-0.05394800007343292,0.14911900460720062,1,0.1018216609954834,-0.18298383057117462,0.977829098701477,0,0.9743479490280151,0.21664506196975708,-0.060917798429727554,0,-0.20069478452205658,0.9589480757713318,0.20034898817539215,0,0,0.18951599299907684,0,1,0.9882170557975769,0.08468394726514816,-0.1274997889995575,0,0.1480899602174759,-0.31843167543411255,0.9363071918487549,0,0.03869020566344261,-0.9441559314727783,-0.3272203803062439,0,0,0.14189699292182922,0,1,0.9774861335754395,0.15860062837600708,0.1391669511795044,0,-0.21036335825920105,0.6812610626220703,0.7011637091636658,0,0.016395969316363335,-0.7146531939506531,0.6992867588996887,0,0,0.22331799566745758,0,1
K0.035,0.9947355389595032,-0.09397052228450775,-0.04088081419467926,0,0.09331262856721878,0.9954795241355896,-0.017718244343996048,0,0.04236097261309624,0.013810256496071815,0.9990067481994629,0,-0.019169777631759644,0.45040395855903625,-0.001104714348912239,1,0.9990057945251465,0.0005533554358407855,-0.044569190591573715,0,-0.0003618274931795895,0.9999904632568359,0.004305270034819841,0,0.04457114636898041,-0.004284863360226154,0.9989964962005615,0,-0.00775599991902709,0.09732399880886078,0,1,0.9837779998779297,-0.155750572681427,-0.08900883793830872,0,0.15807561576366425,0.9872317314147949,0.019654203206300735,0,0.08481119573116302,-0.033405497670173645,0.9958372712135315,0,0,0.11390499770641327,0,1,0.9837779402732849,-0.1557505577802658,-0.08900977671146393,0,0.15807561576366425,0.9872317314147949,0.019654130563139915,0,0.08481214195489883,-0.03340557962656021,0.9958372712135315,0,0,0.13017700612545013,0,1,0.9955494999885559,0.05281135067343712,0.07804780453443527,0,-0.05150848627090454,0.998498797416687,-0.018614552915096283,0,-0.07891371846199036,0.014511586166918278,0.9967754483222961,0,0,0.1464499980211258,0,1,0.9582513570785522,0.19846878945827484,0.2058282047510147,0,-0.18478545546531677,0.979191243648529,-0.08389510214328766,0,-0.21819563210010529,0.04235851764678955,0.9749849438667297,0,0.04863499850034714,0.05214399844408035,0,1,-0.9981693625450134,0.028542231768369675,-0.05332615226507187,0,0.05891643837094307,0.25938719511032104,-0.963975191116333,0,-0.013681866228580475,-0.9653512835502625,-0.26059380173683167,0,0.005956000182777643,0.1650869995355606,-0.1600629985332489,1,0.8289502263069153,-0.09651193022727966,-0.5509336590766907,0,0.5540577173233032,0.006855127401649952,0.8324498534202576,0,-0.07656459510326385,-0.9953082203865051,0.059155721217393875,0,0,0.32193100452423096,0,1,0.15139220654964447,-0.9608750939369202,0.23194538056850433,0,-0.9778680205345154,-0.11130482703447342,0.17716099321842194,0,-0.14441300928592682,-0.25363287329673767,-0.9564601182937622,0,0,0.3142760097980499,0,1,0.9786945581436157,-0.027913980185985565,-0.2034146934747696,0,0.20389807224273682,0.24857082962989807,0.9469095468521118,0,0.02413094975054264,-0.9682113528251648,0.24896657466888428,0,0.009719000197947025,0.16478699445724487,0.1600629985332489,1,-0.9830612540245056,-0.12957970798015594,-0.12961505353450775,0,-0.15272624790668488,0.18821904063224792,0.970179557800293,0,-0.10131954401731491,0.9735413193702698,-0.20482109487056732,0,0,0.32222801446914673,0,1,-0.0419134683907032,0.9982171654701233,-0.04250631481409073,0,-0.9990247488021851,-0.042463336139917374,-0.012116811238229275,0,-0.013900158926844597,0.041956983506679535,0.9990228414535522,0,0,0.3085870146751404,0,1,-0.5256142020225525,-0.8482229113578796,0.06517618149518967,0,0.8474985361099243,-0.5287473201751709,-0.04661749303340912,0,0.07400369644165039,0.030733870342373848,0.9967838525772095,0,-0.002380999969318509,-0.05394800007343292,-0.14911900460720062,1,-0.09773419052362442,-0.35774949193000793,-0.928688645362854,0,0.8751510381698608,-0.475222110748291,0.09096512943506241,0,-0.4738761782646179,-0.8038526177406311,0.35953032970428467,0,0,0.1894489973783493,0,1,-0.9819847941398621,-0.18439660966396332,-0.041273508220911026,0,0.0444546714425087,-0.013149239122867584,-0.9989246726036072,0,0.18365564942359924,-0.9827638864517212,0.021109728142619133,0,0,0.13586999475955963,0,1,0.9966064095497131,0.04819757863879204,-0.06673552840948105,0,0.009108707308769226,0.7411391139030457,0.6712902188301086,0,0.08181480318307877,-0.6696193814277649,0.7381843328475952,0,0,0.21759499609470367,0,1,-0.990549623966217,0.010763073340058327,-0.13673390448093414,0,-0.009265023283660412,-0.999890148639679,-0.011587649583816528,0,-0.1368435025215149,-0.010211290791630745,0.9905397891998291,0,-0.002560999942943454,-0.05394800007343292,0.14911900460720062,1,0.09008220583200455,-0.11196580529212952,0.9896208047866821,0,0.8687585592269897,0.4946957528591156,-0.02311055362224579,0,-0.4869736433029175,0.8618234395980835,0.1418345421552658,0,0,0.18951599299907684,0,1,0.9870322346687317,0.09982290863990784,-0.12571285665035248,0,0.1517966091632843,-0.3256930112838745,0.9332101941108704,0,0.0522119402885437,-0.940190851688385,-0.33662211894989014,0,0,0.14189699292182922,0,1,0.9786365628242493,0.16178689897060394,0.1268649846315384,0,-0.1983574628829956,0.5806958675384521,0.7895865440368652,0,0.054074764251708984,-0.7978826761245728,0.6003817319869995,0,0,0.22331799566745758,0,1
K0.070,0.994351863861084,-0.08848724514245987,-0.05860124155879021,0,0.08798059076070786,0.9960597157478333,-0.011175550520420074,0,0.059359241276979446,0.005956652108579874,0.9982191324234009,0,-0.005717775784432888,0.45903223752975464,0.0017181787407025695,1,0.9978426694869995,0.009708487428724766,-0.06492681801319122,0,-0.009393013082444668,0.9999427795410156,0.005162456538528204,0,0.06497319787740707,-0.004541459027677774,0.9978765249252319,0,-0.00775599991902709,0.09732399880886078,0,1,0.9824076890945435,-0.13826347887516022,-0.12553219497203827,0,0.13993820548057556,0.9901499152183533,0.004578886087983847,0,0.1236625388264656,-0.022065073251724243,0.9920787215232849,0,0,0.11390499770641327,0,1,0.9824076890945435,-0.13826347887516022,-0.1255321502685547,0,0.13993820548057556,0.9901499152183533,0.004578889347612858,0,0.12366249412298203,-0.022065071389079094,0.9920787215232849,0,0,0.13017700612545013,0,1,0.993330180644989,0.03410973399877548,0.11014319956302643,0,-0.03325159475207329,0.9994006752967834,-0.009619097225368023,0,-0.11040526628494263,0.005892501212656498,0.9938687682151794,0,0,0.1464499980211258,0,1,0.9451709389686584,0.16669337451457977,0.2808294892311096,0,-0.14960698783397675,0.9853904247283936,-0.08137989044189453,0,-0.29029226303100586,0.034903861582279205,0.956301212310791,0,0.04863499850034714,0.05214399844408035,0,1,-0.9988966584205627,0.03015986829996109,-0.035996634513139725,0,0.04288388043642044,0.2734050154685974,-0.9609426856040955,0,-0.01914023794233799,-0.96142578125,-0.2743966281414032,0,0.005956000182777643,0.1650869995355606,-0.1600629985332489,1,0.8110730051994324,-0.0954960361123085,-0.5770973563194275,0,0.5842272043228149,0.08338742703199387,0.8072948455810547,0,-0.028970766812562943,-0.9919306635856628,0.12342461943626404,0,0,0.32193100452423096,0,1,0.0352744497358799,-0.9578462839126587,0.2851088345050812,0,-0.9799582362174988,0.022815538570284843,0.1978941559791565,0,-0.19605696201324463,-0.28637516498565674,-0.9378438591957092,0,0,0.3142760097980499,0,1,0.9759765863418579,-0.027435149997472763,-0.21614116430282593,0,0.21620532870292664,0.24455076456069946,0.9452251195907593,0,0.026925103738904,-0.9692485332489014,0.24460747838020325,0,0.009719000197947025,0.16478699445724487,0.1600629985332489,1,-0.9850286245346069,-0.13413383066654205,-0.10829198360443115,0,-0.13276095688343048,0.18951451778411865,0.9728608727455139,0,-0.10997062176465988,0.9726724028587341,-0.20448487997055054,0,0,0.32222801446914673,0,1,-0.1270388513803482,0.9869898557662964,-0.09855455905199051,0,-0.9918879270553589,-0.12684431672096252,0.008261993527412415,0,-0.004346571397036314,0.09880462288856506,0.9950968623161316,0,0,0.3085870146751404,0,1,-0.4750446677207947,-0.8787392973899841,0.046360746026039124,0,0.8790612816810608,-0.4762827754020691,-0.020167674869298935,0,0.03980293124914169,0.031173378229141235,0.9987208247184753,0,-0.002380999969318509,-0.05394800007343292,-0.14911900460720062,1,0.17697502672672272,-0.36390113830566406,-0.9144700765609741,0,0.9839780330657959,0.04502382129430771,0.1725100576877594,0,-0.021603688597679138,-0.9303485751152039,0.36603885889053345,0,0,0.1894489973783493,0,1,-0.9918720722198486,0.04106138274073601,-0.12043552845716476,0,0.12479397654533386,0.12911750376224518,-0.9837455153465271,0,-0.024843595921993256,-0.9907788038253784,-0.1331923007965088,0,0,0.13586999475955963,0,1,0.9939214587211609,-0.034461524337530136,-0.10456123948097229,0,0.09126688539981842,0.7890689969062805,0.6074869632720947,0,0.06157110631465912,-0.6133372783660889,0.7874178290367126,0,0,0.21759499609470367,0,1,-0.9024287462234497,0.3785058259963989,-0.20580525696277618,0,-0.3812166452407837,-0.9240646958351135,-0.027905186638236046,0,-0.20073959231376648,0.05327393114566803,0.9781949520111084,0,-0.002560999942943454,-0.05394800007343292,0.14911900460720062,1,0.062446512281894684,-0.09082016348838806,0.99390709400177,0,0.6762909293174744,0.7362179160118103,0.024782439693808556,0,-0.7339826822280884,0.6706225872039795,0.10739506781101227,0,0,0.18951599299907684,0,1,0.9962695240974426,0.0011321838246658444,-0.08628390729427338,0,0.08616126328706741,-0.06794477254152298,0.9939618706703186,0,-0.0047371964901685715,-0.9976885318756104,-0.06778887659311295,0,0,0.14189699292182922,0,1,0.9884245991706848,0.14515289664268494,0.044124554842710495,0,-0.09250848740339279,0.34613439440727234,0.9336128830909729,0,0.12024363875389099,-0.9268882274627686,0.35555577278137207,0,0,0.22331799566745758,0,1
K0.105,0.9923325777053833,-0.08998195081949234,-0.08472418785095215,0,0.09090790897607803,0.9958334565162659,0.007127296179533005,0,0.08372992277145386,-0.014774763025343418,0.996379017829895,0,0.0030971537344157696,0.45731431245803833,0.005279319826513529,1,0.9961079955101013,0.020898152142763138,-0.08562560379505157,0,-0.021452870219945908,0.9997544884681702,-0.005563240963965654,0,0.08548828959465027,0.0073785013519227505,0.9963114261627197,0,-0.00775599991902709,0.09732399880886078,0,1,0.9821057915687561,-0.11615845561027527,-0.14824198186397552,0,0.11551716923713684,0.993220865726471,-0.012957996688783169,0,0.1487421840429306,-0.004398370627313852,0.9888659715652466,0,0,0.11390499770641327,0,1,0.9821056723594666,-0.11615844070911407,-0.1482415348291397,0,0.11551717668771744,0.993220865726471,-0.012957972474396229,0,0.14874176681041718,-0.0043983468785882,0.9888660311698914,0,0,0.13017700612545013,0,1,0.9914349913597107,0.010834586806595325,0.13015179336071014,0,-0.009930267930030823,0.999921977519989,-0.007595182862132788,0,-0.13022387027740479,0.006237685214728117,0.9914647340774536,0,0,0.1464499980211258,0,1,0.9339525103569031,0.11027055978775024,0.3399612307548523,0,-0.09825721383094788,0.9937798380851746,-0.052409179508686066,0,-0.34362566471099854,0.015544036403298378,0.9389776587486267,0,0.04863499850034714,0.05214399844408035,0,1,-0.999318540096283,0.031193912029266357,-0.01972135901451111,0,0.027849284932017326,0.2867608964443207,-0.9575968980789185,0,-0.02421589009463787,-0.9574939608573914,-0.2874343693256378,0,0.005956000182777643,0.1650869995355606,-0.1600629985332489,1,0.7991403341293335,-0.08470410108566284,-0.5951473116874695,0,0.6003506779670715,0.16331809759140015,0.7828829884529114,0,0.030884921550750732,-0.9829304814338684,0.18136626482009888,0,0,0.32193100452423096,0,1,-0.05814632400870323,-0.9425727725028992,0.32890036702156067,0,-0.969850480556488,0.13143734633922577,0.2052168995141983,0,-0.23666174709796906,-0.3070516586303711,-0.9217975735664368,0,0,0.3142760097980499,0,1,0.9781262278556824,-0.026050979271531105,-0.20637696981430054,0,0.20653486251831055,0.2397494614124298,0.9486109614372253,0,0.024766508489847183,-0.9704850912094116,0.239885613322258,0,0.009719000197947025,0.16478699445724487,0.1600629985332489,1,-0.9880063533782959,-0.12678059935569763,-0.08815337717533112,0,-0.11263956129550934,0.2012229859828949,0.9730474948883057,0,-0.10562500357627869,0.9713062047958374,-0.21309007704257965,0,0,0.32222801446914673,0,1,-0.2100534588098526,0.9694288372993469,-0.12683197855949402,0,-0.9776614308357239,-0.20925918221473694,0.01970541477203369,0,-0.0074377539567649364,0.12813791632652283,0.9917287230491638,0,0,0.3085870146751404,0,1,-0.5192748308181763,-0.8545272350311279,0.011648585088551044,0,0.8543625473976135,-0.5187522768974304,0.0309880543500185,0,-0.02043743059039116,0.02604346163570881,0.9994522333145142,0,-0.002380999969318509,-0.05394800007343292,-0.14911900460720062,1,0.37324243783950806,-0.1996976137161255,-0.9059857726097107,0,0.7742560505867004,0.605042576789856,0.18560956418514252,0,0.5110945105552673,-0.7707428336143494,0.3804449141025543,0,0,0.1894489973783493,0,1,-0.98893803358078,0.09531558305025101,-0.1136467456817627,0,0.13777446746826172,0.30647116899490356,-0.9418566823005676,0,-0.054944172501564026,-0.9470955729484558,-0.3162130117416382,0,0,0.13586999475955963,0,1,0.9934053421020508,-0.06753719598054886,-0.09265562891960144,0,0.11044694483280182,0.780646026134491,0.6151373386383057,0,0.030786577612161636,-0.6213139295578003,0.7829568386077881,0,0,0.21759499609470367,0,1,-0.8152095079421997,0.5180531144142151,-0.2589498460292816,0,-0.5358296036720276,-0.8443233966827393,-0.0022821887396275997,0,-0.21981963515281677,0.13689248263835907,0.9658884406089783,0,-0.002560999942943454,-0.05394800007343292,0.14911900460720062,1,-0.009940390475094318,-0.04763823375105858,0.9988154768943787,0,0.5887377262115479,0.807106614112854,0.04435393586754799,0,-0.8082633018493652,0.5884811282157898,0.020023461431264877,0,0,0.18951599299907684,0,1,0.9984862208366394,-0.037686921656131744,-0.040057916194200516,0,0.05137026309967041,0.37885165214538574,0.9240307211875916,0,-0.019647860899567604,-0.9246894717216492,0.38021403551101685,0,0,0.14189699292182922,0,1,0.9943945407867432,0.09755412489175797,0.0407659076154232,0,-0.021559882909059525,-0.19037297368049622,0.9814745783805847,0,0.10350767523050308,-0.976852297782898,-0.18720267713069916,0,0,0.22331799566745758,0,1
K0.140,0.9938154220581055,-0.08893363177776337,-0.06649075448513031,0,0.08959870040416718,0.9959524273872375,0.007082424126565456,0,0.06559179723262787,-0.01299611572176218,0.9977617859840393,0,-0.0014698562445119023,0.4467378556728363,0.007892168127000332,1,0.9936165809631348,0.028839074075222015,-0.10906066745519638,0,-0.03029802441596985,0.99947190284729,-0.011743695475161076,0,0.108664371073246,0.014973049983382225,0.9939654469490051,0,-0.00775599991902709,0.09732399880886078,0,1,0.9814668297767639,-0.10034012049436569,-0.1632612943649292,0,0.09789839386940002,0.9949313998222351,-0.022954074665904045,0,0.16473710536956787,0.006545648910105228,0.986315906047821,0,0,0.11390499770641327,0,1,0.9814668297767639,-0.10034012049436569,-0.16326141357421875,0,0.09789839386940002,0.9949313998222351,-0.022954082116484642,0,0.16473719477653503,0.006545641925185919,0.9863156676292419,0,0,0.13017700612545013,0,1,0.9891168475151062,-0.03287225961685181,0.14341293275356293,0,0.031557388603687286,0.9994366765022278,0.011434097774326801,0,-0.1437080055475235,-0.006783921737223864,0.9895970225334167,0,0,0.1464499980211258,0,1,0.92900151014328,0.10706233233213425,0.3542507290840149,0,-0.09388846904039383,0.9941046237945557,-0.05422326177358627,0,-0.357967734336853,0.017113445326685905,0.9335771203041077,0,0.04863499850034714,0.05214399844408035,0,1,-0.9994630813598633,0.03142441436648369,-0.009278887882828712,0,0.018114734441041946,0.29396551847457886,-0.9556440114974976,0,-0.02730288729071617,-0.9552992582321167,-0.29437699913978577,0,0.005956000182777643,0.1650869995355606,-0.1600629985332489,1,0.7937485575675964,-0.0721619725227356,-0.6039498448371887,0,0.6028270721435547,0.22557362914085388,0.7653206586837769,0,0.08100812137126923,-0.9715498685836792,0.22255001962184906,0,0,0.32193100452423096,0,1,-0.11190706491470337,-0.9294761419296265,0.35149869322776794,0,-0.9589630961418152,0.19374237954616547,0.20701096951961517,0,-0.2605118751525879,-0.3139082193374634,-0.9130142331123352,0,0,0.3142760097980499,0,1,0.9766283631324768,-0.02633807808160782,-0.21331675350666046,0,0.21332386136054993,0.2401217669248581,0.947013258934021,0,0.026279501616954803,-0.9703856706619263,0.240128293633461,0,0.009719000197947025,0.16478699445724487,0.1600629985332489,1,-0.9902582168579102,-0.11308791488409042,-0.0812411680817604,0,-0.10445225983858109,0.21747040748596191,0.9704617857933044,0,-0.09207992255687714,0.9694933295249939,-0.22716401517391205,0,0,0.32222801446914673,0,1,-0.25789257884025574,0.9602181911468506,-0.107108473777771,0,-0.966005802154541,-0.25832515954971313,0.010057174600660801,0,-0.01801173761487007,0.10606111586093903,0.9941968321800232,0,0,0.3085870146751404,0,1,-0.513623058795929,-0.8574944138526917,-0.029893558472394943,0,0.8566508293151855,-0.5144590139389038,0.03847591206431389,0,-0.04837193712592125,-0.005846233107149601,0.9988122582435608,0,-0.002380999969318509,-0.05394800007343292,-0.14911900460720062,1,0.40657666325569153,-0.09870237112045288,-0.9082690477371216,0,0.5325658321380615,0.8333781957626343,0.14783334732055664,0,0.7423405051231384,-0.5438189506530762,0.3913978338241577,0,0,0.1894489973783493,0,1,-0.9913289546966553,0.08462943136692047,-0.10051966458559036,0,0.12596040964126587,0.39417558908462524,-0.9103624820709229,0,-0.03742107376456261,-0.9151305556297302,-0.4014178216457367,0,0,0.13586999475955963,0,1,0.9937101602554321,-0.05947212129831314,-0.09488657861948013,0,0.10534606873989105,0.7838413119316101,0.6119596362113953,0,0.03798147663474083,-0.618106484413147,0.7851762771606445,0,0,0.21759499609470367,0,1,-0.7760511040687561,0.593464732170105,-0.21341170370578766,0,-0.6185919642448425,-0.7821915149688721,0.07429734617471695,0,-0.12283593416213989,0.18967324495315552,0.9741328358650208,0,-0.002560999942943454,-0.05394800007343292,0.14911900460720062,1,0.06533306837081909,-0.016067329794168472,0.9977338910102844,0,0.6045177578926086,0.7961421012878418,-0.026763780042529106,0,-0.7939079403877258,0.6048964858055115,0.06172739341855049,0,0,0.18951599299907684,0,1,0.9956923127174377,0.04753241315484047,-0.07960957288742065,0,0.03149764984846115,0.6341425180435181,0.7725740075111389,0,0.08720611780881882,-0.7717535495758057,0.6299136281013489,0,0,0.14189699292182922,0,1,0.9987865686416626,0.030307281762361526,0.03881664574146271,0,-0.03904472663998604,0.0069703832268714905,0.9992128610610962,0,0.030012860894203186,-0.999515950679779,0.008145264349877834,0,0,0.22331799566745758,0,1
K0.175,0.9974226951599121,-0.06511388719081879,-0.030133768916130066,0,0.0650898665189743,0.9978780746459961,-0.0017785958480089903,0,0.030185623094439507,-0.00018738982907962054,0.9995439648628235,0,-0.01238394808024168,0.4394034445285797,0.009623203426599503,1,0.9921716451644897,0.025920139625668526,-0.12216025590896606,0,-0.027270488440990448,0.9995840787887573,-0.009394594468176365,0,0.12186593562364578,0.01265241950750351,0.9924657940864563,0,-0.00775599991902709,0.09732399880886078,0,1,0.9809109568595886,-0.10660243034362793,-0.1626328080892563,0,0.1040470078587532,0.9942786693572998,-0.024175193160772324,0,0.1642795205116272,0.006792256608605385,0.9863908290863037,0,0,0.11390499770641327,0,1,0.9809109568595886,-0.10660245269536972,-0.1626332402229309,0,0.1040470078587532,0.9942786693572998,-0.024175219237804413,0,0.16427980363368988,0.006792232394218445,0.9863899946212769,0,0,0.13017700612545013,0,1,0.9891021847724915,-0.05305543914437294,0.13733671605587006,0,0.05069352686405182,0.9985013008117676,0.020641546696424484,0,-0.1382260024547577,-0.013454512692987919,0.9903091192245483,0,0,0.1464499980211258,0,1,0.9379000067710876,0.11168991774320602,0.3284338414669037,0,-0.09879875928163528,0.9935452938079834,-0.05573613569140434,0,-0.33253908157348633,0.01982606016099453,0.9428809881210327,0,0.04863499850034714,0.05214399844408035,0,1,-0.9994693994522095,0.0309405867010355,-0.010193212889134884,0,0.018713852390646935,0.2892044186592102,-0.9570847153663635,0,-0.02666482888162136,-0.9567672610282898,-0.28962990641593933,0,0.005956000182777643,0.1650869995355606,-0.1600629985332489,1,0.806077241897583,-0.06284108012914658,-0.5884642601013184,0,0.5821765661239624,0.2628813683986664,0.7693918347358704,0,0.10634687542915344,-0.9627795815467834,0.24848736822605133,0,0,0.32193100452423096,0,1,-0.12675298750400543,-0.928485631942749,0.34906741976737976,0,-0.9541966915130615,0.21027420461177826,0.21282212436199188,0,-0.2710022032260895,-0.3061031997203827,-0.9126110076904297,0,0,0.3142760097980499,0,1,0.9735275506973267,-0.029334088787436485,-0.2266789823770523,0,0.2266741544008255,0.25134509801864624,0.9409807324409485,0,0.029371831566095352,-0.9674528241157532,0.2513406276702881,0,0.009719000197947025,0.16478699445724487,0.1600629985332489,1,-0.9914880394935608,-0.09253231436014175,-0.09159281849861145,0,-0.10998296737670898,0.2187545895576477,0.9695622324943542,0,-0.06967945396900177,0.9713825583457947,-0.2270694375038147,0,0,0.32222801446914673,0,1,-0.2732277512550354,0.9556859731674194,-0.1095949113368988,0,-0.9610928297042847,-0.27601274847984314,-0.010805892758071423,0,-0.04057665169239044,0.10237845778465271,0.99391770362854,0,0,0.3085870146751404,0,1,-0.5404666662216187,-0.8401646614074707,-0.04493017867207527,0,0.8399368524551392,-0.5418896675109863,0.029349012300372124,0,-0.04900520667433739,-0.021876351907849312,0.9985587000846863,0,-0.002380999969318509,-0.05394800007343292,-0.14911900460720062,1,0.3614829480648041,-0.0564865879714489,-0.9306658506393433,0,0.41087836027145386,0.9056677222251892,0.1046212911605835,0,0.8369640707969666,-0.420209139585495,0.3505924642086029,0,0,0.1894489973783493,0,1,-0.9904535412788391,0.09623273462057114,-0.09869382530450821,0,0.13194741308689117,0.454692006111145,-0.8808203339576721,0,-0.03988850489258766,-0.8854349255561829,-0.46304944157600403,0,0,0.13586999475955963,0,1,0.9929429292678833,-0.09798682481050491,-0.06680285185575485,0,0.11845168471336365,0.7920606732368469,0.5988404154777527,0,-0.005766550078988075,-0.6025272607803345,0.7980777621269226,0,0,0.21759499609470367,0,1,-0.7719666957855225,0.6166952848434448,-0.15412285923957825,0,-0.6344930529594421,-0.76225745677948,0.12799519300460815,0,-0.03854726254940033,0.1965978741645813,0.9797261953353882,0,-0.002560999942943454,-0.05394800007343292,0.14911900460720062,1,0.16184929013252258,-0.08587320894002914,0.9830722808837891,0,0.8303548693656921,0.550137996673584,-0.08865088224411011,0,-0.5332125425338745,0.8306466937065125,0.16034464538097382,0,0,0.18951599299907684,0,1,0.9951503872871399,0.04334752634167671,-0.08829669654369354,0,0.04921739920973778,0.557772159576416,0.8285333514213562,0,0.08516432344913483,-0.8288610577583313,0.5529338121414185,0,0,0.14189699292182922,0,1,0.99574214220047,0.037974946200847626,0.08399544656276703,0,-0.08815465867519379,0.6586505770683289,0.7472677826881409,0,-0.026946181431412697,-0.7514901161193848,0.6591933965682983,0,0,0.22331799566745758,0,1
K0.211,0.9977877736091614,-0.0470135323703289,-0.0470016710460186,0,0.04693109542131424,0.9988940358161926,-0.0028564662206918,0,0.04708398878574371,0.0006443070014938712,0.9988908171653748,0,-0.020219605416059494,0.43777573108673096,0.011483747512102127,1,0.9932020902633667,0.018365509808063507,-0.11494506150484085,0,-0.019479727372527122,0.9997733235359192,-0.008577646687626839,0,0.11476150155067444,0.010758437216281891,0.993334949016571,0,-0.00775599991902709,0.09732399880886078,0,1,0.9816568493843079,-0.12207000702619553,-0.14645114541053772,0,0.11956838518381119,0.9924904704093933,-0.025798356160521507,0,0.14850062131881714,0.007814208045601845,0.9888811111450195,0,0,0.11390499770641327,0,1,0.9816568493843079,-0.12207000702619553,-0.14645114541053772,0,0.11956838518381119,0.9924904704093933,-0.025798356160521507,0,0.14850062131881714,0.007814208045601845,0.9888811111450195,0,0,0.13017700612545013,0,1,0.9913162589073181,-0.04192250221967697,0.1246354952454567,0,0.041426293551921844,0.9991200566291809,0.006571576930582523,0,-0.12480130046606064,-0.0013513233279809356,0.9921804666519165,0,0,0.1464499980211258,0,1,0.9406310319900513,0.09439540654420853,0.3260418772697449,0,-0.09448640793561935,0.9954043626785278,-0.015595419332385063,0,-0.32601550221443176,-0.016136983409523964,0.9452269673347473,0,0.04863499850034714,0.05214399844408035,0,1,-0.9992304444313049,0.02964167110621929,-0.025680366903543472,0,0.032768744975328445,0.2712489366531372,-0.9619510173797607,0,-0.0215480774641037,-0.9620528221130371,-0.2720116674900055,0,0.005956000182777643,0.1650869995355606,-0.1600629985332489,1,0.8489699363708496,-0.0552971325814724,-0.5255393981933594,0,0.5182910561561584,0.28111088275909424,0.80768221616745,0,0.10307237505912781,-0.9580805897712708,0.2673147916793823,0,0,0.32193100452423096,0,1,-0.11668827384710312,-0.9385644197463989,0.3247774839401245,0,-0.9545226097106934,0.19631639122962952,0.2243812531232834,0,-0.2743554413318634,-0.2838248014450073,-0.9187889099121094,0,0,0.3142760097980499,0,1,0.9752777814865112,-0.03050144948065281,-0.2188684344291687,0,0.21923664212226868,0.25783637166023254,0.9409865736961365,0,0.027730785310268402,-0.965707004070282,0.25814902782440186,0,0.009719000197947025,0.16478699445724487,0.1600629985332489,1,-0.983722448348999,-0.09608162939548492,-0.15185096859931946,0,-0.16848188638687134,0.19932450354099274,0.9653412699699402,0,-0.06248391419649124,0.9752115607261658,-0.21226780116558075,0,0,0.32222801446914673,0,1,-0.2595904767513275,0.9596144556999207,-0.1084117665886879,0,-0.9643539190292358,-0.2635512948036194,-0.023710932582616806,0,-0.05132540687918663,0.09839215874671936,0.993823230266571,0,0,0.3085870146751404,0,1,-0.5651698112487793,-0.8240231275558472,-0.039601393043994904,0,0.8208878040313721,-0.5664939880371094,0.07230082154273987,0,-0.08201155811548233,0.00835394486784935,0.9965965151786804,0,-0.002380999969318509,-0.05394800007343292,-0.14911900460720062,1,0.3399638831615448,-0.08321602642536163,-0.9367493987083435,0,0.46371594071388245,0.8814021348953247,0.08999192714691162,0,0.8181639313697815,-0.46497949957847595,0.33823341131210327,0,0,0.1894489973783493,0,1,-0.9782388806343079,0.17967338860034943,-0.10376180708408356,0,0.17699716985225677,0.4617065489292145,-0.869193971157074,0,-0.10826359689235687,-0.868645429611206,-0.4834613502025604,0,0,0.13586999475955963,0,1,0.9934663772583008,-0.08393518626689911,-0.07732302695512772,0,0.11365149170160294,0.7891630530357361,0.6035768389701843,0,0.010359156876802444,-0.6084216237068176,0.7935469150543213,0,0,0.21759499609470367,0,1,-0.8247143626213074,0.5503618121147156,-0.13018378615379333,0,-0.564152717590332,-0.8167537450790405,0.12101965397596359,0,-0.039723485708236694,0.17325012385845184,0.9840763807296753,0,-0.002560999942943454,-0.05394800007343292,0.14911900460720062,1,0.10978630185127258,-0.13047689199447632,0.9853542447090149,0,0.9847058653831482,0.14920473098754883,-0.08995694667100906,0,-0.1352822333574295,0.9801601767539978,0.14486198127269745,0,0,0.18951599299907684,0,1,0.9946778416633606,0.033657755702733994,-0.09737972170114517,0,0.07698804140090942,0.3853164315223694,0.9195671677589417,0,0.06847260892391205,-0.9221705794334412,0.38067466020584106,0,0,0.14189699292182922,0,1,0.9906533360481262,0.06142350286245346,0.12178939580917358,0,-0.13520187139511108,0.5603607892990112,0.8171389102935791,0,-0.018054477870464325,-0.8259677290916443,0.5634279251098633,0,0,0.22331799566745758,0,1
