1.000,30,29,25
B0,mixamorig_Hips,-1,0.0334416963160038,-0.033671263605356216,0.9988730549812317,0,-0.002264193259179592,0.9994270205497742,0.03376574441790581,0,-0.9994379878044128,-0.0033908274490386248,0.03334631025791168,0,0.007910000160336494,0.9440529942512512,-0.012198000214993954,1
B1,mixamorig_Spine,0,0.9987580180168152,-0.04460282623767853,0.02220798283815384,0,0.04473917931318283,0.9989830255508423,-0.005680244881659746,0,-0.021932024508714676,0.00666675204411149,0.999737024307251,0,-0.0123070003464818,0.1945430040359497,0,1
B2,mixamorig_Spine1,1,0.9981060028076172,-0.043501079082489014,0.04348770156502724,0,0.04271790757775307,0.9989110231399536,0.01878013089299202,0,-0.044257279485464096,-0.01688685081899166,0.9988769292831421,0,0,0.22742100059986115,0,1
B3,mixamorig_Spine2,2,0.9981539845466614,-0.04304204136133194,0.042838867753744125,0,0.04218396916985512,0.998894989490509,0.02073769085109234,0,-0.043684136122465134,-0.018892301246523857,0.9988669753074646,0,0,0.259909987449646,0,1
B4,mixamorig_Neck,3,0.997806966304779,-0.05478719249367714,-0.0371529757976532,0,0.0546707957983017,0.9984959363937378,-0.004142129328101873,0,0.03732401132583618,0.002101861871778965,0.999301016330719,0,0,0.29239800572395325,0,1
B5,mixamorig_Head,4,0.9953269362449646,0.05552731081843376,-0.07899904996156693,0,-0.0582546666264534,0.9977680444717407,-0.03264676034450531,0,0.07700992375612259,0.037096258252859116,0.9963399767875671,0,-0.013539999723434448,0.10293400287628174,0,1
B6,mixamorig_HeadTop_End,5,1,0,0,0,0,1,0,0,0,0,1,0,-0.07672400027513504,0.5832819938659668,0,1
B7,mixamorig_LeftShoulder,3,-0.984980046749115,0.0025577316991984844,-0.1726491004228592,0,0.1695069521665573,0.2047766149044037,-0.9640200734138489,0,0.03288877382874489,-0.9788049459457397,-0.20213435590267181,0,0.0021639999467879534,0.3292880058288574,-0.28019601106643677,1
B8,mixamorig_LeftArm,7,0.9014481902122498,0.4328867793083191,-0.0006859198329038918,0,-0.02009785734117031,0.04343469440937042,0.9988539814949036,0,0.4324202537536621,-0.9004009366035461,0.04785419628024101,0,0,0.4955880045890808,0,1
B9,mixamorig_LeftForeArm,8,-0.8973241448402405,-0.17530584335327148,-0.4050658047199249,0,-0.19186006486415863,0.9814220070838928,0.0002756742178462446,0,0.3974921703338623,0.07796332240104675,-0.9142878651618958,0,0,0.6818770170211792,0,1
B10,mixamorig_LeftHand,9,1,0,0,0,0,1,0,0,0,0,1,0,0,0.5484380125999451,0,1
B11,mixamorig_RightShoulder,3,0.9984689950942993,-0.010037143714725971,-0.05439084395766258,0,0.05530712753534317,0.18972602486610413,0.980277955532074,0,0.0004801651812158525,-0.9817859530448914,0.1899908035993576,0,-0.00494999997317791,0.32973799109458923,0.28019601106643677,1
B12,mixamorig_RightArm,11,0.8863738775253296,-0.44244831800460815,-0.13631173968315125,0,0.22414614260196686,0.15249298512935638,0.9625510573387146,0,-0.40509265661239624,-0.8837342262268066,0.23433896899223328,0,0,0.49580299854278564,0,1
B13,mixamorig_RightForeArm,12,0.9191540479660034,-0.39354076981544495,-0.016755905002355576,0,0.3937492370605469,0.9191439747810364,0.011670981533825397,0,0.01080807764083147,-0.01732505112886429,0.9997910261154175,0,0,0.6616399884223938,0,1
B14,mixamorig_RightHand,13,1,0,0,0,0,1,0,0,0,0,1,0,0,0.5160250067710876,0,1
B15,mixamorig_LeftUpLeg,0,-0.8187011480331421,-0.5444038510322571,0.18262694776058197,0,0.5289281010627747,-0.8387730121612549,-0.12921008467674255,0,0.2235250473022461,-0.0091879116371274,0.974655032157898,0,0.00031999999191612005,-0.10770100355148315,-0.30003100633621216,1
B16,mixamorig_LeftLeg,15,0.09386222809553146,-0.2886962592601776,-0.9528089761734009,0,0.9952100515365601,0.0009422955336049199,0.09775372594594955,0,-0.027323268353939056,-0.9574201107025146,0.2874017655849457,0,0,0.38975098729133606,0,1
B17,mixamorig_LeftFoot,16,-0.9994320869445801,0.03197106719017029,-0.010649760253727436,0,0.011241238564252853,0.018377995118498802,-0.9997680187225342,0,-0.03176793083548546,-0.9993199706077576,-0.018726957961916924,0,0,0.27142098546028137,0,1
B18,mixamorig_LeftToeBase,17,0.9985160231590271,-0.051510345190763474,0.017702028155326843,0,0.010932842269539833,0.5079339742660522,0.861327052116394,0,-0.05335868522524834,-0.8598549365997314,0.5077431201934814,0,0,0.4328269958496094,0,1
B19,mixamorig_LeftToe_End,18,1,0,0,0,0,1,0,0,0,0,1,0,0,0.22163699567317963,0,1
B20,mixamorig_RightUpLeg,0,-0.9070829749107361,-0.40244320034980774,-0.12344679236412048,0,0.39441683888435364,-0.9150092005729675,0.08481717854738235,0,-0.14708909392356873,0.028246736153960228,0.9887199401855469,0,0.011429999954998493,-0.10770100355148315,0.30003100633621216,1
B21,mixamorig_RightLeg,20,0.21408700942993164,-0.18096086382865906,0.9599059224128723,0,0.8463438749313354,0.525015115737915,-0.08978378772735596,0,-0.48771771788597107,0.8316320776939392,0.2655540406703949,0,0,0.3895609974861145,0,1
B22,mixamorig_RightFoot,21,0.9988070130348206,0.0468633659183979,-0.013743004761636257,0,0.016290966421365738,-0.0544288344681263,0.9983848929405212,0,0.046039629727602005,-0.9974169135093689,-0.055127307772636414,0,0,0.28062498569488525,0,1
B23,mixamorig_RightToeBase,22,0.997668981552124,0.0052892891690135,0.06803186237812042,0,-0.046464867889881134,0.7828019261360168,0.6205341219902039,0,-0.049973294138908386,-0.6222488284111023,0.7812230587005615,0,0,0.44201400876045227,0,1
B24,mixamorig_RightToe_End,23,1,0,0,0,0,1,0,0,0,0,1,0,0,0.2201409935951233,0,1
@20,0,1,2,3,4,5,7,8,9,11,12,13,15,16,17,18,20,21,22,23
K0,0.9988729953765869,-0.033671438694000244,-0.033441659063100815,0,0.033765919506549835,0.9994270205497742,0.0022644386626780033,0,0.0333462655544281,-0.0033910779748111963,0.9994379878044128,0,-0.012197999283671379,0.9440529942512512,-0.007910000160336494,1,0.9987580180168152,-0.04460282251238823,0.02220797911286354,0,0.04473917558789253,0.9989830255508423,-0.005680246744304895,0,-0.021932020783424377,0.006666752975434065,0.999737024307251,0,-0.0123070003464818,0.1945430040359497,0,1,0.9981060028076172,-0.04350108653306961,0.043487709015607834,0,0.042717915028333664,0.9989110231399536,0.018780140206217766,0,-0.04425728693604469,-0.016886860132217407,0.9988769292831421,0,0,0.22742100059986115,0,1,0.9981539845466614,-0.04304203763604164,0.04283886402845383,0,0.04218396544456482,0.998894989490509,0.020737694576382637,0,-0.043684132397174835,-0.018892304971814156,0.9988669753074646,0,0,0.259909987449646,0,1,0.997806966304779,-0.05478719621896744,-0.037152983248233795,0,0.054670799523591995,0.9984959363937378,-0.0041421339847147465,0,0.03732401877641678,0.002101865829899907,0.999301016330719,0,0,0.29239800572395325,0,1,0.9953269362449646,0.05552732199430466,-0.07899905741214752,0,-0.058254677802324295,0.9977680444717407,-0.032646749168634415,0,0.07700993120670319,0.03709625080227852,0.9963399767875671,0,-0.013539999723434448,0.10293400287628174,0,1,-0.984980046749115,0.0025578346103429794,-0.17264927923679352,0,0.16950714588165283,0.2047765851020813,-0.9640200734138489,0,0.032888710498809814,-0.9788050055503845,-0.202134370803833,0,0.0021639999467879534,0.3292880058288574,-0.28019601106643677,1,0.901448130607605,0.4328868091106415,-0.0006856359541416168,0,-0.020098106935620308,0.043434616178274155,0.9988539218902588,0,0.4324202835559845,-0.9004008173942566,0.047854240983724594,0,0,0.4955880045890808,0,1,-0.8973241448402405,-0.17530588805675507,-0.4050658345222473,0,-0.1918601244688034,0.9814220070838928,0.0002756663889158517,0,0.3974922001361847,0.07796334475278854,-0.9142878651618958,0,0,0.6818770170211792,0,1,0.9984689950942993,-0.010037013329565525,-0.05439072474837303,0,0.05530698597431183,0.18972602486610413,0.9802780151367188,0,0.0004802753101103008,-0.9817860126495361,0.1899908035993576,0,-0.00494999997317791,0.32973799109458923,0.28019601106643677,1,0.8863739967346191,-0.4424481689929962,-0.13631145656108856,0,0.22414590418338776,0.15249326825141907,0.9625509977340698,0,-0.4050925076007843,-0.8837342262268066,0.23433910310268402,0,0,0.49580299854278564,0,1,0.9191540479660034,-0.39354076981544495,-0.016755910590291023,0,0.3937492370605469,0.9191439747810364,0.01167096383869648,0,0.01080808974802494,-0.017325038090348244,0.9997910261154175,0,0,0.6616399884223938,0,1,-0.8187011480331421,-0.5444037914276123,0.18262696266174316,0,0.5289280414581299,-0.8387730121612549,-0.12921006977558136,0,0.2235250622034073,-0.009187913499772549,0.974655032157898,0,0.00031999999191612005,-0.10770100355148315,-0.30003100633621216,1,0.09386220574378967,-0.288695752620697,-0.9528090953826904,0,0.9952100515365601,0.0009423419251106679,0.09775365889072418,0,-0.027323175221681595,-0.9574202299118042,0.2874012589454651,0,0,0.38975098729133606,0,1,-0.9994320869445801,0.031970832496881485,-0.010649695061147213,0,0.011241168715059757,0.0183780025690794,-0.9997680187225342,0,-0.031767696142196655,-0.9993199706077576,-0.018726952373981476,0,0,0.27142098546028137,0,1,0.9985160231590271,-0.05151033401489258,0.017702223733067513,0,0.01093266624957323,0.5079339742660522,0.8613269925117493,0,-0.0533587783575058,-0.8598548769950867,0.5077431201934814,0,0,0.4328269958496094,0,1,-0.9070829749107361,-0.40244317054748535,-0.12344684451818466,0,0.39441680908203125,-0.9150092005729675,0.08481723070144653,0,-0.1470891684293747,0.028246769681572914,0.9887199401855469,0,0.011429999954998493,-0.10770100355148315,0.30003100633621216,1,0.21408675611019135,-0.18096090853214264,0.9599061012268066,0,0.8463440537452698,0.5250149369239807,-0.0897836983203888,0,-0.48771771788597107,0.8316322565078735,0.26555389165878296,0,0,0.3895609974861145,0,1,0.9988070130348206,0.04686335474252701,-0.013743400573730469,0,0.01629135198891163,-0.05442865565419197,0.9983848929405212,0,0.04603959619998932,-0.9974169135093689,-0.05512714758515358,0,0,0.28062498569488525,0,1,0.9976690411567688,0.005289238877594471,0.06803175806999207,0,-0.04646476358175278,0.7828019261360168,0.6205341219902039,0,-0.04997324198484421,-0.6222488284111023,0.7812230587005615,0,0,0.44201400876045227,0,1
K0.034,0.9987124800682068,-0.04445633664727211,-0.024442682042717934,0,0.04456055164337158,0.999000072479248,0.0037353471852838993,0,0.024252165108919144,-0.004819716326892376,0.9996941685676575,0,-0.003577392315492034,0.9544122219085693,-0.00843165721744299,1,0.9992793798446655,-0.03754878789186478,0.005637867376208305,0,0.03758756443858147,0.9992694854736328,-0.006939469836652279,0,-0.005373173393309116,0.007146374322474003,0.9999595284461975,0,-0.0123070003464818,0.1945430040359497,0,1,0.9987207651138306,-0.038799986243247986,0.03241858258843422,0,0.03851580619812012,0.9992144107818604,0.009345442056655884,0,-0.032755713909864426,-0.0080848578363657,0.9994304776191711,0,0,0.22742100059986115,0,1,0.9987533092498779,-0.03850725665688515,0.03177272528409958,0,0.03817460313439369,0.9992101192474365,0.011010367423295975,0,-0.032171618193387985,-0.009783733636140823,0.9994348287582397,0,0,0.259909987449646,0,1,0.9979225993156433,-0.05550510063767433,-0.03271227702498436,0,0.05532798916101456,0.9984483122825623,-0.006294894032180309,0,0.03301091119647026,0.004471912048757076,0.9994449615478516,0,0,0.29239800572395325,0,1,0.9971383213996887,0.0493733249604702,-0.05724821612238884,0,-0.05129928141832352,0.9981491565704346,-0.03267408907413483,0,0.05552901327610016,0.035517368465662,0.9978252649307251,0,-0.013539999723434448,0.10293400287628174,0,1,-0.9878136515617371,0.003660592483356595,-0.15559685230255127,0,0.15291321277618408,0.20914241671562195,-0.9658560156822205,0,0.02900630608201027,-0.9778785109519958,-0.20715360343456268,0,0.0021639999467879534,0.3292880058288574,-0.28019601106643677,1,0.9140211939811707,0.39983776211738586,-0.06851861625909805,0,0.06308237463235855,0.026758046820759773,0.997649073600769,0,0.40073150396347046,-0.9161954522132874,-0.0007652997737750411,0,0,0.4955880045890808,0,1,-0.8973950743675232,-0.17494328320026398,-0.40506500005722046,0,-0.19146327674388885,0.9815002083778381,0.00027486609178595245,0,0.39752301573753357,0.07780168205499649,-0.9142880439758301,0,0,0.6818770170211792,0,1,0.9981292486190796,-0.00966879352927208,-0.06036681309342384,0,0.06109466776251793,0.19414329528808594,0.9790684580802917,0,0.0022534008603543043,-0.9809255003929138,0.19437092542648315,0,-0.00494999997317791,0.32973799109458923,0.28019601106643677,1,0.868781328201294,-0.46965456008911133,-0.1569814831018448,0,0.2643377482891083,0.17177462577819824,0.9490098357200623,0,-0.4187411665916443,-0.8659777045249939,0.27338188886642456,0,0,0.49580299854278564,0,1,0.8977005481719971,-0.44026267528533936,-0.01739182509481907,0,0.4404957592487335,0.8976600170135498,0.01305619440972805,0,0.009863787330687046,-0.019381573423743248,0.9997634887695312,0,0,0.6616399884223938,0,1,-0.7704723477363586,-0.6147934198379517,0.16852939128875732,0,0.6007728576660156,-0.7886878848075867,-0.13054853677749634,0,0.21317754685878754,0.0006638496415689588,0.9770137667655945,0,0.00031999999191612005,-0.10770100355148315,-0.30003100633621216,1,0.2509826719760895,-0.2496568262577057,-0.9352430105209351,0,0.9384676218032837,0.2995564639568329,0.1718834638595581,0,0.2372463196516037,-0.920835554599762,0.3094785213470459,0,0,0.38975098729133606,0,1,-0.998234748840332,0.05919753760099411,0.004908301867544651,0,0.004586754832416773,0.15920092165470123,-0.9872353672981262,0,-0.059223294258117676,-0.9854698777198792,-0.15919151902198792,0,0,0.27142098546028137,0,1,0.9952563047409058,0.014924402348697186,-0.09613870829343796,0,0.06084825098514557,0.6755585670471191,0.7347915768623352,0,0.07591357082128525,-0.737155020236969,0.6714450716972351,0,0,0.4328269958496094,0,1,-0.9559942483901978,-0.25898468494415283,-0.13784456253051758,0,0.250765860080719,-0.9651933908462524,0.07428336888551712,0,-0.15228503942489624,0.03644779324531555,0.9876646995544434,0,0.011429999954998493,-0.10770100355148315,0.30003100633621216,1,0.20866277813911438,-0.15338127315044403,0.96588534116745,0,0.7900887727737427,0.6085025072097778,-0.07405561953783035,0,-0.576384961605072,0.7785878777503967,0.24815666675567627,0,0,0.3895609974861145,0,1,0.9967507719993591,0.08037509024143219,-0.005182062275707722,0,0.014854351058602333,-0.12021364271640778,0.9926367402076721,0,0.07916039973497391,-0.9894894957542419,-0.12101709842681885,0,0,0.28062498569488525,0,1,0.9975372552871704,0.004889960400760174,0.06996306777000427,0,-0.0470968633890152,0.7858806848526001,0.6165817975997925,0,-0.05196760594844818,-0.6183589100837708,0.7841762900352478,0,0,0.44201400876045227,0,1
K0.069,0.9983466863632202,-0.0560082383453846,-0.012947729788720608,0,0.05601213499903679,0.9984296560287476,-0.00005827898712595925,0,0.012930660508573055,-0.0006670509465038776,0.9999160170555115,0,0.0025792887900024652,0.9529014825820923,-0.008910033851861954,1,0.999496340751648,-0.029395880177617073,-0.011954805813729763,0,0.02944849617779255,0.999557375907898,0.004248985089361668,0,0.011824605986475945,-0.004598893690854311,0.9999191164970398,0,-0.0123070003464818,0.1945430040359497,0,1,0.9991685152053833,-0.03503410890698433,0.02084190957248211,0,0.035106584429740906,0.99937903881073,-0.0031206426210701466,0,-0.020719634369015694,0.00384973525069654,0.9997777938842773,0,0,0.22742100059986115,0,1,0.9991884231567383,-0.034721773117780685,0.020399369299411774,0,0.03476444631814957,0.9993944764137268,-0.0017396353650838137,0,-0.020326612517237663,0.0024473960511386395,0.999790370464325,0,0,0.259909987449646,0,1,0.9981961846351624,-0.05384208634495735,-0.026564449071884155,0,0.053764428943395615,0.9985475540161133,-0.0036302227526903152,0,0.026721298694610596,0.0021954502444714308,0.999640166759491,0,0,0.29239800572395325,0,1,0.9979915618896484,0.04979371652007103,-0.03916868567466736,0,-0.05109868571162224,0.9981462955474854,-0.03305288404226303,0,0.037450261414051056,0.03498797118663788,0.9986861348152161,0,-0.013539999723434448,0.10293400287628174,0,1,-0.9901185631752014,0.004542780574411154,-0.14016126096248627,0,0.13792560994625092,0.2121766209602356,-0.9674486517906189,0,0.025344040244817734,-0.9772207140922546,-0.21070663630962372,0,0.0021639999467879534,0.3292880058288574,-0.28019601106643677,1,0.9215819835662842,0.36453214287757874,-0.133425772190094,0,0.1402781456708908,0.0077484240755438805,0.9900814294815063,0,0.3619506061077118,-0.9311586618423462,-0.043995119631290436,0,0,0.4955880045890808,0,1,-0.8978054523468018,-0.17282253503799438,-0.4050646126270294,0,-0.18914228677749634,0.9819496273994446,0.00027140157180838287,0,0.3977062702178955,0.0768585354089737,-0.9142880439758301,0,0,0.6818770170211792,0,1,0.9976809620857239,-0.009254896081984043,-0.06743068248033524,0,0.06788413971662521,0.20704765617847443,0.9759727716445923,0,0.004928840324282646,-0.9782875180244446,0.20719590783119202,0,-0.00494999997317791,0.32973799109458923,0.28019601106643677,1,0.8536726832389832,-0.4913102984428406,-0.1727917343378067,0,0.3025669753551483,0.19781048595905304,0.9323758482933044,0,-0.4239058196544647,-0.8482248783111572,0.3175196647644043,0,0,0.49580299854278564,0,1,0.8615903258323669,-0.5072675347328186,-0.01846225932240486,0,0.5075360536575317,0.8614989519119263,0.015042991377413273,0,0.00827440433204174,-0.022331181913614273,0.9997167587280273,0,0,0.6616399884223938,0,1,-0.7238113880157471,-0.6760900616645813,0.13783515989780426,0,0.6581515073776245,-0.7364774346351624,-0.15632784366607666,0,0.20720411837100983,-0.02243545465171337,0.9780402183532715,0,0.00031999999191612005,-0.10770100355148315,-0.30003100633621216,1,0.37505894899368286,-0.14986498653888702,-0.9148072004318237,0,0.7837910056114197,0.5781983137130737,0.2266227900981903,0,0.49497687816619873,-0.8020140528678894,0.3343210220336914,0,0,0.38975098729133606,0,1,-0.9993990063667297,0.03341899812221527,0.009230569936335087,0,0.0026379425544291735,0.3387625813484192,-0.9408683180809021,0,-0.03456982970237732,-0.9402779340744019,-0.3386470377445221,0,0,0.27142098546028137,0,1,0.9938916563987732,-0.004956957884132862,-0.11024663597345352,0,0.07441242784261703,0.7678312063217163,0.63631671667099,0,0.08149655908346176,-0.6406331658363342,0.7635093331336975,0,0,0.4328269958496094,0,1,-0.9782502055168152,-0.12314068526029587,-0.16692042350769043,0,0.11341853439807892,-0.9913120269775391,0.06661340594291687,0,-0.17367307841777802,0.04623271897435188,0.9837177991867065,0,0.011429999954998493,-0.10770100355148315,0.30003100633621216,1,0.2000942826271057,-0.11585330218076706,0.9729026556015015,0,0.7234945297241211,0.6870726943016052,-0.06698253005743027,0,-0.6606950163841248,0.7172929048538208,0.2212986797094345,0,0,0.3895609974861145,0,1,0.9963964819908142,0.08480013906955719,0.001592520042322576,0,0.011930026113986969,-0.1587173193693161,0.9872515201568604,0,0.08397185057401657,-0.9836751222610474,-0.15915706753730774,0,0,0.28062498569488525,0,1,0.9974607825279236,0.004666856024414301,0.07106303423643112,0,-0.04745211452245712,0.7876243591308594,0.6143264174461365,0,-0.053104013204574585,-0.616138756275177,0.7858459949493408,0,0,0.44201400876045227,0,1
K0.103,0.9979281425476074,-0.06372363120317459,0.00886716227978468,0,0.0638975203037262,0.9977371692657471,-0.020943179726600647,0,-0.007512520998716354,0.02146637998521328,0.9997416138648987,0,0.004637310281395912,0.9348303079605103,-0.012607204727828503,1,0.9990994334220886,-0.019223997369408607,-0.037834201008081436,0,0.02076171711087227,0.9989566206932068,0.04067966714501381,0,0.03701267018914223,-0.04142850637435913,0.9984554052352905,0,-0.0123070003464818,0.1945430040359497,0,1,0.9993773102760315,-0.03414046764373779,0.008904284797608852,0,0.03431319817900658,0.9992101192474365,-0.020027194172143936,0,-0.00821351446211338,0.020320259034633636,0.9997594952583313,0,0,0.22742100059986115,0,1,0.9994022250175476,-0.033413615077733994,0.008886919356882572,0,0.033577416092157364,0.999255895614624,-0.018971065059304237,0,-0.008246414363384247,0.019258126616477966,0.999780535697937,0,0,0.259909987449646,0,1,0.9984636902809143,-0.05223333090543747,-0.018512334674596786,0,0.052370913326740265,0.9986027479171753,0.007028189487755299,0,0.01811935566365719,-0.007986897602677345,0.9998037219047546,0,0,0.29239800572395325,0,1,0.9980313777923584,0.05720355734229088,-0.025731375440955162,0,-0.05817322060465813,0.9975576996803284,-0.03866277262568474,0,0.02345687709748745,0.04008353129029274,0.9989213347434998,0,-0.013539999723434448,0.10293400287628174,0,1,-0.991309404373169,0.00511609110981226,-0.1314496397972107,0,0.12944349646568298,0.21600843966007233,-0.9677731990814209,0,0.02344301901757717,-0.9763782024383545,-0.21479342877864838,0,0.0021639999467879534,0.3292880058288574,-0.28019601106643677,1,0.9248549938201904,0.3281865119934082,-0.19218888878822327,0,0.20884104073047638,-0.0159101951867342,0.9778199791908264,0,0.317849725484848,-0.9444791078567505,-0.08325348049402237,0,0,0.4955880045890808,0,1,-0.8993829488754272,-0.164425790309906,-0.4050624370574951,0,-0.17995239794254303,0.9836756587028503,0.00025789247592911124,0,0.39840731024742126,0.07312383502721786,-0.9142890572547913,0,0,0.6818770170211792,0,1,0.9969699382781982,-0.008816066198050976,-0.07728299498558044,0,0.07732588797807693,0.220027893781662,0.9724236726760864,0,0.008431472815573215,-0.9754540324211121,0.2200430929660797,0,-0.00494999997317791,0.32973799109458923,0.28019601106643677,1,0.8405581712722778,-0.5075991153717041,-0.18922168016433716,0,0.3447495400905609,0.23179985582828522,0.9096242189407349,0,-0.4178631007671356,-0.8298264741897583,0.3698359429836273,0,0,0.49580299854278564,0,1,0.8355751037597656,-0.5490390062332153,-0.01923348940908909,0,0.5493298768997192,0.8354474902153015,0.016282441094517708,0,0.007128871977329254,-0.024170726537704468,0.9996823668479919,0,0,0.6616399884223938,0,1,-0.6100321412086487,-0.7868937849998474,0.09305474907159805,0,0.7674927711486816,-0.6159854531288147,-0.17752858996391296,0,0.19701656699180603,-0.03687931224703789,0.9797065258026123,0,0.00031999999191612005,-0.10770100355148315,-0.30003100633621216,1,0.42934414744377136,-0.1471354067325592,-0.8910755515098572,0,0.7236953377723694,0.6463062763214111,0.24197699129581451,0,0.5403041839599609,-0.7487584352493286,0.38396894931793213,0,0,0.38975098729133606,0,1,-0.998704731464386,0.04548844322562218,0.022797074168920517,0,-0.006878091022372246,0.323236882686615,-0.9462934732437134,0,-0.050414249300956726,-0.9452241659164429,-0.32250508666038513,0,0,0.27142098546028137,0,1,0.99433434009552,-0.005745530594140291,-0.10614600032567978,0,0.07318907976150513,0.7611731290817261,0.6444055438041687,0,0.07709303498268127,-0.6485233306884766,0.7572811245918274,0,0,0.4328269958496094,0,1,-0.9809799194335938,-0.006343946326524019,-0.19400346279144287,0,-0.005843611434102058,-0.9980472326278687,0.06218457967042923,0,-0.19401927292346954,0.06213556230068207,0.979028046131134,0,0.011429999954998493,-0.10770100355148315,0.30003100633621216,1,0.22268450260162354,-0.09210249036550522,0.9705305099487305,0,0.6821515560150146,0.72594153881073,-0.08762583881616592,0,-0.6964772939682007,0.681561291217804,0.22448362410068512,0,0,0.3895609974861145,0,1,0.9959433078765869,0.06938735395669937,0.05728371813893318,0,-0.041441548615694046,-0.2113608717918396,0.9765288233757019,0,0.07986632734537125,-0.9749417304992676,-0.2076280117034912,0,0,0.28062498569488525,0,1,0.9975071549415588,0.004799257963895798,0.07040741294622421,0,-0.04724062234163284,0.7865855097770691,0.6156713962554932,0,-0.05242668092250824,-0.6174626350402832,0.7848513126373291,0,0,0.44201400876045227,0,1
K0.138,0.9970974922180176,-0.06658822298049927,0.03690805658698082,0,0.06807945668697357,0.9968479871749878,-0.040737006813287735,0,-0.03407912328839302,0.04313146695494652,0.998488187789917,0,0.004750472493469715,0.9057235717773438,-0.017579641193151474,1,0.998221755027771,-0.007328987121582031,-0.05915515124797821,0,0.011301574297249317,0.997681736946106,0.06710287928581238,0,0.05852624401450157,-0.067652128636837,0.9959908723831177,0,-0.0123070003464818,0.1945430040359497,0,1,0.9993757605552673,-0.035025544464588165,-0.0045165629126131535,0,0.034869324415922165,0.9989119172096252,-0.030968423932790756,0,0.005596339236944914,0.03079162910580635,0.9995105266571045,0,0,0.22742100059986115,0,1,0.9994220733642578,-0.033723823726177216,-0.004196563735604286,0,0.03358136862516403,0.9989757537841797,-0.03033958375453949,0,0.005215431563556194,0.030181121081113815,0.9995307922363281,0,0,0.259909987449646,0,1,0.9985501170158386,-0.05284583568572998,-0.010244207456707954,0,0.053017258644104004,0.9984447956085205,0.017252983525395393,0,0.009316528216004372,-0.01777108944952488,0.9997990131378174,0,0,0.29239800572395325,0,1,0.9973217248916626,0.07015952467918396,-0.02067069336771965,0,-0.07097822427749634,0.9965941309928894,-0.041970230638980865,0,0.017655691131949425,0.04332501441240311,0.9989053606987,0,-0.013539999723434448,0.10293400287628174,0,1,-0.9927056431770325,0.005961439106613398,-0.12041424214839935,0,0.11866110563278198,0.22496409714221954,-0.967115044593811,0,0.021323498338460922,-0.9743493795394897,-0.22403070330619812,0,0.0021639999467879534,0.3292880058288574,-0.28019601106643677,1,0.9243558049201965,0.29481616616249084,-0.24217769503593445,0,0.26553189754486084,-0.0413009449839592,0.9632171988487244,0,0.2739696800708771,-0.9546607136726379,-0.11645978689193726,0,0,0.4955880045890808,0,1,-0.9019853472709656,-0.1494978815317154,-0.4050583243370056,0,-0.1636148989200592,0.9865236282348633,0.00023467610299121588,0,0.3995647430419922,0.06648528575897217,-0.9142904281616211,0,0,0.6818770170211792,0,1,0.9954003095626831,-0.008068688213825226,-0.09546788781881332,0,0.09487855434417725,0.2214946299791336,0.9705354571342468,0,0.013314669020473957,-0.9751281142234802,0.22124114632606506,0,-0.00494999997317791,0.32973799109458923,0.28019601106643677,1,0.8258154988288879,-0.5279093980789185,-0.19834519922733307,0,0.3875461518764496,0.27574530243873596,0.8796436786651611,0,-0.4096791446208954,-0.8032907843589783,0.4323037266731262,0,0,0.49580299854278564,0,1,0.8244466781616211,-0.5656023025512695,-0.01956360600888729,0,0.5659013390541077,0.8243024945259094,0.016773618757724762,0,0.006639126688241959,-0.024900006130337715,0.9996677041053772,0,0,0.6616399884223938,0,1,-0.4968370497226715,-0.867163360118866,0.034358397126197815,0,0.8482112288475037,-0.4935901463031769,-0.1921088844537735,0,0.18354883790016174,-0.06630366295576096,0.9807719588279724,0,0.00031999999191612005,-0.10770100355148315,-0.30003100633621216,1,0.43397754430770874,-0.17084340751171112,-0.8845773339271545,0,0.6936757564544678,0.6898781061172485,0.20708037912845612,0,0.5748721957206726,-0.7034780383110046,0.41790151596069336,0,0,0.38975098729133606,0,1,-0.9994291663169861,0.007360003422945738,0.032959628850221634,0,-0.029546309262514114,0.2821161150932312,-0.9589253067970276,0,-0.016356129199266434,-0.9593514800071716,-0.2817375063896179,0,0,0.27142098546028137,0,1,0.9954123497009277,-0.008033809252083302,-0.09534353762865067,0,0.06973428279161453,0.7432035803794861,0.6654212474822998,0,0.06551378220319748,-0.6690172553062439,0.7403542399406433,0,0,0.4328269958496094,0,1,-0.9742891192436218,0.09698840230703354,-0.20335513353347778,0,-0.11384960263967514,-0.9908195734024048,0.07289919257164001,0,-0.19441792368888855,0.09417682141065598,0.976387083530426,0,0.011429999954998493,-0.10770100355148315,0.30003100633621216,1,0.26390916109085083,-0.08666787296533585,0.9606457352638245,0,0.6659752726554871,0.7368233799934387,-0.11648213118314743,0,-0.6977312564849854,0.6705072522163391,0.25217321515083313,0,0,0.3895609974861145,0,1,0.9870080351829529,0.06501387804746628,0.1469295173883438,0,-0.12388648092746735,-0.27435776591300964,0.9536137580871582,0,0.1023094579577446,-0.9594277739524841,-0.2627391517162323,0,0,0.28062498569488525,0,1,0.9977495074272156,0.005544671323150396,0.06682131439447403,0,-0.046063195914030075,0.7808611392974854,0.6230034828186035,0,-0.04872382804751396,-0.6246795058250427,0.7793592810630798,0,0,0.44201400876045227,0,1
K0.172,0.995943546295166,-0.06894609332084656,0.05781169608235359,0,0.07173607498407364,0.9962847232818604,-0.0476573184132576,0,-0.0543111115694046,0.05161118134856224,0.9971889853477478,0,0.001763498061336577,0.8764722347259521,-0.02148028090596199,1,0.997724711894989,0.0007293351227417588,-0.06741444766521454,0,0.003830654313787818,0.9977127909660339,0.06748709827661514,0,0.06730949878692627,-0.06759180128574371,0.9954402446746826,0,-0.0123070003464818,0.1945430040359497,0,1,0.9991864562034607,-0.035117052495479584,-0.019810400903224945,0,0.03448307886719704,0.998909592628479,-0.031485021114349365,0,0.02089446224272251,0.030776288360357285,0.9993079900741577,0,0,0.22742100059986115,0,1,0.9992416501045227,-0.033781446516513824,-0.019382447004318237,0,0.03316554054617882,0.9989610314369202,-0.03126329556107521,0,0.020418422296643257,0.030596747994422913,0.9993234872817993,0,0,0.259909987449646,0,1,0.9986140131950378,-0.05253987014293671,-0.0030801210086792707,0,0.05259106308221817,0.9984161257743835,0.01997257210314274,0,0.002025885973125696,-0.020106878131628036,0.9997954964637756,0,0,0.29239800572395325,0,1,0.9963642358779907,0.08319895714521408,-0.018316874280571938,0,-0.08390781283378601,0.9955831170082092,-0.04210684448480606,0,0.014732741750776768,0.04349072277545929,0.998945415019989,0,-0.013539999723434448,0.10293400287628174,0,1,-0.9943638443946838,0.006754344794899225,-0.10580526292324066,0,0.10448284447193146,0.23178730905056,-0.967138946056366,0,0.017991939559578896,-0.9727433919906616,-0.23118680715560913,0,0.0021639999467879534,0.3292880058288574,-0.28019601106643677,1,0.9247174263000488,0.26956048607826233,-0.2687649428844452,0,0.29437756538391113,-0.058787792921066284,0.9538789987564087,0,0.24132806062698364,-0.9611872434616089,-0.1337146908044815,0,0,0.4955880045890808,0,1,-0.9062705039978027,-0.12085527926683426,-0.40505242347717285,0,-0.13226762413978577,0.9912136793136597,0.00018970076052937657,0,0.4014708399772644,0.053747277706861496,-0.9142935872077942,0,0,0.6818770170211792,0,1,0.9932428002357483,-0.0071794805116951466,-0.11583387106657028,0,0.11457610130310059,0.21955175697803497,0.968849778175354,0,0.018475685268640518,-0.9755743741989136,0.2188906967639923,0,-0.00494999997317791,0.32973799109458923,0.28019601106643677,1,0.8157082200050354,-0.5427688956260681,-0.20005671679973602,0,0.4194736182689667,0.31686824560165405,0.8506680727005005,0,-0.39832445979118347,-0.7778152823448181,0.4861491620540619,0,0,0.49580299854278564,0,1,0.8246113061904907,-0.5653607845306396,-0.01955854892730713,0,0.565660297870636,0.8244680762290955,0.01676623336970806,0,0.00664643244817853,-0.024889137595891953,0.9996685981750488,0,0,0.6616399884223938,0,1,-0.43514564633369446,-0.9002959728240967,0.010739722289144993,0,0.8829070925712585,-0.42901748418807983,-0.19083844125270844,0,0.17641863226890564,-0.07356034964323044,0.9815629720687866,0,0.00031999999191612005,-0.10770100355148315,-0.30003100633621216,1,0.42199841141700745,-0.18323373794555664,-0.8878868222236633,0,0.6685121655464172,0.724422812461853,0.16823354363441467,0,0.6123795509338379,-0.664557695388794,0.4281994104385376,0,0,0.38975098729133606,0,1,-0.9990978240966797,-0.025164425373077393,0.03420940414071083,0,-0.039284270256757736,0.2416207194328308,-0.9695748090744019,0,0.01613309234380722,-0.9700440168380737,-0.24239134788513184,0,0,0.27142098546028137,0,1,0.9956307411193848,-0.008574309758841991,-0.0929860770702362,0,0.06893541663885117,0.739197850227356,0.6699509620666504,0,0.06299073994159698,-0.6734337210655212,0.7365590929985046,0,0,0.4328269958496094,0,1,-0.9575703144073486,0.20129501819610596,-0.2062496691942215,0,-0.22343231737613678,-0.9705445766448975,0.09011591225862503,0,-0.18203461170196533,0.13237516582012177,0.9743406176567078,0,0.011429999954998493,-0.10770100355148315,0.30003100633621216,1,0.2873377501964569,-0.08434037119150162,0.9541085958480835,0,0.6471564173698425,0.7514545321464539,-0.12847019731998444,0,-0.7061340808868408,0.6543719172477722,0.2705026865005493,0,0,0.3895609974861145,0,1,0.9728778600692749,0.08241155743598938,0.2161417454481125,0,-0.17637647688388824,-0.340281218290329,0.9236340522766113,0,0.14966708421707153,-0.9367053508758545,-0.31651657819747925,0,0,0.28062498569488525,0,1,0.9981803894042969,0.00708683580160141,0.059876445680856705,0,-0.043679129332304,0.769561231136322,0.6370767951011658,0,-0.0415637381374836,-0.6385329365730286,0.7684705853462219,0,0,0.44201400876045227,0,1
K0.207,0.9955422878265381,-0.06563122570514679,0.06773832440376282,0,0.06872241199016571,0.9966490864753723,-0.0443585142493248,0,-0.06460001319646835,0.048815906047821045,0.9967162609100342,0,-0.005532790906727314,0.8553497195243835,-0.02417844533920288,1,0.9971717596054077,-0.0006794395158067346,-0.07515154778957367,0,0.004578607622534037,0.9986510276794434,0.051723964512348175,0,0.07501500844955444,-0.05192175135016441,0.9958295226097107,0,-0.0123070003464818,0.1945430040359497,0,1,0.9987874627113342,-0.03576303645968437,-0.033818043768405914,0,0.034812651574611664,0.9989931583404541,-0.028286391869187355,0,0.03479563444852829,0.027074825018644333,0.9990278482437134,0,0,0.22742100059986115,0,1,0.9988387823104858,-0.03475389629602432,-0.033356208354234695,0,0.033807165920734406,0.9990207552909851,-0.028539055958390236,0,0.03431539610028267,0.027378244325518608,0.9990358352661133,0,0,0.259909987449646,0,1,0.998746395111084,-0.049969084560871124,0.003030837047845125,0,0.0499093160033226,0.998603105545044,0.017332909628748894,0,-0.003892711363732815,-0.017159907147288322,0.9998448491096497,0,0,0.29239800572395325,0,1,0.9953343868255615,0.0960833728313446,-0.008785303682088852,0,-0.09636159986257553,0.9945290088653564,-0.04033022001385689,0,0.004862175788730383,0.040988627821207047,0.9991477727890015,0,-0.013539999723434448,0.10293400287628174,0,1,-0.9948861598968506,0.006833673920482397,-0.10077045112848282,0,0.09965778142213821,0.22864356637001038,-0.9683957099914551,0,0.01642281748354435,-0.9734864234924316,-0.22815537452697754,0,0.0021639999467879534,0.3292880058288574,-0.28019601106643677,1,0.9298498630523682,0.2505839765071869,-0.2694190740585327,0,0.29231804609298706,-0.058432355523109436,0.9545341730117798,0,0.22344833612442017,-0.9663301110267639,-0.1275836080312729,0,0,0.4955880045890808,0,1,-0.9103266596794128,-0.08510200679302216,-0.40504661202430725,0,-0.09313810616731644,0.9956534504890442,0.00013329516514204443,0,0.4032747745513916,0.03784662112593651,-0.9142962694168091,0,0,0.6818770170211792,0,1,0.9921541213989258,-0.006956984754651785,-0.12482703477144241,0,0.1231752410531044,0.22531758248806,0.9664676189422607,0,0.021402018144726753,-0.9742603302001953,0.2244066596031189,0,-0.00494999997317791,0.32973799109458923,0.28019601106643677,1,0.8178269863128662,-0.5375487208366394,-0.2054280787706375,0,0.43056973814964294,0.33475130796432495,0.8381835222244263,0,-0.38179701566696167,-0.773939847946167,0.5052205920219421,0,0,0.49580299854278564,0,1,0.8378307223320007,-0.5455930233001709,-0.019166741520166397,0,0.5458818078041077,0.8377058506011963,0.016179915517568588,0,0.007228447590023279,-0.024018824100494385,0.9996857047080994,0,0,0.6616399884223938,0,1,-0.4016629457473755,-0.9153112769126892,0.029535291716456413,0,0.8982758522033691,-0.4000542461872101,-0.1818174570798874,0,0.17823529243469238,-0.04649848863482475,0.9828888773918152,0,0.00031999999191612005,-0.10770100355148315,-0.30003100633621216,1,0.4093019962310791,-0.17749203741550446,-0.8949684500694275,0,0.6762216687202454,0.717529833316803,0.1669590324163437,0,0.6125327348709106,-0.6735338568687439,0.41371041536331177,0,0,0.38975098729133606,0,1,-0.9974585771560669,0.06234506145119667,0.03448272496461868,0,-0.013582898303866386,0.30871254205703735,-0.9510583281517029,0,-0.06993906944990158,-0.9491100311279297,-0.30708131194114685,0,0,0.27142098546028137,0,1,0.9958215951919556,-0.00907285325229168,-0.09086508303880692,0,0.06820251792669296,0.7355684638023376,0.6740083694458008,0,0.06072235107421875,-0.6773897409439087,0.7331141829490662,0,0,0.4328269958496094,0,1,-0.9303054809570312,0.29803964495658875,-0.21378442645072937,0,-0.3258575201034546,-0.939146101474762,0.10872775316238403,0,-0.16836969554424286,0.17081335186958313,0.9708116054534912,0,0.011429999954998493,-0.10770100355148315,0.30003100633621216,1,0.2916161119937897,-0.08709222823381424,0.9525623321533203,0,0.6270877122879028,0.7693942785263062,-0.1216304674744606,0,-0.7223027944564819,0.6328093409538269,0.27898216247558594,0,0,0.3895609974861145,0,1,0.9599932432174683,0.10962735116481781,0.2576706111431122,0,-0.2012084275484085,-0.36991366744041443,0.9070160984992981,0,0.19474975764751434,-0.9225752949714661,-0.33305686712265015,0,0,0.28062498569488525,0,1,0.9988187551498413,0.010154477320611477,0.047518134117126465,0,-0.039092108607292175,0.7487487196922302,0.6617006063461304,0,-0.028859898447990417,-0.6627761125564575,0.7482607364654541,0,0,0.44201400876045227,0,1
