4.567,30,136,25
B0,mixamorig_Hips,-1,0.011367779225111008,0.004435903858393431,0.999925971031189,0,0.020569730550050735,0.9997779726982117,-0.004669095855206251,0,-0.9997238516807556,0.020621268078684807,0.011273999698460102,0,0.00535999983549118,0.39301198720932007,0.016773000359535217,1
B1,mixamorig_Spine,0,0.9757559895515442,-0.21882089972496033,-0.004152393434196711,0,0.2188490927219391,0.9757220149040222,0.008413064293563366,0,0.0022106291726231575,-0.0091178510338068,0.9999560117721558,0,-0.0067900000140070915,0.0983780026435852,0,1
B2,mixamorig_Spine1,1,0.9389510750770569,-0.34397774934768677,-0.00709889829158783,0,0.34404924511909485,0.9388109445571899,0.016246246173977852,0,0.0010761766461655498,-0.01769680343568325,0.9998430609703064,0,0,0.11504700034856796,0,1
B3,mixamorig_Spine2,2,0.9759320020675659,-0.2180149406194687,-0.0052168164402246475,0,0.2180720418691635,0.9757929444313049,0.016491159796714783,0,0.0014952132478356361,-0.017231881618499756,0.9998499751091003,0,0,0.13148200511932373,0,1
B4,mixamorig_Neck,3,0.9925839304924011,-0.12050603330135345,0.015976862981915474,0,0.12048595398664474,0.9927130341529846,0.0022212225012481213,0,-0.01612810604274273,-0.0002797621418721974,0.9998700022697449,0,0,0.1479180008172989,0,1
B5,mixamorig_Head,4,0.9276589751243591,0.36963891983032227,-0.053059931844472885,0,-0.37129008769989014,0.9281719326972961,-0.02529408410191536,0,0.039899084717035294,0.0431649349629879,0.9982709288597107,0,0.08036000281572342,0.05093200132250786,0,1
B6,mixamorig_HeadTop_End,5,1,0,0,0,0,1,0,0,0,0,1,0,0.4553599953651428,0.2886100113391876,0,1
B7,mixamorig_LeftShoulder,3,-0.9292210340499878,0.29389896988868713,-0.2239910513162613,0,0.3422420620918274,0.4558940827846527,-0.8216029405593872,0,-0.13935208320617676,-0.8401100039482117,-0.5242109894752502,0,-0.01741199940443039,0.16753800213336945,-0.1401679962873459,1
B8,mixamorig_LeftArm,7,-0.7871009111404419,-0.03584136441349983,-0.6157821416854858,0,-0.5607877373695374,0.45733925700187683,0.6901870369911194,0,0.2568841576576233,0.8885700702667236,-0.3800716698169708,0,0,0.28546199202537537,0,1
B9,mixamorig_LeftForeArm,8,0.6485859155654907,-0.7588511109352112,0.05900491029024124,0,0.7101061344146729,0.5753681063652039,-0.4058327078819275,0,0.27401718497276306,0.30511724948883057,0.9120408892631531,0,0,0.47466498613357544,0,1
B10,mixamorig_LeftHand,9,1,0,0,0,0,1,0,0,0,0,1,0,0,0.37773698568344116,0,1
B11,mixamorig_RightShoulder,3,0.9293219447135925,-0.29330411553382874,-0.224352166056633,0,0.3419528603553772,0.45419949293136597,0.8226608037948608,0,-0.13938912749290466,-0.8412343263626099,0.5223935842514038,0,-0.006037000101059675,0.16675199568271637,0.1401679962873459,1
B12,mixamorig_RightArm,11,0.8791361451148987,0.04981973394751549,-0.4739587903022766,0,0.42041605710983276,0.38727524876594543,0.8205288052558899,0,0.22443117201328278,-0.9206169843673706,0.31952282786369324,0,0,0.28337401151657104,0,1
B13,mixamorig_RightForeArm,12,0.40340617299079895,-0.8504688143730164,-0.33758729696273804,0,0.9149320721626282,0.38006502389907837,0.13583379983901978,0,0.012782723642885685,-0.36366578936576843,0.9314422011375427,0,0,0.47326499223709106,0,1
B14,mixamorig_RightHand,13,1,0,0,0,0,1,0,0,0,0,1,0,0,0.3721269965171814,0,1
B15,mixamorig_LeftUpLeg,0,-0.7457380890846252,-0.6557767391204834,-0.11761120706796646,0,0.5682628750801086,-0.5339309573173523,-0.6260949969291687,0,0.3477821350097656,-0.5337368249893188,0.7708261013031006,0,-0.0041229999624192715,-0.05461600050330162,-0.1481180042028427,1
B16,mixamorig_LeftLeg,15,0.21290305256843567,-0.0479767769575119,-0.9758950471878052,0,0.9740840792655945,0.08848528563976288,0.20815794169902802,0,0.0763656497001648,-0.994921088218689,0.06557215005159378,0,0,0.19472600519657135,0,1
B17,mixamorig_LeftFoot,16,-0.9463070034980774,-0.22413593530654907,0.232952281832695,0,-0.24515074491500854,0.027828074991703033,-0.9690850377082825,0,0.21072407066822052,-0.9741600155830383,-0.08128103613853455,0,0,0.13343800604343414,0,1
B18,mixamorig_LeftToeBase,17,0.9543958902359009,-0.18988727033138275,-0.2303720861673355,0,0.2931267321109772,0.7423578500747681,0.6024802923202515,0,0.05661517381668091,-0.6425327658653259,0.7641641497612,0,0,0.2164130061864853,0,1
B19,mixamorig_LeftToe_End,18,1,0,0,0,0,1,0,0,0,0,1,0,0,0.11081799864768982,0,1
B20,mixamorig_RightUpLeg,0,-0.7406960725784302,-0.6698828339576721,-0.05125593766570091,0,0.5039019584655762,-0.6043858528137207,0.6170899868011475,0,-0.4443560540676117,0.43124786019325256,0.7852210402488708,0,0.002217999892309308,-0.05461600050330162,0.1481180042028427,1
B21,mixamorig_RightLeg,20,0.047399286180734634,-0.051636047661304474,0.9975409507751465,0,0.9894469380378723,0.13932402431964874,-0.03980279713869095,0,-0.13692606985569,0.9889000058174133,0.05769497901201248,0,0,0.1946520060300827,0,1
B22,mixamorig_RightFoot,21,0.9318538904190063,0.32655030488967896,0.15815281867980957,0,-0.1737181395292282,0.018864821642637253,0.984614908695221,0,0.3185427188873291,-0.9449910521507263,0.07430695742368698,0,0,0.13569900393486023,0,1
B23,mixamorig_RightToeBase,22,0.963304877281189,0.26759833097457886,0.020835019648075104,0,-0.23037870228290558,0.7844930291175842,0.5757572650909424,0,0.1377267688512802,-0.5594298243522644,0.8173550963401794,0,0,0.22100700438022614,0,1
B24,mixamorig_RightToe_End,23,1,0,0,0,0,1,0,0,0,0,1,0,0,0.11006999760866165,0,1
@20,0,1,2,3,4,5,7,8,9,11,12,13,15,16,17,18,20,21,22,23
K0,0.9999259114265442,0.0044356342405080795,-0.011367910541594028,0,-0.004668827168643475,0.9997779726982117,-0.020569631829857826,0,0.011274137534201145,0.020621169358491898,0.9997237920761108,0,0.016773000359535217,0.39301198720932007,-0.005359998904168606,1,0.9757559895515442,-0.21882091462612152,-0.004152386914938688,0,0.21884910762310028,0.9757220149040222,0.008413108065724373,0,0.0022106128744781017,-0.009117892012000084,0.9999560117721558,0,-0.0067900000140070915,0.0983780026435852,0,1,0.9389510750770569,-0.34397774934768677,-0.007098856382071972,0,0.34404924511909485,0.9388109445571899,0.01624622941017151,0,0.0010761432349681854,-0.017696773633360863,0.9998430609703064,0,0,0.11504700034856796,0,1,0.9759320020675659,-0.2180149406194687,-0.005216799210757017,0,0.2180720418691635,0.9757929444313049,0.01649113930761814,0,0.0014952004421502352,-0.017231859266757965,0.9998499751091003,0,0,0.13148200511932373,0,1,0.9925839304924011,-0.12050604075193405,0.01597687602043152,0,0.12048596143722534,0.9927130341529846,0.0022212311159819365,0,-0.016128120943903923,-0.0002797688648570329,0.9998700022697449,0,0,0.1479180008172989,0,1,0.9276589751243591,0.36963891983032227,-0.05305991694331169,0,-0.37129008769989014,0.9281719326972961,-0.025294074788689613,0,0.0398990772664547,0.043164923787117004,0.9982709288597107,0,0.08036000281572342,0.05093200132250786,0,1,-0.9292210936546326,0.29389894008636475,-0.22399108111858368,0,0.3422420918941498,0.45589402318000793,-0.821603000164032,0,-0.13935206830501556,-0.8401100635528564,-0.5242109894752502,0,-0.01741199940443039,0.16753800213336945,-0.1401679962873459,1,-0.7871010303497314,-0.035841431468725204,-0.6157820224761963,0,-0.5607876181602478,0.4573393762111664,0.6901870369911194,0,0.2568841278553009,0.8885700106620789,-0.38007184863090515,0,0,0.28546199202537537,0,1,0.6485860347747803,-0.7588509917259216,0.0590050183236599,0,0.7101060152053833,0.5753682255744934,-0.4058326482772827,0,0.27401700615882874,0.30511733889579773,0.9120408892631531,0,0,0.47466498613357544,0,1,0.9293219447135925,-0.2933041453361511,-0.2243521511554718,0,0.3419528603553772,0.45419949293136597,0.8226608037948608,0,-0.13938912749290466,-0.8412343263626099,0.5223935842514038,0,-0.006037000101059675,0.16675199568271637,0.1401679962873459,1,0.8791362047195435,0.04981991648674011,-0.47395870089530945,0,0.4204159379005432,0.38727515935897827,0.8205289840698242,0,0.22443126142024994,-0.9206169843673706,0.3195227086544037,0,0,0.28337401151657104,0,1,0.403406023979187,-0.8504688143730164,-0.33758744597435,0,0.914932131767273,0.38006481528282166,0.1358339935541153,0,0.012782548554241657,-0.36366599798202515,0.9314420819282532,0,0,0.47326499223709106,0,1,-0.74573814868927,-0.655776858329773,-0.11761125922203064,0,0.5682629942893982,-0.5339309573173523,-0.6260951161384583,0,0.3477822542190552,-0.5337368845939636,0.770825982093811,0,-0.0041229999624192715,-0.05461600050330162,-0.1481180042028427,1,0.21290253102779388,-0.04797647148370743,-0.97589510679245,0,0.9740841388702393,0.08848507702350616,0.20815737545490265,0,0.07636547088623047,-0.9949210286140442,0.06557182967662811,0,0,0.19472600519657135,0,1,-0.9463070034980774,-0.22413618862628937,0.23295235633850098,0,-0.24515081942081451,0.027827996760606766,-0.9690850377082825,0,0.210724338889122,-0.9741600155830383,-0.08128111064434052,0,0,0.13343800604343414,0,1,0.9543958902359009,-0.18988732993602753,-0.23037193715572357,0,0.2931266725063324,0.7423579096794128,0.6024802327156067,0,0.05661504343152046,-0.6425327062606812,0.7641642093658447,0,0,0.2164130061864853,0,1,-0.7406960725784302,-0.6698828935623169,-0.05125590041279793,0,0.5039019584655762,-0.6043858528137207,0.6170900464057922,0,-0.4443560838699341,0.43124791979789734,0.7852209806442261,0,0.002217999892309308,-0.05461600050330162,0.1481180042028427,1,0.047399286180734634,-0.05163581669330597,0.9975409507751465,0,0.9894469380378723,0.13932380080223083,-0.03980281949043274,0,-0.1369258463382721,0.9889000058174133,0.05769475921988487,0,0,0.1946520060300827,0,1,0.9318540096282959,0.326550155878067,0.15815256536006927,0,-0.1737179309129715,0.01886492595076561,0.9846150875091553,0,0.31854259967803955,-0.9449912309646606,0.07430694997310638,0,0,0.13569900393486023,0,1,0.963304877281189,0.26759836077690125,0.020834892988204956,0,-0.230378657579422,0.7844930291175842,0.5757572650909424,0,0.13772690296173096,-0.5594298243522644,0.8173550963401794,0,0,0.22100700438022614,0,1
K0.034,0.9999238848686218,0.004253615625202656,-0.011548374779522419,0,-0.004494247492402792,0.9997720122337341,-0.02089131623506546,0,0.011456876061856747,0.02094162628054619,0.9997147917747498,0,0.016834523528814316,0.3929898738861084,-0.005405278876423836,1,0.9757883548736572,-0.21868041157722473,-0.003989353310316801,0,0.21870727837085724,0.97575443983078,0.008435489609837532,0,0.0020479511003941298,-0.00910374615341425,0.9999560713768005,0,-0.0067900000140070915,0.0983780026435852,0,1,0.9390361905097961,-0.3437499701976776,-0.006849387194961309,0,0.3438173532485962,0.9388949871063232,0.01631961576640606,0,0.0008209876250475645,-0.017679639160633087,0.9998430013656616,0,0,0.11504700034856796,0,1,0.9759856462478638,-0.21777288615703583,-0.005145170260220766,0,0.21782907843589783,0.9758476614952087,0.016502343118190765,0,0.0014271402033045888,-0.017226824536919594,0.9998509287834167,0,0,0.13148200511932373,0,1,0.9925487041473389,-0.12082351744174957,0.015744125470519066,0,0.12080882489681244,0.9926736354827881,0.001884883502498269,0,-0.01585652492940426,0.00003119063694612123,0.9998740553855896,0,0,0.1479180008172989,0,1,0.9274851083755493,0.36983874440193176,-0.054691512137651443,0,-0.37156105041503906,0.9280637502670288,-0.025294585153460503,0,0.04140229895710945,0.043781593441963196,0.9981831908226013,0,0.08036000281572342,0.05093200132250786,0,1,-0.929168701171875,0.2939000725746155,-0.22420820593833923,0,0.34228721261024475,0.45500555634498596,-0.8220769166946411,0,-0.13959234952926636,-0.8405910730361938,-0.5233748555183411,0,-0.01741199940443039,0.16753800213336945,-0.1401679962873459,1,-0.7867943048477173,-0.03659876063466072,-0.6161295175552368,0,-0.5610145330429077,0.4585890769958496,0.689172089099884,0,0.25732749700546265,0.8878945112228394,-0.38134780526161194,0,0,0.28546199202537537,0,1,0.648448646068573,-0.759003758430481,0.05854879692196846,0,0.7101061344146729,0.5753678679466248,-0.4058331251144409,0,0.2743417024612427,0.30473777651786804,0.9120694994926453,0,0,0.47466498613357544,0,1,0.9293147921562195,-0.293406218290329,-0.22424839437007904,0,0.3419790267944336,0.4545719623565674,0.82244473695755,0,-0.1393732726573944,-0.8409976363182068,0.5227788090705872,0,-0.006037000101059675,0.16675199568271637,0.1401679962873459,1,0.8796080350875854,0.04988778382539749,-0.4730762839317322,0,0.4196487367153168,0.38695254921913147,0.8210738897323608,0,0.22401951253414154,-0.9207486510276794,0.3194310963153839,0,0,0.28337401151657104,0,1,0.4028683602809906,-0.8506950736045837,-0.3376603126525879,0,0.9151690006256104,0.3795585334300995,0.13565126061439514,0,0.012763960286974907,-0.36366599798202515,0.931442379951477,0,0,0.47326499223709106,0,1,-0.7458034157752991,-0.6554726362228394,-0.11888175457715988,0,0.5687809586524963,-0.5336536765098572,-0.6258605718612671,0,0.34679272770881653,-0.5343865752220154,0.7708209753036499,0,-0.0041229999624192715,-0.05461600050330162,-0.1481180042028427,1,0.21297267079353333,-0.04829256981611252,-0.9758636355400085,0,0.9741222262382507,0.08786361664533615,0.20824448764324188,0,0.0756862685084343,-0.9949613213539124,0.0657554566860199,0,0,0.19472600519657135,0,1,-0.946143388748169,-0.2249048501253128,0.23287706077098846,0,-0.24500586092472076,0.02721274457871914,-0.9691396355628967,0,0.21162688732147217,-0.9740009307861328,-0.08085018396377563,0,0,0.13343800604343414,0,1,0.9543958902359009,-0.18988732993602753,-0.23037193715572357,0,0.2931266725063324,0.7423579096794128,0.6024802327156067,0,0.05661504343152046,-0.6425327062606812,0.7641642093658447,0,0,0.2164130061864853,0,1,-0.7411057353019714,-0.6694026589393616,-0.051602285355329514,0,0.503367006778717,-0.6048532128334045,0.617068886756897,0,-0.44427940249443054,0.43133842945098877,0.7852155566215515,0,0.002217999892309308,-0.05461600050330162,0.1481180042028427,1,0.048229336738586426,-0.05178140476346016,0.9974936246871948,0,0.989456832408905,0.13901253044605255,-0.04062440246343613,0,-0.13656051456928253,0.9889360070228577,0.057939931750297546,0,0,0.1946520060300827,0,1,0.9318626523017883,0.3264586925506592,0.15829385817050934,0,-0.17362751066684723,0.018176989629864693,0.9846431016921997,0,0.31856825947761536,-0.9450369477272034,0.07362072914838791,0,0,0.13569900393486023,0,1,0.9633049368858337,0.2675982117652893,0.0208353903144598,0,-0.23037880659103394,0.7844930291175842,0.5757572054862976,0,0.13772639632225037,-0.5594298243522644,0.8173550367355347,0,0,0.22100700438022614,0,1
K0.067,0.9999179244041443,0.003845417406409979,-0.012239968404173851,0,-0.004105139058083296,0.999765932559967,-0.021265141665935516,0,0.012155319564044476,0.021313630044460297,0.99969881772995,0,0.01690605841577053,0.39297395944595337,-0.005442881491035223,1,0.9758393168449402,-0.2184557169675827,-0.0037381851579993963,0,0.21848031878471375,0.9758041501045227,0.008479678072035313,0,0.0017953040078282356,-0.009091529995203018,0.9999570846557617,0,-0.0067900000140070915,0.0983780026435852,0,1,0.9391825199127197,-0.3433661460876465,-0.006070787087082863,0,0.34341976046562195,0.93903648853302,0.01654728315770626,0,0.000018913226085714996,-0.01762573979794979,0.999845027923584,0,0,0.11504700034856796,0,1,0.9760779738426208,-0.2173638492822647,-0.0048889233730733395,0,0.2174157351255417,0.9759388566017151,0.016545310616493225,0,0.001174937468022108,-0.01721244677901268,0.9998509287834167,0,0,0.13148200511932373,0,1,0.9925081729888916,-0.1211874783039093,0.015534342266619205,0,0.12117750197649002,0.9926292300224304,0.0015815807273611426,0,-0.015611512586474419,0.00031268104794435203,0.9998780488967896,0,0,0.1479180008172989,0,1,0.927226185798645,0.37018680572509766,-0.05667472258210182,0,-0.37199968099594116,0.927886962890625,-0.025343667715787888,0,0.043205853551626205,0.0445823036134243,0.9980707168579102,0,0.08036000281572342,0.05093200132250786,0,1,-0.9291243553161621,0.29390016198158264,-0.22439166903495789,0,0.3423246145248413,0.4542538821697235,-0.822476327419281,0,-0.13979509472846985,-0.8409973382949829,-0.5226674675941467,0,-0.01741199940443039,0.16753800213336945,-0.1401679962873459,1,-0.7865632176399231,-0.03777625039219856,-0.6163531541824341,0,-0.561259388923645,0.45995229482650757,0.6880645155906677,0,0.257500559091568,0.8871402144432068,-0.3829838037490845,0,0,0.28546199202537537,0,1,0.6479652523994446,-0.7595353722572327,0.05697312951087952,0,0.7101003527641296,0.5753469467163086,-0.4058751165866852,0,0.27549710869789124,0.30344948172569275,0.9121508002281189,0,0,0.47466498613357544,0,1,0.9293048977851868,-0.2935461401939392,-0.22410517930984497,0,0.34201475977897644,0.45508691668510437,0.8221451044082642,0,-0.13935008645057678,-0.8406703472137451,0.5233113765716553,0,-0.006037000101059675,0.16675199568271637,0.1401679962873459,1,0.8800279498100281,0.04996069520711899,-0.4722859859466553,0,0.41886448860168457,0.38704735040664673,0.8214293718338013,0,0.22383636236190796,-0.9207051992416382,0.3196859359741211,0,0,0.28337401151657104,0,1,0.40284502506256104,-0.8507248163223267,-0.33761247992515564,0,0.9151760339736938,0.3796255886554718,0.13541321456432343,0,0.01296696811914444,-0.3635258376598358,0.9314944744110107,0,0,0.47326499223709106,0,1,-0.7456973791122437,-0.655180811882019,-0.12113470584154129,0,0.5699622631072998,-0.5331037044525146,-0.6252546310424805,0,0.3450775146484375,-0.53529292345047,0.7709623575210571,0,-0.0041229999624192715,-0.05461600050330162,-0.1481180042028427,1,0.2136879414319992,-0.04859577491879463,-0.9756924510002136,0,0.9740192890167236,0.08726376295089722,0.20897524058818817,0,0.07498730719089508,-0.9949987530708313,0.06598041951656342,0,0,0.19472600519657135,0,1,-0.9460526704788208,-0.22559496760368347,0.23257239162921906,0,-0.2446826845407486,0.026891151443123817,-0.9692302942276001,0,0.21239954233169556,-0.9738502502441406,-0.08063958585262299,0,0,0.13343800604343414,0,1,0.9543958902359009,-0.1898874044418335,-0.23037201166152954,0,0.29312658309936523,0.7423571348190308,0.6024800539016724,0,0.0566149577498436,-0.6425329446792603,0.7641640305519104,0,0,0.2164130061864853,0,1,-0.7416347861289978,-0.6687883138656616,-0.05195584520697594,0,0.502709150314331,-0.605403482913971,0.6170660853385925,0,-0.444140762090683,0.4315189719200134,0.7851942777633667,0,0.002217999892309308,-0.05461600050330162,0.1481180042028427,1,0.0490662045776844,-0.05179958418011665,0.9974514245986938,0,0.9894310832023621,0.13894854485988617,-0.041455820202827454,0,-0.13644710183143616,0.9889439344406128,0.05806981027126312,0,0,0.1946520060300827,0,1,0.931795597076416,0.3265625536441803,0.15847301483154297,0,-0.1735556274652481,0.01737675815820694,0.9846709370613098,0,0.3188028335571289,-0.9450157880783081,0.07286833971738815,0,0,0.13569900393486023,0,1,0.963304877281189,0.26759836077690125,0.020834900438785553,0,-0.230378657579422,0.7844930291175842,0.5757572650909424,0,0.13772688806056976,-0.5594298243522644,0.8173550963401794,0,0,0.22100700438022614,0,1
K0.101,0.99991375207901,0.0033974817488342524,-0.012660874985158443,0,-0.0036715317983180285,0.9997579455375671,-0.021685387939214706,0,0.012584139592945576,0.02173001319169998,0.9996845722198486,0,0.016978498548269272,0.3929714560508728,-0.005435550585389137,1,0.9758551120758057,-0.21838855743408203,-0.0035488507710397243,0,0.2184114307165146,0.9758191108703613,0.008507930673658848,0,0.0016050025587901473,-0.009077619761228561,0.9999570250511169,0,-0.0067900000140070915,0.0983780026435852,0,1,0.9392849802970886,-0.343092679977417,-0.0056426916271448135,0,0.34313857555389404,0.9391341805458069,0.016802722588181496,0,-0.00046564723015762866,-0.01771876960992813,0.9998428821563721,0,0,0.11504700034856796,0,1,0.9761433601379395,-0.2170790731906891,-0.0045264060609042645,0,0.21712487936019897,0.9759992361068726,0.01678745076060295,0,0.0007735652034170926,-0.017369762063026428,0.9998489618301392,0,0,0.13148200511932373,0,1,0.9924548864364624,-0.12163152545690536,0.015436390414834023,0,0.12162382900714874,0.9925748109817505,0.0014399688225239515,0,-0.0154969347640872,0.0004483292286749929,0.9998800754547119,0,0,0.1479180008172989,0,1,0.9270340800285339,0.3704559803009033,-0.058059412986040115,0,-0.37234553694725037,0.9277390241622925,-0.02567242458462715,0,0.04435347393155098,0.04541736841201782,0.9979832172393799,0,0.08036000281572342,0.05093200132250786,0,1,-0.9290801286697388,0.29391103982925415,-0.22455807030200958,0,0.3423638343811035,0.4535665214061737,-0.8228393793106079,0,-0.13998956978321075,-0.841364324092865,-0.5220241546630859,0,-0.01741199940443039,0.16753800213336945,-0.1401679962873459,1,-0.786274254322052,-0.03958699107170105,-0.6166080236434937,0,-0.5617660284042358,0.4613358676433563,0.6867236495018005,0,0.2572779357433319,0.8863421082496643,-0.38497498631477356,0,0,0.28546199202537537,0,1,0.6473682522773743,-0.7601771354675293,0.0551774725317955,0,0.7100576162338257,0.5752059817314148,-0.4061489701271057,0,0.277006596326828,0.30210694670677185,0.9121391773223877,0,0,0.47466498613357544,0,1,0.9293049573898315,-0.29354193806648254,-0.22410975396633148,0,0.342013955116272,0.45507144927978516,0.8221539855003357,0,-0.1393507421016693,-0.8406806588172913,0.5232957005500793,0,-0.006037000101059675,0.16675199568271637,0.1401679962873459,1,0.8806303143501282,0.050880301743745804,-0.4710647165775299,0,0.4170754551887512,0.3884861469268799,0.821661114692688,0,0.22480851411819458,-0.9200493097305298,0.32089176774024963,0,0,0.28337401151657104,0,1,0.4020720422267914,-0.8512547612190247,-0.33719927072525024,0,0.9155218601226807,0.3788391649723053,0.13528236746788025,0,0.012584548443555832,-0.36310648918151855,0.9316627979278564,0,0,0.47326499223709106,0,1,-0.7456509470939636,-0.6548264622688293,-0.12331601977348328,0,0.5710743069648743,-0.5326544642448425,-0.6246218085289001,0,0.3433343172073364,-0.5361728668212891,0.7711296081542969,0,-0.0041229999624192715,-0.05461600050330162,-0.1481180042028427,1,0.21415796875953674,-0.04871701821684837,-0.9755830764770508,0,0.9739651679992676,0.08666930347681046,0.2094748616218567,0,0.07434818148612976,-0.9950456023216248,0.06600966304540634,0,0,0.19472600519657135,0,1,-0.9459674954414368,-0.22647491097450256,0.2320667952299118,0,-0.244121715426445,0.026355698704719543,-0.9693860411643982,0,0.2134253829717636,-0.9736604690551758,-0.08021901547908783,0,0,0.13343800604343414,0,1,0.9543960690498352,-0.18988686800003052,-0.23037177324295044,0,0.2931261360645294,0.7423577904701233,0.6024802327156067,0,0.056615199893713,-0.6425327658653259,0.7641641497612,0,0,0.2164130061864853,0,1,-0.7422490119934082,-0.6681090593338013,-0.0519266203045845,0,0.5021690130233765,-0.6058539748191833,0.6170639991760254,0,-0.4437258541584015,0.43193909525871277,0.7851980328559875,0,0.002217999892309308,-0.05461600050330162,0.1481180042028427,1,0.050075192004442215,-0.05165372043848038,0.9974084496498108,0,0.9893022179603577,0.13957324624061584,-0.0424400232732296,0,-0.13701938092708588,0.9888637065887451,0.058090295642614365,0,0,0.1946520060300827,0,1,0.9316990971565247,0.3268061578273773,0.1585364043712616,0,-0.17359736561775208,0.017242906615138054,0.9846660494804382,0,0.319061279296875,-0.9449338316917419,0.07279787957668304,0,0,0.13569900393486023,0,1,0.9633049368858337,0.2675982117652893,0.020835382863879204,0,-0.23037880659103394,0.7844930291175842,0.5757572054862976,0,0.13772639632225037,-0.5594298243522644,0.8173550367355347,0,0,0.22100700438022614,0,1
K0.134,0.9999046921730042,0.003020715666934848,-0.013424579054117203,0,-0.003315466223284602,0.9997527599334717,-0.02198830246925354,0,0.013354851864278316,0.022030740976333618,0.9996684193611145,0,0.017046501860022545,0.3929922878742218,-0.005459852050989866,1,0.9758609533309937,-0.21836724877357483,-0.003320427378639579,0,0.21838825941085815,0.9758248925209045,0.008545630611479282,0,0.0013740694848820567,-0.009064487181603909,0.9999579787254333,0,-0.0067900000140070915,0.0983780026435852,0,1,0.9393808841705322,-0.3428347408771515,-0.005214556120336056,0,0.342873215675354,0.9392256140708923,0.017144685611128807,0,-0.0009801487904042006,-0.017893314361572266,0.9998389482498169,0,0,0.11504700034856796,0,1,0.9762044548988342,-0.21681098639965057,-0.004173864610493183,0,0.2168508768081665,0.9760543704032898,0.017127247527241707,0,0.00036054360680282116,-0.017624814063310623,0.9998449683189392,0,0,0.13148200511932373,0,1,0.992401123046875,-0.12207531183958054,0.015401397831737995,0,0.12206853926181793,0.9925210475921631,0.0013874014839529991,0,-0.015455571003258228,0.0005031671025790274,0.9998800158500671,0,0,0.1479180008172989,0,1,0.9266345500946045,0.3713899552822113,-0.05846882238984108,0,-0.3733215928077698,0.9273324012756348,-0.026180323213338852,0,0.04449690878391266,0.04608725383877754,0.9979459047317505,0,0.08036000281572342,0.05093200132250786,0,1,-0.929078996181488,0.29383018612861633,-0.22466802597045898,0,0.34234899282455444,0.4531589150428772,-0.8230698108673096,0,-0.14003247022628784,-0.8416119813919067,-0.5216130614280701,0,-0.01741199940443039,0.16753800213336945,-0.1401679962873459,1,-0.7860574126243591,-0.04175080358982086,-0.6167420744895935,0,-0.562431275844574,0.4622797667980194,0.6855421662330627,0,0.25648558139801025,0.885750949382782,-0.38686054944992065,0,0,0.28546199202537537,0,1,0.6466456055641174,-0.760953426361084,0.05290059372782707,0,0.7100511193275452,0.575148344039917,-0.40624046325683594,0,0.27870455384254456,0.3002559542655945,0.9122335910797119,0,0,0.47466498613357544,0,1,0.9292978048324585,-0.2936474680900574,-0.22400130331516266,0,0.342040091753006,0.4554583728313446,0.8219277858734131,0,-0.1393337845802307,-0.8404332995414734,0.5236957669258118,0,-0.006037000101059675,0.16675199568271637,0.1401679962873459,1,0.8812319040298462,0.052314721047878265,-0.469780296087265,0,0.4151442348957062,0.3895690441131592,0.8221258521080017,0,0.22602111101150513,-0.919510006904602,0.32158249616622925,0,0,0.28337401151657104,0,1,0.40190955996513367,-0.8515855669975281,-0.3365558981895447,0,0.9155967235565186,0.3786872923374176,0.13520023226737976,0,0.012314877472817898,-0.36248794198036194,0.9319074749946594,0,0,0.47326499223709106,0,1,-0.7456597685813904,-0.6543828248977661,-0.12559524178504944,0,0.5721810460090637,-0.5322341918945312,-0.6239684224128723,0,0.3414681553840637,-0.5371313691139221,0.7712910771369934,0,-0.0041229999624192715,-0.05461600050330162,-0.1481180042028427,1,0.2146161049604416,-0.04849924519658089,-0.975493848323822,0,0.9738371968269348,0.08702366054058075,0.20992504060268402,0,0.07470978796482086,-0.995024561882019,0.06590697914361954,0,0,0.19472600519657135,0,1,-0.9459083676338196,-0.2276841402053833,0.23111985623836517,0,-0.24334630370140076,0.026776650920510292,-0.969569206237793,0,0.214567169547081,-0.9733670353889465,-0.08073445409536362,0,0,0.13343800604343414,0,1,0.9543959498405457,-0.18988730013370514,-0.23037192225456238,0,0.29312664270401,0.7423579096794128,0.6024802327156067,0,0.05661505460739136,-0.6425327062606812,0.7641642093658447,0,0,0.2164130061864853,0,1,-0.7431647777557373,-0.6671047210693359,-0.05174275487661362,0,0.5013590455055237,-0.606393039226532,0.6171921491622925,0,-0.44310832023620605,0.4327338635921478,0.7851091623306274,0,0.002217999892309308,-0.05461600050330162,0.1481180042028427,1,0.05156524479389191,-0.05157972872257233,0.9973369836807251,0,0.9891732931137085,0.14003075659275055,-0.04390111565589905,0,-0.13739344477653503,0.988802969455719,0.05824203044176102,0,0,0.1946520060300827,0,1,0.931611180305481,0.32699698209762573,0.15866442024707794,0,-0.17360758781433105,0.016827469691634178,0.984670877456665,0,0.3193143904209137,-0.9448753595352173,0.07244579493999481,0,0,0.13569900393486023,0,1,0.963304877281189,0.26759836077690125,0.020834892988204956,0,-0.230378657579422,0.7844930291175842,0.5757572650909424,0,0.13772690296173096,-0.5594298243522644,0.8173550963401794,0,0,0.22100700438022614,0,1
K0.168,0.9998996257781982,0.002858854364603758,-0.013863375410437584,0,-0.003169667674228549,0.9997427463531494,-0.022449882701039314,0,0.013795629143714905,0.02249157428741455,0.9996514916419983,0,0.017096256837248802,0.39303797483444214,-0.005455292761325836,1,0.9758586287498474,-0.21837873756885529,-0.0031611372251063585,0,0.21839837729930878,0.9758225083351135,0.008565251715481281,0,0.0012142392806708813,-0.00904885958880186,0.9999579787254333,0,-0.0067900000140070915,0.0983780026435852,0,1,0.9394022226333618,-0.34278032183647156,-0.0050056083127856255,0,0.34281447529792786,0.9392431378364563,0.017302239313721657,0,-0.0012293857289478183,-0.017969772219657898,0.9998379945755005,0,0,0.11504700034856796,0,1,0.9762176871299744,-0.2167547345161438,-0.0040063029155135155,0,0.21679173409938812,0.9760646224021912,0.017298365011811256,0,0.0001609078753972426,-0.017755500972270966,0.9998419880867004,0,0,0.13148200511932373,0,1,0.9923363327980042,-0.1226065382361412,0.015367100015282631,0,0.1226004958152771,0.9924551844596863,0.0013386746868491173,0,-0.015415291301906109,0.0005555987008847296,0.9998811483383179,0,0,0.1479180008172989,0,1,0.9264745116233826,0.371817409992218,-0.05827741697430611,0,-0.37376919388771057,0.9271338582038879,-0.026822267100214958,0,0.04405798390507698,0.04663245379924774,0.9979398250579834,0,0.08036000281572342,0.05093200132250786,0,1,-0.9290758371353149,0.29380685091018677,-0.22471153736114502,0,0.34234705567359924,0.45299264788627625,-0.8231621980667114,0,-0.14005813002586365,-0.841710090637207,-0.5214487910270691,0,-0.01741199940443039,0.16753800213336945,-0.1401679962873459,1,-0.7860775589942932,-0.043933868408203125,-0.6165646910667419,0,-0.5629040002822876,0.46299275755882263,0.6846728920936584,0,0.255384624004364,0.8852726817131042,-0.3886786699295044,0,0,0.28546199202537537,0,1,0.6458737850189209,-0.7616891264915466,0.051734887063503265,0,0.710306704044342,0.5746988654136658,-0.4064294993877411,0,0.27984097599983215,0.2992498278617859,0.9122159481048584,0,0,0.47466498613357544,0,1,0.9292895793914795,-0.29373836517333984,-0.22391460835933685,0,0.3420686423778534,0.45578959584236145,0.8217326402664185,0,-0.13931655883789062,-0.8402223587036133,0.5240395665168762,0,-0.006037000101059675,0.16675199568271637,0.1401679962873459,1,0.8817018866539001,0.05373804271221161,-0.4687354266643524,0,0.41346630454063416,0.39053773880004883,0.8225125074386597,0,0.22725911438465118,-0.9190173149108887,0.3221190571784973,0,0,0.28337401151657104,0,1,0.40221741795539856,-0.8512370586395264,-0.33707138895988464,0,0.9154572486877441,0.37901821732521057,0.13521912693977356,0,0.01265267189592123,-0.36296185851097107,0.9317185878753662,0,0,0.47326499223709106,0,1,-0.7459267973899841,-0.653655469417572,-0.12777972221374512,0,0.573060154914856,-0.5321164727210999,-0.6232606172561646,0,0.33940422534942627,-0.5381324887275696,0.7715041637420654,0,-0.0041229999624192715,-0.05461600050330162,-0.1481180042028427,1,0.21497920155525208,-0.048464495688676834,-0.9754160046577454,0,0.9737721681594849,0.08683257550001144,0.21030254662036896,0,0.07450568675994873,-0.9950436949729919,0.0658605769276619,0,0,0.19472600519657135,0,1,-0.9458521604537964,-0.22889100015163422,0.23015666007995605,0,-0.24238869547843933,0.026447365060448647,-0.9698189496994019,0,0.21589575707912445,-0.9730925559997559,-0.0804959312081337,0,0,0.13343800604343414,0,1,0.9543960690498352,-0.1898868978023529,-0.23037178814411163,0,0.2931261658668518,0.7423577904701233,0.6024801731109619,0,0.0566151924431324,-0.6425327658653259,0.7641641497612,0,0,0.2164130061864853,0,1,-0.743707001209259,-0.6664432883262634,-0.052464328706264496,0,0.500608503818512,-0.6072176098823547,0.6169914603233337,0,-0.44304683804512024,0.4325965642929077,0.7852188944816589,0,0.002217999892309308,-0.05461600050330162,0.1481180042028427,1,0.05216670781373978,-0.051683858036994934,0.9973003268241882,0,0.9890464544296265,0.14075738191604614,-0.04444040730595589,0,-0.1380804479122162,0.9886940121650696,0.058460529893636703,0,0,0.1946520060300827,0,1,0.9316087365150452,0.32697635889053345,0.15872035920619965,0,-0.17362762987613678,0.016716688871383667,0.9846692085266113,0,0.31931036710739136,-0.9448848962783813,0.0723455622792244,0,0,0.13569900393486023,0,1,0.963304877281189,0.26759839057922363,0.020834902301430702,0,-0.23037868738174438,0.7844929695129395,0.5757572650909424,0,0.13772690296173096,-0.5594298243522644,0.8173550963401794,0,0,0.22100700438022614,0,1
K0.201,0.9998930096626282,0.002885631751269102,-0.014369115233421326,0,-0.003211874980479479,0.9997366666793823,-0.022733496502041817,0,0.0142997270449996,0.022777214646339417,0.9996386766433716,0,0.017102425917983055,0.39312079548835754,-0.005463660694658756,1,0.9758446216583252,-0.21844367682933807,-0.0030853943899273872,0,0.2184625118970871,0.9758076667785645,0.008574891835451126,0,0.0011376204201951623,-0.009041802026331425,0.9999580383300781,0,-0.0067900000140070915,0.0983780026435852,0,1,0.9392943978309631,-0.34307754039764404,-0.004888265859335661,0,0.34310948848724365,0.939134418964386,0.017364121973514557,0,-0.0013665009755641222,-0.017987234517931938,0.9998369812965393,0,0,0.11504700034856796,0,1,0.9761505126953125,-0.21706247329711914,-0.0037816979456692934,0,0.2170953005552292,0.9759953618049622,0.017375320196151733,0,-0.00008060981781454757,-0.017781918868422508,0.9998417496681213,0,0,0.13148200511932373,0,1,0.9922609925270081,-0.12322872132062912,0.015273232944309711,0,0.12322492897510529,0.9923779368400574,0.001189587521366775,0,-0.015303414314985275,0.0007016619201749563,0.9998829960823059,0,0,0.1479180008172989,0,1,0.9261381030082703,0.3726922571659088,-0.05804789811372757,0,-0.3746636211872101,0.9267528057098389,-0.02750653214752674,0,0.04354454576969147,0.04722324758768082,0.9979345202445984,0,0.08036000281572342,0.05093200132250786,0,1,-0.9290701746940613,0.2938244342803955,-0.22471433877944946,0,0.34235718846321106,0.4529814124107361,-0.8231644034385681,0,-0.14007432758808136,-0.8417097926139832,-0.5214442014694214,0,-0.01741199940443039,0.16753800213336945,-0.1401679962873459,1,-0.786185622215271,-0.04570716619491577,-0.6162985563278198,0,-0.5631939172744751,0.46353983879089355,0.6840643286705017,0,0.25441205501556396,0.8848962783813477,-0.39017000794410706,0,0,0.28546199202537537,0,1,0.6448807716369629,-0.7625745534896851,0.05108407884836197,0,0.710785448551178,0.5738323330879211,-0.4068187475204468,0,0.2809157371520996,0.29865920543670654,0.9120798110961914,0,0,0.47466498613357544,0,1,0.9292523860931396,-0.2936372458934784,-0.22420163452625275,0,0.34219828248023987,0.45537588000297546,0.8219086527824402,0,-0.13924701511859894,-0.8404821753501892,0.5236414074897766,0,-0.006037000101059675,0.16675199568271637,0.1401679962873459,1,0.8822084069252014,0.054937694221735,-0.46764275431632996,0,0.41154128313064575,0.3926005959510803,0.8224948644638062,0,0.22878295183181763,-0.9180667996406555,0.3237466514110565,0,0,0.28337401151657104,0,1,0.40200909972190857,-0.8510671854019165,-0.33774787187576294,0,0.9155457615852356,0.378802627325058,0.135222926735878,0,0.012855987064540386,-0.3635842800140381,0.9314725399017334,0,0,0.47326499223709106,0,1,-0.7463861107826233,-0.6527311205863953,-0.12980730831623077,0,0.5737703442573547,-0.5323126912117004,-0.6224390268325806,0,0.3371872007846832,-0.5390594005584717,0.7718285322189331,0,-0.0041229999624192715,-0.05461600050330162,-0.1481180042028427,1,0.21573688089847565,-0.04850472882390022,-0.9752457141876221,0,0.9735838174819946,0.08717378973960876,0.21103359758853912,0,0.07477977126836777,-0.9950111508369446,0.06602999567985535,0,0,0.19472600519657135,0,1,-0.9458560347557068,-0.2298462837934494,0.2291860431432724,0,-0.24150674045085907,0.026592234149575233,-0.9700350761413574,0,0.21686449646949768,-0.972864031791687,-0.0806618332862854,0,0,0.13343800604343414,0,1,0.9543958902359009,-0.18988732993602753,-0.23037193715572357,0,0.2931266725063324,0.7423579096794128,0.6024802327156067,0,0.05661504343152046,-0.6425327062606812,0.7641642093658447,0,0,0.2164130061864853,0,1,-0.7442610859870911,-0.665764331817627,-0.053233012557029724,0,0.49978142976760864,-0.6080307960510254,0.616860032081604,0,-0.4430508017539978,0.4325001835823059,0.7852705717086792,0,0.002217999892309308,-0.05461600050330162,0.1481180042028427,1,0.05230002850294113,-0.051891107112169266,0.997282087802887,0,0.9888909459114075,0.14183492958545685,-0.044479936361312866,0,-0.139141246676445,0.9885290861129761,0.05873259902000427,0,0,0.1946520060300827,0,1,0.9315257668495178,0.3272073566913605,0.15873241424560547,0,-0.17372816801071167,0.01692121848464012,0.984647810459137,0,0.3194982409477234,-0.9448016285896301,0.07260773330926895,0,0,0.13569900393486023,0,1,0.9633050560951233,0.2675988972187042,0.020835047587752342,0,-0.230379119515419,0.7844928503036499,0.5757572650909424,0,0.1377270519733429,-0.5594297647476196,0.8173550963401794,0,0,0.22100700438022614,0,1
