0.667,30,19,25
B0,mixamorig_Hips,-1,-0.023293951526284218,-0.19575795531272888,0.9803759455680847,0,0.04997026547789574,0.9791880249977112,0.1967080533504486,0,-0.9984789490699768,0.05357173830270767,-0.01302707102149725,0,0.0393729992210865,0.8429830074310303,-0.04232599958777428,1
B1,mixamorig_Spine,0,0.993537962436676,-0.11198405921459198,-0.018495764583349228,0,0.11318895220756531,0.9896399974822998,0.08832414448261261,0,0.008413250558078289,-0.08984687924385071,0.9959200024604797,0,-0.0123070003464818,0.1945430040359497,0,1
B2,mixamorig_Spine1,1,0.9993720650672913,-0.035409729927778244,0.0013790627708658576,0,0.035396263003349304,0.9993349313735962,0.008805176243185997,0,-0.0016899332404136658,-0.008750826120376587,0.9999600052833557,0,0,0.22742100059986115,0,1
B3,mixamorig_Spine2,2,0.9962130188941956,-0.08693396300077438,0.0011203986359760165,0,0.08693002909421921,0.9962090253829956,0.0031912578269839287,0,-0.0013935804599896073,-0.003081777598708868,0.9999939799308777,0,0,0.259909987449646,0,1
B4,mixamorig_Neck,3,0.9999749660491943,0.003868949366733432,0.005963176488876343,0,-0.0038400504272431135,0.9999809861183167,-0.0048500122502446175,0,-0.005981822963804007,0.004826988559216261,0.999970018863678,0,0,0.29239800572395325,0,1
B5,mixamorig_Head,4,0.9605101346969604,0.27788668870925903,-0.014123957604169846,0,-0.27824029326438904,0.9589489698410034,-0.05476389452815056,0,-0.0016740026185289025,0.05653110519051552,0.998399019241333,0,-0.013539999723434448,0.10293400287628174,0,1
B6,mixamorig_HeadTop_End,5,1,0,0,0,0,1,0,0,0,0,1,0,-0.07672400027513504,0.5832819938659668,0,1
B7,mixamorig_LeftShoulder,3,-0.9957469701766968,0.0075739300809800625,-0.09181787073612213,0,0.09072112292051315,0.25421813130378723,-0.962882936000824,0,0.01604895107448101,-0.9671170115470886,-0.2538238763809204,0,0.0021639999467879534,0.3292880058288574,-0.28019601106643677,1
B8,mixamorig_LeftArm,7,0.953370988368988,0.1824960559606552,-0.24037404358386993,0,0.21967288851737976,0.12653422355651855,0.9673330187797546,0,0.206949844956398,-0.9750300645828247,0.08054455369710922,0,0,0.4955880045890808,0,1
B9,mixamorig_LeftForeArm,8,-0.0005839978693984449,-0.9137161374092102,-0.4063538908958435,0,-0.9999990463256836,-4.896936900422588e-8,0.0014369809068739414,0,-0.0013129869475960732,0.40635421872138977,-0.913715124130249,0,0,0.6818770170211792,0,1
B10,mixamorig_LeftHand,9,1,0,0,0,0,1,0,0,0,0,1,0,0,0.5484380125999451,0,1
B11,mixamorig_RightShoulder,3,0.9978540539741516,-0.009206002578139305,-0.06482894718647003,0,0.06502704322338104,0.2554929554462433,0.9646219611167908,0,0.007683020085096359,-0.9667669534683228,0.25554317235946655,0,-0.00494999997317791,0.32973799109458923,0.28019601106643677,1
B12,mixamorig_RightArm,11,0.8849841356277466,-0.2689788341522217,-0.3800710141658783,0,0.45134004950523376,0.29493993520736694,0.8422009944915771,0,-0.11443612724542618,-0.916875958442688,0.382418155670166,0,0,0.49580299854278564,0,1
B13,mixamorig_RightForeArm,12,-0.003442266723141074,-0.999021053314209,-0.044101912528276443,0,0.9995500445365906,-0.004751964472234249,0.029626719653606415,0,-0.02980729006230831,-0.04398009181022644,0.9985880255699158,0,0,0.6616399884223938,0,1
B14,mixamorig_RightHand,13,1,0,0,0,0,1,0,0,0,0,1,0,0,0.5160250067710876,0,1
B15,mixamorig_LeftUpLeg,0,-0.9726930260658264,0.22626012563705444,0.051724281162023544,0,-0.20615994930267334,-0.9446370005607605,0.2552640736103058,0,0.10661669075489044,0.2376299798488617,0.965487003326416,0,0.00031999999191612005,-0.10770100355148315,-0.30003100633621216,1
B16,mixamorig_LeftLeg,15,-0.4941350519657135,0.01089359913021326,-0.8693167567253113,0,0.0031287281308323145,-0.9998928308486938,-0.014308301731944084,0,-0.8693789839744568,-0.009790084324777126,0.4940478801727295,0,0,0.38975098729133606,0,1
B17,mixamorig_LeftFoot,16,-0.4623371958732605,-0.6975290179252625,0.5474468469619751,0,0.47029802203178406,-0.7163010239601135,-0.5154919624328613,0,0.751707136631012,0.01913207210600376,0.6592188477516174,0,0,0.27142098546028137,0,1
B18,mixamorig_LeftToeBase,17,0.9896320104598999,-0.0001482191582908854,-0.14362499117851257,0,0.08259185403585434,0.8187039494514465,0.5682451128959656,0,0.11750216037034988,-0.5742159485816956,0.8102281093597412,0,0,0.4328269958496094,0,1
B19,mixamorig_LeftToe_End,18,1,0,0,0,0,1,0,0,0,0,1,0,0,0.22163699567317963,0,1
B20,mixamorig_RightUpLeg,0,-0.7775861024856567,-0.6051438450813293,-0.1707639843225479,0,0.6126981377601624,-0.7902477979660034,0.010470793582499027,0,-0.14128215610980988,-0.09648480266332626,0.985256016254425,0,0.011429999954998493,-0.10770100355148315,0.30003100633621216,1
B21,mixamorig_RightLeg,20,0.18356670439243317,-0.219900980591774,0.958095133304596,0,0.9789259433746338,0.12961196899414062,-0.15780945122241974,0,-0.08947822451591492,0.9668729305267334,0.2390592098236084,0,0,0.3895609974861145,0,1
B22,mixamorig_RightFoot,21,0.9992870688438416,0.029658863320946693,-0.02337111160159111,0,0.0331309512257576,-0.391715943813324,0.9194890856742859,0,0.018116163089871407,-0.9196078777313232,-0.39241930842399597,0,0,0.28062498569488525,0,1
B23,mixamorig_RightToeBase,22,0.9943870306015015,0.001125421840697527,0.10579909384250641,0,-0.05770158767700195,0.8439240455627441,0.5333499312400818,0,-0.08868614584207535,-0.5364610552787781,0.8392519950866699,0,0,0.44201400876045227,0,1
B24,mixamorig_RightToe_End,23,1,0,0,0,0,1,0,0,0,0,1,0,0,0.2201409935951233,0,1
@20,0,1,2,3,4,5,7,8,9,11,12,13,15,16,17,18,20,21,22,23
K0,0.9803760051727295,-0.1957576870918274,0.023293951526284218,0,0.19670775532722473,0.979188084602356,-0.04997030273079872,0,-0.01302708126604557,0.05357176810503006,0.9984789490699768,0,-0.04232599586248398,0.8429830074310303,-0.0393729992210865,1,0.993537962436676,-0.11198405176401138,-0.018495755270123482,0,0.11318894475698471,0.9896399974822998,0.08832413703203201,0,0.008413242176175117,-0.08984687179327011,0.9959200024604797,0,-0.0123070003464818,0.1945430040359497,0,1,0.9993720650672913,-0.035409729927778244,0.0013790647499263287,0,0.035396263003349304,0.9993349313735962,0.008805175311863422,0,-0.0016899352194741368,-0.008750825189054012,0.9999600052833557,0,0,0.22742100059986115,0,1,0.9962130188941956,-0.08693397045135498,0.0011204099282622337,0,0.0869300365447998,0.9962090253829956,0.0031912405975162983,0,-0.001393590122461319,-0.003081759437918663,0.9999939799308777,0,0,0.259909987449646,0,1,0.9999749660491943,0.003868949366733432,0.00596317695453763,0,-0.0038400504272431135,0.9999809861183167,-0.0048500122502446175,0,-0.005981823429465294,0.004826988559216261,0.999970018863678,0,0,0.29239800572395325,0,1,0.9605101346969604,0.27788668870925903,-0.014123980887234211,0,-0.27824029326438904,0.9589489698410034,-0.05476389080286026,0,-0.0016739791026338935,0.05653110891580582,0.998399019241333,0,-0.013539999723434448,0.10293400287628174,0,1,-0.9957469701766968,0.007573832292109728,-0.0918179377913475,0,0.09072116762399673,0.2542181611061096,-0.962882936000824,0,0.016049060970544815,-0.9671170115470886,-0.2538238763809204,0,0.0021639999467879534,0.3292880058288574,-0.28019601106643677,1,0.953370988368988,0.18249599635601044,-0.24037419259548187,0,0.21967299282550812,0.1265343874692917,0.9673329591751099,0,0.20694983005523682,-0.9750300645828247,0.08054469525814056,0,0,0.4955880045890808,0,1,-0.0005839627701789141,-0.9137160778045654,-0.4063538610935211,0,-0.999998927116394,0,0.0014368541305884719,0,-0.0013128251302987337,0.406354159116745,-0.9137149453163147,0,0,0.6818770170211792,0,1,0.9978540539741516,-0.009205964393913746,-0.06482893973588943,0,0.06502702832221985,0.2554929554462433,0.9646219611167908,0,0.007683055475354195,-0.9667669534683228,0.25554317235946655,0,-0.00494999997317791,0.32973799109458923,0.28019601106643677,1,0.8849840760231018,-0.2689788341522217,-0.38007116317749023,0,0.4513401985168457,0.2949397563934326,0.8422009944915771,0,-0.11443614214658737,-0.9168760180473328,0.38241803646087646,0,0,0.49580299854278564,0,1,-0.0034421004820615053,-0.9990209341049194,-0.04410219192504883,0,0.999549925327301,-0.004751802422106266,0.029626624658703804,0,-0.02980719320476055,-0.043980374932289124,0.998587965965271,0,0,0.6616399884223938,0,1,-0.9726930260658264,0.22626009583473206,0.051724303513765335,0,-0.20615991950035095,-0.9446370005607605,0.2552640438079834,0,0.10661669820547104,0.2376299500465393,0.965487003326416,0,0.00031999999191612005,-0.10770100355148315,-0.30003100633621216,1,-0.4941350519657135,0.010893551632761955,-0.8693167567253113,0,0.0031285525765269995,-0.9998928308486938,-0.014308147132396698,0,-0.8693789839744568,-0.009789855219423771,0.4940478801727295,0,0,0.38975098729133606,0,1,-0.4623371958732605,-0.6975290775299072,0.5474468469619751,0,0.47029799222946167,-0.7163010239601135,-0.5154920220375061,0,0.751707136631012,0.019132021814584732,0.6592188477516174,0,0,0.27142098546028137,0,1,0.9896320104598999,-0.0001482051593484357,-0.1436249166727066,0,0.08259180188179016,0.8187039494514465,0.5682451128959656,0,0.1175021082162857,-0.5742159485816956,0.8102281093597412,0,0,0.4328269958496094,0,1,-0.7775861024856567,-0.6051438450813293,-0.17076390981674194,0,0.6126981377601624,-0.7902477979660034,0.010470779612660408,0,-0.1412820965051651,-0.09648477286100388,0.985256016254425,0,0.011429999954998493,-0.10770100355148315,0.30003100633621216,1,0.18356668949127197,-0.21990132331848145,0.9580950736999512,0,0.9789259433746338,0.1296120136976242,-0.15780936181545258,0,-0.08947819471359253,0.9668728709220886,0.23905958235263824,0,0,0.3895609974861145,0,1,0.9992870688438416,0.029658693820238113,-0.023370906710624695,0,0.03313069045543671,-0.39171576499938965,0.9194890856742859,0,0.018116094172000885,-0.9196078777313232,-0.39241909980773926,0,0,0.28062498569488525,0,1,0.9943870306015015,0.0011254497803747654,0.10579897463321686,0,-0.05770155042409897,0.8439240455627441,0.5333499312400818,0,-0.0886860340833664,-0.5364610552787781,0.8392519950866699,0,0,0.44201400876045227,0,1
K0.035,0.9858570098876953,-0.16561998426914215,0.025597142055630684,0,0.1653730273246765,0.9861639738082886,0.01149623841047287,0,-0.02714698761701584,-0.007100564893335104,0.9996057748794556,0,-0.06441840529441833,0.8468295335769653,-0.03618953377008438,1,0.9866729974746704,-0.12299982458353043,-0.10652261972427368,0,0.1252114176750183,0.9920267462730408,0.014303124509751797,0,0.10391410440206528,-0.027450380846858025,0.9942078590393066,0,-0.0123070003464818,0.1945430040359497,0,1,0.9979619979858398,-0.042013317346572876,-0.04803290590643883,0,0.04234839975833893,0.9990848302841187,0.005979781970381737,0,0.0477377213537693,-0.008001712150871754,0.9988279938697815,0,0,0.22742100059986115,0,1,0.9944420456886292,-0.09323731064796448,-0.04891172796487808,0,0.09334825724363327,0.9956334233283997,-0.00001540674020361621,0,0.048699598759412766,-0.00455050403252244,0.998803436756134,0,0,0.259909987449646,0,1,0.9994295239448547,-0.003666722448542714,0.03356875106692314,0,0.003760353894904256,0.9999889731407166,-0.0027265402022749186,0,-0.03355838358402252,0.0028512149583548307,0.9994322061538696,0,0,0.29239800572395325,0,1,0.9574124217033386,0.2574544847011566,0.13068357110023499,0,-0.24986903369426727,0.9656180739402771,-0.07173816114664078,0,-0.14465981721878052,0.03602924942970276,0.9888251423835754,0,-0.013539999723434448,0.10293400287628174,0,1,-0.9959288239479065,0.008231916464865208,-0.08976438641548157,0,0.08851653337478638,0.2775157392024994,-0.9566342234611511,0,0.017036108300089836,-0.9606862664222717,-0.27711477875709534,0,0.0021639999467879534,0.3292880058288574,-0.28019601106643677,1,0.9211951494216919,0.1923184096813202,-0.338249146938324,0,0.30760934948921204,0.17239020764827728,0.9357659220695496,0,0.2382759302854538,-0.9660719633102417,0.09964610636234283,0,0,0.4955880045890808,0,1,-0.1906822919845581,-0.8937222957611084,-0.4060809314250946,0,-0.978117048740387,0.20804987847805023,0.0014054655330255628,0,0.08322896808385849,0.39746248722076416,-0.9138360619544983,0,0,0.6818770170211792,0,1,0.9991517066955566,-0.009357688017189503,-0.04009195789694786,0,0.041102927178144455,0.2821222245693207,0.9584977030754089,0,0.0023415102623403072,-0.9593325257301331,0.2822675406932831,0,-0.00494999997317791,0.32973799109458923,0.28019601106643677,1,0.746712327003479,-0.32300013303756714,-0.5814555883407593,0,0.663647472858429,0.30313578248023987,0.6838713884353638,0,-0.04463062062859535,-0.896537184715271,0.44071367383003235,0,0,0.49580299854278564,0,1,0.24029652774333954,-0.9699988961219788,-0.03687763586640358,0,0.970511794090271,0.23932991921901703,0.028766853734850883,0,-0.01907789707183838,-0.04270275682210922,0.998905599117279,0,0,0.6616399884223938,0,1,-0.28377941250801086,-0.9479367136955261,0.14451956748962402,0,0.9576418995857239,-0.2878589332103729,-0.007701249327510595,0,0.048901546746492386,0.136212557554245,0.9894723296165466,0,0.00031999999191612005,-0.10770100355148315,-0.30003100633621216,1,-0.49014461040496826,-0.21063470840454102,-0.8458077311515808,0,0.3474524915218353,-0.9371505975723267,0.03203386440873146,0,-0.7993966937065125,-0.27817678451538086,0.532524824142456,0,0,0.38975098729133606,0,1,-0.9859158992767334,-0.16718405485153198,-0.004343442618846893,0,-0.00014177653065416962,0.026806768029928207,-0.9996403455734253,0,0.1672404259443283,-0.985561192035675,-0.026452891528606415,0,0,0.27142098546028137,0,1,0.9870274066925049,0.0012062975438311696,-0.16054901480674744,0,0.08554217964410782,0.8422690033912659,0.5322269201278687,0,0.13586746156215668,-0.5390561819076538,0.8312392830848694,0,0,0.4328269958496094,0,1,-0.9433026909828186,-0.29386529326438904,-0.1543452888727188,0,0.29025956988334656,-0.955845296382904,0.045917265117168427,0,-0.16102376580238342,-0.0014863155083730817,0.98694908618927,0,0.011429999954998493,-0.10770100355148315,0.30003100633621216,1,0.1485215127468109,-0.20512697100639343,0.9674006700515747,0,0.9666833877563477,0.23635131120681763,-0.09829559177160263,0,-0.20848332345485687,0.9497692584991455,0.23339612782001495,0,0,0.3895609974861145,0,1,0.9895264506340027,0.1369323581457138,0.04569072276353836,0,0.03920692205429077,-0.5595600008964539,0.827861487865448,0,0.13892775774002075,-0.8173995614051819,-0.5590681433677673,0,0,0.28062498569488525,0,1,0.99455326795578,0.0013051900314167142,0.10421834886074066,0,-0.05734853073954582,0.8418005704879761,0.5367333292961121,0,-0.08703058958053589,-0.5397870540618896,0.8372909426689148,0,0,0.44201400876045227,0,1
K0.070,0.9840459227561951,-0.1758681684732437,0.02692789025604725,0,0.17267300188541412,0.9805132150650024,0.09369035810232162,0,-0.04288028925657272,-0.08754588663578033,0.9952374696731567,0,-0.04407007247209549,0.8549277782440186,-0.029285766184329987,1,0.978973388671875,-0.11045193672180176,-0.17149701714515686,0,0.09655539691448212,0.9914847016334534,-0.08738484978675842,0,0.17968840897083282,0.06898844987154007,0.9813014268875122,0,-0.0123070003464818,0.1945430040359497,0,1,0.9967370629310608,-0.03018403798341751,-0.07486605644226074,0,0.03040398843586445,0.999535858631134,0.0017999268602579832,0,0.07477696985006332,-0.004070280585438013,0.9971920847892761,0,0,0.22742100059986115,0,1,0.9938687682151794,-0.08017968386411667,-0.07613640278577805,0,0.08007721602916718,0.9967787861824036,-0.00440208101645112,0,0.07624409347772598,-0.0017216997221112251,0.9970877170562744,0,0,0.259909987449646,0,1,0.9989113807678223,-0.01580951176583767,0.04388009384274483,0,0.016770347952842712,0.999625563621521,-0.02161569707095623,0,-0.0435219332575798,0.022328050807118416,0.9988025426864624,0,0,0.29239800572395325,0,1,0.952436625957489,0.1840602308511734,0.24286988377571106,0,-0.1852453202009201,0.982524573802948,-0.01815483160316944,0,-0.24196720123291016,-0.0276991818100214,0.9698886871337891,0,-0.013539999723434448,0.10293400287628174,0,1,-0.9989868402481079,0.008674925193190575,-0.044160909950733185,0,0.044621385633945465,0.31874701380729675,-0.9467890858650208,0,0.005862836726009846,-0.9478003978729248,-0.3188112676143646,0,0.0021639999467879534,0.3292880058288574,-0.28019601106643677,1,0.8477225303649902,0.2630384564399719,-0.46062809228897095,0,0.40649229288101196,0.23574914038181305,0.8827158808708191,0,0.34078046679496765,-0.935538649559021,0.09292662143707275,0,0,0.4955880045890808,0,1,-0.2545604407787323,-0.8777086138725281,-0.40598899126052856,0,-0.9605916738510132,0.2779604196548462,0.0013804028276354074,0,0.11163726449012756,0.39034101366996765,-0.9138771891593933,0,0,0.6818770170211792,0,1,0.997305154800415,-0.008229441940784454,-0.07289797067642212,0,0.07101244479417801,0.35771480202674866,0.9311273097991943,0,0.01841401867568493,-0.9337944388389587,0.35733509063720703,0,-0.00494999997317791,0.32973799109458923,0.28019601106643677,1,0.7289290428161621,-0.26766806840896606,-0.6300913691520691,0,0.6841500997543335,0.31776654720306396,0.656477689743042,0,0.024503838270902634,-0.9096029996871948,0.41475456953048706,0,0,0.49580299854278564,0,1,0.2549327313899994,-0.9662718772888184,-0.036443546414375305,0,0.9667830467224121,0.25398683547973633,0.028655776754021645,0,-0.01843309961259365,-0.04253831133246422,0.9989252686500549,0,0,0.6616399884223938,0,1,0.03259195014834404,-0.9962694048881531,0.0799095556139946,0,0.9981038570404053,0.028266552835702896,-0.05467493459582329,0,0.0522121787071228,0.08153997361660004,0.9953012466430664,0,0.00031999999191612005,-0.10770100355148315,-0.30003100633621216,1,-0.25716885924339294,-0.36079758405685425,-0.8964871764183044,0,0.6908717155456543,-0.7172922492027283,0.09049388766288757,0,-0.6756928563117981,-0.5960850715637207,0.43372979760169983,0,0,0.38975098729133606,0,1,-0.9990577697753906,0.03699911758303642,0.02267559804022312,0,-0.013805069960653782,0.22440999746322632,-0.9743970632553101,0,-0.04114045575261116,-0.9737918376922607,-0.2236877828836441,0,0,0.27142098546028137,0,1,0.9863287210464478,0.0014316911110654473,-0.16478228569030762,0,0.0861549898982048,0.8479297757148743,0.5230606198310852,0,0.1404726654291153,-0.5301064848899841,0.8362141251564026,0,0,0.4328269958496094,0,1,-0.9786621928215027,0.0735931321978569,-0.19184638559818268,0,-0.0997484028339386,-0.9864245057106018,0.13044771552085876,0,-0.1796419471502304,0.14680065214633942,0.9727172255516052,0,0.011429999954998493,-0.10770100355148315,0.30003100633621216,1,0.18891794979572296,-0.17922627925872803,0.9654990434646606,0,0.87350994348526,0.47987815737724304,-0.08183839917182922,0,-0.4486541450023651,0.8588336110115051,0.24721349775791168,0,0,0.3895609974861145,0,1,0.9789454340934753,0.167036235332489,0.11732342839241028,0,-0.0015703990356996655,-0.5685904026031494,0.8226194977760315,0,0.20411616563796997,-0.8054835200309753,-0.5563564896583557,0,0,0.28062498569488525,0,1,0.9992961287498474,0.013716231100261211,0.03491999953985214,0,-0.03395330533385277,0.7265843152999878,0.6862373948097229,0,-0.015959737822413445,-0.6869401335716248,0.7265387773513794,0,0,0.44201400876045227,0,1
K0.105,0.9830316305160522,-0.1833202838897705,0.006535662338137627,0,0.1790482997894287,0.9666516184806824,0.1831028312444687,0,-0.039884164929389954,-0.17882566154003143,0.9830721616744995,0,-0.021236317232251167,0.8515021204948425,-0.0078124478459358215,1,0.9689654111862183,-0.11150325834751129,-0.22061817348003387,0,0.0664634108543396,0.9771386384963989,-0.20194798707962036,0,0.23809251189231873,0.18101766705513,0.9542248249053955,0,-0.0123070003464818,0.1945430040359497,0,1,0.9959680438041687,-0.01903742551803589,-0.08766819536685944,0,0.018772905692458153,0.9998160004615784,-0.003840710734948516,0,0.0877251923084259,0.002179438713937998,0.9961423277854919,0,0,0.22742100059986115,0,1,0.9937423467636108,-0.06751949340105057,-0.08898172527551651,0,0.06684888154268265,0.9977076649665833,-0.010498232208192348,0,0.08948656916618347,0.004484209232032299,0.9959777593612671,0,0,0.259909987449646,0,1,0.998185396194458,-0.01798100955784321,0.05746394395828247,0,0.018066124990582466,0.9998366832733154,-0.0009618264157325029,0,-0.057437241077423096,0.0019982310477644205,0.9983468055725098,0,0,0.29239800572395325,0,1,0.9394201040267944,0.12215400487184525,0.3202635943889618,0,-0.1324218362569809,0.9911392331123352,0.01039180438965559,0,-0.31615620851516724,-0.05217212811112404,0.9472714066505432,0,-0.013539999723434448,0.10293400287628174,0,1,-0.9999284148216248,0.00739147188141942,-0.009450094774365425,0,0.01151372492313385,0.36980417370796204,-0.9290388226509094,0,-0.003372277831658721,-0.929080605506897,-0.3698626756668091,0,0.0021639999467879534,0.3292880058288574,-0.28019601106643677,1,0.7689003348350525,0.32349061965942383,-0.551494836807251,0,0.46715396642684937,0.30467450618743896,0.8300244808197021,0,0.43653133511543274,-0.8958386778831482,0.08314437419176102,0,0,0.4955880045890808,0,1,-0.27316632866859436,-0.8721098303794861,-0.40596234798431396,0,-0.9544634222984314,0.29832324385643005,0.0013713468797504902,0,0.1199120357632637,0.38785088062286377,-0.9138889312744141,0,0,0.6818770170211792,0,1,0.9988863468170166,-0.00628589978441596,-0.04676543176174164,0,0.045204903930425644,0.4116421937942505,0.9102241396903992,0,0.013529039919376373,-0.9113239049911499,0.41146767139434814,0,-0.00494999997317791,0.32973799109458923,0.28019601106643677,1,0.7417259812355042,-0.26766437292099,-0.6149778366088867,0,0.6694214344024658,0.35209596157073975,0.6541433930397034,0,0.041440315544605255,-0.8968742489814758,0.4403388500213623,0,0,0.49580299854278564,0,1,0.1787242740392685,-0.9831380248069763,-0.038702644407749176,0,0.9836581349372864,0.17767103016376495,0.02915649116039276,0,-0.02178850583732128,-0.04328111931681633,0.9988253116607666,0,0,0.6616399884223938,0,1,0.04178113117814064,-0.9980958104133606,0.04537512734532356,0,0.9990984201431274,0.04139619320631027,-0.009390528313815594,0,0.007494290824979544,0.045726582407951355,0.9989258646965027,0,0.00031999999191612005,-0.10770100355148315,-0.30003100633621216,1,-0.008677150122821331,-0.4699307382106781,-0.882660984992981,0,0.9168944954872131,-0.35597822070121765,0.18050990998744965,0,-0.3990352153778076,-0.8077405691146851,0.433965802192688,0,0,0.38975098729133606,0,1,-0.9987499117851257,0.031188761815428734,0.03906194493174553,0,-0.030902555212378502,0.2289658933877945,-0.9729440808296204,0,-0.03928876295685768,-0.9729346632957458,-0.22771580517292023,0,0,0.27142098546028137,0,1,0.9878463745117188,0.0008730127010494471,-0.15542790293693542,0,0.08473412692546844,0.8352960348129272,0.5432326793670654,0,0.13030259311199188,-0.5498005747795105,0.8250704407691956,0,0,0.4328269958496094,0,1,-0.9001330137252808,0.31723594665527344,-0.2985340356826782,0,-0.3863840699195862,-0.8979126811027527,0.21085336804389954,0,-0.20116733014583588,0.3051450848579407,0.9308163523674011,0,0.011429999954998493,-0.10770100355148315,0.30003100633621216,1,0.1915953904390335,-0.1855505108833313,0.9637749791145325,0,0.8395268321037292,0.5396528244018555,-0.06299874931573868,0,-0.5084145665168762,0.8211854100227356,0.25916966795921326,0,0,0.3895609974861145,0,1,0.9688433408737183,0.1801222264766693,0.16999655961990356,0,-0.07455632090568542,-0.44243311882019043,0.8936970829963684,0,0.23618671298027039,-0.8785262703895569,-0.41521891951560974,0,0,0.28062498569488525,0,1,0.9871011972427368,0.10808095335960388,-0.11810528486967087,0,0.07774820923805237,0.32125768065452576,0.9437951445579529,0,0.13994856178760529,-0.9408041834831238,0.30871084332466125,0,0,0.44201400876045227,0,1
K0.140,0.9814843535423279,-0.1913040280342102,-0.009553535841405392,0,0.1896962672472,0.9639066457748413,0.18681420385837555,0,-0.026529580354690552,-0.18516746163368225,0.9823485612869263,0,-0.023720551282167435,0.8425464630126953,0.0074454303830862045,1,0.955020010471344,-0.09224098175764084,-0.2818307876586914,0,0.031677138060331345,0.9766871333122253,-0.21231989562511444,0,0.2948448657989502,0.19384199380874634,0.9356769323348999,0,-0.0123070003464818,0.1945430040359497,0,1,0.9949893355369568,-0.005931403022259474,-0.09980357438325882,0,0.005362214520573616,0.9999676942825317,-0.005970383062958717,0,0.09983575344085693,0.005405299831181765,0.9949889183044434,0,0,0.22742100059986115,0,1,0.9934601783752441,-0.053722746670246124,-0.10074757039546967,0,0.052658095955848694,0.9985256195068359,-0.013199474662542343,0,0.10130816698074341,0.007807978894561529,0.9948245882987976,0,0,0.259909987449646,0,1,0.9973759055137634,-0.029875485226511955,0.06594707071781158,0,0.030339034274220467,0.9995215535163879,-0.006038642954081297,0,-0.06573508679866791,0.008023564703762531,0.9978048205375671,0,0,0.29239800572395325,0,1,0.9119166135787964,0.06984853744506836,0.4043869376182556,0,-0.09502868354320526,0.9945668578147888,0.04250682145357132,0,-0.39922070503234863,-0.07719101756811142,0.91359943151474,0,-0.013539999723434448,0.10293400287628174,0,1,-0.9998322129249573,0.006694253999739885,-0.017025860026478767,0,0.01825283281505108,0.4278806149959564,-0.90365070104599,0,0.0012357678497210145,-0.9038105607032776,-0.4279312789440155,0,0.0021639999467879534,0.3292880058288574,-0.28019601106643677,1,0.6892508864402771,0.3812774121761322,-0.6160848736763,0,0.5206111669540405,0.33074676990509033,0.7871285676956177,0,0.5038825869560242,-0.8632698655128479,0.029470209032297134,0,0,0.4955880045890808,0,1,-0.2870289385318756,-0.8676549196243286,-0.40594255924224854,0,-0.9495887756347656,0.3134949505329132,0.0013646725565195084,0,0.12607687711715698,0.38587015867233276,-0.9138975143432617,0,0,0.6818770170211792,0,1,0.9999164342880249,-0.0011100138071924448,0.0128681231290102,0,-0.011028013192117214,0.44525060057640076,0.8953384757041931,0,-0.006723376456648111,-0.8954053521156311,0.44520103931427,0,-0.00494999997317791,0.32973799109458923,0.28019601106643677,1,0.7741999626159668,-0.30476054549217224,-0.5547389984130859,0,0.6327934265136719,0.39160946011543274,0.6679925918579102,0,0.013663282617926598,-0.8681952357292175,0.4960345923900604,0,0,0.49580299854278564,0,1,0.10190626233816147,-0.9939494132995605,-0.040979668498039246,0,0.9944751858711243,0.10074485838413239,0.02947693131864071,0,-0.025170112028717995,-0.043757177889347076,0.998725414276123,0,0,0.6616399884223938,0,1,0.0018948171054944396,-0.9999942183494568,0.0029657899867743254,0,0.999213457107544,0.002010814379900694,0.039610352367162704,0,-0.039616044610738754,0.00288839777931571,0.9992103576660156,0,0.00031999999191612005,-0.10770100355148315,-0.30003100633621216,1,0.24030591547489166,-0.44675305485725403,-0.8617801070213318,0,0.9704332947731018,0.13127616047859192,0.20254912972450256,0,0.022641699761152267,-0.884973406791687,0.465090274810791,0,0,0.38975098729133606,0,1,-0.999806821346283,-0.012879268266260624,0.014868135564029217,0,-0.018045732751488686,0.2997198700904846,-0.9538568258285522,0,0.007828699424862862,-0.9539405703544617,-0.2998943626880646,0,0,0.27142098546028137,0,1,0.9901190996170044,-0.0005074767977930605,-0.14022652804851532,0,0.08190246671438217,0.8137921094894409,0.5753563046455383,0,0.11382325738668442,-0.5811560750007629,0.8057925701141357,0,0,0.4328269958496094,0,1,-0.8726707696914673,0.38455864787101746,-0.30093228816986084,0,-0.45610690116882324,-0.8620249629020691,0.221086323261261,0,-0.17439058423042297,0.33019304275512695,0.9276643991470337,0,0.011429999954998493,-0.10770100355148315,0.30003100633621216,1,0.163401797413826,-0.19312205910682678,0.9674733281135559,0,0.8688016533851624,0.4927929937839508,-0.04836779460310936,0,-0.4674229919910431,0.8484455347061157,0.2483079582452774,0,0,0.3895609974861145,0,1,0.985530436038971,0.10655800253152847,0.13181281089782715,0,-0.1123233437538147,-0.1718105673789978,0.978705108165741,0,0.12693575024604797,-0.9793497920036316,-0.1573556661605835,0,0,0.28062498569488525,0,1,0.9771323204040527,0.17242492735385895,-0.12442571669816971,0,0.11308255791664124,0.07415521144866943,0.9908148050308228,0,0.18006794154644012,-0.9822272658348083,0.052961189299821854,0,0,0.44201400876045227,0,1
K0.175,0.9822419881820679,-0.187409907579422,0.008865808136761189,0,0.18468977510929108,0.9741421341896057,0.1301422119140625,0,-0.03302649036049843,-0.12619370222091675,0.9914557337760925,0,-0.030529122799634933,0.8256666660308838,0.008931471966207027,1,0.9437336325645447,-0.06680348515510559,-0.3238880932331085,0,0.01657234877347946,0.9877079725265503,-0.1554316282272339,0,0.3302902281284332,0.1413184553384781,0.9332402944564819,0,-0.0123070003464818,0.1945430040359497,0,1,0.9947497248649597,0.0017105177976191044,-0.10232317447662354,0,-0.0017934691859409213,0.9999979138374329,-0.000718692084774375,0,0.10232170671224594,0.0008984320447780192,0.9947505593299866,0,0,0.22742100059986115,0,1,0.9935783743858337,-0.04660312458872795,-0.10310107469558716,0,0.04600895941257477,0.9989081621170044,-0.008135072886943817,0,0.10336756706237793,0.003339257789775729,0.9946371912956238,0,0,0.259909987449646,0,1,0.997063159942627,-0.04216279834508896,0.0639292523264885,0,0.043819718062877655,0.9987332820892334,-0.024740377441048622,0,-0.06280517578125,0.0274690892547369,0.9976480603218079,0,0,0.29239800572395325,0,1,0.9036860466003418,0.02582082524895668,0.42741668224334717,0,-0.05835213512182236,0.9962944984436035,0.06318626552820206,0,-0.4242013692855835,-0.08204122632741928,0.9018442034721375,0,-0.013539999723434448,0.10293400287628174,0,1,-0.9997751712799072,0.0048574162647128105,-0.020623382180929184,0,0.02058577910065651,0.4530552625656128,-0.8912443518638611,0,0.005014390219002962,-0.8914691209793091,-0.45305368304252625,0,0.0021639999467879534,0.3292880058288574,-0.28019601106643677,1,0.6412463784217834,0.3919820487499237,-0.6596612930297852,0,0.571883499622345,0.32905253767967224,0.7514476180076599,0,0.5116174221038818,-0.8591127991676331,-0.01316433772444725,0,0,0.4955880045890808,0,1,-0.25522810220718384,-0.8775148391723633,-0.405987948179245,0,-0.9603796601295471,0.27869126200675964,0.0013798439176753163,0,0.11193449795246124,0.3902549147605896,-0.9138776063919067,0,0,0.6818770170211792,0,1,0.99947190284729,0.0015997018199414015,0.03246350958943367,0,-0.0295256320387125,0.4622805416584015,0.8862419724464417,0,-0.013589520938694477,-0.8867322206497192,0.46208348870277405,0,-0.00494999997317791,0.32973799109458923,0.28019601106643677,1,0.807677149772644,-0.3367098867893219,-0.48402953147888184,0,0.5883540511131287,0.4063608646392822,0.6990780830383301,0,-0.038695789873600006,-0.849409818649292,0.5263128280639648,0,0,0.49580299854278564,0,1,0.046859484165906906,-0.9979919195175171,-0.042611002922058105,0,0.9985202550888062,0.04562061280012131,0.029596637934446335,0,-0.027593284845352173,-0.04393486678600311,0.9986536502838135,0,0,0.6616399884223938,0,1,-0.1766509711742401,-0.9831637740135193,-0.0467294305562973,0,0.9839260578155518,-0.17765116691589355,0.018162190914154053,0,-0.026157928630709648,-0.042769905179739,0.9987420439720154,0,0.00031999999191612005,-0.10770100355148315,-0.30003100633621216,1,0.5043583512306213,-0.25974804162979126,-0.8235012292861938,0,0.6543108820915222,0.7372870445251465,0.16818220913410187,0,0.5634716153144836,-0.6236497163772583,0.5418126583099365,0,0,0.38975098729133606,0,1,-0.9960190653800964,-0.02285810001194477,0.08615662902593613,0,-0.08440076559782028,0.5527290105819702,-0.8290764689445496,0,-0.02867015078663826,-0.8330475687980652,-0.5524577498435974,0,0,0.27142098546028137,0,1,0.9918676614761353,-0.002149964217096567,-0.1272553652524948,0,0.07897385209798813,0.7944872975349426,0.6021237969398499,0,0.0998082086443901,-0.6072769165039062,0.7881959080696106,0,0,0.4328269958496094,0,1,-0.8765628337860107,0.43102627992630005,-0.21413560211658478,0,-0.47102904319763184,-0.8596611022949219,0.19777221977710724,0,-0.09883905947208405,0.2742239832878113,0.9565733075141907,0,0.011429999954998493,-0.10770100355148315,0.30003100633621216,1,0.17809274792671204,-0.20082426071166992,0.9633032083511353,0,0.8926126956939697,0.44499701261520386,-0.07225310802459717,0,-0.41415679454803467,0.8727242350578308,0.25850895047187805,0,0,0.3895609974861145,0,1,0.9886453151702881,0.14286404848098755,0.04658415541052818,0,-0.06404431909322739,0.12016209214925766,0.9906861782073975,0,0.13593581318855286,-0.9824209213256836,0.1279473453760147,0,0,0.28062498569488525,0,1,0.9426617622375488,0.2706228196620941,-0.19532623887062073,0,0.17135776579380035,0.10977093130350113,0.9790744185447693,0,0.2864011228084564,-0.9564069509506226,0.05710354819893837,0,0,0.44201400876045227,0,1
K0.211,0.9883913397789001,-0.1513315737247467,0.013486371375620365,0,0.1500181406736374,0.9861353039741516,0.07094176113605499,0,-0.024035092443227768,-0.06809496134519577,0.9973890781402588,0,-0.047122545540332794,0.8126022219657898,0.00849452055990696,1,0.954964816570282,-0.060301512479782104,-0.2905256748199463,0,0.035302214324474335,0.9952673316001892,-0.09053847938776016,0,0.2946104407310486,0.07620490342378616,0.9525745511054993,0,-0.0123070003464818,0.1945430040359497,0,1,0.9960333108901978,-0.003185727633535862,-0.08892350643873215,0,0.0030056352261453867,0.9999933838844299,-0.0021590886171907187,0,0.08892977237701416,0.0018832521745935082,0.9960359930992126,0,0,0.22742100059986115,0,1,0.9945698380470276,-0.0528147891163826,-0.08967676013708115,0,0.052149176597595215,0.998591959476471,-0.00975084863603115,0,0.09006540477275848,0.0050213271751999855,0.9959229230880737,0,0,0.259909987449646,0,1,0.9975786209106445,-0.04007108882069588,0.056845925748348236,0,0.04109928756952286,0.9990099668502808,-0.01703469082713127,0,-0.056107040494680405,0.019329767674207687,0.9982377290725708,0,0,0.29239800572395325,0,1,0.9266602993011475,0.013998550362884998,0.3756391406059265,0,-0.03766896575689316,0.9977341890335083,0.05574365705251694,0,-0.37400782108306885,-0.06580540537834167,0.9250884056091309,0,-0.013539999723434448,0.10293400287628174,0,1,-0.9997342824935913,0.0051556481048464775,-0.022468669340014458,0,0.022379903122782707,0.45079904794692993,-0.8923445343971252,0,0.005528242327272892,-0.892610490322113,-0.4507948160171509,0,0.0021639999467879534,0.3292880058288574,-0.28019601106643677,1,0.6482905149459839,0.35407754778862,-0.6740539073944092,0,0.6140123605728149,0.28037139773368835,0.7378216981887817,0,0.4502315819263458,-0.8922003507614136,-0.03564589470624924,0,0,0.4955880045890808,0,1,-0.1525278389453888,-0.9009933471679688,-0.4061351716518402,0,-0.9860751628875732,0.16629233956336975,0.0014171486254781485,0,0.06626038998365402,0.4006962776184082,-0.9138121604919434,0,0,0.6818770170211792,0,1,0.9999979138374329,-0.0019717698451131582,0.00030919909477233887,0,0.0005922504933550954,0.4410974979400635,0.8974591493606567,0,-0.001905970275402069,-0.8974573016166687,0.44109785556793213,0,-0.00494999997317791,0.32973799109458923,0.28019601106643677,1,0.8377459049224854,-0.35664844512939453,-0.413502037525177,0,0.5362105965614319,0.3941081166267395,0.7464295625686646,0,-0.1032484769821167,-0.8470423221588135,0.521401047706604,0,0,0.49580299854278564,0,1,0.04245362803339958,-0.9981836676597595,-0.04274200275540352,0,0.9987121224403381,0.04120853170752525,0.029602374881505966,0,-0.02778727188706398,-0.04394368454813957,0.9986476302146912,0,0,0.6616399884223938,0,1,-0.39515888690948486,-0.9180218577384949,-0.03294258937239647,0,0.9179645776748657,-0.39597272872924805,0.023366864770650864,0,-0.03449566289782524,-0.02100651152431965,0.9991838335990906,0,0.00031999999191612005,-0.10770100355148315,-0.30003100633621216,1,0.5343137979507446,-0.06734767556190491,-0.8425991535186768,0,0.25425291061401367,0.9634641408920288,0.08422007411718369,0,0.8061417937278748,-0.25923311710357666,0.5319153070449829,0,0,0.38975098729133606,0,1,-0.9935492873191833,-0.03515014797449112,0.10781824588775635,0,-0.10148103535175323,0.699929416179657,-0.7069656252861023,0,-0.05061516910791397,-0.7133463025093079,-0.6989808678627014,0,0,0.27142098546028137,0,1,0.9938661456108093,-0.004913522861897945,-0.11047953367233276,0,0.07448049634695053,0.768206000328064,0.6358556747436523,0,0.08174672722816467,-0.6401838660240173,0.763859748840332,0,0,0.4328269958496094,0,1,-0.8761336207389832,0.45094722509384155,-0.17039994895458221,0,-0.47619301080703735,-0.8646023273468018,0.16032098233699799,0,-0.07503189891576767,0.22160585224628448,0.9722451567649841,0,0.011429999954998493,-0.10770100355148315,0.30003100633621216,1,0.1450938880443573,-0.27989017963409424,0.9490045309066772,0,0.9812071919441223,0.16401250660419464,-0.10164515674114227,0,-0.1271992027759552,0.9459184408187866,0.2984275221824646,0,0,0.3895609974861145,0,1,0.989995002746582,0.14110040664672852,-0.0007287069456651807,0,-0.012096782214939594,0.09001706540584564,0.9958667159080505,0,0.14058281481266022,-0.9858944416046143,0.09082332253456116,0,0,0.28062498569488525,0,1,0.9732277393341064,0.16301332414150238,-0.1620338261127472,0,0.036732036620378494,0.5856016874313354,0.8097661137580872,0,0.2268899381160736,-0.7940386533737183,0.5639359951019287,0,0,0.44201400876045227,0,1
