16.600,30,497,25
B0,mixamorig_Hips,-1,0.011439847759902477,0.09136395901441574,0.9957517981529236,0,0.1443742960691452,0.9852318167686462,-0.09205735474824905,0,-0.9894567728042603,0.14481404423713684,-0.0019197047222405672,0,0.0003086004580836743,0.4558078646659851,-0.012418925762176514,1
B1,mixamorig_Spine,0,0.9919630289077759,0.12470843642950058,0.021366676315665245,0,-0.12645678222179413,0.9827548265457153,0.13491317629814148,0,-0.004173394292593002,-0.13653087615966797,0.9906269311904907,0,-0.00775599991902709,0.09732399880886078,0,1
B2,mixamorig_Spine1,1,0.99908447265625,-0.04278716444969177,-0.0004971551825292408,0,0.042765866965055466,0.998062014579773,0.04519528150558472,0,-0.0014375856844708323,-0.04517513886094093,0.998977541923523,0,0,0.11390499770641327,0,1
B3,mixamorig_Spine2,2,0.9990513920783997,-0.04349777102470398,0.002107381820678711,0,0.04336271062493324,0.9980859756469727,0.04410187900066376,0,-0.004021678119897842,-0.04396861791610718,0.999024510383606,0,0,0.13017700612545013,0,1
B4,mixamorig_Neck,3,0.9854735732078552,-0.1697254180908203,0.005881042685359716,0,0.16951468586921692,0.9809693098068237,-0.0946768969297409,0,0.010299960151314735,0.09429855644702911,0.9954907894134521,0,0,0.1464499980211258,0,1
B5,mixamorig_Head,4,0.9812048077583313,0.1922050267457962,0.01712946966290474,0,-0.19225676357746124,0.9813436269760132,0.0014058047672733665,0,-0.016539698466658592,-0.004672640468925238,0.9998522400856018,0,0.04863499850034714,0.05214399844408035,0,1
B6,mixamorig_HeadTop_End,5,1,0,0,0,0,1,0,0,0,0,1,0,0.27559199929237366,0.29547199606895447,0,1
B7,mixamorig_LeftShoulder,3,-0.9869333505630493,0.014377182349562645,-0.16048583388328552,0,0.16027235984802246,0.19013270735740662,-0.968587338924408,0,0.016588054597377777,-0.981653094291687,-0.18995261192321777,0,0.005956000182777643,0.1650869995355606,-0.1600629985332489,1
B8,mixamorig_LeftArm,7,0.9901884198188782,0.00026517975493334234,-0.1397385150194168,0,0.13808490335941315,-0.15525491535663605,0.9781763553619385,0,-0.021435685455799103,-0.9878740310668945,-0.1537681370973587,0,0,0.32193100452423096,0,1
B9,mixamorig_LeftForeArm,8,-0.9173223972320557,-0.37169966101646423,0.14268724620342255,0,-0.37828773260116577,0.925445556640625,-0.02119303308427334,0,-0.12417179346084595,-0.07341764867305756,-0.9895409941673279,0,0,0.3142760097980499,0,1
B10,mixamorig_LeftHand,9,1,0,0,0,0,1,0,0,0,0,1,0,0,0.3415290117263794,0,1
B11,mixamorig_RightShoulder,3,0.9863597750663757,-0.015032732859253883,-0.163916677236557,0,0.16406510770320892,0.1703444868326187,0.9716307520866394,0,0.013316028751432896,-0.9852700233459473,0.17048722505569458,0,0.009719000197947025,0.16478699445724487,0.1600629985332489,1
B12,mixamorig_RightArm,11,-0.9744415283203125,0.15376636385917664,-0.16376860439777374,0,-0.14726166427135468,0.11328437924385071,0.9825888276100159,0,0.16964149475097656,0.9815917611122131,-0.08774523437023163,0,0,0.32222801446914673,0,1
B13,mixamorig_RightForeArm,12,0.8747335076332092,0.484603613615036,-0.0006136534502729774,0,-0.4845145046710968,0.8745956420898438,0.018102770671248436,0,0.009309370070695877,-0.01553778350353241,0.9998360872268677,0,0,0.3085870146751404,0,1
B14,mixamorig_RightHand,13,1,0,0,0,0,1,0,0,0,0,1,0,0,0.33164098858833313,0,1
B15,mixamorig_LeftUpLeg,0,-0.9301928281784058,-0.3625169098377228,0.05765226110816002,0,0.3322581350803375,-0.898283064365387,-0.2875635325908661,0,0.15603451430797577,-0.24833379685878754,0.9560244083404541,0,-0.002380999969318509,-0.05394800007343292,-0.14911900460720062,1
B16,mixamorig_LeftLeg,15,0.17342941462993622,-0.1345796436071396,-0.9756073355674744,0,0.960472583770752,0.24213652312755585,0.1373375952243805,0,0.21774764358997345,-0.9608638286590576,0.17125388979911804,0,0,0.1894489973783493,0,1
B17,mixamorig_LeftFoot,16,-0.9712551832199097,-0.19127127528190613,-0.14169931411743164,0,0.18420477211475372,-0.22688530385494232,-0.9563432931900024,0,0.1507713794708252,-0.9549544453620911,0.2555965185165405,0,0,0.13586999475955963,0,1
B18,mixamorig_LeftToeBase,17,0.9946110248565674,0.0011379161151126027,-0.1036728024482727,0,0.05468890815973282,0.8437560796737671,0.5339328646659851,0,0.08808212727308273,-0.5367252230644226,0.8391467928886414,0,0,0.21759499609470367,0,1
B19,mixamorig_LeftToe_End,18,1,0,0,0,0,1,0,0,0,0,1,0,0,0.11081799864768982,0,1
B20,mixamorig_RightUpLeg,0,-0.9858818650245667,-0.10145411640405655,-0.13320694863796234,0,0.11431100219488144,-0.9891108870506287,-0.09269613027572632,0,-0.12235210835933685,-0.10661450773477554,0.9867442846298218,0,-0.002560999942943454,-0.05394800007343292,0.14911900460720062,1
B21,mixamorig_RightLeg,20,0.32759448885917664,-0.04361167550086975,0.9438114166259766,0,0.6982857584953308,0.6840882301330566,-0.21076273918151855,0,-0.636458158493042,0.7280943989753723,0.2545567750930786,0,0,0.18951599299907684,0,1
B22,mixamorig_RightFoot,21,0.9805768132209778,-0.0356643907725811,-0.19286639988422394,0,0.19209255278110504,-0.024014407768845558,0.9810829758644104,0,-0.039621319621801376,-0.9990754127502441,-0.016697103157639503,0,0,0.14189699292182922,0,1
B23,mixamorig_RightToeBase,22,0.9995239973068237,0.0007237254176288843,0.0308582354336977,0,-0.01788952201604843,0.8282784819602966,0.5600306987762451,0,-0.025153886526823044,-0.560315728187561,0.8278964757919312,0,0,0.22331799566745758,0,1
B24,mixamorig_RightToe_End,23,1,0,0,0,0,1,0,0,0,0,1,0,0,0.11006999760866165,0,1
@20,0,1,2,3,4,5,7,8,9,11,12,13,15,16,17,18,20,21,22,23
K0,0.9966079592704773,0.06767898797988892,0.04682500287890434,0,-0.05981685593724251,0.9864650368690491,-0.15267500281333923,0,-0.05652410537004471,0.1493561714887619,0.9871670007705688,0,-0.002481999574229121,0.4586000144481659,-0.00850600004196167,1,0.9893190860748291,0.1426379233598709,0.030040191486477852,0,-0.14557404816150665,0.9773979783058167,0.15330015122890472,0,-0.007494809105992317,-0.15603585541248322,0.9877230525016785,0,-0.00775599991902709,0.09732399880886078,0,1,0.9996029734611511,-0.027629004791378975,0.005457146093249321,0,0.02735399454832077,0.9985989928245544,0.04529111087322235,0,-0.006700854282826185,-0.045123886317014694,0.9989590644836426,0,0,0.11390499770641327,0,1,0.9995579719543457,-0.02830693870782852,0.009084874764084816,0,0.027881061658263206,0.9986420273780823,0.04400286823511124,0,-0.01031812559813261,-0.043730128556489944,0.998989999294281,0,0,0.13017700612545013,0,1,0.985614001750946,-0.16888000071048737,0.006714849732816219,0,0.16861800849437714,0.9798160195350647,-0.107367143034935,0,0.011552849784493446,0.10695484280586243,0.9941970109939575,0,0,0.1464499980211258,0,1,0.9842129945755005,0.17559298872947693,0.02218969352543354,0,-0.1757960021495819,0.9843980073928833,0.007541100960224867,0,-0.020519306883215904,-0.011322899721562862,0.9997249841690063,0,0.04863499850034714,0.05214399844408035,0,1,-0.9880638718605042,0.015089383348822594,-0.15330298244953156,0,0.1531016230583191,0.20609904825687408,-0.9664800763130188,0,0.01701200380921364,-0.9784148931503296,-0.20594915747642517,0,0.005956000182777643,0.1650869995355606,-0.1600629985332489,1,0.9764140844345093,-0.058062661439180374,-0.20795491337776184,0,0.19126132130622864,-0.21428637206554413,0.957862913608551,0,-0.10017790645360947,-0.9750440716743469,-0.19812700152397156,0,0,0.32193100452423096,0,1,-0.9210019111633301,-0.3625679016113281,0.14248134195804596,0,-0.3689940571784973,0.9292019605636597,-0.020672669634222984,0,-0.12489867210388184,-0.0716143324971199,-0.9895820617675781,0,0,0.3142760097980499,0,1,0.9907900094985962,-0.01733529008924961,-0.134293332695961,0,0.13515371084213257,0.1873152107000351,0.9729580879211426,0,0.008288673125207424,-0.9821470379829407,0.18793290853500366,0,0.009719000197947025,0.16478699445724487,0.1600629985332489,1,-0.972801923751831,0.07336858659982681,-0.2197098731994629,0,-0.21639859676361084,0.050484076142311096,0.9749990701675415,0,0.08262614160776138,0.9960259199142456,-0.033234067261219025,0,0,0.32222801446914673,0,1,0.8839700818061829,0.4675430655479431,-0.0009586595697328448,0,-0.4674569368362427,0.8838430047035217,0.017465846613049507,0,0.009013339877128601,-0.0149911530315876,0.9998469948768616,0,0,0.3085870146751404,0,1,-0.945697009563446,-0.3152688443660736,0.07913913577795029,0,0.2827341556549072,-0.9179520010948181,-0.27825480699539185,0,0.160370871424675,-0.2407691925764084,0.9572409391403198,0,-0.002380999969318509,-0.05394800007343292,-0.14911900460720062,1,0.23415552079677582,-0.22294901311397552,-0.9462900757789612,0,0.9433449506759644,0.2874821126461029,0.16569504141807556,0,0.23509985208511353,-0.9314759373664856,0.2776332199573517,0,0,0.1894489973783493,0,1,-0.9775142073631287,-0.20161721110343933,-0.061785753816366196,0,0.11119383573532104,-0.24387013912200928,-0.9634119868278503,0,0.17917275428771973,-0.9486191272735596,0.2608049809932709,0,0,0.13586999475955963,0,1,0.9957069754600525,0.0002858880325220525,-0.09255590289831161,0,0.05158688500523567,0.8285551071166992,0.5575257539749146,0,0.07684710621833801,-0.5599072575569153,0.8249838352203369,0,0,0.21759499609470367,0,1,-0.9827719926834106,-0.11151367425918579,-0.14739061892032623,0,0.12423031777143478,-0.9890179634094238,-0.08006653934717178,0,-0.13684336841106415,-0.09699746966362,0.9858319163322449,0,-0.002560999942943454,-0.05394800007343292,0.14911900460720062,1,0.2961798906326294,-0.0591377392411232,0.9532990455627441,0,0.6782682538032532,0.715742826461792,-0.1663297861814499,0,-0.6724808812141418,0.6958562135696411,0.2520999610424042,0,0,0.18951599299907684,0,1,0.9909800291061401,-0.03603804111480713,-0.1290719360113144,0,0.12972596287727356,0.016430076211690903,0.9914140105247498,0,-0.03360794112086296,-0.9992150068283081,0.020956937223672867,0,0,0.14189699292182922,0,1,0.9994530081748962,0.000404020887799561,0.03307878598570824,0,-0.018713979050517082,0.8314561247825623,0.5552748441696167,0,-0.027279214933514595,-0.5555901527404785,0.8310088515281677,0,0,0.22331799566745758,0,1
K0.033,0.9966239333152771,0.06800170242786407,0.04600543901324272,0,-0.06025169789791107,0.9864179491996765,-0.15280406177043915,0,-0.05577152594923973,0.1495162844657898,0.9871849417686462,0,-0.002641282742843032,0.45854392647743225,-0.008540032431483269,1,0.9896857738494873,0.14014244079589844,0.029698310419917107,0,-0.14305533468723297,0.9777698516845703,0.15330086648464203,0,-0.007554153446108103,-0.15596818923950195,0.9877329468727112,0,-0.00775599991902709,0.09732399880886078,0,1,0.9996601343154907,-0.02537885680794716,0.005886010825634003,0,0.025087259709835052,0.9986620545387268,0.04522085189819336,0,-0.0070257936604321,-0.04505785182118416,0.998960018157959,0,0,0.11390499770641327,0,1,0.9996170997619629,-0.02604023925960064,0.009396851062774658,0,0.025602804496884346,0.998703122138977,0.044000737369060516,0,-0.010530450381338596,-0.04374329000711441,0.9989870190620422,0,0,0.13017700612545013,0,1,0.9854184985160828,-0.17001569271087646,0.006676556076854467,0,0.16974283754825592,0.9796197414398193,-0.1073886975646019,0,0.011717285960912704,0.10695616900920868,0.9941949248313904,0,0,0.1464499980211258,0,1,0.9845607876777649,0.1736006885766983,0.02240382507443428,0,-0.17380934953689575,0.9847488403320312,0.007711756508797407,0,-0.020723383873701096,-0.011486693285405636,0.9997190237045288,0,0.04863499850034714,0.05214399844408035,0,1,-0.9880680441856384,0.01503493171185255,-0.15328100323677063,0,0.1530749499797821,0.20575307309627533,-0.9665579795837402,0,0.017005909234285355,-0.9784882068634033,-0.2055995613336563,0,0.005956000182777643,0.1650869995355606,-0.1600629985332489,1,0.9757826924324036,-0.05858990550041199,-0.21075056493282318,0,0.19390995800495148,-0.21418096125125885,0.9573537111282349,0,-0.10122998058795929,-0.9750356078147888,-0.19763287901878357,0,0,0.32193100452423096,0,1,-0.921248197555542,-0.3619452714920044,0.1424676775932312,0,-0.3683607578277588,0.92945396900177,-0.020637569949030876,0,-0.1249474510550499,-0.07149180769920349,-0.9895840883255005,0,0,0.3142760097980499,0,1,0.9907408356666565,-0.01720508746802807,-0.13466952741146088,0,0.1355043351650238,0.18665345013141632,0.9730358719825745,0,0.008395369164645672,-0.9822752475738525,0.18725666403770447,0,0.009719000197947025,0.16478699445724487,0.1600629985332489,1,-0.9722427129745483,0.07448244094848633,-0.2218034267425537,0,-0.21841146051883698,0.051057640463113785,0.9745198488235474,0,0.08390940725803375,0.9959146976470947,-0.03337252140045166,0,0,0.32222801446914673,0,1,0.8840689063072205,0.4673561453819275,-0.0009620930650271475,0,-0.46727004647254944,0.8839419484138489,0.01745879277586937,0,0.009009907022118568,-0.014985215850174427,0.9998469948768616,0,0,0.3085870146751404,0,1,-0.9446889758110046,-0.318563312292099,0.07797222584486008,0,0.2862504720687866,-0.9169231653213501,-0.2780527174472809,0,0.1600719392299652,-0.2403537780046463,0.9573960900306702,0,-0.002380999969318509,-0.05394800007343292,-0.14911900460720062,1,0.2294146716594696,-0.2214219719171524,-0.9478088021278381,0,0.9444352388381958,0.2861441969871521,0.1617506742477417,0,0.23539485037326813,-0.9322521090507507,0.27476441860198975,0,0,0.1894489973783493,0,1,-0.9778584837913513,-0.19966048002243042,-0.06267496198415756,0,0.1111135482788086,-0.2415841817855835,-0.963997483253479,0,0.177330881357193,-0.9496169686317444,0.25842005014419556,0,0,0.13586999475955963,0,1,0.9957860708236694,0.00020887750724796206,-0.0917116031050682,0,0.051337793469429016,0.8273744583129883,0.5592997670173645,0,0.07599660009145737,-0.5616507530212402,0.8238765001296997,0,0,0.21759499609470367,0,1,-0.982795000076294,-0.11152517050504684,-0.14722761511802673,0,0.12423805147409439,-0.9890099763870239,-0.08015500009059906,0,-0.13667021691799164,-0.09706714004278183,0.985849142074585,0,-0.002560999942943454,-0.05394800007343292,0.14911900460720062,1,0.2968788146972656,-0.059710316359996796,0.9530466198921204,0,0.678629994392395,0.7153408527374268,-0.16657909750938416,0,-0.6718066930770874,0.6962199211120605,0.25289076566696167,0,0,0.18951599299907684,0,1,0.9910069704055786,-0.03564027324318886,-0.128975972533226,0,0.12961623072624207,0.016267869621515274,0.9914310574531555,0,-0.033236704766750336,-0.9992319941520691,0.020741119980812073,0,0,0.14189699292182922,0,1,0.999453067779541,0.0004041722568217665,0.03307828679680824,0,-0.018713828176259995,0.8314561247825623,0.5552748441696167,0,-0.0272787157446146,-0.5555901527404785,0.8310088515281677,0,0,0.22331799566745758,0,1
K0.067,0.9966158270835876,0.06837867200374603,0.0456111766397953,0,-0.060680605471134186,0.9863828420639038,-0.1528634876012802,0,-0.05544267222285271,0.14957845211029053,0.9871938228607178,0,-0.0027815212961286306,0.4585078954696655,-0.008555939421057701,1,0.9900846481323242,0.13737308979034424,0.029346290975809097,0,-0.14026471972465515,0.9781665802001953,0.15334777534008026,0,-0.007639698684215546,-0.15594348311424255,0.9877360463142395,0,-0.00775599991902709,0.09732399880886078,0,1,0.9997161626815796,-0.022940000519156456,0.006389341317117214,0,0.02262870967388153,0.9987242221832275,0.04514487832784653,0,-0.007416814099997282,-0.04498749226331711,0.998960018157959,0,0,0.11390499770641327,0,1,0.9996743202209473,-0.023580096662044525,0.009773838333785534,0,0.0231284499168396,0.9987642168998718,0.04399871081113815,0,-0.01079924963414669,-0.04375831037759781,0.9989839196205139,0,0,0.13017700612545013,0,1,0.9852253198623657,-0.1711399108171463,0.006553763058036566,0,0.17084740102291107,0.9794294834136963,-0.1073736920952797,0,0.011956971138715744,0.10690691322088242,0.9941970109939575,0,0,0.1464499980211258,0,1,0.9849486351013184,0.1713811308145523,0.0224528219550848,0,-0.17159266769886017,0.9851366281509399,0.007844704203307629,0,-0.02077466994524002,-0.011579373851418495,0.9997169971466064,0,0.04863499850034714,0.05214399844408035,0,1,-0.9880743026733398,0.015019729733467102,-0.15324249863624573,0,0.15303632616996765,0.20562367141246796,-0.9665911793708801,0,0.01699235662817955,-0.9785158038139343,-0.20547014474868774,0,0.005956000182777643,0.1650869995355606,-0.1600629985332489,1,0.9751166105270386,-0.059470970183610916,-0.2135666161775589,0,0.19643685221672058,-0.2147616147994995,0.9567081928253174,0,-0.10276227444410324,-0.9748542904853821,-0.19773533940315247,0,0,0.32193100452423096,0,1,-0.9217298030853271,-0.3607286512851715,0.14244063198566437,0,-0.36712223291397095,0.9299448728561401,-0.020567769184708595,0,-0.1250426322221756,-0.07125107944011688,-0.989590048789978,0,0,0.3142760097980499,0,1,0.9906336069107056,-0.01713833585381508,-0.13546383380889893,0,0.13627612590789795,0.1861760914325714,0.9730196595191956,0,0.008544187992811203,-0.9823669791221619,0.18676793575286865,0,0.009719000197947025,0.16478699445724487,0.1600629985332489,1,-0.9715858101844788,0.07583696395158768,-0.22421148419380188,0,-0.22075247764587402,0.05137943476438522,0.9739751815795898,0,0.08538319170475006,0.9957956075668335,-0.03317847102880478,0,0,0.32222801446914673,0,1,0.884039580821991,0.4674108624458313,-0.0009610764100216329,0,-0.46732479333877563,0.8839126825332642,0.017460910603404045,0,0.009010931476950645,-0.014987009577453136,0.9998470544815063,0,0,0.3085870146751404,0,1,-0.9441693425178528,-0.32020166516304016,0.07755263149738312,0,0.28795304894447327,-0.9164082407951355,-0.27799156308174133,0,0.16008323431015015,-0.24013960361480713,0.9574476480484009,0,-0.002380999969318509,-0.05394800007343292,-0.14911900460720062,1,0.22686083614826202,-0.22047464549541473,-0.9486441016197205,0,0.9450519680976868,0.28525400161743164,0.15970586240291595,0,0.23539353907108307,-0.932749330997467,0.2730730473995209,0,0,0.1894489973783493,0,1,-0.9780370593070984,-0.19862645864486694,-0.06317579001188278,0,0.11116795241832733,-0.24071170389652252,-0.9642090797424316,0,0.1763102263212204,-0.9500551223754883,0.2575058341026306,0,0,0.13586999475955963,0,1,0.995803952217102,0.0001900404313346371,-0.09151226282119751,0,0.05127904191613197,0.8270949721336365,0.5597179532051086,0,0.0757957249879837,-0.56206214427948,0.8236149549484253,0,0,0.21759499609470367,0,1,-0.9828289747238159,-0.11159288138151169,-0.14694708585739136,0,0.12428487092256546,-0.9889997839927673,-0.08020192384719849,0,-0.13638082146644592,-0.09708818048238754,0.9858881235122681,0,-0.002560999942943454,-0.05394800007343292,0.14911900460720062,1,0.29744479060173035,-0.06013207882642746,0.9528437852859497,0,0.6789476275444031,0.7149835824966431,-0.16682274639606476,0,-0.6712357401847839,0.6965510249137878,0.2534945011138916,0,0,0.18951599299907684,0,1,0.9910209774971008,-0.03544503450393677,-0.1289225071668625,0,0.12955622375011444,0.01619463413953781,0.991439938545227,0,-0.03305375576019287,-0.999239981174469,0.02064133621752262,0,0,0.14189699292182922,0,1,0.999453067779541,0.0004041711799800396,0.03307829052209854,0,-0.018713828176259995,0.8314561247825623,0.5552748441696167,0,-0.0272787194699049,-0.5555901527404785,0.8310088515281677,0,0,0.22331799566745758,0,1
K0.100,0.9965837597846985,0.06880713254213333,0.04568548873066902,0,-0.06108589097857475,0.9863368272781372,-0.15299807488918304,0,-0.05558861792087555,0.1496846079826355,0.9871700406074524,0,-0.0029120256658643484,0.45847973227500916,-0.008540885522961617,1,0.9905087351799011,0.13436110317707062,0.028983836993575096,0,-0.13723301887512207,0.9785856008529663,0.15341858565807343,0,-0.0077496725134551525,-0.15593993663787842,0.9877360463142395,0,-0.00775599991902709,0.09732399880886078,0,1,0.9997672438621521,-0.020418986678123474,0.006966283079236746,0,0.02008487842977047,0.9987823367118835,0.045062702149152756,0,-0.007877935655415058,-0.044912293553352356,0.998960018157959,0,0,0.11390499770641327,0,1,0.9997262954711914,-0.021036097779870033,0.010216058231890202,0,0.020567476749420166,0.9988203644752502,0.04399307817220688,0,-0.011129452846944332,-0.043770931661129,0.9989799857139587,0,0,0.13017700612545013,0,1,0.985065221786499,-0.172063410282135,0.00632350193336606,0,0.17174136638641357,0.9792762994766235,-0.10734990239143372,0,0.012278527952730656,0.1068326085805893,0.9942010045051575,0,0,0.1464499980211258,0,1,0.9853484034538269,0.16910529136657715,0.022160612046718597,0,-0.16932204365730286,0.9855262637138367,0.008280141279101372,0,-0.020439650863409042,-0.011911104433238506,0.99972003698349,0,0.04863499850034714,0.05214399844408035,0,1,-0.9881317019462585,0.015133654698729515,-0.1528610736131668,0,0.15268293023109436,0.20584167540073395,-0.9666013121604919,0,0.01683696173131466,-0.9784685373306274,-0.20570923388004303,0,0.005956000182777643,0.1650869995355606,-0.1600629985332489,1,0.9744923710823059,-0.05992640182375908,-0.21627174317836761,0,0.19892948865890503,-0.2154272496700287,0.9560428261756897,0,-0.10388302803039551,-0.9746792912483215,-0.19801107048988342,0,0,0.32193100452423096,0,1,-0.922174334526062,-0.3595990240573883,0.14241571724414825,0,-0.3659727871417999,0.9303994178771973,-0.02050340175628662,0,-0.12513062357902527,-0.07102806121110916,-0.9895949959754944,0,0,0.3142760097980499,0,1,0.9905479550361633,-0.017137177288532257,-0.13609209656715393,0,0.13689295947551727,0.18617497384548187,0.972933292388916,0,0.00866361428052187,-0.9823675751686096,0.1867612898349762,0,0.009719000197947025,0.16478699445724487,0.1600629985332489,1,-0.9709669351577759,0.07733680307865143,-0.22636890411376953,0,-0.22287693619728088,0.051251769065856934,0.9734984040260315,0,0.08688905835151672,0.9956870079040527,-0.03252724930644035,0,0,0.32222801446914673,0,1,0.8841949701309204,0.4671161472797394,-0.0009673049207776785,0,-0.46703043580055237,0.8840687870979309,0.01745075359940529,0,0.009006696753203869,-0.01497811358422041,0.9998469948768616,0,0,0.3085870146751404,0,1,-0.9440269470214844,-0.3205887973308563,0.07769308239221573,0,0.28823938965797424,-0.9162182807922363,-0.27832016348838806,0,0.16041012108325958,-0.2403475046157837,0.9573410749435425,0,-0.002380999969318509,-0.05394800007343292,-0.14911900460720062,1,0.22610023617744446,-0.22012434899806976,-0.9489063620567322,0,0.9453223943710327,0.28463080525398254,0.15921851992607117,0,0.23504023253917694,-0.9330220818519592,0.27244365215301514,0,0,0.1894489973783493,0,1,-0.9780720472335815,-0.19840896129608154,-0.06331797689199448,0,0.11124264448881149,-0.24067194759845734,-0.9642105102539062,0,0.17606909573078156,-0.950110673904419,0.25746580958366394,0,0,0.13586999475955963,0,1,0.9958038330078125,0.0001898295886348933,-0.09151216596364975,0,0.05127919092774391,0.827094554901123,0.559718132019043,0,0.075795479118824,-0.5620622634887695,0.8236144185066223,0,0,0.21759499609470367,0,1,-0.9828401207923889,-0.11180320382118225,-0.14671452343463898,0,0.12450908124446869,-0.9889511466026306,-0.08045973628759384,0,-0.13609778881072998,-0.09734631329774857,0.9859011173248291,0,-0.002560999942943454,-0.05394800007343292,0.14911900460720062,1,0.29751336574554443,-0.06047719344496727,0.9528000950813293,0,0.6792733669281006,0.7146928310394287,-0.16674043238162994,0,-0.670875608921051,0.6968193650245667,0.2537112832069397,0,0,0.18951599299907684,0,1,0.991020143032074,-0.03551233932375908,-0.12891341745853424,0,0.12955273687839508,0.016323959454894066,0.991438090801239,0,-0.03310389816761017,-0.9992361068725586,0.02077808976173401,0,0,0.14189699292182922,0,1,0.9994530081748962,0.000404020887799561,0.03307878598570824,0,-0.018713979050517082,0.8314561247825623,0.5552748441696167,0,-0.027279214933514595,-0.5555901527404785,0.8310088515281677,0,0,0.22331799566745758,0,1
K0.134,0.9965554475784302,0.06957244873046875,0.045135919004678726,0,-0.06193019077181816,0.9862964749336243,-0.15291975438594818,0,-0.055156368762254715,0.1495976746082306,0.9872071743011475,0,-0.003082586918026209,0.45843783020973206,-0.008521879091858864,1,0.9909618496894836,0.1310589611530304,0.02860250510275364,0,-0.1339118480682373,0.9790329337120056,0.15350036323070526,0,-0.00788519624620676,-0.15594327449798584,0.9877349138259888,0,-0.00775599991902709,0.09732399880886078,0,1,0.9998102784156799,-0.01793188601732254,0.0076234242878854275,0,0.017571434378623962,0.998833417892456,0.044975534081459045,0,-0.008421027101576328,-0.04483304172754288,0.9989590048789978,0,0,0.11390499770641327,0,1,0.9997713565826416,-0.018521327525377274,0.010729755274951458,0,0.01803256943821907,0.9988694190979004,0.04398421198129654,0,-0.011532269418239594,-0.04378066956996918,0.9989749789237976,0,0,0.13017700612545013,0,1,0.9849374294281006,-0.17280741035938263,0.006025186739861965,0,0.17244906723499298,0.9791525602340698,-0.10733796656131744,0,0.012649215757846832,0.1067601814866066,0.9942041635513306,0,0,0.1464499980211258,0,1,0.9857367277145386,0.1668897569179535,0.021693149581551552,0,-0.1671072095632553,0.9859014749526978,0.008613214828073978,0,-0.019949838519096375,-0.012115436606109142,0.9997271299362183,0,0.04863499850034714,0.05214399844408035,0,1,-0.9882580637931824,0.015197262167930603,-0.1520380824804306,0,0.15188398957252502,0.20624421536922455,-0.9666409492492676,0,0.01666666939854622,-0.9783826470375061,-0.20613062381744385,0,0.005956000182777643,0.1650869995355606,-0.1600629985332489,1,0.9739159345626831,-0.05963057652115822,-0.21893310546875,0,0.20152901113033295,-0.21608558297157288,0.9553494453430176,0,-0.10427632927894592,-0.9745514988899231,-0.19843192398548126,0,0,0.32193100452423096,0,1,-0.9225709438323975,-0.35858944058418274,0.14239369332790375,0,-0.36494526267051697,0.9308039546012878,-0.020445983856916428,0,-0.1252090036869049,-0.07082883268594742,-0.9895991086959839,0,0,0.3142760097980499,0,1,0.9905324578285217,-0.017209287732839584,-0.1361943632364273,0,0.1370031088590622,0.18660928308963776,0.9728348255157471,0,0.00867333635687828,-0.982283353805542,0.18720024824142456,0,0.009719000197947025,0.16478699445724487,0.1600629985332489,1,-0.970273494720459,0.07974475622177124,-0.22849565744400024,0,-0.22495903074741364,0.0509454682469368,0.9730355739593506,0,0.08923528343439102,0.9955125451087952,-0.03149176761507988,0,0,0.32222801446914673,0,1,0.8843469023704529,0.4668296277523041,-0.0009728664299473166,0,-0.466744065284729,0.8842211961746216,0.017438780516386032,0,0.009001157246530056,-0.014967832714319229,0.9998469948768616,0,0,0.3085870146751404,0,1,-0.9440485835075378,-0.32051411271095276,0.07773908972740173,0,0.28817400336265564,-0.9162721037864685,-0.27821093797683716,0,0.16040071845054626,-0.24024228751659393,0.9573694467544556,0,-0.002380999969318509,-0.05394800007343292,-0.14911900460720062,1,0.22584493458271027,-0.22020463645458221,-0.9489493370056152,0,0.9455344080924988,0.28397175669670105,0.1591363251209259,0,0.23443228006362915,-0.9332042932510376,0.27234458923339844,0,0,0.1894489973783493,0,1,-0.9780712127685547,-0.19839076697826385,-0.06338736414909363,0,0.11136312037706375,-0.2409791499376297,-0.9641200304031372,0,0.17599748075008392,-0.9500370621681213,0.25778812170028687,0,0,0.13586999475955963,0,1,0.9957757592201233,0.00021835618827026337,-0.09181381016969681,0,0.051368020474910736,0.8275177478790283,0.559084951877594,0,0.07609964162111282,-0.5614396929740906,0.824010968208313,0,0,0.21759499609470367,0,1,-0.9828654527664185,-0.11166346073150635,-0.14664900302886963,0,0.1243530884385109,-0.9889758229255676,-0.08039531111717224,0,-0.1360550969839096,-0.09725401550531387,0.9859158396720886,0,-0.002560999942943454,-0.05394800007343292,0.14911900460720062,1,0.29788562655448914,-0.06102944165468216,0.9526486396789551,0,0.6799664497375488,0.7140002250671387,-0.1668791025876999,0,-0.670007050037384,0.697480320930481,0.25418850779533386,0,0,0.18951599299907684,0,1,0.9910380244255066,-0.035292334854602814,-0.1288342922925949,0,0.12945611774921417,0.01593228615820408,0.991456925868988,0,-0.03293821960687637,-0.9992499351501465,0.020358312875032425,0,0,0.14189699292182922,0,1,0.9994530081748962,0.000404020887799561,0.03307878598570824,0,-0.018713979050517082,0.8314561247825623,0.5552748441696167,0,-0.027279214933514595,-0.5555901527404785,0.8310088515281677,0,0,0.22331799566745758,0,1
K0.167,0.9964994788169861,0.07076174020767212,0.04450901597738266,0,-0.06320220232009888,0.9862181544303894,-0.15290206670761108,0,-0.05471522733569145,0.1495538055896759,0.9872384071350098,0,-0.003280914155766368,0.4584156572818756,-0.008507000282406807,1,0.9914422035217285,0.1274392008781433,0.02830168418586254,0,-0.13028939068317413,0.9795103073120117,0.15357334911823273,0,-0.008150525391101837,-0.1559465378522873,0.9877319931983948,0,-0.00775599991902709,0.09732399880886078,0,1,0.9998443126678467,-0.015544353984296322,0.00839446671307087,0,0.015153083950281143,0.9988805651664734,0.04481874033808708,0,-0.009081742726266384,-0.04468453302979469,0.9989599585533142,0,0,0.11390499770641327,0,1,0.99980628490448,-0.016103768721222878,0.011348618194460869,0,0.015591057017445564,0.9989144206047058,0.04390406608581543,0,-0.012043307535350323,-0.04371858015656471,0.9989709854125977,0,0,0.13017700612545013,0,1,0.9848670363426208,-0.17322078347206116,0.005656876601278782,0,0.17282254993915558,0.9791022539138794,-0.10719329118728638,0,0.013029448688030243,0.10654880851507187,0.9942223429679871,0,0,0.1464499980211258,0,1,0.9861943125724792,0.1642691045999527,0.02089054137468338,0,-0.1644815355539322,0.9863401651382446,0.008881371468305588,0,-0.019146239385008812,-0.0121948616579175,0.9997419118881226,0,0.04863499850034714,0.05214399844408035,0,1,-0.9884098768234253,0.015330251306295395,-0.15103527903556824,0,0.15089799463748932,0.20817461609840393,-0.9663814902305603,0,0.016626838594675064,-0.9779716730117798,-0.2080751210451126,0,0.005956000182777643,0.1650869995355606,-0.1600629985332489,1,0.973280131816864,-0.059852469712495804,-0.22168558835983276,0,0.2038545161485672,-0.21913856267929077,0.9541600346565247,0,-0.10568863153457642,-0.9738560318946838,-0.20108190178871155,0,0,0.32193100452423096,0,1,-0.9231770038604736,-0.35704073309898376,0.14235982298851013,0,-0.36336925625801086,0.9314232468605042,-0.020357543602585793,0,-0.12532877922058105,-0.07052280008792877,-0.9896060824394226,0,0,0.3142760097980499,0,1,0.9906015396118164,-0.017243675887584686,-0.13568872213363647,0,0.1365148276090622,0.18638812005519867,0.9729459285736084,0,0.008513595908880234,-0.9823253154754639,0.1869903951883316,0,0.009719000197947025,0.16478699445724487,0.1600629985332489,1,-0.9695756435394287,0.08296625316143036,-0.2303035706281662,0,-0.22658732533454895,0.051851410418748856,0.9726096391677856,0,0.0926353931427002,0.995202898979187,-0.031474873423576355,0,0,0.32222801446914673,0,1,0.8847207427024841,0.4661201238632202,-0.0009872460504993796,0,-0.466034471988678,0.8845950365066528,0.01741282269358635,0,0.008989783003926277,-0.01494540087878704,0.9998480081558228,0,0,0.3085870146751404,0,1,-0.9443744421005249,-0.3195139467716217,0.07789476960897446,0,0.2872062623500824,-0.9166500568389893,-0.2779672145843506,0,0.16021667420864105,-0.24013331532478333,0.957427442073822,0,-0.002380999969318509,-0.05394800007343292,-0.14911900460720062,1,0.22634994983673096,-0.22113381326198578,-0.9486123323440552,0,0.9455949068069458,0.2835494577884674,0.1595308631658554,0,0.23370081186294556,-0.9331129193305969,0.2732844948768616,0,0,0.1894489973783493,0,1,-0.9779691100120544,-0.19896237552165985,-0.06317368894815445,0,0.11139639467000961,-0.24146880209445953,-0.963993489742279,0,0.17654399573802948,-0.9497934579849243,0.2583129107952118,0,0,0.13586999475955963,0,1,0.995739758014679,0.0002545414608903229,-0.09221278876066208,0,0.051486141979694366,0.828075110912323,0.5582477450370789,0,0.07650117576122284,-0.5606169104576111,0.8245338201522827,0,0,0.21759499609470367,0,1,-0.9829367995262146,-0.11076010018587112,-0.1468583196401596,0,0.12345711141824722,-0.9890924692153931,-0.08033975958824158,0,-0.13635803759098053,-0.09709963202476501,0.9858896136283875,0,-0.002560999942943454,-0.05394800007343292,0.14911900460720062,1,0.29830998182296753,-0.06131353974342346,0.9524978995323181,0,0.6802740097045898,0.7136529684066772,-0.1671142280101776,0,-0.6695058941841125,0.6978106498718262,0.25459957122802734,0,0,0.18951599299907684,0,1,0.9910411238670349,-0.035244327038526535,-0.12882454693317413,0,0.1294383406639099,0.015717200934886932,0.9914631247520447,0,-0.032918673008680344,-0.9992551207542419,0.020138351246714592,0,0,0.14189699292182922,0,1,0.9994530081748962,0.000404020887799561,0.03307878598570824,0,-0.018713979050517082,0.8314561247825623,0.5552748441696167,0,-0.027279214933514595,-0.5555901527404785,0.8310088515281677,0,0,0.22331799566745758,0,1
K0.200,0.996455729007721,0.07209932059049606,0.043330319225788116,0,-0.06470362097024918,0.9861236810684204,-0.15288478136062622,0,-0.05375191569328308,0.14953921735286713,0.9872931838035583,0,-0.003571705659851432,0.45838212966918945,-0.008506746962666512,1,0.9919511079788208,0.1234750896692276,0.028047971427440643,0,-0.1263335645198822,0.9800240993499756,0.1535995751619339,0,-0.008521966636180878,-0.15590666234493256,0.9877350330352783,0,-0.00775599991902709,0.09732399880886078,0,1,0.9998652935028076,-0.013341452926397324,0.009551133029162884,0,0.012903492897748947,0.9989244937896729,0.04453388229012489,0,-0.010135006159543991,-0.04440463334321976,0.9989619255065918,0,0,0.11390499770641327,0,1,0.9998273253440857,-0.013866235502064228,0.012340749613940716,0,0.01331498846411705,0.9989565014839172,0.04368262737989426,0,-0.012933588586747646,-0.04351077973842621,0.9989688992500305,0,0,0.13017700612545013,0,1,0.9849593043327332,-0.1727045774459839,0.005276954732835293,0,0.17227256298065186,0.9792280793190002,-0.10693227499723434,0,0.01330036111176014,0.10623309016227722,0.9942528009414673,0,0,0.1464499980211258,0,1,0.9868142008781433,0.16052179038524628,0.020759539678692818,0,-0.160753071308136,0.9869443774223328,0.009988107718527317,0,-0.01888519525527954,-0.013193560764193535,0.9997346997261047,0,0.04863499850034714,0.05214399844408035,0,1,-0.988787829875946,0.0156327523291111,-0.14850887656211853,0,0.1484190821647644,0.21252702176570892,-0.9658182263374329,0,0.01646375097334385,-0.9770302772521973,-0.21246427297592163,0,0.005956000182777643,0.1650869995355606,-0.1600629985332489,1,0.9725897908210754,-0.0593717060983181,-0.2248191237449646,0,0.20643016695976257,-0.22456742823123932,0.9523425102233887,0,-0.10702924430370331,-0.9726479649543762,-0.20615586638450623,0,0,0.32193100452423096,0,1,-0.9235787391662598,-0.3560102880001068,0.14233729243278503,0,-0.36232033371925354,0.9318326711654663,-0.020299088209867477,0,-0.12540781497955322,-0.07031947374343872,-0.9896101355552673,0,0,0.3142760097980499,0,1,0.9907567501068115,-0.017216019332408905,-0.13455531001091003,0,0.1353934109210968,0.1867360770702362,0.9730355143547058,0,0.008374525234103203,-0.9822587966918945,0.1873408704996109,0,0.009719000197947025,0.16478699445724487,0.1600629985332489,1,-0.9690174460411072,0.08637604117393494,-0.2313949018716812,0,-0.2275235950946808,0.052391424775123596,0.9723623991012573,0,0.0961119532585144,0.994884192943573,-0.031115636229515076,0,0,0.32222801446914673,0,1,0.8853069543838501,0.4650055766105652,-0.0010090487776324153,0,-0.4649200141429901,0.8851817846298218,0.017371349036693573,0,0.008970976807177067,-0.014909866265952587,0.9998490810394287,0,0,0.3085870146751404,0,1,-0.9446178674697876,-0.31882476806640625,0.07776735723018646,0,0.28663551807403564,-0.9169504642486572,-0.2775644361972809,0,0.15980328619480133,-0.23990154266357422,0.9575545191764832,0,-0.002380999969318509,-0.05394800007343292,-0.14911900460720062,1,0.22700680792331696,-0.22236168384552002,-0.9481678009033203,0,0.9456999897956848,0.2828935980796814,0.16007253527641296,0,0.2326367199420929,-0.933020293712616,0.2745063304901123,0,0,0.1894489973783493,0,1,-0.9778887629508972,-0.1993894726037979,-0.06306463479995728,0,0.11144276708364487,-0.24167989194393158,-0.9639348387718201,0,0.17695710062980652,-0.9496496915817261,0.2585567533969879,0,0,0.13586999475955963,0,1,0.9957116842269897,0.00028139882488176227,-0.09250834584236145,0,0.05157312750816345,0.8284879922866821,0.557626485824585,0,0.07679899036884308,-0.560006320476532,0.8249208927154541,0,0,0.21759499609470367,0,1,-0.9830118417739868,-0.10968820005655289,-0.1471596509218216,0,0.12239155918359756,-0.989234447479248,-0.08021906018257141,0,-0.13677631318569183,-0.0968673974275589,0.9858542680740356,0,-0.002560999942943454,-0.05394800007343292,0.14911900460720062,1,0.2992144823074341,-0.06174606829881668,0.9521856904029846,0,0.6805770397186279,0.71324622631073,-0.16761265695095062,0,-0.6687936782836914,0.6981881260871887,0.25543665885925293,0,0,0.18951599299907684,0,1,0.9910529255867004,-0.035076580941677094,-0.12877675890922546,0,0.12937858700752258,0.015454520471394062,0.9914749264717102,0,-0.03278736397624016,-0.9992648959159851,0.01985440030694008,0,0,0.14189699292182922,0,1,0.9994530081748962,0.000404020887799561,0.03307878598570824,0,-0.018713979050517082,0.8314561247825623,0.5552748441696167,0,-0.027279214933514595,-0.5555901527404785,0.8310088515281677,0,0,0.22331799566745758,0,1
