1.000,30,29,33
B0,mixamorig_Hips,-1,0.9993020296096802,0.017181752249598503,-0.03316107392311096,0,-0.016036249697208405,0.9992759227752686,0.0345059372484684,0,0.03372993692755699,-0.0339500717818737,0.9988539814949036,0,-0.00202700006775558,1.5510430335998535,0.00494900019839406,1
B1,mixamorig_Spine,0,0.9995439648628235,-0.02044576406478882,0.02222192846238613,0,0.016558215022087097,0.9865089654922485,0.1628691703081131,0,-0.025252100080251694,-0.16242682933807373,0.9863970279693604,0,0,0.33013901114463806,0.01850000023841858,1
B2,mixamorig_Spine1,1,0.9988769888877869,0.022027811035513878,0.04193607717752457,0,-0.0238161850720644,0.9988069534301758,0.04263404756784439,0,-0.04094691202044487,-0.04358493164181709,0.9982100129127502,0,0,0.38576599955558777,0,1
B3,mixamorig_Spine2,2,0.9988669753074646,0.023951081559062004,0.04112881049513817,0,-0.02568291500210762,0.9987829923629761,0.04210871830582619,0,-0.04007018357515335,-0.04311729222536087,0.9982659816741943,0,0,0.4408760070800781,0,1
B4,mixamorig_Neck,3,0.999301016330719,-0.0065237353555858135,-0.03680877760052681,0,0.00414224062114954,0.9979150295257568,-0.06440822780132294,0,0.037152234464883804,0.06421077251434326,0.9972450137138367,0,0,0.4959850013256073,0,1
B5,mixamorig_Head,4,0.9963399767875671,-0.037096258252859116,-0.07700992375612259,0,0.03264676034450531,0.9977680444717407,-0.0582546666264534,0,0.07899904996156693,0.05552731081843376,0.9953269362449646,0,0,0.1798660010099411,-0.24606700241565704,1
B6,mixamorig_HeadTop_End,5,1,0,0,0,0,1,0,0,0,0,1,0,0,1.0191090106964111,-1.3941960334777832,1
B7,mixamorig_LeftShoulder,3,0.29493626952171326,0.017227675765752792,-0.9553619623184204,0,0.9392120838165283,0.17868995666503906,0.2931727170944214,0,0.17576424777507782,-0.9837549328804016,0.03652173653244972,0,0.49793198704719543,0.5548210144042969,0.07229900360107422,1
B8,mixamorig_LeftArm,7,0.9013300538063049,0.4294397830963135,0.05644988641142845,0,-0.11252416670322418,0.10630582273006439,0.9879460334777832,0,0.41826218366622925,-0.8968170285224915,0.14413891732692719,0,0,1.018658995628357,0,1
B9,mixamorig_LeftForeArm,8,0.9817960858345032,0.1899128258228302,-0.0030222199857234955,0,-0.18992416560649872,0.9814220070838928,-0.0271929819136858,0,-0.0021982239559292793,0.027271974831819534,0.9996259808540344,0,0,1.4538730382919312,0,1
B10,mixamorig_LeftHand,9,0.014957671985030174,0.18791188299655914,-0.9820719957351685,0,0.045223865658044815,0.9810499548912048,0.1884051263332367,0,0.998865008354187,-0.04723118618130684,0.0061761196702718735,0,0,1.1429860591888428,0,1
B11,mixamorig_LeftHandIndex1,10,-0.9544119238853455,-0.29757142066955566,-0.02343599684536457,0,-0.2936666011810303,0.950143039226532,-0.10481993854045868,0,0.053458988666534424,-0.09315905719995499,-0.9942151308059692,0,0,0.35460400581359863,0,1
B12,mixamorig_LeftHandIndex2,11,0.957175076007843,-0.2894701361656189,-0.004894937388598919,0,0.2661569118499756,0.8731819987297058,0.40830501914024353,0,-0.11391789466142654,-0.3921220004558563,0.9128320813179016,0,0,0.09523800015449524,0,1
B13,mixamorig_LeftHandIndex3,12,0.4417080283164978,-0.6508829593658447,0.6174510717391968,0,0.8969839215278625,0.3067922592163086,-0.3182747960090637,0,0.017730390653014183,0.6944280862808228,0.7193439602851868,0,-0.00279999990016222,0.0880109965801239,-0.040286000818014145,1
B14,mixamorig_LeftHandIndex4,13,1,0,0,0,0,1,0,0,0,0,1,0,-0.061253998428583145,0.05174899846315384,0.027055000886321068,1
B15,mixamorig_RightShoulder,3,0.21460074186325073,-0.016424104571342468,0.9765639901161194,0,-0.9649409055709839,0.15112917125225067,0.21458829939365387,0,-0.15111184120178223,-0.9883780479431152,0.01658414490520954,0,-0.49793198704719543,0.5549089908599854,0.07386499643325806,1
B16,mixamorig_RightArm,15,0.8856249451637268,-0.4403422176837921,-0.1475367248058319,0,0.2780520021915436,0.2483265995979309,0.9279121160507202,0,-0.3719616234302521,-0.8628050684928894,0.34236231446266174,0,0,1.0191290378570557,0,1
B17,mixamorig_RightForeArm,16,0.9207790493965149,-0.3898988366127014,0.011981390416622162,0,0.3899340331554413,0.9191439151763916,-0.055914223194122314,0,0.010788275860249996,0.05615663528442383,0.9983640313148499,0,0,1.4567569494247437,0,1
B18,mixamorig_RightHand,17,0.9986439943313599,-0.028985977172851562,-0.04323691502213478,0,0.033142026513814926,0.9945619702339172,0.09872890263795853,0,0.04014007747173309,-0.10002809017896652,0.9941749572753906,0,0,1.1393120288848877,0,1
B19,mixamorig_RightHandIndex1,18,-0.0018492622766643763,0.34172919392585754,-0.9397969841957092,0,0.12426596134901047,0.9325920343399048,0.33886483311653137,0,0.9922469854354858,-0.11615810543298721,-0.044189903885126114,0,0,0.24576100707054138,0,1
B20,mixamorig_RightHandIndex2,19,0.8870857954025269,0.46027931571006775,0.034954171627759933,0,-0.3191605508327484,0.5568770170211792,0.7668271660804749,0,0.3334897458553314,-0.691398024559021,0.6409012079238892,0,0,0.10934799909591675,0,1
B21,mixamorig_RightHandIndex3,20,0.893151044845581,-0.06376630067825317,0.4452129006385803,0,0.41716495156288147,0.4874130189418793,-0.7670730352401733,0,-0.16808930039405823,0.8708400726318359,0.4619349241256714,0,0.009057999588549137,0.09280800074338913,-0.10688500106334686,1
B22,mixamorig_RightHandIndex4,21,1,0,0,0,0,1,0,0,0,0,1,0,-0.03772500157356262,0.06639000028371811,0.020054999738931656,1
B23,mixamorig_LeftUpLeg,0,-0.9845250844955444,0.09464909881353378,0.1474829614162445,0,-0.023675905540585518,-0.9057221412658691,0.4232099652290344,0,0.17363502085208893,0.4131690561771393,0.8939469456672668,0,0.49685800075531006,-0.18324799835681915,-0.026024000719189644,1
B24,mixamorig_LeftLeg,23,0.9768810868263245,0.12492682039737701,-0.17348290979862213,0,-0.20097213983535767,0.25995707511901855,-0.944474995136261,0,-0.07289215922355652,0.9575049877166748,0.2790539562702179,0,0,0.6592109799385071,0,1
B25,mixamorig_LeftFoot,24,0.8072560429573059,0.2949649393558502,-0.5112069249153137,0,0.39354199171066284,0.37648504972457886,0.8386799693107605,0,0.4398430585861206,-0.8782110810279846,0.18783877789974213,0,0,0.3310930132865906,0,1
B26,mixamorig_LeftToeBase,25,0.947625994682312,0.1608601063489914,0.27591395378112793,0,-0.31837397813796997,0.4072103202342987,0.8560478687286377,0,0.02534896694123745,-0.8990570306777954,0.4370967447757721,0,0,0.5548920035362244,0,1
B27,mixamorig_LeftToe_End,26,1,0,0,0,0,1,0,0,0,0,1,0,0,0.37033501267433167,0,1
B28,mixamorig_RightUpLeg,0,-0.9834670424461365,-0.14324992895126343,-0.11077678203582764,0,0.1277620792388916,-0.9824169874191284,0.13614198565483093,0,-0.1283312290906906,0.11973799765110016,0.9844759106636047,0,-0.49685800075531006,-0.18324799835681915,-0.002041999949142337,1
B29,mixamorig_RightLeg,28,0.9261379241943359,-0.36030611395835876,0.11157207936048508,0,0.37554287910461426,0.8532631993293762,-0.36181584000587463,0,0.03516408056020737,0.3769911229610443,0.9255489110946655,0,0,0.6584960222244263,0,1
B30,mixamorig_RightFoot,29,0.8243399858474731,-0.26215583086013794,0.5017352104187012,0,-0.3791486620903015,0.40247219800949097,0.8332240581512451,0,-0.4203689992427826,-0.8770920634269714,0.23237785696983337,0,0,0.33077099919319153,0,1
B31,mixamorig_RightToeBase,30,0.9161679744720459,-0.019505156204104424,-0.4003189206123352,0,0.32003697752952576,0.6368749141693115,0.7014040350914001,0,0.24127215147018433,-0.7707209587097168,0.589726984500885,0,0,0.5504339933395386,0,1
B32,mixamorig_RightToe_End,31,1,0,0,0,0,1,0,0,0,0,1,0,0,0.3701150119304657,0,1
@28,0,1,2,3,4,5,7,8,9,10,11,12,13,15,16,17,18,19,20,21,23,24,25,26,28,29,30,31
K0,-0.03316102921962738,0.017181750386953354,-0.9993019700050354,0,0.0345059297978878,0.9992759227752686,0.016036247834563255,0,0.9988539218902588,-0.033950068056583405,-0.03372989222407341,0,0.004948999732732773,1.5510430335998535,0.00202700006775558,1,0.9995439648628235,-0.020445773378014565,0.022221911698579788,0,0.016558224335312843,0.9865089654922485,0.1628691703081131,0,-0.0252520851790905,-0.16242682933807373,0.9863970279693604,0,0,0.33013901114463806,0.01850000023841858,1,0.9988769888877869,0.022027812898159027,0.041936080902814865,0,-0.02381618693470955,0.9988069534301758,0.04263405501842499,0,-0.04094691574573517,-0.04358493909239769,0.9982100129127502,0,0,0.38576599955558777,0,1,0.9988669753074646,0.023951083421707153,0.04112881422042847,0,-0.02568291686475277,0.9987829923629761,0.04210871458053589,0,-0.04007018730044365,-0.04311728850007057,0.9982659816741943,0,0,0.4408760070800781,0,1,0.999301016330719,-0.006523746997117996,-0.03680877387523651,0,0.00414225272834301,0.9979150295257568,-0.06440822780132294,0,0.037152230739593506,0.06421077251434326,0.9972450137138367,0,0,0.4959850013256073,0,1,0.9963399767875671,-0.03709625080227852,-0.07700993120670319,0,0.032646749168634415,0.9977680444717407,-0.058254677802324295,0,0.07899905741214752,0.05552732199430466,0.9953269362449646,0,0,0.1798660010099411,-0.24606700241565704,1,0.2949366569519043,0.0172278992831707,-0.9553618431091309,0,0.9392119646072388,0.17868997156620026,0.2931731343269348,0,0.1757643222808838,-0.9837549328804016,0.03652159869670868,0,0.49793198704719543,0.5548210144042969,0.07229900360107422,1,0.9013300538063049,0.4294396638870239,0.05645002797245979,0,-0.11252429336309433,0.10630582273006439,0.9879459738731384,0,0.4182620346546173,-0.8968170881271362,0.14413896203041077,0,0,1.018658995628357,0,1,0.9817960858345032,0.1899128258228302,-0.003022224409505725,0,-0.18992416560649872,0.9814220070838928,-0.02719300426542759,0,-0.0021982244215905666,0.027271997183561325,0.9996259808540344,0,0,1.4538730382919312,0,1,0.014957839623093605,0.187911719083786,-0.9820719957351685,0,0.04522370547056198,0.9810500144958496,0.18840496242046356,0,0.998865008354187,-0.047231052070856094,0.006176323629915714,0,0,1.1429860591888428,0,1,-0.9544119238853455,-0.29757142066955566,-0.023436004295945168,0,-0.2936666011810303,0.950143039226532,-0.10481993854045868,0,0.05345899611711502,-0.09315905719995499,-0.9942151308059692,0,0,0.35460400581359863,0,1,0.957175076007843,-0.2894701361656189,-0.0048949019983410835,0,0.2661568820476532,0.8731819987297058,0.40830498933792114,0,-0.11391790956258774,-0.39212197065353394,0.9128320813179016,0,0,0.09523800015449524,0,1,0.4417078197002411,-0.6508828997612,0.6174513101577759,0,0.8969840407371521,0.3067920506000519,-0.31827473640441895,0,0.0177303459495306,0.6944282650947571,0.7193438410758972,0,-0.00279999990016222,0.0880109965801239,-0.040286000818014145,1,0.21460047364234924,-0.016423944383859634,0.9765641093254089,0,-0.9649409651756287,0.15112926065921783,0.21458803117275238,0,-0.1511119157075882,-0.9883780479431152,0.016584273427724838,0,-0.49793198704719543,0.5549089908599854,0.07386499643325806,1,0.8856249451637268,-0.4403421878814697,-0.14753656089305878,0,0.2780519127845764,0.24832679331302643,0.9279120564460754,0,-0.3719615936279297,-0.8628050088882446,0.3423624336719513,0,0,1.0191290378570557,0,1,0.9207790493965149,-0.3898988664150238,0.011981349438428879,0,0.38993406295776367,0.9191439151763916,-0.05591430142521858,0,0.01078834943473339,0.056156694889068604,0.9983640313148499,0,0,1.4567569494247437,0,1,0.9986439943313599,-0.028985973447561264,-0.04323691874742508,0,0.03314202278852463,0.9945619702339172,0.09872891008853912,0,0.04014008119702339,-0.10002809762954712,0.9941749572753906,0,0,1.1393120288848877,0,1,-0.0018492363160476089,0.3417291045188904,-0.9397969841957092,0,0.1242661103606224,0.9325920343399048,0.3388647437095642,0,0.9922469854354858,-0.11615826189517975,-0.044189926236867905,0,0,0.24576100707054138,0,1,0.8870856761932373,0.4602794647216797,0.034953974187374115,0,-0.319160521030426,0.5568770170211792,0.7668271660804749,0,0.3334899842739105,-0.6913979053497314,0.6409012079238892,0,0,0.10934799909591675,0,1,0.8931511044502258,-0.06376621872186661,0.4452127516269684,0,0.41716477274894714,0.48741304874420166,-0.7670730352401733,0,-0.16808930039405823,0.8708400130271912,0.4619349539279938,0,0.009057999588549137,0.09280800074338913,-0.10688500106334686,1,-0.9845250844955444,0.09464910626411438,0.1474829763174057,0,-0.02367590181529522,-0.9057221412658691,0.4232099652290344,0,0.17363503575325012,0.4131690561771393,0.8939469456672668,0,0.49685800075531006,-0.18324799835681915,-0.026024000719189644,1,0.9768810272216797,0.12492675334215164,-0.17348305881023407,0,-0.20097225904464722,0.2599569261074066,-0.9444750547409058,0,-0.07289206981658936,0.9575051069259644,0.27905380725860596,0,0,0.6592109799385071,0,1,0.8072560429573059,0.2949649691581726,-0.5112069249153137,0,0.39354196190834045,0.37648507952690125,0.83868008852005,0,0.4398431181907654,-0.8782110810279846,0.18783877789974213,0,0,0.3310930132865906,0,1,0.947625994682312,0.1608600616455078,0.27591392397880554,0,-0.3183739185333252,0.4072103202342987,0.8560478687286377,0,0.025348935276269913,-0.8990570306777954,0.4370967447757721,0,0,0.5548920035362244,0,1,-0.9834670424461365,-0.14324992895126343,-0.11077677458524704,0,0.1277620792388916,-0.9824169874191284,0.13614198565483093,0,-0.12833121418952942,0.11973799765110016,0.9844759106636047,0,-0.49685800075531006,-0.18324799835681915,-0.002041999949142337,1,0.9261379241943359,-0.36030611395835876,0.11157208681106567,0,0.37554287910461426,0.8532631993293762,-0.361815869808197,0,0.03516408056020737,0.3769911527633667,0.9255489110946655,0,0,0.6584960222244263,0,1,0.8243400454521179,-0.262155681848526,0.5017351508140564,0,-0.3791486620903015,0.4024721682071686,0.8332239985466003,0,-0.42036885023117065,-0.8770920634269714,0.23237793147563934,0,0,0.33077099919319153,0,1,0.9161680340766907,-0.019505102187395096,-0.40031886100769043,0,0.3200368881225586,0.6368749737739563,0.7014040350914001,0,0.24127215147018433,-0.770720899105072,0.589726984500885,0,0,0.5504339933395386,0,1
K0.034,-0.024985937401652336,0.017388073727488518,-0.9995367527008057,0,0.04511367529630661,0.9988495707511902,0.016248386353254318,0,0.998668909072876,-0.04468677565455437,-0.02574162185192108,0,0.0097994739189744,1.5465898513793945,-0.0015151274856179953,1,0.9997842907905579,-0.019667109474539757,0.0066733886487782,0,0.01838706061244011,0.987605094909668,0.1558791548013687,0,-0.00965636782348156,-0.15572288632392883,0.9877539277076721,0,0,0.33013901114463806,0.01850000023841858,1,0.9994304180145264,0.011920967139303684,0.031562648713588715,0,-0.013132543303072453,0.9991734027862549,0.038461580872535706,0,-0.03107808716595173,-0.0388542078435421,0.9987617135047913,0,0,0.38576599955558777,0,1,0.9994347095489502,0.013538672588765621,0.030780421569943428,0,-0.014709185808897018,0.9991642236709595,0.03812531754374504,0,-0.030238548293709755,-0.0385565459728241,0.9987991452217102,0,0,0.4408760070800781,0,1,0.9994449615478516,-0.008364134468138218,-0.032245222479104996,0,0.006294799502938986,0.9979461431503296,-0.06375051289796829,0,0.032712217420339584,0.0635121613740921,0.9974450469017029,0,0,0.4959850013256073,0,1,0.9978252649307251,-0.035517368465662,-0.05552901327610016,0,0.03267408907413483,0.9981491565704346,-0.05129928141832352,0,0.05724821612238884,0.0493733249604702,0.9971383213996887,0,0,0.1798660010099411,-0.24606700241565704,1,0.2779410481452942,0.018283521756529808,-0.9604246020317078,0,0.9438043832778931,0.18094098567962646,0.27657583355903625,0,0.17883683741092682,-0.9833241105079651,0.03303484246134758,0,0.49793198704719543,0.5548210144042969,0.07229900360107422,1,0.9194267988204956,0.3932622969150543,-0.00011884918785654008,0,-0.03310234099626541,0.0776926651597023,0.9964271783828735,0,0.3918664753437042,-0.9161379337310791,0.0844506099820137,0,0,1.018658995628357,0,1,0.9818719029426575,0.18952009081840515,-0.003011303720995784,0,-0.1895313709974289,0.9814991354942322,-0.027136221528053284,0,-0.0021872692741453648,0.027215052396059036,0.9996272325515747,0,0,1.4538730382919312,0,1,0.01764228753745556,0.24009522795677185,-0.9705891013145447,0,0.01682867296040058,0.9705317616462708,0.2403869330883026,0,0.999703049659729,-0.020574694499373436,0.013081913813948631,0,0,1.1429860591888428,0,1,-0.9597176909446716,-0.280061274766922,-0.022542858496308327,0,-0.27576467394828796,0.9542789459228516,-0.11535061150789261,0,0.05381741747260094,-0.10448750853538513,-0.9930694103240967,0,0,0.35460400581359863,0,1,0.9571077227592468,-0.2896905243396759,-0.004892905242741108,0,0.2663581967353821,0.8731239438056946,0.40829864144325256,0,-0.1140081062912941,-0.39208900928497314,0.9128350019454956,0,0,0.09523800015449524,0,1,0.44151240587234497,-0.6509708762168884,0.6174978017807007,0,0.8970784544944763,0.30660220980644226,-0.31819087266921997,0,0.017806770280003548,0.6944292187690735,0.7193406224250793,0,-0.00279999990016222,0.0880109965801239,-0.040286000818014145,1,0.21984000504016876,-0.0169326551258564,0.9753886461257935,0,-0.9629639983177185,0.15623602271080017,0.21975186467170715,0,-0.15611182153224945,-0.9875745177268982,0.01804141141474247,0,-0.49793198704719543,0.5549089908599854,0.07386499643325806,1,0.8694625496864319,-0.4680040776729584,-0.15813837945461273,0,0.3126849830150604,0.27355101704597473,0.909614086151123,0,-0.3824440538883209,-0.8403226733207703,0.38418012857437134,0,0,1.0191290378570557,0,1,0.8997299671173096,-0.436189204454422,0.014999532140791416,0,0.43622806668281555,0.8976590633392334,-0.06255245208740234,0,0.013820239342749119,0.06282354146242142,0.9979289174079895,0,0,1.4567569494247437,0,1,0.9991167187690735,0.016493359580636024,-0.038658853620290756,0,-0.010700313374400139,0.9892961978912354,0.14552830159664154,0,0.040645286440849304,-0.14498600363731384,0.9885983467102051,0,0,1.1393120288848877,0,1,-0.0020251332316547632,0.3485730290412903,-0.9372797012329102,0,0.1257229745388031,0.9299335479736328,0.345569372177124,0,0.9920629262924194,-0.11713762581348419,-0.04570682719349861,0,0,0.24576100707054138,0,1,0.8870651125907898,0.4603196382522583,0.0349552184343338,0,-0.3191860616207123,0.556861162185669,0.7668287754058838,0,0.33352112770080566,-0.6913842558860779,0.6408997178077698,0,0,0.10934799909591675,0,1,0.8931681513786316,-0.06374117732048035,0.44518205523490906,0,0.41712433099746704,0.4874284863471985,-0.7670859098434448,0,-0.16809944808483124,0.8708330392837524,0.4619436264038086,0,0.009057999588549137,0.09280800074338913,-0.10688500106334686,1,-0.9843446016311646,0.12530428171157837,0.12395333498716354,0,-0.04352514445781708,-0.8542953133583069,0.5179620385169983,0,0.17079567909240723,0.5044582486152649,0.8463751673698425,0,0.49685800075531006,-0.18324799835681915,-0.026024000719189644,1,0.9736069440841675,0.18608340620994568,-0.13214732706546783,0,-0.20956434309482574,0.49953386187553406,-0.8405644297599792,0,-0.0904030129313469,0.8460726141929626,0.525346040725708,0,0,0.6592109799385071,0,1,0.8152750730514526,0.21418316662311554,-0.5380075573921204,0,0.41606345772743225,0.42954209446907043,0.8014885187149048,0,0.40276241302490234,-0.8772792220115662,0.2610812783241272,0,0,0.3310930132865906,0,1,0.9450125694274902,0.10930299758911133,0.30822694301605225,0,-0.30404186248779297,0.6407890319824219,0.7049457430839539,0,-0.12045569717884064,-0.7598961591720581,0.6387860774993896,0,0,0.5548920035362244,0,1,-0.9798756241798401,-0.13940811157226562,-0.14285947382450104,0,0.14048586785793304,-0.990079402923584,0.002564984606578946,0,-0.14179980754852295,-0.01755637302994728,0.9897395372390747,0,-0.49685800075531006,-0.18324799835681915,-0.002041999949142337,1,0.9125072956085205,-0.39619529247283936,0.10178545117378235,0,0.4086809754371643,0.8722628355026245,-0.2685833275318146,0,0.01762777753174305,0.28668197989463806,0.9578635096549988,0,0,0.6584960222244263,0,1,0.8318153619766235,-0.2696440815925598,0.48515528440475464,0,-0.39096611738204956,0.3358038067817688,0.8569608926773071,0,-0.3939913809299469,-0.9025124311447144,0.17390507459640503,0,0,0.33077099919319153,0,1,0.9156941771507263,-0.018254101276397705,-0.4014604985713959,0,0.3189481496810913,0.64075767993927,0.6983563899993896,0,0.24449115991592407,-0.7675264477729797,0.5925605297088623,0,0,0.5504339933395386,0,1
K0.069,-0.01386959571391344,0.006054531317204237,-0.9998857975006104,0,0.056194331496953964,0.998406171798706,0.005266089458018541,0,0.9983234405517578,-0.05611484497785568,-0.014187712222337723,0,0.02080099657177925,1.5238304138183594,-0.008608550764620304,1,0.9999436736106873,-0.0007280467543751001,-0.010585315525531769,0,0.0022861408069729805,0.9889938831329346,0.14793871343135834,0,0.01036110706627369,-0.14795458316802979,0.9889398813247681,0,0,0.33013901114463806,0.01850000023841858,1,0.9997777938842773,-0.0013596477219834924,0.021030304953455925,0,0.0006211883737705648,0.9993839859962463,0.035080794245004654,0,-0.021065065637230873,-0.03505996614694595,0.9991636872291565,0,0,0.38576599955558777,0,1,0.9997904300689697,-0.00001385211362503469,0.020473187789320946,0,-0.0006975338328629732,0.9993963837623596,0.034739647060632706,0,-0.020461302250623703,-0.03474663197994232,0.9991865158081055,0,0,0.4408760070800781,0,1,0.999640166759491,-0.005356323905289173,-0.026271114125847816,0,0.0036302688531577587,0.9978578090667725,-0.06531459838151932,0,0.0265647042542696,0.06519577652215958,0.9975189566612244,0,0,0.4959850013256073,0,1,0.9986861348152161,-0.03498797118663788,-0.037450261414051056,0,0.03305288404226303,0.9981462955474854,-0.05109868571162224,0,0.03916868567466736,0.04979371652007103,0.9979915618896484,0,0,0.1798660010099411,-0.24606700241565704,1,0.2626464366912842,0.019039595499634743,-0.9647045135498047,0,0.9478331208229065,0.18208208680152893,0.26164665818214417,0,0.18063700199127197,-0.9830992221832275,0.029776856303215027,0,0.49793198704719543,0.5548210144042969,0.07229900360107422,1,0.9330772161483765,0.35546255111694336,-0.05489574000239372,0,0.04071510583162308,0.04725825786590576,0.9980528950691223,0,0.3573645353317261,-0.9334949254989624,0.029622890055179596,0,0,1.018658995628357,0,1,0.9823135137557983,0.1872229427099228,-0.0029485623817890882,0,-0.1872340589761734,0.9819497466087341,-0.026807093992829323,0,-0.0021235612221062183,0.026885023340582848,0.9996362924575806,0,0,1.4538730382919312,0,1,0.0147933354601264,0.2631739377975464,-0.964634895324707,0,-0.01619652658700943,0.9646773934364319,0.26293715834617615,0,0.9997596144676208,0.011734016239643097,0.01853329874575138,0,0,1.1429860591888428,0,1,-0.9604626893997192,-0.27750468254089355,-0.022430362179875374,0,-0.2733241319656372,0.9551817178726196,-0.11367368698120117,0,0.052970025688409805,-0.10304852575063705,-0.9932644963264465,0,0,0.35460400581359863,0,1,0.9570431113243103,-0.2899048626422882,-0.0048909178003668785,0,0.2665536105632782,0.8730670809745789,0.40829214453697205,0,-0.1140957847237587,-0.3920568525791168,0.9128380417823792,0,0,0.09523800015449524,0,1,0.44132199883461,-0.6510568857192993,0.61754310131073,0,0.8971708416938782,0.30641740560531616,-0.31810903549194336,0,0.017881112173199654,0.6944300532341003,0.7193378806114197,0,-0.00279999990016222,0.0880109965801239,-0.040286000818014145,1,0.22504229843616486,-0.018797647207975388,0.9741673469543457,0,-0.9594575762748718,0.169857457280159,0.2249218076467514,0,-0.1696975976228714,-0.9852890372276306,0.0201895609498024,0,-0.49793198704719543,0.5549089908599854,0.07386499643325806,1,0.856630265712738,-0.48925864696502686,-0.1637406349182129,0,0.34389007091522217,0.30487409234046936,0.8881387114524841,0,-0.3846094608306885,-0.8171156644821167,0.4294157922267914,0,0,1.0191290378570557,0,1,0.8643006086349487,-0.5025737285614014,0.02007990889251232,0,0.5026190280914307,0.8614987730979919,-0.07207255810499191,0,0.018922967836260796,0.07238492369651794,0.9971973896026611,0,0,1.4567569494247437,0,1,0.9980136752128601,0.0594901405274868,-0.020745251327753067,0,-0.05443090200424194,0.9799591302871704,0.19161611795425415,0,0.031728778034448624,-0.19010639190673828,0.9812510013580322,0,0,1.1393120288848877,0,1,-0.0025797926355153322,0.3710706830024719,-0.9286006689071655,0,0.13023628294467926,0.9208199977874756,0.3675996959209442,0,0.9914801120758057,-0.11998925358057022,-0.05070241913199425,0,0,0.24576100707054138,0,1,0.8876723647117615,0.45914962887763977,0.034923531115055084,0,-0.31844958662986755,0.5573344230651855,0.7667905688285828,0,0.3326073884963989,-0.6917799115180969,0.640946090221405,0,0,0.10934799909591675,0,1,0.8926708102226257,-0.06446954607963562,0.4460742175579071,0,0.4183081388473511,0.486983060836792,-0.7667242884635925,0,-0.1678001880645752,0.8710286021232605,0.46168357133865356,0,0.009057999588549137,0.09280800074338913,-0.10688500106334686,1,-0.9857738614082336,0.14044447243213654,0.09233026206493378,0,-0.060782432556152344,-0.8100419044494629,0.5832124352455139,0,0.15670046210289001,0.5693039894104004,0.8070552945137024,0,0.49685800075531006,-0.18324799835681915,-0.026024000719189644,1,0.9606262445449829,0.26922518014907837,-0.06866423785686493,0,-0.252789705991745,0.7443377375602722,-0.6181088089942932,0,-0.11530108004808426,0.6111292243003845,0.7830877900123596,0,0,0.6592109799385071,0,1,0.8118624687194824,0.10626943409442902,-0.574096143245697,0,0.4473612904548645,0.5186076760292053,0.7286374568939209,0,0.37516266107559204,-0.8483820557594299,0.37349733710289,0,0,0.3310930132865906,0,1,0.9251773357391357,0.021424489095807076,0.37892961502075195,0,-0.30453431606292725,0.63775634765625,0.7074787616729736,0,-0.22650747001171112,-0.7699406743049622,0.596562385559082,0,0,0.5548920035362244,0,1,-0.9762303829193115,-0.11542326211929321,-0.1834447830915451,0,0.13752703368663788,-0.984066367149353,-0.11269834637641907,0,-0.16751378774642944,-0.1352481245994568,0.9765489101409912,0,-0.49685800075531006,-0.18324799835681915,-0.002041999949142337,1,0.9264360070228577,-0.3597477376461029,0.11089938133955002,0,0.3760867416858673,0.8974547982215881,-0.2305055409669876,0,-0.01660333387553692,0.255256325006485,0.9667304754257202,0,0,0.6584960222244263,0,1,0.829975426197052,-0.33213478326797485,0.4481372535228729,0,-0.3714110255241394,0.2703447639942169,0.8882388472557068,0,-0.4161665141582489,-0.9036594033241272,0.10102097690105438,0,0,0.33077099919319153,0,1,0.9154223203659058,-0.01754501648247242,-0.4021119177341461,0,0.31832146644592285,0.6429599523544312,0.696616530418396,0,0.24631954729557037,-0.7656987309455872,0.5941644906997681,0,0,0.5504339933395386,0,1
K0.103,0.006523036863654852,-0.0212401133030653,-0.9997531771659851,0,0.06392969191074371,0.9977378249168396,-0.020780175924301147,0,0.9979329705238342,-0.06377837061882019,0.007866153493523598,0,0.03136368840932846,1.4867061376571655,-0.019300134852528572,1,0.9984989762306213,0.041265252977609634,-0.03601284325122833,0,-0.03587296977639198,0.9895989298820496,0.1393093466758728,0,0.04138689860701561,-0.13780832290649414,0.9895936250686646,0,0,0.33013901114463806,0.01850000023841858,1,0.9997594952583313,-0.01920022815465927,0.010570795275270939,0,0.018827125430107117,0.9992330074310303,0.034330859780311584,0,-0.011221853084862232,-0.034123603254556656,0.9993546009063721,0,0,0.38576599955558777,0,1,0.999780535697937,-0.018141264095902443,0.01047718059271574,0,0.017780108377337456,0.9992778897285461,0.033592794090509415,0,-0.011079031974077225,-0.03339913487434387,0.9993811845779419,0,0,0.4408760070800781,0,1,0.9998037815093994,0.005776288453489542,-0.018940133973956108,0,-0.007028060499578714,0.9977480173110962,-0.06670497357845306,0,0.01851217821240425,0.0668250173330307,0.997593104839325,0,0,0.4959850013256073,0,1,0.9989213347434998,-0.04008353129029274,-0.02345687709748745,0,0.03866277262568474,0.9975576996803284,-0.05817322060465813,0,0.025731375440955162,0.05720355734229088,0.9980313777923584,0,0,0.1798660010099411,-0.24606700241565704,1,0.25372061133384705,0.019821137189865112,-0.9670743346214294,0,0.949664294719696,0.1848187893629074,0.25294098258018494,0,0.18374712765216827,-0.9825724959373474,0.028068922460079193,0,0.49793198704719543,0.5548210144042969,0.07229900360107422,1,0.9425632357597351,0.31725507974624634,-0.10451409965753555,0,0.10580720752477646,0.013201522640883923,0.9942986965179443,0,0.3168262839317322,-0.9482483863830566,-0.021124619990587234,0,0,1.018658995628357,0,1,0.9840042591094971,0.1781265139579773,-0.002706182422116399,0,-0.17813700437545776,0.9836747050285339,-0.025504782795906067,0,-0.0018810754409059882,0.025578893721103668,0.9996712803840637,0,0,1.4538730382919312,0,1,0.022731494158506393,0.2668913006782532,-0.9634588360786438,0,-0.04645008593797684,0.9629486203193665,0.265654057264328,0,0.9986621141433716,0.03871401771903038,0.03428638353943825,0,0,1.1429860591888428,0,1,-0.9606348872184753,-0.2769083082675934,-0.022408759221434593,0,-0.2728572189807892,0.9555907845497131,-0.11133371293544769,0,0.05224284157156944,-0.10083667188882828,-0.9935303330421448,0,0,0.35460400581359863,0,1,0.9570288062095642,-0.2899511456489563,-0.004890569020062685,0,0.2665959894657135,0.8730549812316895,0.4082905054092407,0,-0.11411456018686295,-0.3920495808124542,0.9128386378288269,0,0,0.09523800015449524,0,1,0.4412809908390045,-0.6510758996009827,0.617552638053894,0,0.897190511226654,0.3063775897026062,-0.31809118390083313,0,0.01789718121290207,0.694429874420166,0.7193376421928406,0,-0.00279999990016222,0.0880109965801239,-0.040286000818014145,1,0.23289155960083008,-0.020713716745376587,0.9722820520401001,0,-0.9550138115882874,0.18388040363788605,0.23267266154289246,0,-0.18360312283039093,-0.9827304482460022,0.023042332381010056,0,-0.49793198704719543,0.5549089908599854,0.07386499643325806,1,0.8466898202896118,-0.5044736266136169,-0.16918110847473145,0,0.3769702613353729,0.34433528780937195,0.8598408699035645,0,-0.37551212310791016,-0.7917948961257935,0.4817168414592743,0,0,1.0191290378570557,0,1,0.8387764096260071,-0.5439584255218506,0.02374027483165264,0,0.5440068244934082,0.8354464769363403,-0.07800726592540741,0,0.022598987445235252,0.07834553718566895,0.9966700673103333,0,0,1.4567569494247437,0,1,0.9985697269439697,0.052685778588056564,-0.009134599938988686,0,-0.04949598386883736,0.975375771522522,0.21492376923561096,0,0.02023308537900448,-0.2141641527414322,0.9765880703926086,0,0,1.1393120288848877,0,1,-0.0030509482603520155,0.39096274971961975,-0.9204010963439941,0,0.13480225205421448,0.9121655225753784,0.38701769709587097,0,0.9908679127693176,-0.12289141863584518,-0.055485647171735764,0,0,0.24576100707054138,0,1,0.8875592947006226,0.4593670666217804,0.03492918610572815,0,-0.318586528301239,0.5572468042373657,0.7667978405952454,0,0.3327774703502655,-0.6917064785957336,0.6409376859664917,0,0,0.10934799909591675,0,1,0.8927639126777649,-0.06433406472206116,0.4459083378314972,0,0.4180877208709717,0.4870660603046417,-0.7667913436889648,0,-0.16785593330860138,0.8709921836853027,0.4617321193218231,0,0.009057999588549137,0.09280800074338913,-0.10688500106334686,1,-0.9921666979789734,0.11222314089536667,0.05487442761659622,0,-0.0438123494386673,-0.7239736318588257,0.6884344220161438,0,0.11698593944311142,0.6806376576423645,0.7232195138931274,0,0.49685800075531006,-0.18324799835681915,-0.026024000719189644,1,0.9422224164009094,0.33341389894485474,-0.0324433259665966,0,-0.30587324500083923,0.8167932629585266,-0.48917356133461,0,-0.1365976780653,0.47083359956741333,0.8715828657150269,0,0,0.6592109799385071,0,1,0.8129686713218689,0.040070969611406326,-0.5809270739555359,0,0.4763842523097992,0.527948796749115,0.7030845880508423,0,0.33487293124198914,-0.8483299612998962,0.4101164937019348,0,0,0.3310930132865906,0,1,0.92607182264328,0.024086691439151764,0.3765777051448822,0,-0.306649774312973,0.6296066045761108,0.7138355374336243,0,-0.21990196406841278,-0.7765408754348755,0.5904474258422852,0,0,0.5548920035362244,0,1,-0.9726247787475586,-0.08250638842582703,-0.21724019944667816,0,0.13202360272407532,-0.9655128717422485,-0.22439882159233093,0,-0.19123384356498718,-0.24693666398525238,0.9499743580818176,0,-0.49685800075531006,-0.18324799835681915,-0.002041999949142337,1,0.9491783976554871,-0.30072641372680664,0.09286689013242722,0,0.3136736750602722,0.9281047582626343,-0.20057381689548492,0,-0.02587236277759075,0.2195102423429489,0.9752669930458069,0,0,0.6584960222244263,0,1,0.8003806471824646,-0.40053290128707886,0.44605493545532227,0,-0.38860708475112915,0.21991848945617676,0.8947736620903015,0,-0.4564819037914276,-0.8894994258880615,0.02036857232451439,0,0,0.33077099919319153,0,1,0.9155845642089844,-0.01796770468354225,-0.40172308683395386,0,0.3186955451965332,0.6416478157043457,0.6976540684700012,0,0.24522964656352997,-0.7667890787124634,0.5932093858718872,0,0,0.5504339933395386,0,1
K0.138,0.03303613141179085,-0.04550515487790108,-0.9984174966812134,0,0.06815753877162933,0.9967402219772339,-0.043173473328351974,0,0.9971277713775635,-0.06662341952323914,0.036029964685440063,0,0.03891843557357788,1.4362053871154785,-0.03000389225780964,1,0.9958741068840027,0.07008199393749237,-0.05765032395720482,0,-0.06212383508682251,0.98958820104599,0.12983094155788422,0,0.06614889204502106,-0.12571382522583008,0.9898591041564941,0,0,0.33013901114463806,0.01850000023841858,1,0.9995105266571045,-0.031238919124007225,-0.0018966618226841092,0,0.03128612041473389,0.9989001750946045,0.03492581844329834,0,0.0008035307400859892,-0.034968052059412,0.9993883371353149,0,0,0.38576599955558777,0,1,0.9995307326316833,-0.03058665245771408,-0.0015909605426713824,0,0.03062289021909237,0.9989653825759888,0.03363605961203575,0,0.0005605001351796091,-0.03366899862885475,0.9994333386421204,0,0,0.4408760070800781,0,1,0.9997990131378174,0.016537364572286606,-0.011362746357917786,0,-0.017252707853913307,0.9976676106452942,-0.06604467332363129,0,0.010244036093354225,0.06622741371393204,0.9977520704269409,0,0,0.4959850013256073,0,1,0.9989053606987,-0.04332501441240311,-0.017655691131949425,0,0.041970230638980865,0.9965941309928894,-0.07097822427749634,0,0.02067069336771965,0.07015952467918396,0.9973217248916626,0,0,0.1798660010099411,-0.24606700241565704,1,0.24184855818748474,0.021454794332385063,-0.9700763821601868,0,0.9511755108833313,0.1923443078994751,0.2413903772830963,0,0.1917676329612732,-0.9810928106307983,0.026110928505659103,0,0.49793198704719543,0.5548210144042969,0.07229900360107422,1,0.9479464888572693,0.28252944350242615,-0.14688357710838318,0,0.15919315814971924,-0.020984964445233345,0.9870246052742004,0,0.27578112483024597,-0.9590293169021606,-0.06486936658620834,0,0,1.018658995628357,0,1,0.9867954850196838,0.1619553416967392,-0.002306545851752162,0,-0.16196493804454803,0.9865236878395081,-0.023189803585410118,0,-0.0014802502701058984,0.023257171735167503,0.9997281432151794,0,0,1.4538730382919312,0,1,0.0295509472489357,0.27714961767196655,-0.9603726863861084,0,-0.06352026760578156,0.9593704342842102,0.27490586042404175,0,0.9975429773330688,0.05287937819957733,0.04595491290092468,0,0,1.1429860591888428,0,1,-0.9526557922363281,-0.3031744956970215,-0.023087071254849434,0,-0.29942405223846436,0.9486440420150757,-0.10207688808441162,0,0.05284852162003517,-0.0903313010931015,-0.9945089817047119,0,0,0.35460400581359863,0,1,0.9568608999252319,-0.29050517082214355,-0.004884648136794567,0,0.2671011984348297,0.8729084134101868,0.40827420353889465,0,-0.11434196680784225,-0.39196649193763733,0.912846565246582,0,0,0.09523800015449524,0,1,0.44078919291496277,-0.6512982249259949,0.6176695823669434,0,0.8974285125732422,0.30590084195137024,-0.3178788125514984,0,0.01808827742934227,0.6944316029548645,0.7193311452865601,0,-0.00279999990016222,0.0880109965801239,-0.040286000818014145,1,0.2502470016479492,-0.02073328197002411,0.9679599404335022,0,-0.9500133395195007,0.18751396238803864,0.24962376058101654,0,-0.1866816282272339,-0.9820430278778076,0.02722792513668537,0,-0.49793198704719543,0.5549089908599854,0.07386499643325806,1,0.8368064165115356,-0.521885335445404,-0.16550229489803314,0,0.4081920087337494,0.39324262738227844,0.8238562941551208,0,-0.3648759424686432,-0.7569648027420044,0.5420973300933838,0,0,1.0191290378570557,0,1,0.8278573155403137,-0.5603682398796082,0.02530607022345066,0,0.5604183077812195,0.8243023157119751,-0.08036002516746521,0,0.024171344935894012,0.0807085856795311,0.9964448809623718,0,0,1.4567569494247437,0,1,0.9995265007019043,0.02779509499669075,-0.0131961889564991,0,-0.024634096771478653,0.979882538318634,0.19804948568344116,0,0.01843552105128765,-0.19763065874576569,0.9801034331321716,0,0,1.1393120288848877,0,1,-0.0032557593658566475,0.3998858630657196,-0.9165589213371277,0,0.13694891333580017,0.9081060886383057,0.39571142196655273,0,0.9905731081962585,-0.12423352897167206,-0.05772056058049202,0,0,0.24576100707054138,0,1,0.887902557849884,0.45870527625083923,0.034911517053842545,0,-0.3181701600551605,0.5575143098831177,0.7667762041091919,0,0.3322606384754181,-0.69193035364151,0.6409647464752197,0,0,0.10934799909591675,0,1,0.892481803894043,-0.06474604457616806,0.44641244411468506,0,0.418756902217865,0.48681363463401794,-0.7665863037109375,0,-0.16768626868724823,0.8711028099060059,0.46158525347709656,0,0.009057999588549137,0.09280800074338913,-0.10688500106334686,1,-0.9973399639129639,0.07013681530952454,0.01983959972858429,0,-0.029123149812221527,-0.6329660415649414,0.7736315131187439,0,0.06681786477565765,0.7709960341453552,0.6333249807357788,0,0.49685800075531006,-0.18324799835681915,-0.026024000719189644,1,0.9168033599853516,0.39827215671539307,-0.029179401695728302,0,-0.37465882301330566,0.8325522541999817,-0.40803006291389465,0,-0.13821355998516083,0.38501542806625366,0.9125024080276489,0,0,0.6592109799385071,0,1,0.8236137628555298,0.029881076887249947,-0.5663625001907349,0,0.47874271869659424,0.49878206849098206,0.7225111722946167,0,0.3040809631347656,-0.8662121891975403,0.3964984714984894,0,0,0.3310930132865906,0,1,0.9283205270767212,0.031243804842233658,0.370466023683548,0,-0.3119020164012909,0.6077491044998169,0.7303141951560974,0,-0.2023324817419052,-0.7935143113136292,0.573930561542511,0,0,0.5548920035362244,0,1,-0.9721641540527344,-0.03861944377422333,-0.23109842836856842,0,0.11634965240955353,-0.9356917142868042,-0.3330833911895752,0,-0.2033732682466507,-0.3506997227668762,0.914138674736023,0,-0.49685800075531006,-0.18324799835681915,-0.002041999949142337,1,0.9655669927597046,-0.25619611144065857,0.04521828517317772,0,0.2601417601108551,0.9490010142326355,-0.1781119704246521,0,0.0027193932328373194,0.18374203145503998,0.9829704165458679,0,0,0.6584960222244263,0,1,0.7591721415519714,-0.449200838804245,0.471038281917572,0,-0.44669103622436523,0.16680289804935455,0.8790016174316406,0,-0.4734186828136444,-0.8777217864990234,-0.07402187585830688,0,0,0.33077099919319153,0,1,0.9164626002311707,-0.020292729139328003,-0.39960581064224243,0,0.32071128487586975,0.6344310641288757,0.703307032585144,0,0.23925036191940308,-0.772712767124176,0.587940514087677,0,0,0.5504339933395386,0,1
