16.600,30,497,33
B0,mixamorig_Hips,-1,0.9881929755210876,-0.14198480546474457,0.05758378654718399,0,0.14537620544433594,0.9875720143318176,-0.05973100662231445,0,-0.04838719591498375,0.06739700585603714,0.9965519905090332,0,0.024733999744057655,1.4918709993362427,0.00011000000085914508,1
B1,mixamorig_Spine,0,0.9888560175895691,0.14875999093055725,0.005930163431912661,0,-0.14869001507759094,0.9888240098953247,-0.010862920433282852,0,-0.007479850668460131,0.009860102087259293,0.9999229907989502,0,0,0.33013901114463806,0.01850000023841858,1
B2,mixamorig_Spine1,1,0.998958945274353,0.04561515152454376,0.0005429328884929419,0,-0.04561283811926842,0.998581051826477,0.027492932975292206,0,0.000711931730620563,-0.02748907171189785,0.9996219873428345,0,0,0.38576599955558777,0,1
B3,mixamorig_Spine2,2,0.998989999294281,0.04472317546606064,0.004315908532589674,0,-0.044826824218034744,0.9986019730567932,0.02801191620528698,0,-0.0030570924282073975,-0.028177088126540184,0.9995980262756348,0,0,0.4408760070800781,0,1
B4,mixamorig_Neck,3,0.9941970109939575,-0.1075349748134613,0.0030019942205399275,0,0.10736701637506485,0.9936130046844482,0.034706853330135345,0,-0.006715022027492523,-0.034183137118816376,0.9993929862976074,0,0,0.4959850013256073,0,1
B5,mixamorig_Head,4,0.9997249841690063,0.011322926729917526,0.020519312471151352,0,-0.0075411261059343815,0.9843979477882385,-0.1757960021495819,0,-0.022189702838659286,0.17559298872947693,0.9842129945755005,0,0,0.1798660010099411,-0.24606700241565704,1
B6,mixamorig_HeadTop_End,5,1,0,0,0,0,1,0,0,0,0,1,0,0,1.0191090106964111,-1.3941960334777832,1
B7,mixamorig_LeftShoulder,3,0.24263019859790802,0.02761310525238514,-0.969726026058197,0,0.9426880478858948,0.2293098270893097,0.24239477515220642,0,0.2290610820055008,-0.9729620218276978,0.029606971889734268,0,0.49793198704719543,0.5548210144042969,0.07229900360107422,1
B8,mixamorig_LeftArm,7,0.9931600689888,-0.0938948392868042,-0.06940531730651855,0,0.04645168036222458,-0.22762170433998108,0.9726409912109375,0,-0.10712409764528275,-0.9692118763923645,-0.22170314192771912,0,0,1.018658995628357,0,1
B9,mixamorig_LeftForeArm,8,0.9306271076202393,0.36582159996032715,-0.010348153300583363,0,-0.36584338545799255,0.9292008280754089,-0.05237940326333046,0,-0.009546014480292797,0.05253155529499054,0.9985740184783936,0,0,1.4538730382919312,0,1
B10,mixamorig_LeftHand,9,-0.20673470199108124,0.022400222718715668,-0.9781410098075867,0,-0.11239385604858398,0.992576003074646,0.046485770493745804,0,0.9719198942184448,0.11954718083143234,-0.20268210768699646,0,0,1.1429860591888428,0,1
B11,mixamorig_LeftHandIndex1,10,-0.9826630353927612,-0.18498684465885162,-0.01241610199213028,0,-0.18475715816020966,0.9826259613037109,-0.01762527786195278,0,0.015460832044482231,-0.015025748871266842,-0.999768078327179,0,0,0.35460400581359863,0,1
B12,mixamorig_LeftHandIndex2,11,0.9677899479866028,-0.25171512365341187,-0.00467624282464385,0,0.23189777135849,0.8840580582618713,0.40578892827033997,0,-0.09800916165113449,-0.3938029706478119,0.9139549732208252,0,0,0.09523800015449524,0,1
B13,mixamorig_LeftHandIndex3,12,0.4347657859325409,-0.6511361598968506,0.6220939755439758,0,0.9002989530563354,0.29817119240760803,-0.3171050548553467,0,0.020988045260310173,0.6979371309280396,0.715851902961731,0,-0.00279999990016222,0.0880109965801239,-0.040286000818014145,1
B14,mixamorig_LeftHandIndex4,13,1,0,0,0,0,1,0,0,0,0,1,0,-0.061253998428583145,0.05174899846315384,0.027055000886321068,1
B15,mixamorig_RightShoulder,3,0.20704425871372223,-0.02518906258046627,0.9780069589614868,0,-0.9558981657028198,0.20764289796352386,0.20771178603172302,0,-0.208308145403862,-0.9778799414634705,0.018913069739937782,0,-0.49793198704719543,0.5549089908599854,0.07386499643325806,1
B16,mixamorig_RightArm,15,0.9917619824409485,-0.07883811742067337,0.10096123069524765,0,-0.0984247624874115,0.035432182252407074,0.9945140480995178,0,-0.08198286592960358,-0.9962580800056458,0.02738066017627716,0,0,1.0191290378570557,0,1
B17,mixamorig_RightForeArm,16,0.8861929774284363,-0.46300700306892395,0.016940824687480927,0,0.46304798126220703,0.8838419914245605,-0.06639812886714935,0,0.01576978527009487,0.06668597459793091,0.9976490139961243,0,0,1.4567569494247437,0,1
B18,mixamorig_RightHand,17,0.9626430869102478,-0.022604750469326973,0.2698279321193695,0,0.021552281454205513,0.9997439980506897,0.006862928159534931,0,-0.26991403102874756,-0.0007911436259746552,0.9628839492797852,0,0,1.1393120288848877,0,1
B19,mixamorig_RightHandIndex1,18,0.009041027165949345,0.3775627613067627,-0.9259400367736816,0,-0.018855035305023193,0.9258778691291809,0.3773532807826996,0,0.9997808933258057,0.01404698844999075,0.015489836223423481,0,0,0.24576100707054138,0,1
B20,mixamorig_RightHandIndex2,19,0.9696750640869141,0.24260573089122772,0.029554806649684906,0,-0.180721253156662,0.6303547024726868,0.7549781799316406,0,0.16453203558921814,-0.7374247908592224,0.6550832986831665,0,0,0.10934799909591675,0,1
B21,mixamorig_RightHandIndex3,20,0.9217559695243835,-0.011156648397445679,0.38761022686958313,0,0.3396109640598297,0.505695104598999,-0.7930559515953064,0,-0.18716460466384888,0.8626400828361511,0.46991607546806335,0,0.009057999588549137,0.09280800074338913,-0.10688500106334686,1
B22,mixamorig_RightHandIndex4,21,1,0,0,0,0,1,0,0,0,0,1,0,-0.03772500157356262,0.06639000028371811,0.020054999738931656,1
B23,mixamorig_LeftUpLeg,0,-0.9886711239814758,-0.05697439983487129,0.13886699080467224,0,0.0803406685590744,-0.9823440909385681,0.16895325481891632,0,0.12678910791873932,0.1781958043575287,0.9757919907569885,0,0.49685800075531006,-0.18324799835681915,-0.026024000719189644,1
B24,mixamorig_LeftLeg,23,0.9175230264663696,0.3938881456851959,-0.05480781942605972,0,-0.2197730988264084,0.3873549699783325,-0.8953530788421631,0,-0.3314387798309326,0.8335521221160889,0.4419730007648468,0,0,0.6592109799385071,0,1
B25,mixamorig_LeftFoot,24,0.8815340399742126,0.3589198887348175,-0.3067139685153961,0,0.3762420415878296,-0.1416269838809967,0.9156329035758972,0,0.2852001190185547,-0.92256098985672,-0.25988996028900146,0,0,0.3310930132865906,0,1
B26,mixamorig_LeftToeBase,25,0.9162240624427795,-0.0010041480418294668,0.4006648361682892,0,-0.28273823857307434,0.706917941570282,0.6483259797096252,0,-0.2838880717754364,-0.7072948813438416,0.6474111080169678,0,0,0.5548920035362244,0,1
B27,mixamorig_LeftToe_End,26,1,0,0,0,0,1,0,0,0,0,1,0,0,0.37033501267433167,0,1
B28,mixamorig_RightUpLeg,0,-0.9641770124435425,-0.22452980279922485,-0.14123795926570892,0,0.2457381635904312,-0.9565538763999939,-0.15689998865127563,0,-0.09987301379442215,-0.1859869807958603,0.9774630069732666,0,-0.49685800075531006,-0.18324799835681915,-0.002041999949142337,1
B29,mixamorig_RightLeg,28,0.9797419309616089,-0.18131817877292633,-0.08502621948719025,0,0.1729118674993515,0.9800890684127808,-0.0976046472787857,0,0.10103081911802292,0.08092537522315979,0.9915870428085327,0,0,0.6584960222244263,0,1
B30,mixamorig_RightFoot,29,0.7760388851165771,-0.30371397733688354,0.552740216255188,0,-0.3306320011615753,0.5504105687141418,0.7666362524032593,0,-0.5370720028877258,-0.7776928544044495,0.3267223536968231,0,0,0.33077099919319153,0,1
B31,mixamorig_RightToeBase,30,0.9086588621139526,-0.0017538170795887709,-0.41753533482551575,0,0.3023998439311981,0.6923021674156189,0.6551879048347473,0,0.28791162371635437,-0.721605122089386,0.629597008228302,0,0,0.5504339933395386,0,1
B32,mixamorig_RightToe_End,31,1,0,0,0,0,1,0,0,0,0,1,0,0,0.3701150119304657,0,1
@28,0,1,2,3,4,5,7,8,9,10,11,12,13,15,16,17,18,19,20,21,23,24,25,26,28,29,30,31
K0,0.05758382007479668,-0.14198480546474457,-0.9881929159164429,0,-0.05973099172115326,0.9875720143318176,-0.14537620544433594,0,0.9965519309043884,0.06739699840545654,0.048387233167886734,0,0.0001100008375942707,1.4918709993362427,-0.024733997881412506,1,0.9888560175895691,0.14875999093055725,0.005930157378315926,0,-0.14869001507759094,0.9888240098953247,-0.010862908326089382,0,-0.0074798427522182465,0.009860089980065823,0.9999229907989502,0,0,0.33013901114463806,0.01850000023841858,1,0.998958945274353,0.04561515152454376,0.0005429322482086718,0,-0.04561283811926842,0.998581051826477,0.027492931112647057,0,0.0007119322544895113,-0.0274890698492527,0.9996219873428345,0,0,0.38576599955558777,0,1,0.998989999294281,0.04472317546606064,0.004315908066928387,0,-0.044826824218034744,0.9986019730567932,0.02801191434264183,0,-0.003057092195376754,-0.028177086263895035,0.9995980262756348,0,0,0.4408760070800781,0,1,0.9941970109939575,-0.1075349748134613,0.0030019860714673996,0,0.10736701637506485,0.9936130046844482,0.034706857055425644,0,-0.006715014576911926,-0.034183140844106674,0.9993929862976074,0,0,0.4959850013256073,0,1,0.9997249841690063,0.011322899721562862,0.020519306883215904,0,-0.007541100960224867,0.9843980073928833,-0.1757960021495819,0,-0.02218969352543354,0.17559298872947693,0.9842129945755005,0,0,0.1798660010099411,-0.24606700241565704,1,0.24263030290603638,0.0276131983846426,-0.969726026058197,0,0.9426880478858948,0.22930969297885895,0.24239493906497955,0,0.22906100749969482,-0.9729620814323425,0.029606852680444717,0,0.49793198704719543,0.5548210144042969,0.07229900360107422,1,0.9931600093841553,-0.09389521926641464,-0.06940551847219467,0,0.046451788395643234,-0.22762174904346466,0.9726409912109375,0,-0.10712451487779617,-0.9692118763923645,-0.2217031568288803,0,0,1.018658995628357,0,1,0.9306271076202393,0.36582157015800476,-0.01034808810800314,0,-0.36584335565567017,0.9292008280754089,-0.052379436790943146,0,-0.009546088054776192,0.05253155902028084,0.9985740184783936,0,0,1.4538730382919312,0,1,-0.20673488080501556,0.02240043133497238,-0.9781410694122314,0,-0.1123935654759407,0.9925760626792908,0.04648593068122864,0,0.9719200134277344,0.11954693496227264,-0.2026822715997696,0,0,1.1429860591888428,0,1,-0.9826630353927612,-0.18498684465885162,-0.01241613645106554,0,-0.18475715816020966,0.9826259613037109,-0.017625266686081886,0,0.015460863709449768,-0.015025731176137924,-0.999768078327179,0,0,0.35460400581359863,0,1,0.9677899479866028,-0.25171518325805664,-0.004676219075918198,0,0.23189783096313477,0.8840580582618713,0.40578895807266235,0,-0.09800922125577927,-0.3938030004501343,0.9139549732208252,0,0,0.09523800015449524,0,1,0.43476584553718567,-0.6511361002922058,0.622093915939331,0,0.9002988934516907,0.29817134141921997,-0.3171049654483795,0,0.020987942814826965,0.69793701171875,0.7158519625663757,0,-0.00279999990016222,0.0880109965801239,-0.040286000818014145,1,0.207044318318367,-0.025189243257045746,0.978006899356842,0,-0.9558981657028198,0.20764265954494476,0.2077118307352066,0,-0.2083079069852829,-0.9778799414634705,0.018912892788648605,0,-0.49793198704719543,0.5549089908599854,0.07386499643325806,1,0.9917619824409485,-0.07883789390325546,0.1009613499045372,0,-0.09842488914728165,0.03543234243988991,0.9945139288902283,0,-0.08198265731334686,-0.996258020401001,0.02738083340227604,0,0,1.0191290378570557,0,1,0.8861929774284363,-0.46300700306892395,0.01694079302251339,0,0.46304798126220703,0.8838419914245605,-0.06639808416366577,0,0.01576979272067547,0.06668591499328613,0.9976490139961243,0,0,1.4567569494247437,0,1,0.9626430869102478,-0.02260473184287548,0.2698279619216919,0,0.021552270278334618,0.9997439980506897,0.006862890440970659,0,-0.26991406083106995,-0.0007911093416623771,0.9628839492797852,0,0,1.1393120288848877,0,1,0.00904115755110979,0.3775627017021179,-0.9259401559829712,0,-0.01885531097650528,0.9258779287338257,0.3773532509803772,0,0.9997809529304504,0.01404716819524765,0.015490055084228516,0,0,0.24576100707054138,0,1,0.9696750640869141,0.24260568618774414,0.029554927721619606,0,-0.18072132766246796,0.630354642868042,0.7549782395362854,0,0.16453194618225098,-0.7374248504638672,0.6550832390785217,0,0,0.10934799909591675,0,1,0.9217559099197388,-0.011156778782606125,0.38761046528816223,0,0.3396112322807312,0.505695104598999,-0.7930558919906616,0,-0.18716461956501007,0.8626401424407959,0.4699160158634186,0,0.009057999588549137,0.09280800074338913,-0.10688500106334686,1,-0.9886711239814758,-0.0569743774831295,0.13886694610118866,0,0.08034063130617142,-0.9823440909385681,0.16895323991775513,0,0.12678906321525574,0.1781957745552063,0.9757920503616333,0,0.49685800075531006,-0.18324799835681915,-0.026024000719189644,1,0.9175230860710144,0.39388802647590637,-0.05480771139264107,0,-0.21977300941944122,0.38735514879226685,-0.8953530192375183,0,-0.33143869042396545,0.8335521221160889,0.44197311997413635,0,0,0.6592109799385071,0,1,0.8815340399742126,0.35891997814178467,-0.3067138195037842,0,0.3762419521808624,-0.14162716269493103,0.9156330227851868,0,0.28520017862319946,-0.9225610494613647,-0.2598901093006134,0,0,0.3310930132865906,0,1,0.9162240624427795,-0.0010042220819741488,0.4006648659706116,0,-0.28273820877075195,0.706917941570282,0.64832603931427,0,-0.2838881313800812,-0.7072949409484863,0.647411048412323,0,0,0.5548920035362244,0,1,-0.9641770124435425,-0.22452981770038605,-0.14123797416687012,0,0.2457381784915924,-0.9565538763999939,-0.15690000355243683,0,-0.09987302124500275,-0.18598699569702148,0.9774630069732666,0,-0.49685800075531006,-0.18324799835681915,-0.002041999949142337,1,0.9797419309616089,-0.18131814897060394,-0.08502619713544846,0,0.1729118376970291,0.9800890684127808,-0.09760463237762451,0,0.10103079676628113,0.0809253603219986,0.9915870428085327,0,0,0.6584960222244263,0,1,0.7760390043258667,-0.30371391773223877,0.5527400970458984,0,-0.33063191175460815,0.5504106283187866,0.7666362524032593,0,-0.537071943283081,-0.7776927947998047,0.32672247290611267,0,0,0.33077099919319153,0,1,0.9086588025093079,-0.001753966324031353,-0.4175354242324829,0,0.30240002274513245,0.6923021078109741,0.6551878452301025,0,0.287911593914032,-0.7216051816940308,0.629597008228302,0,0,0.5504339933395386,0,1
K0.033,0.05681229755282402,-0.14216290414333344,-0.988211989402771,0,-0.0601581409573555,0.9875238537788391,-0.14552240073680878,0,0.9965710043907166,0.06771647185087204,0.04755125194787979,0,-0.0004689697234425694,1.4918220043182373,-0.024808067828416824,1,0.9888629913330078,0.1487099528312683,0.0060064527206122875,0,-0.14865805208683014,0.9888539910316467,-0.008322133682668209,0,-0.00717708095908165,0.007336535025388002,0.9999470114707947,0,0,0.33013901114463806,0.01850000023841858,1,0.998960018157959,0.04559370502829552,0.0008745870436541736,0,-0.04560123383998871,0.9986410737037659,0.02522624097764492,0,0.00027675917954184115,-0.02523987554013729,0.9996811747550964,0,0,0.38576599955558777,0,1,0.9989870190620422,0.04476512596011162,0.004524643998593092,0,-0.044867075979709625,0.9986611008644104,0.02573305182158947,0,-0.0033666433300822973,-0.025909995660185814,0.9996581077575684,0,0,0.4408760070800781,0,1,0.9941950440406799,-0.10755892097949982,0.002839411608874798,0,0.10738901793956757,0.993570864200592,0.03584730625152588,0,-0.006676848046481609,-0.035334259271621704,0.9993528723716736,0,0,0.4959850013256073,0,1,0.9997190237045288,0.011486693285405636,0.020723383873701096,0,-0.007711756508797407,0.9847488403320312,-0.17380934953689575,0,-0.02240382507443428,0.1736006885766983,0.9845607876777649,0,0,0.1798660010099411,-0.24606700241565704,1,0.242659330368042,0.027526186779141426,-0.9697211980819702,0,0.9427661299705505,0.22897179424762726,0.2424136847257614,0,0.22871144115924835,-0.9730440378189087,0.02961139939725399,0,0.49793198704719543,0.5548210144042969,0.07229900360107422,1,0.9929094314575195,-0.09437602013349533,-0.07228086143732071,0,0.04913574084639549,-0.22784091532230377,0.9724572896957397,0,-0.10824515670537949,-0.9691133499145508,-0.2215881049633026,0,0,1.018658995628357,0,1,0.9308739304542542,0.36519354581832886,-0.010313206352293491,0,-0.3652154505252838,0.9294530153274536,-0.05228963494300842,0,-0.009510207921266556,0.05244165658950806,0.9985790848731995,0,0,1.4538730382919312,0,1,-0.20465275645256042,0.021739980205893517,-0.9785927534103394,0,-0.11284385621547699,0.9925640225410461,0.04564934968948364,0,0.9723085165023804,0.11977045238018036,-0.2006777673959732,0,0,1.1429860591888428,0,1,-0.9826628565788269,-0.18498630821704865,-0.012416091747581959,0,-0.18475668132305145,0.9826260805130005,-0.01762576587498188,0,0.0154609065502882,-0.015026235952973366,-0.9997679591178894,0,0,0.35460400581359863,0,1,0.9677899479866028,-0.25171518325805664,-0.004676219075918198,0,0.23189783096313477,0.8840580582618713,0.40578895807266235,0,-0.09800922125577927,-0.3938030004501343,0.9139549732208252,0,0,0.09523800015449524,0,1,0.4347655475139618,-0.6511362791061401,0.6220939755439758,0,0.900299072265625,0.2981710433959961,-0.31710484623908997,0,0.020988039672374725,0.6979370713233948,0.7158519625663757,0,-0.00279999990016222,0.0880109965801239,-0.040286000818014145,1,0.20750795304775238,-0.025021949782967567,0.9779135584831238,0,-0.9559328556060791,0.20704911649227142,0.20814159512519836,0,-0.20768418908119202,-0.9780101776123047,0.019044993445277214,0,-0.49793198704719543,0.5549089908599854,0.07386499643325806,1,0.9914483428001404,-0.07998251169919968,0.10311975330114365,0,-0.1005275622010231,0.0357966385781765,0.9942905902862549,0,-0.08321716636419296,-0.9961538314819336,0.027450060471892357,0,0,1.0191290378570557,0,1,0.8862900137901306,-0.462821900844574,0.016927378252148628,0,0.46286332607269287,0.8839418888092041,-0.06637157499790192,0,0.01575537957251072,0.06665945053100586,0.9976509809494019,0,0,1.4567569494247437,0,1,0.9628769159317017,-0.022890692576766014,0.26896777749061584,0,0.021740475669503212,0.999737024307251,0.007254661060869694,0,-0.26906320452690125,-0.0011378588387742639,0.963121771812439,0,0,1.1393120288848877,0,1,0.00904115755110979,0.3775627017021179,-0.9259401559829712,0,-0.01885531097650528,0.9258779287338257,0.3773532509803772,0,0.9997809529304504,0.01404716819524765,0.015490055084228516,0,0,0.24576100707054138,0,1,0.9696749448776245,0.24260514974594116,0.02955469861626625,0,-0.18072083592414856,0.6303548216819763,0.7549781203269958,0,0.16453170776367188,-0.7374247908592224,0.6550832986831665,0,0,0.10934799909591675,0,1,0.9217560887336731,-0.011157035827636719,0.38760995864868164,0,0.3396109640598297,0.5056949853897095,-0.793056070804596,0,-0.1871640533208847,0.8626399636268616,0.4699159860610962,0,0.009057999588549137,0.09280800074338913,-0.10688500106334686,1,-0.9887449145317078,-0.0578400157392025,0.13797436654567719,0,0.08141627162694931,-0.9817463159561157,0.17188487946987152,0,0.12551409006118774,0.1811838001012802,0.9754065871238708,0,0.49685800075531006,-0.18324799835681915,-0.026024000719189644,1,0.9187123775482178,0.3904309570789337,-0.059421002864837646,0,-0.22192688286304474,0.385930597782135,-0.89543616771698,0,-0.3266737461090088,0.835835874080658,0.44120657444000244,0,0,0.6592109799385071,0,1,0.8808741569519043,0.3604225516319275,-0.3068494200706482,0,0.3760519325733185,-0.139149472117424,0.9160904288291931,0,0.28748196363449097,-0.9223523736000061,-0.25811097025871277,0,0,0.3310930132865906,0,1,0.9164182543754578,-0.0005829501315020025,0.4002215266227722,0,-0.2832203805446625,0.7056093811988831,0.6495394110679626,0,-0.2827787697315216,-0.7086006999015808,0.6464682817459106,0,0,0.5548920035362244,0,1,-0.964221179485321,-0.22445276379585266,-0.14105969667434692,0,0.24564695358276367,-0.9565470814704895,-0.15708494186401367,0,-0.0996720939874649,-0.18611551821231842,0.9774590134620667,0,-0.49685800075531006,-0.18324799835681915,-0.002041999949142337,1,0.9798390865325928,-0.18036381900310516,-0.08592655509710312,0,0.17187927663326263,0.9802663326263428,-0.09764786064624786,0,0.10184313356876373,0.08091026544570923,0.9915049076080322,0,0,0.6584960222244263,0,1,0.7759048342704773,-0.3041186034679413,0.5527059435844421,0,-0.33019933104515076,0.5507445931434631,0.7665828466415405,0,-0.5375317931175232,-0.7772982716560364,0.3269055187702179,0,0,0.33077099919319153,0,1,0.9086588621139526,-0.00175395084079355,-0.41753533482551575,0,0.30240002274513245,0.6923028826713562,0.6551880836486816,0,0.28791165351867676,-0.7216048836708069,0.6295973062515259,0,0,0.5504339933395386,0,1
K0.067,0.05647194758057594,-0.14224180579185486,-0.9882197976112366,0,-0.06058235839009285,0.9874868392944336,-0.14559829235076904,0,0.9965647459030151,0.06809094548225403,0.04714798927307129,0,-0.0009496890706941485,1.4918160438537598,-0.02484176494181156,1,0.9888629913330078,0.14870087802410126,0.006100651808083057,0,-0.14866827428340912,0.9888720512390137,-0.00550542026758194,0,-0.006851424928754568,0.0045371330343186855,0.9999661445617676,0,0,0.33013901114463806,0.01850000023841858,1,0.998960018157959,0.045576903969049454,0.0012717549689114094,0,-0.04559403657913208,0.9987002015113831,0.022767193615436554,0,-0.00023244395561050624,-0.022801514714956284,0.9997402429580688,0,0,0.38576599955558777,0,1,0.9989840388298035,0.04481589049100876,0.004789268132299185,0,-0.04491556063294411,0.9987202286720276,0.02325853332877159,0,-0.003740786574780941,-0.023450009524822235,0.9997182488441467,0,0,0.4408760070800781,0,1,0.9941970109939575,-0.10754216462373734,0.0025949531700462103,0,0.10737362504005432,0.9935309290885925,0.03696827217936516,0,-0.006553815212100744,-0.03647512197494507,0.9993128180503845,0,0,0.4959850013256073,0,1,0.9997169971466064,0.011579373851418495,0.02077466994524002,0,-0.007844704203307629,0.9851366281509399,-0.17159266769886017,0,-0.0224528219550848,0.1713811308145523,0.9849486351013184,0,0,0.1798660010099411,-0.24606700241565704,1,0.242640882730484,0.02749849297106266,-0.9697265028953552,0,0.9428032636642456,0.22884094715118408,0.24239347875118256,0,0.2285785675048828,-0.9730758666992188,0.029600512236356735,0,0.49793198704719543,0.5548210144042969,0.07229900360107422,1,0.992617130279541,-0.09522226452827454,-0.07512648403644562,0,0.05163330212235451,-0.22872695326805115,0.9721205234527588,0,-0.1097509115934372,-0.9688220024108887,-0.22212153673171997,0,0,1.018658995628357,0,1,0.9313557147979736,0.3639664947986603,-0.01024413388222456,0,-0.36398831009864807,0.9299448728561401,-0.0521136149764061,0,-0.009441130794584751,0.05226505920290947,0.9985889792442322,0,0,1.4538730382919312,0,1,-0.20324546098709106,0.02026328630745411,-0.978918194770813,0,-0.11372551321983337,0.9925307035446167,0.04415704682469368,0,0.9725005626678467,0.12030263245105743,-0.19942279160022736,0,0,1.1429860591888428,0,1,-0.982663094997406,-0.1849871426820755,-0.01241608988493681,0,-0.18475747108459473,0.9826259613037109,-0.017625758424401283,0,0.015460913069546223,-0.015026217326521873,-0.999768078327179,0,0,0.35460400581359863,0,1,0.9677897691726685,-0.25171583890914917,-0.004676208831369877,0,0.23189841210842133,0.884057879447937,0.4057888984680176,0,-0.09800948202610016,-0.3938028812408447,0.9139549732208252,0,0,0.09523800015449524,0,1,0.4346291124820709,-0.6511947512626648,0.6221277117729187,0,0.9003632664680481,0.2980375587940216,-0.31704676151275635,0,0.02104177325963974,0.6979390382766724,0.7158479690551758,0,-0.00279999990016222,0.0880109965801239,-0.040286000818014145,1,0.2083502858877182,-0.024941803887486458,0.9777365922927856,0,-0.9558343291282654,0.20668640732765198,0.2089555710554123,0,-0.20729632675647736,-0.978088915348053,0.019222913309931755,0,-0.49793198704719543,0.5549089908599854,0.07386499643325806,1,0.9910765886306763,-0.0813755914568901,0.10556937754154205,0,-0.10293906927108765,0.03587934002280235,0.9940402507781982,0,-0.08467840403318405,-0.9960375428199768,0.027182456105947495,0,0,1.0191290378570557,0,1,0.8862614035606384,-0.4628761410713196,0.016930844634771347,0,0.46291759610176086,0.8839128017425537,-0.06637898087501526,0,0.015759846195578575,0.06666668504476547,0.9976509213447571,0,0,1.4567569494247437,0,1,0.9632969498634338,-0.022802110761404037,0.2674662470817566,0,0.021421417593955994,0.9997379183769226,0.008079327642917633,0,-0.26758038997650146,-0.00205328525044024,0.9635329842567444,0,0,1.1393120288848877,0,1,0.009041685611009598,0.3775624632835388,-0.9259397387504578,0,-0.01885446533560753,0.9258779883384705,0.37735316157341003,0,0.9997809529304504,0.014046194031834602,0.015490228310227394,0,0,0.24576100707054138,0,1,0.9696750640869141,0.24260568618774414,0.029554927721619606,0,-0.18072132766246796,0.630354642868042,0.7549782395362854,0,0.16453194618225098,-0.7374248504638672,0.6550832390785217,0,0,0.10934799909591675,0,1,0.9217562079429626,-0.011156860738992691,0.3876097500324249,0,0.33961066603660583,0.505695104598999,-0.7930561304092407,0,-0.18716414272785187,0.8626399636268616,0.46991607546806335,0,0.009057999588549137,0.09280800074338913,-0.10688500106334686,1,-0.9887546300888062,-0.0583457425236702,0.1376923769712448,0,0.08204329758882523,-0.9814525246620178,0.17326383292675018,0,0.1250293254852295,0.18261215090751648,0.975202739238739,0,0.49685800075531006,-0.18324799835681915,-0.026024000719189644,1,0.9194272756576538,0.38837358355522156,-0.06180351972579956,0,-0.22288215160369873,0.38513511419296265,-0.8955417275428772,0,-0.324001669883728,0.8371595144271851,0.44066479802131653,0,0,0.6592109799385071,0,1,0.8805226683616638,0.36145660281181335,-0.3066411316394806,0,0.37580233812332153,-0.13808174431324005,0.9163543581962585,0,0.288880854845047,-0.9221073389053345,-0.2574203908443451,0,0,0.3310930132865906,0,1,0.9164649844169617,-0.0004822805349249393,0.40011611580848694,0,-0.28333529829978943,0.7052968740463257,0.6498289108276367,0,-0.28251391649246216,-0.7089121341705322,0.6462429761886597,0,0,0.5548920035362244,0,1,-0.9642791152000427,-0.22439627349376678,-0.14075849950313568,0,0.24555008113384247,-0.956545889377594,-0.15724432468414307,0,-0.09935686737298965,-0.18619056046009064,0.9774772524833679,0,-0.49685800075531006,-0.18324799835681915,-0.002041999949142337,1,0.9799034595489502,-0.1796795278787613,-0.0866250991821289,0,0.1711321920156479,0.9803922176361084,-0.09770140051841736,0,0.10248154401779175,0.08091361820697784,0.9914389848709106,0,0,0.6584960222244263,0,1,0.7757894396781921,-0.30439063906669617,0.5527182817459106,0,-0.3298616111278534,0.5510862469673157,0.7664819955825806,0,-0.5379055738449097,-0.7769494652748108,0.32712021470069885,0,0,0.33077099919319153,0,1,0.9086589813232422,-0.001753775984980166,-0.4175359904766083,0,0.3024002015590668,0.6923020482063293,0.6551878452301025,0,0.287911981344223,-0.7216052412986755,0.6295967698097229,0,0,0.5504339933395386,0,1
K0.100,0.05661218985915184,-0.1423606425523758,-0.9881941676139832,0,-0.060988299548625946,0.9874406456947327,-0.14574599266052246,0,0.9965317845344543,0.06851930171251297,0.04721885547041893,0,-0.001372258528135717,1.4918111562728882,-0.02478371560573578,1,0.9888610243797302,0.14871016144752502,0.006213676650077105,0,-0.1486976444721222,0.988879919052124,-0.0024439659900963306,0,-0.006508025340735912,0.0014927841257303953,0.9999780654907227,0,0,0.33013901114463806,0.01850000023841858,1,0.9989599585533142,0.04556506127119064,0.00173844862729311,0,-0.045590922236442566,0.9987552762031555,0.020222816616296768,0,-0.0008148312335833907,-0.020281052216887474,0.9997943639755249,0,0,0.38576599955558777,0,1,0.998979926109314,0.04487351328134537,0.005114235449582338,0,-0.044970229268074036,0.9987742900848389,0.020696859806776047,0,-0.004179221112281084,-0.020905712619423866,0.999772310256958,0,0,0.4408760070800781,0,1,0.9942010641098022,-0.10751151293516159,0.0022668614983558655,0,0.10734932869672775,0.9934998154640198,0.03787443786859512,0,-0.006324064452201128,-0.037411462515592575,0.999279797077179,0,0,0.4959850013256073,0,1,0.99972003698349,0.011911104433238506,0.020439650863409042,0,-0.008280141279101372,0.9855262637138367,-0.16932204365730286,0,-0.022160612046718597,0.16910529136657715,0.9853484034538269,0,0,0.1798660010099411,-0.24606700241565704,1,0.24223756790161133,0.027618393301963806,-0.9698233604431152,0,0.9428598284721375,0.228995680809021,0.2420240342617035,0,0.22876983880996704,-0.9730355143547058,0.029431119561195374,0,0.49793198704719543,0.5548210144042969,0.07229900360107422,1,0.9923669099807739,-0.09564606845378876,-0.0778442993760109,0,0.05408944562077522,-0.2296937257051468,0.9717587232589722,0,-0.11082527786493301,-0.9685518741607666,-0.22276704013347626,0,0,1.018658995628357,0,1,0.9318012595176697,0.36282601952552795,-0.010180707089602947,0,-0.36284777522087097,0.930399477481842,-0.05195006728172302,0,-0.009376712143421173,0.05210118740797043,0.998598039150238,0,0,1.4538730382919312,0,1,-0.2018919289112091,0.01926305703818798,-0.9792179465293884,0,-0.11492200940847397,0.992433488368988,0.04321727156639099,0,0.9726420044898987,0.12125901132822037,-0.19815073907375336,0,0,1.1429860591888428,0,1,-0.9826487898826599,-0.1850598305463791,-0.012416320852935314,0,-0.18483036756515503,0.9826127886772156,-0.017622793093323708,0,0.01546170748770237,-0.015022104606032372,-0.9997678995132446,0,0,0.35460400581359863,0,1,0.9677475094795227,-0.25187966227531433,-0.0046736751683056355,0,0.23204796016216278,0.8840227127075195,0.40578100085258484,0,-0.0980762466788292,-0.3937776982784271,0.9139581322669983,0,0,0.09523800015449524,0,1,0.4344022572040558,-0.6512929201126099,0.6221832633018494,0,0.9004709124565125,0.29781585931777954,-0.31695041060447693,0,0.021131526678800583,0.6979418992996216,0.7158421277999878,0,-0.00279999990016222,0.0880109965801239,-0.040286000818014145,1,0.20896227657794952,-0.0249591376632452,0.977604866027832,0,-0.9556844830513,0.20676745474338531,0.2095557600259781,0,-0.20736728608608246,-0.9780715107917786,0.019353551790118217,0,-0.49793198704719543,0.5549089908599854,0.07386499643325806,1,0.990718424320221,-0.08291082829236984,0.10771836340427399,0,-0.1050826907157898,0.03553509712219238,0.9938287734985352,0,-0.08622686564922333,-0.9959229230880737,0.026492761448025703,0,0,1.0191290378570557,0,1,0.8864138722419739,-0.4625841975212097,0.01690910942852497,0,0.4626253843307495,0.8840678334236145,-0.0663379654288292,0,0.0157381109893322,0.06662553548812866,0.9976540207862854,0,0,1.4567569494247437,0,1,0.9635403752326965,-0.023282427340745926,0.2665489614009857,0,0.021816184744238853,0.9997259378433228,0.008461005054414272,0,-0.2666729688644409,-0.0023374389857053757,0.9637845158576965,0,0,1.1393120288848877,0,1,0.009041114710271358,0.37756308913230896,-0.9259399771690369,0,-0.01885509118437767,0.9258768558502197,0.3773532211780548,0,0.9997809529304504,0.014046994969248772,0.015489946119487286,0,0,0.24576100707054138,0,1,0.9696749448776245,0.24260614812374115,0.02955513447523117,0,-0.18072180449962616,0.6303547024726868,0.7549782395362854,0,0.1645321398973465,-0.7374246716499329,0.6550833582878113,0,0,0.10934799909591675,0,1,0.921779453754425,-0.011111445724964142,0.3875560164451599,0,0.3395387828350067,0.5057146549224854,-0.7930741310119629,0,-0.18718041479587555,0.8626289963722229,0.4699297547340393,0,0.009057999588549137,0.09280800074338913,-0.10688500106334686,1,-0.9886900782585144,-0.058810118585824966,0.13796113431453705,0,0.08258095383644104,-0.9813703298568726,0.1734725385904312,0,0.12518896162509918,0.1829034835100174,0.9751272797584534,0,0.49685800075531006,-0.18324799835681915,-0.026024000719189644,1,0.919725775718689,0.3875690996646881,-0.06241321936249733,0,-0.2228764146566391,0.3846500813961029,-0.8957509994506836,0,-0.3231579661369324,0.8377552032470703,0.4401523768901825,0,0,0.6592109799385071,0,1,0.880426824092865,0.361887663602829,-0.3064085841178894,0,0.3756660521030426,-0.13801990449428558,0.9164195656776428,0,0.2893507182598114,-0.9219484925270081,-0.25746557116508484,0,0,0.3310930132865906,0,1,0.9164634943008423,-0.0004847148375120014,0.40011805295944214,0,-0.2833327353000641,0.7053030729293823,0.6498231291770935,0,-0.28251931071281433,-0.7089053392410278,0.6462468504905701,0,0,0.5548920035362244,0,1,-0.9643093943595886,-0.22446919977664948,-0.14043359458446503,0,0.2455642819404602,-0.9565368890762329,-0.15727625787258148,0,-0.09902617335319519,-0.18614831566810608,0.9775184392929077,0,-0.49685800075531006,-0.18324799835681915,-0.002041999949142337,1,0.9799918532371521,-0.17914874851703644,-0.08673222362995148,0,0.17059367895126343,0.980487048625946,-0.09768711775541306,0,0.10254031419754028,0.08093658089637756,0.9914306402206421,0,0,0.6584960222244263,0,1,0.7756641507148743,-0.30457213521003723,0.5527944564819336,0,-0.32951676845550537,0.551584005355835,0.7662729620933533,0,-0.5382976531982422,-0.7765250205993652,0.32748210430145264,0,0,0.33077099919319153,0,1,0.9086588621139526,-0.00175395084079355,-0.41753533482551575,0,0.30240002274513245,0.6923028826713562,0.6551880836486816,0,0.28791165351867676,-0.7216048836708069,0.6295973062515259,0,0,0.5504339933395386,0,1
K0.134,0.05617024749517441,-0.14232788980007172,-0.98822420835495,0,-0.06182726100087166,0.9873912930488586,-0.1457221508026123,0,0.9965044856071472,0.06928446888923645,0.046662282198667526,0,-0.0019140273798257113,1.491839051246643,-0.024736829102039337,1,0.9888520240783691,0.14876814186573029,0.006356753408908844,0,-0.14877666532993317,0.9888699054718018,0.0009070478263311088,0,-0.006151060573756695,-0.0018426721217110753,0.9999789595603943,0,0,0.33013901114463806,0.01850000023841858,1,0.9989590048789978,0.0455593541264534,0.0022866104263812304,0,-0.045592792332172394,0.9988033771514893,0.017708754166960716,0,-0.0014770739944651723,-0.017794566228985786,0.9998403191566467,0,0,0.38576599955558777,0,1,0.9989749789237976,0.04493693262338638,0.0055118752643466,0,-0.04503018781542778,0.9988203048706055,0.01816214993596077,0,-0.0046892231330275536,-0.018391739577054977,0.999820351600647,0,0,0.4408760070800781,0,1,0.994204044342041,-0.10748998075723648,0.0018889271887019277,0,0.10733762383460999,0.9934730529785156,0.03859199211001396,0,-0.006024851463735104,-0.03816556930541992,0.9992528557777405,0,0,0.4959850013256073,0,1,0.9997271299362183,0.012115436606109142,0.019949838519096375,0,-0.008613214828073978,0.9859014749526978,-0.1671072095632553,0,-0.021693149581551552,0.1668897569179535,0.9857367277145386,0,0,0.1798660010099411,-0.24606700241565704,1,0.2413802444934845,0.027692435309290886,-0.9700353145599365,0,0.9430031180381775,0.22927911579608917,0.24119903147220612,0,0.22908812761306763,-0.972966730594635,0.029229404404759407,0,0.49793198704719543,0.5548210144042969,0.07229900360107422,1,0.9921861290931702,-0.09532267600297928,-0.0805048942565918,0,0.05665595084428787,-0.23066642880439758,0.9713817834854126,0,-0.11116445809602737,-0.9683524370193481,-0.22346338629722595,0,0,1.018658995628357,0,1,0.9321978092193604,0.36180758476257324,-0.010123462416231632,0,-0.3618292510509491,0.9308041334152222,-0.05180494859814644,0,-0.009320463053882122,0.05195542424917221,0.9986061453819275,0,0,1.4538730382919312,0,1,-0.201258584856987,0.018104201182723045,-0.9793710708618164,0,-0.11609561741352081,0.9923407435417175,0.04220134764909744,0,0.9726341962814331,0.12219411879777908,-0.1976153403520584,0,0,1.1429860591888428,0,1,-0.9826146960258484,-0.18524369597434998,-0.012418082915246487,0,-0.18501408398151398,0.9825776219367981,-0.017615795135498047,0,0.015464949421584606,-0.01501202117651701,-0.9997681379318237,0,0,0.35460400581359863,0,1,0.9676875472068787,-0.2521079182624817,-0.004670920316129923,0,0.23225653171539307,0.8839723467826843,0.4057700037956238,0,-0.09816890209913254,-0.3937435746192932,0.9139630794525146,0,0,0.09523800015449524,0,1,0.43408888578414917,-0.6514275670051575,0.6222615242004395,0,0.9006195664405823,0.2975099980831146,-0.3168165385723114,0,0.021253952756524086,0.6979471445083618,0.715833842754364,0,-0.00279999990016222,0.0880109965801239,-0.040286000818014145,1,0.20899945497512817,-0.025065124034881592,0.9775947332382202,0,-0.955579400062561,0.2072034329175949,0.20960544049739838,0,-0.20781473815441132,-0.9779765605926514,0.01935366354882717,0,-0.49793198704719543,0.5549089908599854,0.07386499643325806,1,0.9902810454368591,-0.08535465598106384,0.10981233417987823,0,-0.10716469585895538,0.035019103437662125,0.9936242699623108,0,-0.08865591138601303,-0.9957345128059387,0.02553172968327999,0,0,1.0191290378570557,0,1,0.8865627646446228,-0.46230071783065796,0.016887588426470757,0,0.4623420238494873,0.8842201828956604,-0.0662965402007103,0,0.01571658067405224,0.06658384203910828,0.997657060623169,0,0,1.4567569494247437,0,1,0.9634532332420349,-0.023361539468169212,0.26685577630996704,0,0.021500471979379654,0.9997199773788452,0.009894106537103653,0,-0.26701226830482483,-0.0037949844263494015,0.9636860489845276,0,0,1.1393120288848877,0,1,0.009041938930749893,0.3776008188724518,-0.9259246587753296,0,-0.01884981244802475,0.925861656665802,0.3773910105228424,0,0.9997809529304504,0.014041182585060596,0.015489289537072182,0,0,0.24576100707054138,0,1,0.9696748852729797,0.24260550737380981,0.02955469861626625,0,-0.18072107434272766,0.6303547024726868,0.7549781799316406,0,0.16453197598457336,-0.7374247908592224,0.6550832986831665,0,0,0.10934799909591675,0,1,0.9218366146087646,-0.010996955446898937,0.38742169737815857,0,0.33935901522636414,0.5057646632194519,-0.7931194305419922,0,-0.18722231686115265,0.8626016974449158,0.4699643552303314,0,0.009057999588549137,0.09280800074338913,-0.10688500106334686,1,-0.9886891841888428,-0.0588294118642807,0.13795995712280273,0,0.08256734907627106,-0.9814159274101257,0.17321926355361938,0,0.12520569562911987,0.18265096843242645,0.9751725196838379,0,0.49685800075531006,-0.18324799835681915,-0.026024000719189644,1,0.9198184609413147,0.3873410224914551,-0.06245342269539833,0,-0.22270722687244415,0.3844117820262909,-0.8958960771560669,0,-0.3230094611644745,0.8379706144332886,0.43985268473625183,0,0,0.6592109799385071,0,1,0.8804075121879578,0.3621417284011841,-0.3061627149581909,0,0.3754889667034149,-0.13803456723690033,0.9164904356002808,0,0.289638489484787,-0.9218461513519287,-0.25750699639320374,0,0,0.3310930132865906,0,1,0.9163943529129028,-0.0006366765010170639,0.40027764439582825,0,-0.2831592261791229,0.7057750225067139,0.6493863463401794,0,-0.2829192876815796,-0.7084360122680664,0.6465876698493958,0,0,0.5548920035362244,0,1,-0.9643901586532593,-0.22415681183338165,-0.14037734270095825,0,0.24530267715454102,-0.9565078020095825,-0.15785843133926392,0,-0.09888702630996704,-0.1866721510887146,0.9774332642555237,0,-0.49685800075531006,-0.18324799835681915,-0.002041999949142337,1,0.9801325798034668,-0.17813198268413544,-0.08723616600036621,0,0.1695300191640854,0.9806667566299438,-0.09773724526166916,0,0.10295968502759933,0.08100625872612,0.9913816452026367,0,0,0.6584960222244263,0,1,0.7754958868026733,-0.30510213971138,0.552737832069397,0,-0.328988641500473,0.551946222782135,0.7662391066551208,0,-0.5388627052307129,-0.7760597467422485,0.3276568651199341,0,0,0.33077099919319153,0,1,0.9086588025093079,-0.001753966324031353,-0.4175354242324829,0,0.30240002274513245,0.6923021078109741,0.6551878452301025,0,0.287911593914032,-0.7216051816940308,0.629597008228302,0,0,0.5504339933395386,0,1
