3.133,30,94,25
B0,mixamorig_Hips,-1,-0.7594748735427856,-0.13163691759109497,0.6370791792869568,0,-0.12759703397750854,0.9904339909553528,0.05253811180591583,0,-0.6379008293151855,-0.04138804227113724,-0.7690061330795288,0,-0.004953000228852034,0.36152398586273193,0.00408599991351366,1
B1,mixamorig_Spine,0,0.9912310242652893,-0.12211210280656815,-0.050491198897361755,0,0.12055990844964981,0.9921659827232361,-0.032733626663684845,0,0.054092854261398315,0.02635938674211502,0.9981880784034729,0,-0.0067900000140070915,0.0983780026435852,0,1
B2,mixamorig_Spine1,1,0.9891790747642517,-0.10555767267942429,-0.10189172625541687,0,0.09899032115936279,0.992796003818512,-0.06750386208295822,0,0.10828331112861633,0.05668714642524719,0.9925029277801514,0,0,0.11504700034856796,0,1
B3,mixamorig_Spine2,2,0.9884280562400818,0.10052396357059479,-0.11359775811433792,0,-0.1062050610780716,0.9933209419250488,-0.04510212317109108,0,0.10830524563789368,0.05664488673210144,0.9925029277801514,0,0,0.13148200511932373,0,1
B4,mixamorig_Neck,3,0.9807799458503723,-0.10770488530397415,-0.16269510984420776,0,0.10840906202793121,0.9940959811210632,-0.004570248536765575,0,0.1622268706560135,-0.01315522100776434,0.9866660237312317,0,0,0.1479180008172989,0,1
B5,mixamorig_Head,4,0.9169899225234985,0.06647861003875732,-0.3933311700820923,0,-0.09627832472324371,0.9937499761581421,-0.05649981647729874,0,0.38711676001548767,0.08967901766300201,0.9176590442657471,0,0.08036000281572342,0.05093200132250786,0,1
B6,mixamorig_HeadTop_End,5,1,0,0,0,0,1,0,0,0,0,1,0,0.4553599953651428,0.2886100113391876,0,1
B7,mixamorig_LeftShoulder,3,-0.9819358587265015,-0.06223669648170471,-0.17868705093860626,0,0.14281581342220306,0.37570104002952576,-0.9156699776649475,0,0.12412121891975403,-0.9246488809585571,-0.36002597212791443,0,-0.01741199940443039,0.16753800213336945,-0.1401679962873459,1
B8,mixamorig_LeftArm,7,-0.9852179288864136,0.102043017745018,-0.1375950574874878,0,-0.09960389882326126,0.3122522830963135,0.9447628855705261,0,0.13937093317508698,0.944503128528595,-0.29747283458709717,0,0,0.28546199202537537,0,1
B9,mixamorig_LeftForeArm,8,0.8436809182167053,-0.4031079411506653,0.354550302028656,0,0.4768469035625458,0.8660950064659119,-0.14998392760753632,0,-0.24661466479301453,0.295604944229126,0.9229291081428528,0,0,0.47466498613357544,0,1
B10,mixamorig_LeftHand,9,1,0,0,0,0,1,0,0,0,0,1,0,0,0.37773698568344116,0,1
B11,mixamorig_RightShoulder,3,0.9152780771255493,0.09632312506437302,-0.3911358416080475,0,0.32112324237823486,0.4117477238178253,0.8528439998626709,0,0.24319806694984436,-0.9061928391456604,0.3459323048591614,0,-0.006037000101059675,0.16675199568271637,0.1401679962873459,1
B12,mixamorig_RightArm,11,0.7974540591239929,0.47770795226097107,0.3685939610004425,0,-0.45423224568367004,0.0731942281126976,0.8878709077835083,0,0.3971642851829529,-0.8754640221595764,0.27535954117774963,0,0,0.28337401151657104,0,1
B13,mixamorig_RightForeArm,12,0.6708990931510925,-0.6933389902114868,-0.26301276683807373,0,0.735783040523529,0.666549026966095,0.11973484605550766,0,0.09229403734207153,-0.2738502323627472,0.9573338627815247,0,0,0.47326499223709106,0,1
B14,mixamorig_RightHand,13,1,0,0,0,0,1,0,0,0,0,1,0,0,0.3721269965171814,0,1
B15,mixamorig_LeftUpLeg,0,-0.2912369668483734,-0.9361570477485657,0.19695669412612915,0,0.4780609905719757,-0.3207513093948364,-0.8176649212837219,0,0.8286371231079102,-0.14397692680358887,0.5409548878669739,0,-0.0041229999624192715,-0.05461600050330162,-0.1481180042028427,1
B16,mixamorig_LeftLeg,15,-0.0870761051774025,0.06559701263904572,-0.9940399527549744,0,0.9740029573440552,0.2150784134864807,-0.07112781703472137,0,0.2091306895017624,-0.9743910431861877,-0.08261983096599579,0,0,0.19472600519657135,0,1
B17,mixamorig_LeftFoot,16,-0.9673839807510376,-0.253294438123703,-0.0032009135466068983,0,-0.1012137234210968,0.39807799458503723,-0.9117510914802551,0,0.23221565783023834,-0.8816891312599182,-0.41073113679885864,0,0,0.13343800604343414,0,1
B18,mixamorig_LeftToeBase,17,0.9768610000610352,-0.08112125098705292,-0.19789285957813263,0,0.18276789784431458,0.7971778512001038,0.5754162073135376,0,0.11107727885246277,-0.5982698798179626,0.7935580611228943,0,0,0.2164130061864853,0,1
B19,mixamorig_LeftToe_End,18,1,0,0,0,0,1,0,0,0,0,1,0,0,0.11081799864768982,0,1
B20,mixamorig_RightUpLeg,0,-0.8872999548912048,-0.4397420287132263,0.13901491463184357,0,0.3937419056892395,-0.5653497576713562,0.7248082160949707,0,-0.2401367574930191,0.6978588104248047,0.6747801899909973,0,0.002217999892309308,-0.05461600050330162,0.1481180042028427,1
B21,mixamorig_RightLeg,20,0.013439882546663284,-0.07476204633712769,0.9971110820770264,0,0.9956949949264526,0.09246411174535751,-0.0064879776909947395,0,-0.09171188622713089,0.9929050803184509,0.07568283379077911,0,0,0.1946520060300827,0,1
B22,mixamorig_RightFoot,21,0.7091800570487976,0.5995540618896484,0.3709428608417511,0,-0.20903000235557556,-0.32367727160453796,0.9227888584136963,0,0.6733279228210449,-0.7319620251655579,-0.10422074794769287,0,0,0.13569900393486023,0,1
B23,mixamorig_RightToeBase,22,0.991454005241394,0.056710585951805115,0.11748414486646652,0,-0.1117902398109436,0.8335261344909668,0.5410527586936951,0,-0.06724262982606888,-0.5495621562004089,0.8327418565750122,0,0,0.22100700438022614,0,1
B24,mixamorig_RightToe_End,23,1,0,0,0,0,1,0,0,0,0,1,0,0,0.11006999760866165,0,1
@20,0,1,2,3,4,5,7,8,9,11,12,13,15,16,17,18,20,21,22,23
K0,0.637079119682312,-0.13163693249225616,0.7594748735427856,0,0.052538078278303146,0.9904339909553528,0.12759707868099213,0,-0.7690061330795288,-0.04138808697462082,0.6379007697105408,0,0.004085999447852373,0.36152398586273193,0.004953000228852034,1,0.9912310242652893,-0.12211209535598755,-0.05049118027091026,0,0.12055990099906921,0.9921659827232361,-0.03273361921310425,0,0.054092828184366226,0.026359381154179573,0.9981880784034729,0,-0.0067900000140070915,0.0983780026435852,0,1,0.9891790747642517,-0.10555768013000488,-0.10189171135425568,0,0.09899032860994339,0.992796003818512,-0.06750386208295822,0,0.10828329622745514,0.05668714642524719,0.9925029277801514,0,0,0.11504700034856796,0,1,0.9884280562400818,0.10052395612001419,-0.11359775066375732,0,-0.106205053627491,0.9933209419250488,-0.04510211572051048,0,0.10830523818731308,0.056644879281520844,0.9925029277801514,0,0,0.13148200511932373,0,1,0.9807799458503723,-0.10770490765571594,-0.16269512474536896,0,0.1084090918302536,0.9940959811210632,-0.004570237826555967,0,0.16222688555717468,-0.013155236840248108,0.9866660237312317,0,0,0.1479180008172989,0,1,0.9169899225234985,0.06647861748933792,-0.3933311998844147,0,-0.09627837687730789,0.9937499761581421,-0.056499894708395004,0,0.38711678981781006,0.08967911452054977,0.9176590442657471,0,0.08036000281572342,0.05093200132250786,0,1,-0.9819358587265015,-0.062236662954092026,-0.17868687212467194,0,0.14281566441059113,0.37570104002952576,-0.9156699776649475,0,0.12412112206220627,-0.9246488809585571,-0.36002597212791443,0,-0.01741199940443039,0.16753800213336945,-0.1401679962873459,1,-0.9852179288864136,0.10204295814037323,-0.13759510219097137,0,-0.09960395842790604,0.3122522830963135,0.9447628855705261,0,0.1393708884716034,0.944503128528595,-0.29747283458709717,0,0,0.28546199202537537,0,1,0.8436808586120605,-0.40310797095298767,0.3545503318309784,0,0.47684696316719055,0.8660950064659119,-0.1499839723110199,0,-0.24661466479301453,0.29560503363609314,0.9229291081428528,0,0,0.47466498613357544,0,1,0.9152780771255493,0.09632321447134018,-0.3911358416080475,0,0.32112324237823486,0.41174760460853577,0.8528441190719604,0,0.24319811165332794,-0.90619295835495,0.34593215584754944,0,-0.006037000101059675,0.16675199568271637,0.1401679962873459,1,0.7974541783332825,0.47770774364471436,0.36859405040740967,0,-0.45423227548599243,0.07319430261850357,0.8878708481788635,0,0.39716407656669617,-0.8754640817642212,0.27535954117774963,0,0,0.28337401151657104,0,1,0.6708990335464478,-0.693338930606842,-0.2630128562450409,0,0.735783040523529,0.666549026966095,0.1197347640991211,0,0.09229414910078049,-0.2738502323627472,0.9573338627815247,0,0,0.47326499223709106,0,1,-0.29123687744140625,-0.9361570477485657,0.19695675373077393,0,0.478060781955719,-0.32075124979019165,-0.8176650404930115,0,0.8286372423171997,-0.14397691190242767,0.5409547090530396,0,-0.0041229999624192715,-0.05461600050330162,-0.1481180042028427,1,-0.08707667887210846,0.06559713184833527,-0.9940399527549744,0,0.9740028977394104,0.2150784134864807,-0.07112832367420197,0,0.20913065969944,-0.9743910431861877,-0.08262009918689728,0,0,0.19472600519657135,0,1,-0.967383861541748,-0.2532944977283478,-0.003201197599992156,0,-0.10121351480484009,0.39807814359664917,-0.9117510318756104,0,0.23221580684185028,-0.8816890120506287,-0.41073110699653625,0,0,0.13343800604343414,0,1,0.9768610000610352,-0.08112119883298874,-0.19789275527000427,0,0.18276777863502502,0.7971779108047485,0.5754161477088928,0,0.11107724159955978,-0.5982698202133179,0.7935580611228943,0,0,0.2164130061864853,0,1,-0.8872998952865601,-0.4397420883178711,0.1390148401260376,0,0.3937419056892395,-0.5653497576713562,0.7248081564903259,0,-0.24013683199882507,0.6978587508201599,0.6747802495956421,0,0.002217999892309308,-0.05461600050330162,0.1481180042028427,1,0.013439941219985485,-0.0747620090842247,0.9971110820770264,0,0.9956949949264526,0.09246416389942169,-0.006488007493317127,0,-0.09171191602945328,0.9929050207138062,0.07568283379077911,0,0,0.1946520060300827,0,1,0.7091801166534424,0.5995538830757141,0.3709428906440735,0,-0.20903007686138153,-0.3236772418022156,0.9227887988090515,0,0.6733278036117554,-0.7319620847702026,-0.10422071069478989,0,0,0.13569900393486023,0,1,0.9914539456367493,0.05671063810586929,0.11748428642749786,0,-0.11179035902023315,0.8335261344909668,0.5410527586936951,0,-0.06724271923303604,-0.5495621562004089,0.8327418565750122,0,0,0.22100700438022614,0,1
K0.033,0.597147524356842,-0.11235111206769943,0.794224202632904,0,0.03873996064066887,0.993026077747345,0.11134650558233261,0,-0.8011951446533203,-0.03572208061814308,0.5973355174064636,0,0.004441002383828163,0.36154600977897644,0.004040001425892115,1,0.9910669922828674,-0.1232999637722969,-0.050835657864809036,0,0.12178611010313034,0.9920439720153809,-0.03188292309641838,0,0.05436234921216965,0.025407029315829277,0.9981979131698608,0,-0.0067900000140070915,0.0983780026435852,0,1,0.988726019859314,-0.10799804329872131,-0.10371590405702591,0,0.10134909301996231,0.992565929889679,-0.0673830658197403,0,0.11022219806909561,0.05611191689968109,0.9923220276832581,0,0,0.11504700034856796,0,1,0.9881329536437988,0.09798208624124527,-0.11828728020191193,0,-0.10362477600574493,0.993707001209259,-0.04251999408006668,0,0.11337681114673615,0.05427295342087746,0.9920690059661865,0,0,0.13148200511932373,0,1,0.9804389476776123,-0.11333306133747101,-0.16091838479042053,0,0.11423206329345703,0.9934470057487488,-0.0036840306129306555,0,0.16028152406215668,-0.014770081266760826,0.9869610667228699,0,0,0.1479180008172989,0,1,0.9185450673103333,0.05902855470776558,-0.3908839225769043,0,-0.0896562859416008,0.99413001537323,-0.06055835261940956,0,0.38501498103141785,0.09067083895206451,0.9184460639953613,0,0.08036000281572342,0.05093200132250786,0,1,-0.9852100014686584,-0.060884006321430206,-0.16016961634159088,0,0.1253937929868698,0.38087907433509827,-0.9160829782485962,0,0.11677998304367065,-0.9226178526878357,-0.3676111400127411,0,-0.01741199940443039,0.16753800213336945,-0.1401679962873459,1,-0.9880660772323608,0.08968588709831238,-0.12523174285888672,0,-0.09074579179286957,0.3180221915245056,0.9437299370765686,0,0.12446574121713638,0.9438319206237793,-0.30608823895454407,0,0,0.28546199202537537,0,1,0.8394428491592407,-0.41461604833602905,0.3513253331184387,0,0.4886622726917267,0.8587499260902405,-0.15413793921470642,0,-0.23779238760471344,0.3010692000389099,0.9234780669212341,0,0,0.47466498613357544,0,1,0.911349892616272,0.10133599489927292,-0.39896416664123535,0,0.32981613278388977,0.40016594529151917,0.8550369143486023,0,0.24629801511764526,-0.9108230471611023,0.3312690854072571,0,-0.006037000101059675,0.16675199568271637,0.1401679962873459,1,0.8337942957878113,0.44332560896873474,0.3290126323699951,0,-0.4149746298789978,0.11021529883146286,0.9031330943107605,0,0.3641197681427002,-0.8895591497421265,0.27586573362350464,0,0,0.28337401151657104,0,1,0.6673659682273865,-0.6944108009338379,-0.26910239458084106,0,0.7396918535232544,0.6600230932235718,0.13124370574951172,0,0.08647673577070236,-0.2866404056549072,0.9541268944740295,0,0,0.47326499223709106,0,1,-0.36477789282798767,-0.9128196239471436,0.1835666447877884,0,0.4351658225059509,-0.3414342403411865,-0.8330980539321899,0,0.8231447339057922,-0.22401395440101624,0.5217759013175964,0,-0.0041229999624192715,-0.05461600050330162,-0.1481180042028427,1,-0.08857383579015732,0.08199168741703033,-0.9926890134811401,0,0.9823351502418518,0.17211900651454926,-0.07343374937772751,0,0.16483977437019348,-0.9816582202911377,-0.09578859806060791,0,0,0.19472600519657135,0,1,-0.9546759128570557,-0.29743140935897827,-0.011361273936927319,0,-0.09122291207313538,0.3287079632282257,-0.940015435218811,0,0.28332453966140747,-0.8963732719421387,-0.34094199538230896,0,0,0.13343800604343414,0,1,0.980254054069519,-0.07290284335613251,-0.18381497263908386,0,0.16726668179035187,0.8015033602714539,0.5741206407546997,0,0.10547317564487457,-0.5935295820236206,0.7978702783584595,0,0,0.2164130061864853,0,1,-0.8657458424568176,-0.46815887093544006,0.17694881558418274,0,0.4424346089363098,-0.5506286025047302,0.7078558206558228,0,-0.23395594954490662,0.69111168384552,0.6838343143463135,0,0.002217999892309308,-0.05461600050330162,0.1481180042028427,1,-0.001709139789454639,-0.06961247324943542,0.9975730180740356,0,0.9961749911308289,0.08702894300222397,0.007779763545840979,0,-0.08735936880111694,0.9937711358070374,0.06919747591018677,0,0,0.1946520060300827,0,1,0.7233090400695801,0.584754228591919,0.3672695755958557,0,-0.22996295988559723,-0.2975253164768219,0.9266040921211243,0,0.6511076092720032,-0.7546793818473816,-0.0807308703660965,0,0,0.13569900393486023,0,1,0.9914789795875549,0.05641193315386772,0.11741626262664795,0,-0.11169204115867615,0.8320029377937317,0.5434120893478394,0,-0.0670357346534729,-0.5518960356712341,0.8312140107154846,0,0,0.22100700438022614,0,1
K0.067,0.5580751299858093,-0.09249640256166458,0.8246188759803772,0,0.024473579600453377,0.995169997215271,0.0950639545917511,0,-0.8294295072555542,-0.03287147358059883,0.5576435923576355,0,0.004725996870547533,0.3614470064640045,0.004188998602330685,1,0.9906440377235413,-0.1264416128396988,-0.05134894698858261,0,0.1250433325767517,0.9917099475860596,-0.029600922018289566,0,0.05466603860259056,0.02290312573313713,0.9982419610023499,0,-0.0067900000140070915,0.0983780026435852,0,1,0.9875130653381348,-0.11442988365888596,-0.10827982425689697,0,0.10759700834751129,0.9919350147247314,-0.06698904931545258,0,0.1150720939040184,0.0545019693672657,0.9918609857559204,0,0,0.11504700034856796,0,1,0.9882150292396545,0.09124420583248138,-0.1229075938463211,0,-0.09679392725229263,0.9945020079612732,-0.03995409607887268,0,0.11858630925416946,0.051379963755607605,0.9916139841079712,0,0,0.13148200511932373,0,1,0.9806410074234009,-0.11815053224563599,-0.15615029633045197,0,0.11940935254096985,0.9928439259529114,-0.0013277820544317365,0,0.15518979728221893,-0.017343735322356224,0.9877320528030396,0,0,0.1479180008172989,0,1,0.921899139881134,0.04949971288442612,-0.38425585627555847,0,-0.08307944238185883,0.9939910173416138,-0.07127697765827179,0,0.37841829657554626,0.09763385355472565,0.9204709529876709,0,0.08036000281572342,0.05093200132250786,0,1,-0.9890230298042297,-0.05890222266316414,-0.1355108767747879,0,0.10244942456483841,0.3875008821487427,-0.91615891456604,0,0.10647446662187576,-0.9199860095977783,-0.37721312046051025,0,-0.01741199940443039,0.16753800213336945,-0.1401679962873459,1,-0.9925978779792786,0.07450556010007858,-0.09590908885002136,0,-0.06591766327619553,0.3327595293521881,0.9407051205635071,0,0.10200241953134537,0.9400639533996582,-0.32538512349128723,0,0,0.28546199202537537,0,1,0.8365361094474792,-0.4284006953239441,0.3415852189064026,0,0.5015019774436951,0.8497730493545532,-0.16242264211177826,0,-0.22068801522254944,0.30717816948890686,0.9257099032402039,0,0,0.47466498613357544,0,1,0.9058131575584412,0.10275198519229889,-0.4110287129878998,0,0.3418918550014496,0.39569565653800964,0.8523703217506409,0,0.25022509694099426,-0.9126158952713013,0.32329636812210083,0,-0.006037000101059675,0.16675199568271637,0.1401679962873459,1,0.8672995567321777,0.4059907793998718,0.28803348541259766,0,-0.3690420985221863,0.13609611988067627,0.9193939566612244,0,0.33406537771224976,-0.9036868810653687,0.2678638994693756,0,0,0.28337401151657104,0,1,0.6751351952552795,-0.6827769875526428,-0.27929961681365967,0,0.7317062020301819,0.6679457426071167,0.1358492225408554,0,0.09380220621824265,-0.29608163237571716,0.950545072555542,0,0,0.47326499223709106,0,1,-0.44560128450393677,-0.8821474313735962,0.15249724686145782,0,0.41548705101013184,-0.3546728789806366,-0.8376030921936035,0,0.7929754257202148,-0.30987611413002014,0.5245630145072937,0,-0.0041229999624192715,-0.05461600050330162,-0.1481180042028427,1,-0.07650996744632721,0.07428112626075745,-0.994297981262207,0,0.9951409697532654,0.06767433136701584,-0.07151903957128525,0,0.061976004391908646,-0.9949389696121216,-0.07909803092479706,0,0,0.19472600519657135,0,1,-0.9359531998634338,-0.35149794816970825,-0.021017026156187057,0,-0.06411082297563553,0.22879177331924438,-0.9713618755340576,0,0.3462403416633606,-0.9078019857406616,-0.23667337000370026,0,0,0.13343800604343414,0,1,0.9824530482292175,-0.04991333559155464,-0.17970865964889526,0,0.14054013788700104,0.8315607309341431,0.5373592972755432,0,0.122617207467556,-0.553186297416687,0.8239837884902954,0,0,0.2164130061864853,0,1,-0.8515493273735046,-0.4725211262702942,0.22712787985801697,0,0.48573750257492065,-0.5480510592460632,0.6809543371200562,0,-0.19728773832321167,0.6901910305023193,0.6962140202522278,0,0.002217999892309308,-0.05461600050330162,0.1481180042028427,1,-0.010855172760784626,-0.07925795763731003,0.9967949986457825,0,0.9965870380401611,0.08071684092283249,0.017270881682634354,0,-0.08182710409164429,0.9935810565948486,0.07811125367879868,0,0,0.1946520060300827,0,1,0.7231841683387756,0.58614182472229,0.3652959167957306,0,-0.24092704057693481,-0.2815883755683899,0.9287958741188049,0,0.6472699642181396,-0.7597010731697083,-0.06242291256785393,0,0,0.13569900393486023,0,1,0.9915491342544556,0.05558502674102783,0.11722268164157867,0,-0.11140798032283783,0.8278140425682068,0.5498289465904236,0,-0.06647633016109467,-0.5582420229911804,0.827010989189148,0,0,0.22100700438022614,0,1
K0.100,0.5171447992324829,-0.0724460631608963,0.8528260588645935,0,0.011094415560364723,0.9968950152397156,0.0779569149017334,0,-0.8558260202407837,-0.030853422358632088,0.5163429975509644,0,0.0054329996928572655,0.3605870008468628,0.003951000515371561,1,0.9900239706039429,-0.13089890778064728,-0.05213862285017967,0,0.12968207895755768,0.991212010383606,-0.026088347658514977,0,0.0550953708589077,0.019066644832491875,0.9982990026473999,0,-0.0067900000140070915,0.0983780026435852,0,1,0.9857469201087952,-0.12351317703723907,-0.11422421038150787,0,0.11648981273174286,0.9909790754318237,-0.06626876443624496,0,0.12137879431247711,0.052018243819475174,0.991241991519928,0,0,0.11504700034856796,0,1,0.9884909987449646,0.08163176476955414,-0.12736491858959198,0,-0.08701422810554504,0.9955090284347534,-0.03727571666240692,0,0.12375006824731827,0.04792927950620651,0.9911549687385559,0,0,0.13148200511932373,0,1,0.9811850786209106,-0.1225086972117424,-0.14922188222408295,0,0.12420132011175156,0.992254912853241,0.002041424158960581,0,0.14781612157821655,-0.020536577329039574,0.9888020157814026,0,0,0.1479180008172989,0,1,0.9264159202575684,0.038742389529943466,-0.37450215220451355,0,-0.0764906033873558,0.9933149814605713,-0.08645803481340408,0,0.3686489164829254,0.10874196887016296,0.9231860041618347,0,0.08036000281572342,0.05093200132250786,0,1,-0.9940540790557861,-0.05561225116252899,-0.09361075609922409,0,0.06391724199056625,0.3979748487472534,-0.915166974067688,0,0.08814924210309982,-0.9157090187072754,-0.39205402135849,0,-0.01741199940443039,0.16753800213336945,-0.1401679962873459,1,-0.9971979260444641,0.04642286151647568,-0.05866525322198868,0,-0.03890885412693024,0.3479412794113159,0.9367088675498962,0,0.06389672309160233,0.9363661408424377,-0.3451597988605499,0,0,0.28546199202537537,0,1,0.8337680101394653,-0.44470199942588806,0.3272169828414917,0,0.5154809355735779,0.8392881155014038,-0.17284679412841797,0,-0.19776400923728943,0.3127882182598114,0.9290069341659546,0,0,0.47466498613357544,0,1,0.8964120745658875,0.10435017198324203,-0.4307618737220764,0,0.3615681827068329,0.3899456560611725,0.8468831777572632,0,0.25634610652923584,-0.9149059653282166,0.31182220578193665,0,-0.006037000101059675,0.16675199568271637,0.1401679962873459,1,0.8995810747146606,0.3537987172603607,0.2560860812664032,0,-0.330914169549942,0.16945819556713104,0.9283209443092346,0,0.28504306077957153,-0.9198431372642517,0.26951858401298523,0,0,0.28337401151657104,0,1,0.681451141834259,-0.6724957227706909,-0.28874531388282776,0,0.7245252728462219,0.6756247282028198,0.13636186718940735,0,0.10338067263364792,-0.30212709307670593,0.9476450085639954,0,0,0.47326499223709106,0,1,-0.5229884386062622,-0.8433027267456055,0.12378638982772827,0,0.3700345456600189,-0.35547393560409546,-0.8583199381828308,0,0.7678267359733582,-0.4030863642692566,0.49796009063720703,0,-0.0041229999624192715,-0.05461600050330162,-0.1481180042028427,1,-0.05095390975475311,0.057668689638376236,-0.9970350861549377,0,0.997409999370575,-0.047816045582294464,-0.05373875051736832,0,-0.0507732592523098,-0.997189998626709,-0.05508286878466606,0,0,0.19472600519657135,0,1,-0.8936929106712341,-0.4452150762081146,0.05563710257411003,0,-0.11475493758916855,0.10693088173866272,-0.987622082233429,0,0.43375515937805176,-0.8890159130096436,-0.14665408432483673,0,0,0.13343800604343414,0,1,0.9695499539375305,-0.01352003775537014,-0.24452120065689087,0,0.1313699334859848,0.8713681697845459,0.47271475195884705,0,0.20667682588100433,-0.4904431998729706,0.8466109037399292,0,0,0.2164130061864853,0,1,-0.8370789289474487,-0.46457937359809875,0.28890395164489746,0,0.5282466411590576,-0.548991322517395,0.6477380990982056,0,-0.142319917678833,0.694819986820221,0.7049610614776611,0,0.002217999892309308,-0.05461600050330162,0.1481180042028427,1,-0.01653939299285412,-0.09639132022857666,0.9952059984207153,0,0.99686598777771,0.07541884481906891,0.02387172542512417,0,-0.07735833525657654,0.99248206615448,0.094841867685318,0,0,0.1946520060300827,0,1,0.712954044342041,0.5997729301452637,0.363273948431015,0,-0.24952402710914612,-0.26715409755706787,0.9307878613471985,0,0.6553119421005249,-0.7542549967765808,-0.040810853242874146,0,0,0.13569900393486023,0,1,0.9916560053825378,0.054328933358192444,0.11690472811460495,0,-0.1109420508146286,0.821509838104248,0.5592981576919556,0,-0.0656522735953331,-0.5676007866859436,0.8206821084022522,0,0,0.22100700438022614,0,1
K0.133,0.47153937816619873,-0.05237946659326553,0.8802883625030518,0,-0.00016780193254817277,0.9982290267944336,0.05948711931705475,0,-0.8818452954292297,-0.028198234736919403,0.470695436000824,0,0.005811001174151897,0.3594210147857666,0.004916029516607523,1,0.9892849922180176,-0.13604006171226501,-0.05299985036253929,0,0.135047048330307,0.9905970096588135,-0.021903039887547493,0,0.05548115447163582,0.0145108662545681,0.9983539581298828,0,-0.0067900000140070915,0.0983780026435852,0,1,0.9836770296096802,-0.13391581177711487,-0.12018939852714539,0,0.12678439915180206,0.9897868633270264,-0.06517396122217178,0,0.12768970429897308,0.04887198656797409,0.9906090497970581,0,0,0.11504700034856796,0,1,0.988798975944519,0.07047057151794434,-0.13156625628471375,0,-0.07559419423341751,0.9965469241142273,-0.03435704857110977,0,0.12869083881378174,0.04391787573695183,0.99071204662323,0,0,0.13148200511932373,0,1,0.9818649291992188,-0.12675216794013977,-0.14098000526428223,0,0.12887193262577057,0.9916430115699768,0.005972010549157858,0,0.1390448361635208,-0.024032067507505417,0.9899939894676208,0,0,0.1479180008172989,0,1,0.9314960241317749,0.027568913996219635,-0.36270594596862793,0,-0.06982792168855667,0.9921309947967529,-0.10392015427350998,0,0.35698679089546204,0.1221281886100769,0.9260910749435425,0,0.08036000281572342,0.05093200132250786,0,1,-0.9970800876617432,-0.05306830629706383,-0.054917365312576294,0,0.028522958979010582,0.4082900583744049,-0.9124060273170471,0,0.07084204256534576,-0.9113080501556396,-0.4055841863155365,0,-0.01741199940443039,0.16753800213336945,-0.1401679962873459,1,-0.999710202217102,0.022270062938332558,-0.009150427766144276,0,-0.00038689191569574177,0.3651452958583832,0.9309499263763428,0,0.024073561653494835,0.9306840300559998,-0.3650311231613159,0,0,0.28546199202537537,0,1,0.8299838900566101,-0.4636204242706299,0.31013354659080505,0,0.5307419300079346,0.8274470567703247,-0.18342405557632446,0,-0.1715800166130066,0.3168400526046753,0.9328309297561646,0,0,0.47466498613357544,0,1,0.8834586143493652,0.10689938068389893,-0.4561496078968048,0,0.38702160120010376,0.38217979669570923,0.839137852191925,0,0.2640347182750702,-0.9178841710090637,0.29626792669296265,0,-0.006037000101059675,0.16675199568271637,0.1401679962873459,1,0.9264653325080872,0.2958850562572479,0.23262473940849304,0,-0.29565665125846863,0.18964706361293793,0.9362800717353821,0,0.23291471600532532,-0.9362081289291382,0.2631818354129791,0,0,0.28337401151657104,0,1,0.6756124496459961,-0.6788427233695984,-0.28761059045791626,0,0.7259771227836609,0.6805439591407776,0.09908146411180496,0,0.12847088277339935,-0.27573931217193604,0.952608048915863,0,0,0.47326499223709106,0,1,-0.5889566540718079,-0.8009196519851685,0.10797153413295746,0,0.329044908285141,-0.35967034101486206,-0.8731359243392944,0,0.7381457090377808,-0.47871166467666626,0.4753687083721161,0,-0.0041229999624192715,-0.05461600050330162,-0.1481180042028427,1,-0.03676534444093704,0.07467786222696304,-0.9965299963951111,0,0.9857408404350281,-0.16114847362041473,-0.04844339191913605,0,-0.16420680284500122,-0.9841006994247437,-0.06768833845853806,0,0,0.19472600519657135,0,1,-0.8523542284965515,-0.506751537322998,0.1292058378458023,0,-0.13134482502937317,-0.03170892596244812,-0.9908289313316345,0,0.5062013864517212,-0.8615083694458008,-0.0395318940281868,0,0,0.13343800604343414,0,1,0.9448614716529846,0.03617745265364647,-0.3254645764827728,0,0.13693860173225403,0.8591568470001221,0.4930494427680969,0,0.2974624037742615,-0.5104320645332336,0.8068301677703857,0,0,0.2164130061864853,0,1,-0.8164417147636414,-0.4552777409553528,0.3551699221134186,0,0.5717055797576904,-0.5509690642356873,0.6079353094100952,0,-0.0810917317867279,0.6993962526321411,0.7101188898086548,0,0.002217999892309308,-0.05461600050330162,0.1481180042028427,1,-0.023204175755381584,-0.11201372742652893,0.9934360384941101,0,0.9968949556350708,0.07220647484064102,0.031426552683115005,0,-0.07525263726711273,0.9910799860954285,0.10999040305614471,0,0,0.1946520060300827,0,1,0.6954764723777771,0.6211774349212646,0.36117932200431824,0,-0.26563185453414917,-0.24478118121623993,0.9324820637702942,0,0.6676463484764099,-0.7444597482681274,-0.005235062446445227,0,0,0.13569900393486023,0,1,0.9917919635772705,0.052752040326595306,0.11647042632102966,0,-0.1103089302778244,0.8136388659477234,0.5708092451095581,0,-0.06465355306863785,-0.5789721012115479,0.81277996301651,0,0,0.22100700438022614,0,1
K0.167,0.41813763976097107,-0.03228780999779701,0.9078096747398376,0,-0.007948989048600197,0.9992000460624695,0.039199575781822205,0,-0.908348798751831,-0.023606978356838226,0.4175463318824768,0,0.005994997452944517,0.3588249981403351,0.007722972892224789,1,0.9885159134864807,-0.14123818278312683,-0.05374491214752197,0,0.14048169553279877,0.9899259805679321,-0.017619801685214043,0,0.055692072957754135,0.009867279790341854,0.998399019241333,0,-0.0067900000140070915,0.0983780026435852,0,1,0.981626033782959,-0.14432989060878754,-0.12482068687677383,0,0.13724488019943237,0.9884900450706482,-0.06365534663200378,0,0.1325712352991104,0.0453546941280365,0.9901350140571594,0,0,0.11504700034856796,0,1,0.9890249967575073,0.05908680334687233,-0.13541819155216217,0,-0.06384541839361191,0.9974759221076965,-0.031067105010151863,0,0.1332407295703888,0.039371974766254425,0.9903010129928589,0,0,0.13148200511932373,0,1,0.982492983341217,-0.13119666278362274,-0.13226723670959473,0,0.133675217628479,0.990975022315979,0.00999754760414362,0,0.12976191937923431,-0.027503380551934242,0.9911640286445618,0,0,0.1479180008172989,0,1,0.9365999698638916,0.01670220121741295,-0.3500032424926758,0,-0.06305696815252304,0.99058997631073,-0.12146779894828796,0,0.344681054353714,0.1358369141817093,0.9288400411605835,0,0.08036000281572342,0.05093200132250786,0,1,-0.9985669851303101,-0.05105302855372429,-0.016053682193160057,0,-0.006838659755885601,0.4192352294921875,-0.9078518748283386,0,0.05307885631918907,-0.9064412117004395,-0.4189835786819458,0,-0.01741199940443039,0.16753800213336945,-0.1401679962873459,1,-0.9989959597587585,-0.0023053213953971863,0.04473966360092163,0,0.04053116589784622,0.378903865814209,0.9245480298995972,0,-0.019083406776189804,0.9254329800605774,-0.3784298896789551,0,0,0.28546199202537537,0,1,0.8241949677467346,-0.48504817485809326,0.2922869026660919,0,0.5474715828895569,0.8144572973251343,-0.19218197464942932,0,-0.14483755826950073,0.3184139132499695,0.9368209838867188,0,0,0.47466498613357544,0,1,0.8698311448097229,0.11188194900751114,-0.4804968237876892,0,0.41213980317115784,0.37054821848869324,0.8323670029640198,0,0.271173894405365,-0.9220499396324158,0.2762031853199005,0,-0.006037000101059675,0.16675199568271637,0.1401679962873459,1,0.9531797170639038,0.23611371219158173,0.18894357979297638,0,-0.2383083999156952,0.20184080302715302,0.9499838352203369,0,0.1861676126718521,-0.9505317211151123,0.24865832924842834,0,0,0.28337401151657104,0,1,0.6889469027519226,-0.669329047203064,-0.27812010049819946,0,0.7037082314491272,0.7096036672592163,0.03544970601797104,0,0.1736275851726532,-0.22013843059539795,0.9598919153213501,0,0,0.47326499223709106,0,1,-0.6424405574798584,-0.761727511882782,0.08390917629003525,0,0.3228450119495392,-0.36832621693611145,-0.8718410134315491,0,0.695011556148529,-0.533016562461853,0.48254773020744324,0,-0.0041229999624192715,-0.05461600050330162,-0.1481180042028427,1,-0.016794132068753242,0.1040157675743103,-0.9944339990615845,0,0.9591323733329773,-0.2792900800704956,-0.04541108384728432,0,-0.28245896100997925,-0.9545563459396362,-0.09507448971271515,0,0,0.19472600519657135,0,1,-0.8695260286331177,-0.4711090922355652,0.14825789630413055,0,-0.10001504421234131,-0.12600305676460266,-0.9869751334190369,0,0.4836541414260864,-0.8730289936065674,0.06244494020938873,0,0,0.13343800604343414,0,1,0.9734227657318115,0.0031841592863202095,-0.2289949208498001,0,0.11859902739524841,0.8483728766441345,0.5159431099891663,0,0.19591598212718964,-0.5293894410133362,0.8254480361938477,0,0,0.2164130061864853,0,1,-0.789402425289154,-0.45276904106140137,0.41454026103019714,0,0.6134176254272461,-0.555716872215271,0.5611566305160522,0,-0.023707358166575432,0.6972650289535522,0.7164210677146912,0,0.002217999892309308,-0.05461600050330162,0.1481180042028427,1,-0.029504496604204178,-0.12547586858272552,0.9916579723358154,0,0.9966910481452942,0.07147353142499924,0.03869788721203804,0,-0.0757329910993576,0.9895190000534058,0.1229519471526146,0,0,0.1946520060300827,0,1,0.6830762624740601,0.6355267763137817,0.35987693071365356,0,-0.2852698862552643,-0.22143809497356415,0.9325159192085266,0,0.672329843044281,-0.7396420836448669,0.030037587508559227,0,0,0.13569900393486023,0,1,0.9919499158859253,0.05095779523253441,0.11592814326286316,0,-0.10952122509479523,0.8047861456871033,0.5833739042282104,0,-0.06356988102197647,-0.5913739204406738,0.8038880825042725,0,0,0.22100700438022614,0,1
K0.200,0.35407575964927673,-0.011909427121281624,0.9351409673690796,0,-0.010359793901443481,0.9998079538345337,0.01665555126965046,0,-0.9351587891578674,-0.015585183165967464,0.3538840115070343,0,0.007448999676853418,0.35819700360298157,0.0136640015989542,1,0.9878479242324829,-0.14585807919502258,-0.05369037017226219,0,0.1453409194946289,0.9892899990081787,-0.013432814739644527,0,0.05507462099194527,0.005466168746352196,0.9984670281410217,0,-0.0067900000140070915,0.0983780026435852,0,1,0.9799870252609253,-0.1534799188375473,-0.12676389515399933,0,0.14664307236671448,0.9872649908065796,-0.06166607141494751,0,0.13461410999298096,0.04184291511774063,0.9900140166282654,0,0,0.11504700034856796,0,1,0.9891130328178406,0.04880804941058159,-0.13882891833782196,0,-0.05308595299720764,0.998216986656189,-0.02727803960442543,0,0.13725008070468903,0.03435094654560089,0.9899410009384155,0,0,0.13148200511932373,0,1,0.9829049706459045,-0.13615085184574127,-0.12393712997436523,0,0.1388881355524063,0.990213930606842,0.013679226860404015,0,0.12086185067892075,-0.0306587815284729,0.9921960234642029,0,0,0.1479180008172989,0,1,0.941265881061554,0.006689068861305714,-0.3375992178916931,0,-0.05614692345261574,0.9889861345291138,-0.13694873452186584,0,0.3329647183418274,0.14786027371883392,0.9312740564346313,0,0.08036000281572342,0.05093200132250786,0,1,-0.9985630512237549,-0.049776073545217514,0.019832579419016838,0,-0.03935794159770012,0.43022993206977844,-0.9018610715866089,0,0.0363585464656353,-0.9013460874557495,-0.43157103657722473,0,-0.01741199940443039,0.16753800213336945,-0.1401679962873459,1,-0.9949458837509155,-0.026734936982393265,0.09678550064563751,0,0.07898492366075516,0.38676023483276367,0.9187919497489929,0,-0.06199663504958153,0.9217931032180786,-0.3826938569545746,0,0,0.28546199202537537,0,1,0.8156400322914124,-0.5086719393730164,0.27565279603004456,0,0.5658960342407227,0.800557017326355,-0.1971558928489685,0,-0.12038812041282654,0.316799134016037,0.9408220052719116,0,0,0.47466498613357544,0,1,0.8540400862693787,0.11821576207876205,-0.5065979361534119,0,0.4406428039073944,0.3532108664512634,0.8252730965614319,0,0.27649611234664917,-0.928044855594635,0.2495652437210083,0,-0.006037000101059675,0.16675199568271637,0.1401679962873459,1,0.9768388867378235,0.17245914041996002,0.12666232883930206,0,-0.16477473080158234,0.22863474488258362,0.9594660997390747,0,0.13650931417942047,-0.9581148028373718,0.2517562806606293,0,0,0.28337401151657104,0,1,0.7242681384086609,-0.6381878852844238,-0.26106104254722595,0,0.657727062702179,0.7530819773674011,-0.01622997224330902,0,0.20695798099040985,-0.15995195508003235,0.9651859998703003,0,0,0.47326499223709106,0,1,-0.6479360461235046,-0.7603710293769836,-0.04488508403301239,0,0.46793413162231445,-0.3508598208427429,-0.8111321926116943,0,0.6010129451751709,-0.5465648770332336,0.583138108253479,0,-0.0041229999624192715,-0.05461600050330162,-0.1481180042028427,1,0.023448098450899124,0.15433810651302338,-0.9877399206161499,0,0.9001408815383911,-0.4331311881542206,-0.046309854835271835,0,-0.4349682033061981,-0.8880189657211304,-0.14908204972743988,0,0,0.19472600519657135,0,1,-0.9686119556427002,-0.2343049943447113,0.08301811665296555,0,-0.06821408867835999,-0.07060911506414413,-0.995168924331665,0,0.2390347719192505,-0.9695950746536255,0.05240993574261665,0,0,0.13343800604343414,0,1,0.9981240034103394,-0.06083745136857033,0.006876247934997082,0,0.042642466723918915,0.7713757753372192,0.6349493265151978,0,-0.043932877480983734,-0.633465051651001,0.7725229263305664,0,0,0.2164130061864853,0,1,-0.759954035282135,-0.4609079658985138,0.45829471945762634,0,0.649658203125,-0.5607067346572876,0.513373076915741,0,0.020351221784949303,0.6878748536109924,0.7255440354347229,0,0.002217999892309308,-0.05461600050330162,0.1481180042028427,1,-0.0376308374106884,-0.12863996624946594,0.9909769892692566,0,0.9960690140724182,0.0747516080737114,0.04752784222364426,0,-0.08019105345010757,0.9888699650764465,0.12532135844230652,0,0,0.1946520060300827,0,1,0.6799330711364746,0.6370081305503845,0.3631967604160309,0,-0.30910512804985046,-0.20015870034694672,0.9297261238098145,0,0.6649397611618042,-0.7444172501564026,0.06080790236592293,0,0,0.13569900393486023,0,1,0.9921159148216248,0.04907984659075737,0.11531227082014084,0,-0.1086331382393837,0.795577883720398,0.5960322022438049,0,-0.06248672306537628,-0.6038598418235779,0.7946372032165527,0,0,0.22100700438022614,0,1
