1.100,30,32,25
B0,mixamorig_Hips,-1,-0.1405346691608429,0.21435727179050446,0.9665929079055786,0,-0.09008922427892685,0.9694628715515137,-0.22809195518493652,0,-0.9859687089920044,-0.11913441121578217,-0.11693182587623596,0,0.050475846976041794,0.3952237367630005,-0.004231421276926994,1
B1,mixamorig_Spine,0,0.9690085053443909,-0.24323973059654236,-0.04309535026550293,0,0.23112688958644867,0.9543102979660034,-0.18939971923828125,0,0.08719585835933685,0.17356939613819122,0.9809537529945374,0,-0.00775599991902709,0.09732399880886078,0,1
B2,mixamorig_Spine1,1,0.96500563621521,-0.261982262134552,-0.011408623307943344,0,0.2617042064666748,0.9649115800857544,-0.021362440660595894,0,0.016604887321591377,0.01762918382883072,0.9997066259384155,0,0,0.11390499770641327,0,1
B3,mixamorig_Spine2,2,0.9088611602783203,-0.41704222559928894,-0.006937819067388773,0,0.41679027676582336,0.9087014198303223,-0.02340180240571499,0,0.016063934192061424,0.018377361819148064,0.9997019171714783,0,0,0.13017700612545013,0,1
B4,mixamorig_Neck,3,0.9653305411338806,0.2555939853191376,-0.05300145223736763,0,-0.25745952129364014,0.9657622575759888,-0.03189554810523987,0,0.043034475296735764,0.04443545266985893,0.9980844259262085,0,0,0.1464499980211258,0,1
B5,mixamorig_Head,4,0.9325160384178162,0.36099156737327576,0.009944874793291092,0,-0.36112672090530396,0.9320726990699768,0.02876519225537777,0,0.001114645041525364,-0.03041536547243595,0.9995365738868713,0,0.04863499850034714,0.05214399844408035,0,1
B6,mixamorig_HeadTop_End,5,1,0,0,0,0,1,0,0,0,0,1,0,0.27559199929237366,0.29547199606895447,0,1
B7,mixamorig_LeftShoulder,3,-0.9904699325561523,0.05214168503880501,-0.12747517228126526,0,0.1320536583662033,0.09662435203790665,-0.9865217804908752,0,-0.03912172466516495,-0.9939543604850769,-0.10258914530277252,0,0.005956000182777643,0.1650869995355606,-0.1600629985332489,1
B8,mixamorig_LeftArm,7,0.9522899985313416,0.2579113841056824,0.1631704568862915,0,-0.2553182542324066,0.3803390562534332,0.8889063000679016,0,0.16719914972782135,-0.8881577849388123,0.4280429780483246,0,0,0.32193100452423096,0,1
B9,mixamorig_LeftForeArm,8,-0.978510320186615,-0.15206752717494965,0.13925988972187042,0,-0.1547628790140152,0.9879140853881836,-0.008670372888445854,0,-0.13625822961330414,-0.030036291107535362,-0.9902178645133972,0,0,0.3142760097980499,0,1
B10,mixamorig_LeftHand,9,1,0,0,0,0,1,0,0,0,0,1,0,0,0.3415290117263794,0,1
B11,mixamorig_RightShoulder,3,0.9666869044303894,-0.04579605534672737,-0.2518307566642761,0,0.2555026710033417,0.11379951238632202,0.960087239742279,0,-0.015310006216168404,-0.9924479126930237,0.12170960009098053,0,0.009719000197947025,0.16478699445724487,0.1600629985332489,1
B12,mixamorig_RightArm,11,-0.7733162045478821,0.421835333108902,0.4733251631259918,0,0.6257548928260803,0.387653112411499,0.6768720149993896,0,0.1020425409078598,0.8196216225624084,-0.5637440085411072,0,0,0.32222801446914673,0,1
B13,mixamorig_RightForeArm,12,0.8351602554321289,0.5500066876411438,0.0008646705537103117,0,-0.5499055981636047,0.834974467754364,0.020546816289424896,0,0.010578899644315243,-0.01763535663485527,0.9997884631156921,0,0,0.3085870146751404,0,1
B14,mixamorig_RightHand,13,1,0,0,0,0,1,0,0,0,0,1,0,0,0.33164098858833313,0,1
B15,mixamorig_LeftUpLeg,0,-0.7100687623023987,-0.7026307582855225,0.04595191404223442,0,0.6981192827224731,-0.7110151052474976,-0.0841844379901886,0,0.09182311594486237,-0.02769683673977852,0.9953901767730713,0,-0.002380999969318509,-0.05394800007343292,-0.14911900460720062,1
B16,mixamorig_LeftLeg,15,0.30659154057502747,-0.19547486305236816,-0.9315535426139832,0,0.8796724081039429,0.43200480937957764,0.19886568188667297,0,0.36356255412101746,-0.8804329633712769,0.30440303683280945,0,0,0.1894489973783493,0,1
B17,mixamorig_LeftFoot,16,-0.9679675102233887,0.11553013324737549,-0.2229166030883789,0,0.2509561777114868,0.4177992045879364,-0.873192310333252,0,-0.007745652925223112,-0.9011638760566711,-0.4334089159965515,0,0,0.13586999475955963,0,1
B18,mixamorig_LeftToeBase,17,0.998968243598938,-0.006911346688866615,-0.04489055648446083,0,0.03460986167192459,0.7558629512786865,0.6538150310516357,0,0.029412347823381424,-0.6546937227249146,0.7553218007087708,0,0,0.21759499609470367,0,1
B19,mixamorig_LeftToe_End,18,1,0,0,0,0,1,0,0,0,0,1,0,0,0.11081799864768982,0,1
B20,mixamorig_RightUpLeg,0,-0.9546253085136414,0.2851562798023224,-0.08588528633117676,0,-0.2903076708316803,-0.8267200589179993,0.48192936182022095,0,0.06642207503318787,0.4849950969219208,0.871990978717804,0,-0.002560999942943454,-0.05394800007343292,0.14911900460720062,1
B21,mixamorig_RightLeg,20,-0.1298224925994873,0.012694994919002056,0.9914559125900269,0,0.930229127407074,-0.34459054470062256,0.12621767818927765,0,0.34324872493743896,0.9386670589447021,0.03292640298604965,0,0,0.18951599299907684,0,1
B22,mixamorig_RightFoot,21,0.8833789825439453,0.46465641260147095,-0.061119742691516876,0,0.27718594670295715,-0.41284897923469543,0.8675969839096069,0,0.37790122628211975,-0.7833583354949951,-0.4934982359409332,0,0,0.14189699292182922,0,1
B23,mixamorig_RightToeBase,22,0.9364093542098999,0.2529572546482086,-0.2432086318731308,0,0.04446952044963837,0.6019490957260132,0.7972952127456665,0,0.3480807840824127,-0.7574098706245422,0.5524217486381531,0,0,0.22331799566745758,0,1
B24,mixamorig_RightToe_End,23,1,0,0,0,0,1,0,0,0,0,1,0,0,0.11006999760866165,0,1
@20,0,1,2,3,4,5,7,8,9,11,12,13,15,16,17,18,20,21,22,23
K0,0.9655307531356812,0.1898743361234665,-0.17804120481014252,0,-0.22398242354393005,0.9545378088951111,-0.19669434428215027,0,0.1325998455286026,0.22979256510734558,0.9641640782356262,0,-0.0020989994518458843,0.44550400972366333,-0.009897999465465546,1,0.97257000207901,-0.23251812160015106,0.006567360367625952,0,0.22955791652202606,0.9639819860458374,0.13432002067565918,0,-0.037562642246484756,-0.12912797927856445,0.9909160137176514,0,-0.00775599991902709,0.09732399880886078,0,1,0.963481068611145,-0.2677568197250366,-0.0031271816696971655,0,0.2676451504230499,0.9625840187072754,0.04241295903921127,0,-0.008346181362867355,-0.041701044887304306,0.9990950226783752,0,0,0.11390499770641327,0,1,0.9062679409980774,-0.42255011200904846,-0.011385036632418633,0,0.42264488339424133,0.9053650498390198,0.041054658591747284,0,-0.007040036376565695,-0.0420183464884758,0.9990919828414917,0,0,0.13017700612545013,0,1,0.9724319577217102,0.23310919106006622,0.006016950123012066,0,-0.23315881192684174,0.9723921418190002,0.009565400891005993,0,-0.0036210494581609964,-0.010704600252211094,0.9999359846115112,0,0,0.1464499980211258,0,1,0.9143970012664795,0.3975931704044342,0.0761452168226242,0,-0.3974858224391937,0.9174470901489258,-0.017215153202414513,0,-0.07670379430055618,-0.014525152742862701,0.9969480037689209,0,0.04863499850034714,0.05214399844408035,0,1,-0.9829769134521484,0.0672680214047432,-0.17096997797489166,0,0.1813339740037918,0.20549511909484863,-0.9617120027542114,0,-0.02955898828804493,-0.9763439297676086,-0.21419502794742584,0,0.005956000182777643,0.1650869995355606,-0.1600629985332489,1,0.8446270227432251,0.42439597845077515,0.32633301615715027,0,-0.44872599840164185,0.22877216339111328,0.8638909459114075,0,0.29197603464126587,-0.8761000633239746,0.3836647868156433,0,0,0.32193100452423096,0,1,-0.9452819228172302,-0.2941551208496094,0.14112132787704468,0,-0.29936888813972473,0.9539900422096252,-0.016772214323282242,0,-0.12969465553760529,-0.05810178443789482,-0.9898501038551331,0,0,0.3142760097980499,0,1,0.9766430854797363,-0.05485610291361809,-0.20774871110916138,0,0.21228592097759247,0.09686727076768875,0.9723950028419495,0,-0.033217720687389374,-0.9937840104103088,0.10624982416629791,0,0.009719000197947025,0.16478699445724487,0.1600629985332489,1,-0.8610559701919556,0.2459169626235962,0.44509202241897583,0,0.5085080862045288,0.4140499532222748,0.7549719214439392,0,0.0013700717827305198,0.8764060139656067,-0.48157089948654175,0,0,0.32222801446914673,0,1,0.9646280407905579,0.26358476281166077,-0.003972174134105444,0,-0.2635362446308136,0.9645988941192627,0.009846040047705173,0,0.006426825188100338,-0.00845095980912447,0.9999439716339111,0,0,0.3085870146751404,0,1,-0.7142390608787537,-0.6928929090499878,-0.0987987369298935,0,0.6996090412139893,-0.7108718752861023,-0.07216698676347733,0,-0.020229261368513107,-0.12066501379013062,0.9924870133399963,0,-0.002380999969318509,-0.05394800007343292,-0.14911900460720062,1,-0.16139742732048035,-0.31933680176734924,-0.933796226978302,0,0.9382820129394531,-0.3429439961910248,-0.04489379748702049,0,-0.3059035837650299,-0.8834100365638733,0.3549782633781433,0,0,0.1894489973783493,0,1,-0.9917449355125427,-0.07535579800605774,-0.10374802350997925,0,0.09964680671691895,0.05629391595721245,-0.9934290647506714,0,0.08070098608732224,-0.9955660104751587,-0.048320211470127106,0,0,0.13586999475955963,0,1,0.9982190132141113,-0.03776594251394272,0.046189554035663605,0,-0.01587994396686554,0.5780686736106873,0.8158332109451294,0,-0.057511452585458755,-0.8151137828826904,0.5764394402503967,0,0,0.21759499609470367,0,1,-0.9996649622917175,-0.025725074112415314,-0.0028471266850829124,0,0.0258589256554842,-0.9880480170249939,-0.15196166932582855,0,0.0010961267398670316,-0.1519843190908432,0.9883819222450256,0,-0.002560999942943454,-0.05394800007343292,0.14911900460720062,1,0.3817431330680847,-0.040916070342063904,0.9233619570732117,0,0.6641569137573242,0.7069101333618164,-0.24325603246688843,0,-0.642781138420105,0.7061188817024231,0.29703289270401,0,0,0.18951599299907684,0,1,0.981346070766449,-0.0009849586058408022,-0.1922476440668106,0,0.19212403893470764,0.04123391583561897,0.9805039167404175,0,0.006961365230381489,-0.9991490244865417,0.04065397381782532,0,0,0.14189699292182922,0,1,0.9999790191650391,0.0064252461306750774,0.00038338909507729113,0,-0.005261754151433706,0.7816890478134155,0.6236459016799927,0,0.00370738934725523,-0.6236351132392883,0.7817069292068481,0,0,0.22331799566745758,0,1
K0.034,0.973937451839447,0.18268299102783203,-0.13443727791309357,0,-0.20442132651805878,0.9637799263000488,-0.17128731310367584,0,0.09827669709920883,0.19430504739284515,0.9760057926177979,0,-0.0007244461448863149,0.45178812742233276,-0.013132852502167225,1,0.9739364981651306,-0.22624506056308746,-0.016151580959558487,0,0.22672507166862488,0.9689846634864807,0.09830798953771591,0,-0.006591062527149916,-0.09940771013498306,0.9950249791145325,0,-0.00775599991902709,0.09732399880886078,0,1,0.9641788005828857,-0.2651585638523102,-0.007038266398012638,0,0.26524633169174194,0.96364426612854,0.0321652889251709,0,-0.0017465163255110383,-0.03287995979189873,0.9994575381278992,0,0,0.11390499770641327,0,1,0.9073564410209656,-0.42015326023101807,-0.013224192894995213,0,0.4203609526157379,0.9068549871444702,0.03018232434988022,0,-0.0006887760246172547,-0.03294505551457405,0.9994565844535828,0,0,0.13017700612545013,0,1,0.9740391969680786,0.2263650894165039,0.0024224540684372187,0,-0.22637096047401428,0.9740377068519592,0.0024990125093609095,0,-0.0017938738455995917,-0.0029825118836015463,0.999994158744812,0,0,0.1464499980211258,0,1,0.9115675687789917,0.4013393223285675,0.08928181231021881,0,-0.40231069922447205,0.9154711961746216,-0.0076299444772303104,0,-0.08479711413383484,-0.028963815420866013,0.9959768056869507,0,0.04863499850034714,0.05214399844408035,0,1,-0.9836882948875427,0.06932102888822556,-0.16598784923553467,0,0.17738664150238037,0.22067533433437347,-0.9590805768966675,0,-0.029855042695999146,-0.9728806614875793,-0.22937233746051788,0,0.005956000182777643,0.1650869995355606,-0.1600629985332489,1,0.8684579730033875,0.4003807306289673,0.29236093163490295,0,-0.39931416511535645,0.21542370319366455,0.8911454081535339,0,0.29381614923477173,-0.8906668424606323,0.34696438908576965,0,0,0.32193100452423096,0,1,-0.9482882022857666,-0.2843967080116272,0.14095258712768555,0,-0.2894374430179596,0.9570591449737549,-0.01621554233133793,0,-0.13028834760189056,-0.05617397651076317,-0.9898832440376282,0,0,0.3142760097980499,0,1,0.9720174074172974,-0.05627894401550293,-0.2280680388212204,0,0.23378577828407288,0.13691803812980652,0.9625997543334961,0,-0.022947462275624275,-0.9889819025993347,0.14624381065368652,0,0.009719000197947025,0.16478699445724487,0.1600629985332489,1,-0.8399931788444519,0.2667238414287567,0.47251346707344055,0,0.5424856543540955,0.39523088932037354,0.741284191608429,0,0.010966267436742783,0.8790057897567749,-0.4766852557659149,0,0,0.32222801446914673,0,1,0.9616215825080872,0.2743525207042694,-0.003860411699861288,0,-0.2743021249771118,0.9615892171859741,0.01024881936609745,0,0.006523915566504002,-0.00879656057804823,0.9999398589134216,0,0,0.3085870146751404,0,1,-0.6572494506835938,-0.7456480264663696,-0.10969267785549164,0,0.7535073161125183,-0.653160035610199,-0.07488860934972763,0,-0.015806332230567932,-0.1318746954202652,0.9911401867866516,0,-0.002380999969318509,-0.05394800007343292,-0.14911900460720062,1,-0.031382929533720016,-0.307889461517334,-0.9509047269821167,0,0.9987688660621643,-0.046224143356084824,-0.017995838075876236,0,-0.03841397166252136,-0.9502987861633301,0.30896100401878357,0,0,0.1894489973783493,0,1,-0.9926498532295227,-0.036736004054546356,-0.11530948430299759,0,0.10308878123760223,0.24241973459720612,-0.9646785259246826,0,0.06339174509048462,-0.9694752097129822,-0.23685091733932495,0,0,0.13586999475955963,0,1,0.9980380535125732,0.013817268423736095,-0.06105942651629448,0,0.031865764409303665,0.7274087071418762,0.6854642033576965,0,0.053886424750089645,-0.6860653162002563,0.7255415916442871,0,0,0.21759499609470367,0,1,-0.9973605275154114,0.0724981352686882,-0.004049139562994242,0,-0.07141424715518951,-0.9894773960113525,-0.12583349645137787,0,-0.013129226863384247,-0.12521220743656158,0.9920429587364197,0,-0.002560999942943454,-0.05394800007343292,0.14911900460720062,1,0.33401602506637573,-0.01789357140660286,0.94239741563797,0,0.626076340675354,0.7516105771064758,-0.20763055980205536,0,-0.7046002745628357,0.6593643426895142,0.2622525990009308,0,0,0.18951599299907684,0,1,0.9822744131088257,0.011934738606214523,-0.18706966936588287,0,0.18700096011161804,0.006647435016930103,0.9823378324508667,0,0.012967485934495926,-0.9999068975448608,0.004297793377190828,0,0,0.14189699292182922,0,1,0.9999788403511047,0.00657347496598959,-0.0002642126346472651,0,-0.004966482520103455,0.7806374430656433,0.62496417760849,0,0.0043144384399056435,-0.6249493360519409,0.780653178691864,0,0,0.22331799566745758,0,1
K0.069,0.9812791347503662,0.17663703858852386,-0.07674692571163177,0,-0.18668663501739502,0.9703181982040405,-0.15372051298618317,0,0.04731624200940132,0.16517053544521332,0.9851296544075012,0,0.001800663536414504,0.45502549409866333,-0.01782950758934021,1,0.9750821590423584,-0.217472106218338,-0.04381704330444336,0,0.22006447613239288,0.973168671131134,0.06718649715185165,0,0.02803020179271698,-0.07515498250722885,0.9967779517173767,0,-0.00775599991902709,0.09732399880886078,0,1,0.9644481539726257,-0.2640059292316437,-0.011831383220851421,0,0.264208048582077,0.9642282724380493,0.021382970735430717,0,0.005762926768511534,-0.023748729377985,0.9997013211250305,0,0,0.11390499770641327,0,1,0.9078035354614258,-0.4190983474254608,-0.01580546796321869,0,0.4193452000617981,0.9076357483863831,0.018626807257533073,0,0.006539139896631241,-0.023537419736385345,0.9997013807296753,0,0,0.13017700612545013,0,1,0.9753955602645874,0.22042329609394073,-0.0040391962975263596,0,-0.22044451534748077,0.9753822088241577,-0.0058548059314489365,0,0.002649224828928709,0.006601171568036079,0.9999747276306152,0,0,0.1464499980211258,0,1,0.9102721214294434,0.40300798416137695,0.0948086604475975,0,-0.40494516491889954,0.9143397808074951,0.0013087521074339747,0,-0.08615993708372116,-0.03958365321159363,0.9954947829246521,0,0.04863499850034714,0.05214399844408035,0,1,-0.9854732155799866,0.07418983429670334,-0.1527719795703888,0,0.1660456359386444,0.23197118937969208,-0.9584454894065857,0,-0.03566819429397583,-0.9698891043663025,-0.2409202754497528,0,0.005956000182777643,0.1650869995355606,-0.1600629985332489,1,0.8905476927757263,0.37304240465164185,0.2603147625923157,0,-0.3540102243423462,0.20899002254009247,0.9115920662879944,0,0.2856593728065491,-0.90397047996521,0.3181764781475067,0,0,0.32193100452423096,0,1,-0.9514588117599487,-0.27369362115859985,0.14077535271644592,0,-0.2785448431968689,0.9602969288825989,-0.01560522336512804,0,-0.130915105342865,-0.054059986025094986,-0.9899189472198486,0,0,0.3142760097980499,0,1,0.9670720100402832,-0.059980373829603195,-0.24733293056488037,0,0.25420883297920227,0.18102043867111206,0.950057864189148,0,-0.012212507426738739,-0.9816482663154602,0.19030725955963135,0,0.009719000197947025,0.16478699445724487,0.1600629985332489,1,-0.8167960047721863,0.2946523427963257,0.49600866436958313,0,0.57609623670578,0.37044787406921387,0.7286159992218018,0,0.030943073332309723,0.8808795213699341,-0.47232845425605774,0,0,0.32222801446914673,0,1,0.9572910070419312,0.28910112380981445,-0.003698066808283329,0,-0.28904804587364197,0.9572535753250122,0.010800066404044628,0,0.006662298459559679,-0.009269887581467628,0.9999343752861023,0,0,0.3085870146751404,0,1,-0.635673463344574,-0.7646075487136841,-0.10628059506416321,0,0.7719559073448181,-0.6299753785133362,-0.08494417369365692,0,-0.0020051870960742235,-0.1360405683517456,0.9907010793685913,0,-0.002380999969318509,-0.05394800007343292,-0.14911900460720062,1,0.04961679130792618,-0.3033706843852997,-0.9515803456306458,0,0.9844540357589722,0.1755790114402771,-0.004644971340894699,0,0.16848674416542053,-0.9365569949150085,0.3073662519454956,0,0,0.1894489973783493,0,1,-0.9913024306297302,-0.05054546147584915,-0.12150708585977554,0,0.1064828485250473,0.23448261618614197,-0.9662707448005676,0,0.07733190059661865,-0.9708049297332764,-0.22706101834774017,0,0,0.13586999475955963,0,1,0.9973210692405701,-0.0019465589430183172,-0.0731271281838417,0,0.04539070278406143,0.8004039525985718,0.597740888595581,0,0.05736764147877693,-0.5994581580162048,0.7983472347259521,0,0,0.21759499609470367,0,1,-0.987868070602417,0.1550258994102478,-0.009095421992242336,0,-0.15352214872837067,-0.9837487936019897,-0.09311287105083466,0,-0.02338252402842045,-0.09058692306280136,0.995614230632782,0,-0.002560999942943454,-0.05394800007343292,0.14911900460720062,1,0.26726576685905457,-0.004643943626433611,0.9636113047599792,0,0.604102611541748,0.779892086982727,-0.16379442811012268,0,-0.7507521510124207,0.625896692276001,0.2112438678741455,0,0,0.18951599299907684,0,1,0.9832363724708557,0.03542673587799072,-0.17886289954185486,0,0.17982324957847595,-0.026063015684485435,0.9833534359931946,0,0.03017529658973217,-0.999032199382782,-0.03199664503335953,0,0,0.14189699292182922,0,1,0.9999616742134094,0.0075708054937422276,-0.004498262424021959,0,-0.003007830586284399,0.7737025022506714,0.633541464805603,0,0.008276735432446003,-0.6335036158561707,0.7736956477165222,0,0,0.22331799566745758,0,1
K0.103,0.9848452806472778,0.17317676544189453,-0.009502457454800606,0,-0.17271706461906433,0.9742951393127441,-0.14462672173976898,0,-0.01578778214752674,0.1440761387348175,0.9894402623176575,0,0.004242219030857086,0.4532470703125,-0.0233474038541317,1,0.9753222465515137,-0.206123948097229,-0.07912296801805496,0,0.20991283655166626,0.9767782092094421,0.04291141778230667,0,0.06844046711921692,-0.05846133828163147,0.9959407448768616,0,-0.00775599991902709,0.09732399880886078,0,1,0.9641312956809998,-0.2649107277393341,-0.01651219092309475,0,0.265095055103302,0.9641695022583008,0.010151989758014679,0,0.013231179676949978,-0.014165151864290237,0.9998124837875366,0,0,0.11390499770641327,0,1,0.9073440432548523,-0.41999468207359314,-0.01818268559873104,0,0.4201653003692627,0.9074233770370483,0.006680632010102272,0,0.013693565502762794,-0.013701366260647774,0.9998124837875366,0,0,0.13017700612545013,0,1,0.9760221838951111,0.21726678311824799,-0.013288774527609348,0,-0.21745890378952026,0.975950300693512,-0.01528594084084034,0,0.009648049250245094,0.017809167504310608,0.9997949600219727,0,0,0.1464499980211258,0,1,0.9114154577255249,0.4010440409183502,0.09211967140436172,0,-0.4036009609699249,0.9148778319358826,0.010224219411611557,0,-0.0801779106259346,-0.04649811610579491,0.995695948600769,0,0.04863499850034714,0.05214399844408035,0,1,-0.9881345629692078,0.08160178363323212,-0.1301228255033493,0,0.14592118561267853,0.23435743153095245,-0.9611364006996155,0,-0.047935206443071365,-0.9687199592590332,-0.24348412454128265,0,0.005956000182777643,0.1650869995355606,-0.1600629985332489,1,0.9092407822608948,0.34733107686042786,0.22943910956382751,0,-0.31498080492019653,0.21370093524456024,0.9247264862060547,0,0.27215495705604553,-0.9130682349205017,0.30370834469795227,0,0,0.32193100452423096,0,1,-0.9544419050216675,-0.26319074630737305,0.14060834050178528,0,-0.2678556740283966,0.9633417725563049,-0.01500643976032734,0,-0.13150441646575928,-0.05198555067181587,-0.989951491355896,0,0,0.3142760097980499,0,1,0.9625036120414734,-0.06522073596715927,-0.26331210136413574,0,0.27125436067581177,0.22126828134059906,0.9367287755012512,0,-0.00283152237534523,-0.973029613494873,0.23066295683383942,0,0.009719000197947025,0.16478699445724487,0.1600629985332489,1,-0.7921350598335266,0.3325580954551697,0.5117878913879395,0,0.607329785823822,0.3462173342704773,0.7150418162345886,0,0.06060304865241051,0.8772332072257996,-0.47622302174568176,0,0,0.32222801446914673,0,1,0.947969913482666,0.3183431029319763,-0.003350034123286605,0,-0.31828439235687256,0.9479202032089233,0.011892300099134445,0,0.006961396429687738,-0.010207277722656727,0.9999233484268188,0,0,0.3085870146751404,0,1,-0.611609697341919,-0.7831381559371948,-0.11237891763448715,0,0.7907466888427734,-0.6005023121833801,-0.1188126727938652,0,0.02556293085217476,-0.16153019666671753,0.9865366220474243,0,-0.002380999969318509,-0.05394800007343292,-0.14911900460720062,1,0.09757563471794128,-0.2883930206298828,-0.9525277614593506,0,0.945737361907959,0.324928343296051,-0.0014972547069191933,0,0.30993491411209106,-0.9006946086883545,0.30444905161857605,0,0,0.1894489973783493,0,1,-0.986778736114502,-0.1065770611166954,-0.12210408598184586,0,0.10080456733703613,0.18634723126888275,-0.9772984981536865,0,0.12691135704517365,-0.9766860008239746,-0.1731400489807129,0,0,0.13586999475955963,0,1,0.9974285364151001,-0.0021571810357272625,-0.07164078205823898,0,0.04487641155719757,0.7981662154197693,0.600764274597168,0,0.05588524788618088,-0.6024339199066162,0.7962099313735962,0,0,0.21759499609470367,0,1,-0.9791259169578552,0.2023083120584488,-0.01961873658001423,0,-0.20099855959415436,-0.9780735969543457,-0.0545160286128521,0,-0.030217593535780907,-0.049434684216976166,0.9983201622962952,0,-0.002560999942943454,-0.05394800007343292,0.14911900460720062,1,0.18159766495227814,-0.0074989753775298595,0.9833447337150574,0,0.6356289982795715,0.7638919949531555,-0.11155841499567032,0,-0.7503321766853333,0.6453007459640503,0.14348748326301575,0,0,0.18951599299907684,0,1,0.9835001826286316,0.0747389867901802,-0.16474974155426025,0,0.17079928517341614,-0.08342450112104416,0.9817680716514587,0,0.05963214114308357,-0.9937075972557068,-0.09481331706047058,0,0,0.14189699292182922,0,1,0.9998574256896973,0.009905788116157055,-0.01368279941380024,0,0.0014091066550463438,0.7582772970199585,0.6519308686256409,0,0.016833234578371048,-0.6518568992614746,0.7581547498703003,0,0,0.22331799566745758,0,1
K0.137,0.9831625819206238,0.17400090396404266,0.055814728140830994,0,-0.1647549271583557,0.9761871695518494,-0.14112012088298798,0,-0.07904065400362015,0.12954829633235931,0.9884182214736938,0,0.005681249313056469,0.4469808340072632,-0.02934778481721878,1,0.9736436009407043,-0.19591328501701355,-0.11677469313144684,0,0.20010516047477722,0.9794501662254333,0.02520931325852871,0,0.10943616181612015,-0.0479121059179306,0.9928386807441711,0,-0.00775599991902709,0.09732399880886078,0,1,0.9634192585945129,-0.267260879278183,-0.019863678142428398,0,0.2672969102859497,0.9636140465736389,-0.0008723789360374212,0,0.019374078139662743,-0.0044690342620015144,0.9998026490211487,0,0,0.11390499770641327,0,1,0.9062592387199402,-0.4222826361656189,-0.019299475476145744,0,0.42227262258529663,0.9064560532569885,-0.004776159301400185,0,0.019511017948389053,-0.0038212016224861145,0.9998027086257935,0,0,0.13017700612545013,0,1,0.9756052494049072,0.2181718796491623,-0.024396801367402077,0,-0.21876229345798492,0.9754605889320374,-0.02490326762199402,0,0.01836492121219635,0.029632847756147385,0.9993919134140015,0,0,0.1464499980211258,0,1,0.9144387245178223,0.39641979336738586,0.0815666988492012,0,-0.3991110920906067,0.91670161485672,0.019174546003341675,0,-0.06717117875814438,-0.05008813738822937,0.9964833855628967,0,0.04863499850034714,0.05214399844408035,0,1,-0.9906582832336426,0.08870729058980942,-0.10357549786567688,0,0.12106300890445709,0.22245560586452484,-0.9673970341682434,0,-0.062774159014225,-0.9708983302116394,-0.2311166375875473,0,0.005956000182777643,0.1650869995355606,-0.1600629985332489,1,0.9241319894790649,0.3271920382976532,0.19729731976985931,0,-0.28134703636169434,0.23337462544441223,0.9307956695556641,0,0.2585046589374542,-0.9156865477561951,0.3077233135700226,0,0,0.32193100452423096,0,1,-0.956889808177948,-0.25422370433807373,0.14047090709209442,0,-0.2587297260761261,0.9658409953117371,-0.014495226554572582,0,-0.1319875419139862,-0.050214339047670364,-0.9899787306785583,0,0,0.3142760097980499,0,1,0.9587562084197998,-0.06969631463289261,-0.27555137872695923,0,0.28420495986938477,0.2477000206708908,0.9262138605117798,0,0.0037003920879215,-0.9663271903991699,0.2572921812534332,0,0.009719000197947025,0.16478699445724487,0.1600629985332489,1,-0.768028736114502,0.37864741683006287,0.5164863467216492,0,0.6335097551345825,0.3310833275318146,0.6993210911750793,0,0.0937960222363472,0.8642971515655518,-0.4941580295562744,0,0,0.32222801446914673,0,1,0.9305704236030579,0.3661043047904968,-0.0026997856330126524,0,-0.36603695154190063,0.9305002093315125,0.013676982372999191,0,0.007519346661865711,-0.011739163659512997,0.9999028444290161,0,0,0.3085870146751404,0,1,-0.5857323408126831,-0.8006854057312012,-0.1257791668176651,0,0.8080741763114929,-0.5648924112319946,-0.16707101464271545,0,0.06271965801715851,-0.19949789345264435,0.977889358997345,0,-0.002380999969318509,-0.05394800007343292,-0.14911900460720062,1,0.11859097331762314,-0.28060969710350037,-0.952467143535614,0,0.9196902513504028,0.39264217019081116,-0.001167771522887051,0,0.3743067681789398,-0.8758371472358704,0.304638147354126,0,0,0.1894489973783493,0,1,-0.9754364490509033,-0.1908370554447174,-0.1100267842411995,0,0.08957745134830475,0.11268135160207748,-0.989585280418396,0,0.20124731957912445,-0.9751325249671936,-0.09281869232654572,0,0,0.13586999475955963,0,1,0.9974628686904907,-0.0022264558356255293,-0.0711558386683464,0,0.0447067953646183,0.7974337935447693,0.6017483472824097,0,0.05540229752659798,-0.6034027338027954,0.7955099940299988,0,0,0.21759499609470367,0,1,-0.9713824987411499,0.23568095266819,-0.029510224238038063,0,-0.23550330102443695,-0.971828281879425,-0.009408102370798588,0,-0.03089616447687149,-0.0021891100332140923,0.9995201826095581,0,-0.002560999942943454,-0.05394800007343292,0.14911900460720062,1,0.09511158615350723,-0.011087464168667793,0.9954049587249756,0,0.6894261240959167,0.7220436334609985,-0.0578325130045414,0,-0.7180845737457275,0.6917586326599121,0.07631869614124298,0,0,0.18951599299907684,0,1,0.9821268320083618,0.12202237546443939,-0.14331243932247162,0,0.16176946461200714,-0.1579826921224594,0.9741003513336182,0,0.09622114151716232,-0.979873538017273,-0.17489852011203766,0,0,0.14189699292182922,0,1,0.999617338180542,0.012947244569659233,-0.02445819415152073,0,0.0068915728479623795,0.7394979596138,0.6731240153312683,0,0.02680186741054058,-0.6730345487594604,0.7391253113746643,0,0,0.22331799566745758,0,1
K0.172,0.9780952334403992,0.17982690036296844,0.10483882576227188,0,-0.16536132991313934,0.9771728515625,-0.13337433338165283,0,-0.12643004953861237,0.11311661452054977,0.9855052828788757,0,0.005077186040580273,0.43832796812057495,-0.035322099924087524,1,0.971165657043457,-0.19258837401866913,-0.14052411913871765,0,0.19555778801441193,0.9806632995605469,0.00750518124550581,0,0.1363614797592163,-0.03476937115192413,0.9900489449501038,0,-0.00775599991902709,0.09732399880886078,0,1,0.962768018245697,-0.26949450373649597,-0.021230682730674744,0,0.2693282663822174,0.9629923105239868,-0.010386706329882145,0,0.02324414998292923,0.004281966015696526,0.9997208714485168,0,0,0.11390499770641327,0,1,0.905254602432251,-0.42445582151412964,-0.0187685489654541,0,0.42424267530441284,0.9054348468780518,-0.014356750063598156,0,0.02308749221265316,0.00503409281373024,0.9997208714485168,0,0,0.13017700612545013,0,1,0.9742696285247803,0.22255276143550873,-0.03563268482685089,0,-0.223718523979187,0.9740967750549316,-0.03295362368226051,0,0.027375753968954086,0.040077388286590576,0.9988216161727905,0,0,0.1464499980211258,0,1,0.917705774307251,0.392023503780365,0.06429998576641083,0,-0.3943120539188385,0.9185676574707031,0.02740795724093914,0,-0.04831930622458458,-0.05050668120384216,0.9975540637969971,0,0.04863499850034714,0.05214399844408035,0,1,-0.9923569560050964,0.09177061915397644,-0.08250121772289276,0,0.09916116297245026,0.19506852328777313,-0.9757639765739441,0,-0.07345302402973175,-0.9764863848686218,-0.20267751812934875,0,0.005956000182777643,0.1650869995355606,-0.1600629985332489,1,0.9361924529075623,0.3116772770881653,0.1624828726053238,0,-0.25040438771247864,0.2670111656188965,0.9305927753448486,0,0.24665986001491547,-0.9119002223014832,0.3280192017555237,0,0,0.32193100452423096,0,1,-0.9588810801506042,-0.24666981399059296,0.140359565615654,0,-0.25104206800460815,0.9678744077682495,-0.014064441435039043,0,-0.13238109648227692,-0.04872226342558861,-0.9900006055831909,0,0,0.3142760097980499,0,1,0.9558950662612915,-0.07121937721967697,-0.2849428951740265,0,0.29362785816192627,0.25443756580352783,0.9214356541633606,0,0.006876112427562475,-0.964463472366333,0.2641277313232422,0,0.009719000197947025,0.16478699445724487,0.1600629985332489,1,-0.7470946311950684,0.42379188537597656,0.512103796005249,0,0.6536539196968079,0.32840612530708313,0.6818253993988037,0,0.12077402323484421,0.8441265225410461,-0.5223636627197266,0,0,0.32222801446914673,0,1,0.9078656435012817,0.4192577302455902,-0.00185119709931314,0,-0.41918060183525085,0.9077677726745605,0.015662433579564095,0,0.00824704859405756,-0.013443391770124435,0.9998752474784851,0,0,0.3085870146751404,0,1,-0.5773437023162842,-0.8056229948997498,-0.13283567130565643,0,0.8107907772064209,-0.5464603900909424,-0.20976190268993378,0,0.09639956057071686,-0.22880661487579346,0.9686869978904724,0,-0.002380999969318509,-0.05394800007343292,-0.14911900460720062,1,0.13501766324043274,-0.2786875069141388,-0.9508432745933533,0,0.9108120203018188,0.41273581981658936,0.008362427353858948,0,0.39011672139167786,-0.8671689629554749,0.3095587193965912,0,0,0.1894489973783493,0,1,-0.9615673422813416,-0.2580398619174957,-0.0938320979475975,0,0.08259696513414383,0.05406598001718521,-0.9951150417327881,0,0.26185253262519836,-0.9646205902099609,-0.030674824491143227,0,0,0.13586999475955963,0,1,0.9975790977478027,-0.002470803214237094,-0.06949399411678314,0,0.044122785329818726,0.7949143648147583,0.6051154732704163,0,0.05374663695693016,-0.6067165732383728,0.7930986881256104,0,0,0.21759499609470367,0,1,-0.9598287343978882,0.27783405780792236,-0.03920191898941994,0,-0.27948957681655884,-0.9590402245521545,0.04612312093377113,0,-0.02478165738284588,0.05522685497999191,0.9981666207313538,0,-0.002560999942943454,-0.05394800007343292,0.14911900460720062,1,0.03170573338866234,-0.014707048423588276,0.9993888139724731,0,0.7366446852684021,0.6761472821235657,-0.01341989915817976,0,-0.675536572933197,0.7366198301315308,0.032271627336740494,0,0,0.18951599299907684,0,1,0.9792986512184143,0.16993872821331024,-0.10997693240642548,0,0.14911417663097382,-0.23822113871574402,0.959695041179657,0,0.13689054548740387,-0.9562273025512695,-0.2586299479007721,0,0,0.14189699292182922,0,1,0.9992160797119141,0.016563650220632553,-0.0359630323946476,0,0.013111863285303116,0.7186161875724792,0.6952831745147705,0,0.03736003860831261,-0.6952095627784729,0.717835545539856,0,0,0.22331799566745758,0,1
K0.206,0.9730304479598999,0.18973010778427124,0.13120236992835999,0,-0.17585036158561707,0.978204607963562,-0.11041800677776337,0,-0.14929242432117462,0.08436813950538635,0.985187292098999,0,0.0018903150921687484,0.42918744683265686,-0.04039505496621132,1,0.9703872799873352,-0.19807668030261993,-0.1382509469985962,0,0.19736643135547638,0.9801458120346069,-0.01896667666733265,0,0.13926303386688232,-0.008881079964339733,0.9902153611183167,0,-0.00775599991902709,0.09732399880886078,0,1,0.9624881148338318,-0.27053302526474,-0.020724689587950706,0,0.2702104449272156,0.9626497030258179,-0.017091218382120132,0,0.024574339389801025,0.010850058868527412,0.999639093875885,0,0,0.11390499770641327,0,1,0.9048272371292114,-0.4254418611526489,-0.016958583146333694,0,0.4250906705856323,0.9049109220504761,-0.020837336778640747,0,0.02421106956899166,0.011645250022411346,0.9996388554573059,0,0,0.13017700612545013,0,1,0.9724488854408264,0.2287081778049469,-0.045122258365154266,0,-0.23042914271354675,0.9723655581474304,-0.03751154989004135,0,0.03529613837599754,0.04687555134296417,0.998276948928833,0,0,0.1464499980211258,0,1,0.9204554557800293,0.38850370049476624,0.04274817183613777,0,-0.3899717330932617,0.9202027916908264,0.03390593081712723,0,-0.026164380833506584,-0.04787943512201309,0.9985101819038391,0,0.04863499850034714,0.05214399844408035,0,1,-0.9933697581291199,0.08933426439762115,-0.07236386090517044,0,0.08595622330904007,0.1591309905052185,-0.9835082292556763,0,-0.07634561508893967,-0.9832070469856262,-0.1657547652721405,0,0.005956000182777643,0.1650869995355606,-0.1600629985332489,1,0.946531355381012,0.2954322099685669,0.12961165606975555,0,-0.22232694923877716,0.3062164783477783,0.9256359338760376,0,0.2337733805179596,-0.9049594402313232,0.3555259704589844,0,0,0.32193100452423096,0,1,-0.9611119627952576,-0.2379041463136673,0.1402347832918167,0,-0.24212083220481873,0.9701513051986694,-0.013564384542405605,0,-0.13282188773155212,-0.046990636736154556,-0.9900252223014832,0,0,0.3142760097980499,0,1,0.9544085264205933,-0.06933809071779251,-0.290338397026062,0,0.2984328866004944,0.24274344742298126,0.9230453968048096,0,0.006475540809333324,-0.9676095843315125,0.25236934423446655,0,0.009719000197947025,0.16478699445724487,0.1600629985332489,1,-0.7324326038360596,0.45680609345436096,0.5048476457595825,0,0.667235791683197,0.3341136872768402,0.6657060384750366,0,0.13542203605175018,0.8244369626045227,-0.5495128631591797,0,0,0.32222801446914673,0,1,0.8867773413658142,0.4621959328651428,-0.001063407165929675,0,-0.46211111545562744,0.8866543173789978,0.01726611703634262,0,0.008923198096454144,-0.014819780364632607,0.9998502135276794,0,0,0.3085870146751404,0,1,-0.5891759991645813,-0.7995162010192871,-0.11681115627288818,0,0.8003643155097961,-0.5576403737068176,-0.2201237976551056,0,0.1108538880944252,-0.22318309545516968,0.9684524536132812,0,-0.002380999969318509,-0.05394800007343292,-0.14911900460720062,1,0.15833614766597748,-0.27995648980140686,-0.9468652009963989,0,0.9129136204719543,0.40686753392219543,0.03236151859164238,0,0.3761887848377228,-0.8695298433303833,0.3199978470802307,0,0,0.1894489973783493,0,1,-0.9625159502029419,-0.25184711813926697,-0.10067521035671234,0,0.09312400221824646,0.04175622761249542,-0.9947782754898071,0,0.2547360360622406,-0.9668659567832947,-0.016737904399633408,0,0,0.13586999475955963,0,1,0.9979304075241089,-0.003290031338110566,-0.06422466039657593,0,0.042220957577228546,0.7868276834487915,0.6157274842262268,0,0.0485079288482666,-0.6171641945838928,0.7853373289108276,0,0,0.21759499609470367,0,1,-0.9427216053009033,0.32855886220932007,-0.05766861513257027,0,-0.3331862688064575,-0.9358394742012024,0.1148550808429718,0,-0.01623191125690937,0.12749075889587402,0.9917073845863342,0,-0.002560999942943454,-0.05394800007343292,0.14911900460720062,1,-0.004011646378785372,-0.02571968547999859,0.9996607303619385,0,0.7844184637069702,0.6199368834495544,0.01909792423248291,0,-0.6202183961868286,0.7842298746109009,0.017688076943159103,0,0,0.18951599299907684,0,1,0.9748995900154114,0.21303769946098328,-0.06469227373600006,0,0.13324187695980072,-0.3254726231098175,0.9361162185668945,0,0.17837251722812653,-0.9212392568588257,-0.3456887900829315,0,0,0.14189699292182922,0,1,0.9983051419258118,0.02284400910139084,-0.05351792648434639,0,0.0233584176748991,0.6850422024726868,0.7281286716461182,0,0.05329543352127075,-0.7281449437141418,0.683347761631012,0,0,0.22331799566745758,0,1
