1.000,30,29,33
B0,mixamorig_Hips,-1,0.9994380474090576,0.0032756056170910597,-0.033347755670547485,0,-0.0021493923850357533,0.9994279146194458,0.03375181555747986,0,0.033439259976148605,-0.033661194145679474,0.9988739490509033,0,0.003794000018388033,0.47023698687553406,-0.011642999947071075,1
B1,mixamorig_Spine,0,0.9997379779815674,-0.006551710423082113,0.021930167451500893,0,0.005159291438758373,0.9980029463768005,0.06295832991600037,0,-0.02229885198175907,-0.0628286749124527,0.9977750778198242,0,0,0.09616000205278397,-0.004323999863117933,1
B2,mixamorig_Spine1,1,0.9988769888877869,0.017691049724817276,0.04394197463989258,0,-0.01956995017826557,0.9988960027694702,0.042702995240688324,0,-0.04313802719116211,-0.043515004217624664,0.9981210231781006,0,0,0.11230000108480453,0,1
B3,mixamorig_Spine2,2,0.9988669753074646,0.019686153158545494,0.04333239421248436,0,-0.021515822038054466,0.998879075050354,0.04217074438929558,0,-0.04245360195636749,-0.04305525869131088,0.998170018196106,0,0,0.12834300100803375,0,1
B4,mixamorig_Neck,3,0.999301016330719,-0.002782051218673587,-0.037279244512319565,0,0.004141922574490309,0.9993270039558411,0.03645053505897522,0,0.03715274855494499,-0.03657946363091469,0.9986400008201599,0,0,0.14438599348068237,0,1
B5,mixamorig_Head,4,0.9963399767875671,-0.037096258252859116,-0.07700992375612259,0,0.03264676034450531,0.9977680444717407,-0.0582546666264534,0,0.07899904996156693,0.05552731081843376,0.9953269362449646,0,0,0.05262000113725662,0.05306600034236908,1
B6,mixamorig_HeadTop_End,5,1,0,0,0,0,1,0,0,0,0,1,0,0,0.2981710135936737,0.30069699883461,1
B7,mixamorig_LeftShoulder,3,0.1614622324705124,0.005508242174983025,-0.986863911151886,0,0.9726160168647766,0.16850729286670685,0.1600717008113861,0,0.1671755313873291,-0.9856851696968079,0.021850120276212692,0,0.16010400652885437,0.1615850031375885,-0.00013899999612476677,1
B8,mixamorig_LeftArm,7,0.8985140919685364,0.4389377236366272,0.0023272482212632895,0,-0.04317867010831833,0.08310888707637787,0.995604932308197,0,0.4368152916431427,-0.8946658372879028,0.09362728148698807,0,0,0.32196301221847534,0,1
B9,mixamorig_LeftForeArm,8,0.9814200401306152,0.19186069071292877,-0.0019239966059103608,0,-0.19186030328273773,0.981421947479248,0.00037959186010994017,0,0.001961081987246871,-0.000003400479272386292,0.9999979734420776,0,0,0.3193959891796112,0,1
B10,mixamorig_LeftHand,9,-0.11923211067914963,0.1876431405544281,-0.9749739766120911,0,0.07154742628335953,0.9810500144958496,0.18006280064582825,0,0.9902850389480591,-0.04828757420182228,-0.1303979456424713,0,0,0.3529700040817261,0,1
B11,mixamorig_LeftHandIndex1,10,-0.95247483253479,-0.3004351258277893,-0.05029582232236862,0,-0.29425182938575745,0.9501430988311768,-0.10316674411296844,0,0.07878321409225464,-0.08346417546272278,-0.9933918714523315,0,0,0.10231500118970871,0,1
B12,mixamorig_LeftHandIndex2,11,0.9601259231567383,-0.27942216396331787,-0.009054119698703289,0,0.13545691967010498,0.4366263747215271,0.8893868327140808,0,-0.24456094205379486,-0.8551492094993591,0.4570656716823578,0,0,0.06951499730348587,0,1
B13,mixamorig_LeftHandIndex3,12,0.9905360341072083,-0.05419962480664253,0.12610109150409698,0,0.03672540932893753,0.9898920059204102,0.13698481023311615,0,-0.13225096464157104,-0.1310572475194931,0.982513964176178,0,-0.001585999969393015,0.03770500048995018,-0.07663899660110474,1
B14,mixamorig_LeftHandIndex4,13,1,0,0,0,0,1,0,0,0,0,1,0,0.004579999949783087,0.012807999737560749,-0.040387000888586044,1
B15,mixamorig_RightShoulder,3,0.06705274432897568,-0.009216220118105412,0.9977070093154907,0,-0.9863430261611938,0.15015825629234314,0.0676761195063591,0,-0.15043769776821136,-0.9886191487312317,0.0009781355038285255,0,-0.16010400652885437,0.16163000464439392,-0.0011419999646022916,1
B16,mixamorig_RightArm,15,0.8826219439506531,-0.45298901200294495,-0.12561894953250885,0,0.23579305410385132,0.19544309377670288,0.9519469141960144,0,-0.4066700041294098,-0.869828999042511,0.27931395173072815,0,0,0.32197999954223633,0,1
B17,mixamorig_RightForeArm,16,0.9191259741783142,-0.3939220607280731,0.005680285859853029,0,0.39390987157821655,0.9191439151763916,0.0032158498652279377,0,-0.0064877960830926895,-0.0007182502304203808,0.9999790787696838,0,0,0.3194020092487335,0,1
B18,mixamorig_RightHand,17,0.9996929168701172,-0.01675594411790371,-0.0182622279971838,0,0.018542030826210976,0.994562029838562,0.10247994214296341,0,0.016445765271782875,-0.1027870625257492,0.9945669770240784,0,0,0.36380699276924133,0,1
B19,mixamorig_RightHandIndex1,18,0.3676009774208069,0.2991601526737213,-0.8805528879165649,0,0.08264616876840591,0.93259197473526,0.3513419032096863,0,0.9263038635253906,-0.20192790031433105,0.31809723377227783,0,0,0.0956450030207634,0,1
B20,mixamorig_RightHandIndex2,19,0.7381077408790588,0.6703721880912781,0.07614602148532867,0,-0.672437846660614,0.7217511534690857,0.1640230417251587,0,0.054997969418764114,-0.1722699999809265,0.9835129976272583,0,0,0.046424999833106995,0,1
B21,mixamorig_RightHandIndex3,20,0.9209470748901367,0.38748490810394287,0.04136475920677185,0,-0.3896690905094147,0.9146929383277893,0.10721403360366821,0,0.003707771422341466,-0.11485705524682999,0.9933750033378601,0,0.027445999905467033,0.07566999644041061,-0.004366000182926655,1
B22,mixamorig_RightHandIndex4,21,1,0,0,0,0,1,0,0,0,0,1,0,0.029746999964118004,0.04586299881339073,-0.00609199982136488,1
B23,mixamorig_LeftUpLeg,0,-0.9737290740013123,-0.00825129821896553,0.22755876183509827,0,0.13145586848258972,-0.8363660573959351,0.5321758985519409,0,0.18593132495880127,0.5481091737747192,0.8154787421226501,0,0.1494559943675995,-0.05323300138115883,0.00558000011369586,1
B24,mixamorig_LeftLeg,23,0.9514950513839722,0.29372695088386536,0.09154880046844482,0,0.09565617144107819,0.0003832528309430927,-0.9954140186309814,0,-0.2924150824546814,0.9558890461921692,-0.027732141315937042,0,0,0.19341400265693665,0,1
B25,mixamorig_LeftFoot,24,0.9994000196456909,0.03435817360877991,0.00433986634016037,0,-0.005051128566265106,0.020641813054680824,0.9997739195823669,0,0.0342608205974102,-0.99919593334198,0.020802974700927734,0,0,0.1357100009918213,0,1
B26,mixamorig_LeftToeBase,25,0.9985299706459045,-0.05133790895342827,0.017371339723467827,0,0.01118333451449871,0.5087940096855164,0.8608159422874451,0,-0.05303090810775757,-0.8593559861183167,0.508620023727417,0,0,0.2164130061864853,0,1
B27,mixamorig_LeftToe_End,26,1,0,0,0,0,1,0,0,0,0,1,0,0,0.11081799864768982,0,1
B28,mixamorig_RightUpLeg,0,-0.98831707239151,0.029030844569206238,-0.1496233493089676,0,-0.08670002967119217,-0.914470911026001,0.3952541649341583,0,-0.12535163760185242,0.4036087989807129,0.906304121017456,0,-0.1494559943675995,-0.05323300138115883,0.011367999948561192,1
B29,mixamorig_RightLeg,28,0.9586570262908936,-0.18399496376514435,-0.21707700192928314,0,-0.09080496430397034,0.5251631140708923,-0.8461429476737976,0,0.2696870267391205,0.8308730721473694,0.48674389719963074,0,0,0.19331799447536469,0,1
B30,mixamorig_RightFoot,29,0.9989749789237976,0.04472010210156441,-0.006987913511693478,0,0.009367097169160843,-0.05321528762578964,0.9985389709472656,0,0.04428290203213692,-0.9975810050964355,-0.05357964336872101,0,0,0.14031200110912323,0,1
B31,mixamorig_RightToeBase,30,0.9976689219474792,0.005291220266371965,0.06802918761968613,0,-0.046464722603559494,0.7828018665313721,0.6205341815948486,0,-0.04997000843286514,-0.6222488284111023,0.7812232375144958,0,0,0.22100700438022614,0,1
B32,mixamorig_RightToe_End,31,1,0,0,0,0,1,0,0,0,0,1,0,0,0.11006999760866165,0,1
@28,0,1,2,3,4,5,7,8,9,10,11,12,13,15,16,17,18,19,20,21,23,24,25,26,28,29,30,31
K0,-0.033347710967063904,0.0032756065484136343,-0.9994379878044128,0,0.03375180810689926,0.9994279146194458,0.002149394480511546,0,0.9988738894462585,-0.033661190420389175,-0.033439215272665024,0,-0.0116429990157485,0.47023698687553406,-0.0037940002512186766,1,0.9997379779815674,-0.006551709026098251,0.021930158138275146,0,0.005159290507435799,0.9980029463768005,0.06295832991600037,0,-0.022298842668533325,-0.0628286749124527,0.9977750778198242,0,0,0.09616000205278397,-0.004323999863117933,1,0.9988769888877869,0.017691049724817276,0.04394197463989258,0,-0.01956995017826557,0.9988960027694702,0.042702995240688324,0,-0.04313802719116211,-0.043515004217624664,0.9981210231781006,0,0,0.11230000108480453,0,1,0.9988669753074646,0.019686168059706688,0.04333239793777466,0,-0.02151583693921566,0.998879075050354,0.04217074438929558,0,-0.04245360568165779,-0.04305525869131088,0.998170018196106,0,0,0.12834300100803375,0,1,0.999301016330719,-0.0027820642571896315,-0.03727924823760986,0,0.004141935613006353,0.9993270039558411,0.03645053505897522,0,0.03715275228023529,-0.03657946363091469,0.9986400008201599,0,0,0.14438599348068237,0,1,0.9963399767875671,-0.03709625080227852,-0.07700993120670319,0,0.032646749168634415,0.9977680444717407,-0.058254677802324295,0,0.07899905741214752,0.05552732199430466,0.9953269362449646,0,0,0.05262000113725662,0.05306600034236908,1,0.16146162152290344,0.005508695263415575,-0.9868640303611755,0,0.9726161956787109,0.168506920337677,0.16007114946842194,0,0.16717523336410522,-0.9856852293014526,0.021849529817700386,0,0.16010400652885437,0.1615850031375885,-0.00013899999612476677,1,0.8985139727592468,0.4389379620552063,0.0023276207502931356,0,-0.04317895323038101,0.08310858905315399,0.995604932308197,0,0.4368155002593994,-0.8946657180786133,0.09362713992595673,0,0,0.32196301221847534,0,1,0.9814200401306152,0.19186069071292877,-0.0019239569082856178,0,-0.19186030328273773,0.981421947479248,0.00037959188921377063,0,0.001961042871698737,-0.0000034081210742442636,0.9999979734420776,0,0,0.3193959891796112,0,1,-0.11923213303089142,0.1876436173915863,-0.9749739170074463,0,0.07154761254787445,0.9810498952865601,0.18006326258182526,0,0.9902850389480591,-0.04828770086169243,-0.13039803504943848,0,0,0.3529700040817261,0,1,-0.95247483253479,-0.3004351556301117,-0.05029579997062683,0,-0.29425185918807983,0.950143039226532,-0.10316677391529083,0,0.07878320664167404,-0.08346420526504517,-0.9933918714523315,0,0,0.10231500118970871,0,1,0.9601259231567383,-0.27942216396331787,-0.009054000489413738,0,0.13545681536197662,0.4366263747215271,0.8893868327140808,0,-0.24456100165843964,-0.8551492094993591,0.4570656418800354,0,0,0.06951499730348587,0,1,0.9905360341072083,-0.05419960245490074,0.1261010617017746,0,0.03672539442777634,0.9898920059204102,0.13698478043079376,0,-0.13225093483924866,-0.13105721771717072,0.982513964176178,0,-0.001585999969393015,0.03770500048995018,-0.07663899660110474,1,0.06705228984355927,-0.009216215461492538,0.9977070689201355,0,-0.9863430261611938,0.15015822649002075,0.06767567992210388,0,-0.15043766796588898,-0.9886192083358765,0.0009780586697161198,0,-0.16010400652885437,0.16163000464439392,-0.0011419999646022916,1,0.8826220035552979,-0.45298895239830017,-0.12561891973018646,0,0.23579305410385132,0.19544312357902527,0.9519469738006592,0,-0.406669944524765,-0.8698290586471558,0.27931395173072815,0,0,0.32197999954223633,0,1,0.9191259145736694,-0.3939220905303955,0.005680255126208067,0,0.39390990138053894,0.9191439151763916,0.0032157914247363806,0,-0.006487744860351086,-0.0007182086119428277,0.9999790787696838,0,0,0.3194020092487335,0,1,0.9996929168701172,-0.016755957156419754,-0.018262233585119247,0,0.01854204572737217,0.9945619702339172,0.1024799570441246,0,0.016445767134428024,-0.1027870774269104,0.9945669770240784,0,0,0.36380699276924133,0,1,0.36760082840919495,0.2991602420806885,-0.8805529475212097,0,0.08264624327421188,0.93259197473526,0.35134202241897583,0,0.9263039231300354,-0.20192798972129822,0.3180970549583435,0,0,0.0956450030207634,0,1,0.7381077408790588,0.6703721880912781,0.07614598423242569,0,-0.672437846660614,0.7217511534690857,0.1640230268239975,0,0.05499798059463501,-0.17226997017860413,0.9835129976272583,0,0,0.046424999833106995,0,1,0.9209470748901367,0.3874848783016205,0.04136475548148155,0,-0.3896690607070923,0.9146929383277893,0.10721398144960403,0,0.003707753960043192,-0.11485700309276581,0.9933750033378601,0,0.027445999905467033,0.07566999644041061,-0.004366000182926655,1,-0.9737290740013123,-0.008251233026385307,0.2275587022304535,0,0.13145576417446136,-0.8363660573959351,0.5321758985519409,0,0.18593131005764008,0.5481091737747192,0.8154787421226501,0,0.1494559943675995,-0.05323300138115883,0.00558000011369586,1,0.9514949917793274,0.29372715950012207,0.09154873341321945,0,0.0956561490893364,0.00038305961061269045,-0.9954140782356262,0,-0.2924152910709381,0.9558889865875244,-0.02773234248161316,0,0,0.19341400265693665,0,1,0.9994000196456909,0.03435804322361946,0.004339694976806641,0,-0.005050960462540388,0.020641986280679703,0.9997739195823669,0,0.034260693937540054,-0.99919593334198,0.020803140476346016,0,0,0.1357100009918213,0,1,0.9985299706459045,-0.05133771896362305,0.01737128756940365,0,0.011183283291757107,0.5087940096855164,0.8608159422874451,0,-0.05303071811795235,-0.8593559861183167,0.508620023727417,0,0,0.2164130061864853,0,1,-0.98831707239151,0.029030904173851013,-0.14962336421012878,0,-0.08670009672641754,-0.914470911026001,0.3952541649341583,0,-0.12535163760185242,0.4036087989807129,0.906304121017456,0,-0.1494559943675995,-0.05323300138115883,0.011367999948561192,1,0.9586570262908936,-0.18399496376514435,-0.21707700192928314,0,-0.09080497175455093,0.5251631140708923,-0.8461429476737976,0,0.2696870267391205,0.8308730721473694,0.48674389719963074,0,0,0.19331799447536469,0,1,0.9989749789237976,0.04472019895911217,-0.006988004315644503,0,0.009367193095386028,-0.05321528762578964,0.9985389709472656,0,0.04428299888968468,-0.9975810050964355,-0.053579650819301605,0,0,0.14031200110912323,0,1,0.9976689219474792,0.005291278474032879,0.06802910566329956,0,-0.046464722603559494,0.7828018665313721,0.6205341815948486,0,-0.04996990039944649,-0.6222488284111023,0.7812231779098511,0,0,0.22100700438022614,0,1
K0.034,-0.024249853566288948,0.0047352793626487255,-0.9996951222419739,0,0.04454855993390083,0.9990010261535645,0.003651365404948592,0,0.9987123608589172,-0.04444637894630432,-0.024436544626951218,0,-0.007354592438787222,0.47546055912971497,-0.004096001386642456,1,0.9999604821205139,-0.00706167658790946,0.0053672194480896,0,0.006751189474016428,0.9984182715415955,0.05581745132803917,0,-0.0057528940960764885,-0.055779002606868744,0.9984263777732849,0,0,0.09616000205278397,-0.004323999863117933,1,0.9994304180145264,0.008680933155119419,0.0326029434800148,0,-0.009935160167515278,0.9992086887359619,0.038506895303726196,0,-0.03224289044737816,-0.03880889713764191,0.9987264275550842,0,0,0.11230000108480453,0,1,0.9994347095489502,0.010368998162448406,0.031987227499485016,0,-0.011588136665523052,0.9992044568061829,0.03816640004515648,0,-0.03156600520014763,-0.03851546719670296,0.9987589716911316,0,0,0.12834300100803375,0,1,0.9994449615478516,-0.005073219072073698,-0.03292391821742058,0,0.006294861901551485,0.9992913603782654,0.03710810840129852,0,0.03271232917904854,-0.03729476407170296,0.9987686276435852,0,0,0.14438599348068237,0,1,0.9978252649307251,-0.035517368465662,-0.05552901327610016,0,0.03267408907413483,0.9981491565704346,-0.05129928141832352,0,0.05724821612238884,0.0493733249604702,0.9971383213996887,0,0,0.05262000113725662,0.05306600034236908,1,0.14428769052028656,0.006511395331472158,-0.9895147681236267,0,0.974519670009613,0.17260855436325073,0.14323702454566956,0,0.1717313528060913,-0.9849686026573181,0.018559787422418594,0,0.16010400652885437,0.1615850031375885,-0.00013899999612476677,1,0.9128387570381165,0.4032958745956421,-0.06385277956724167,0,0.04011869803071022,0.06703683733940125,0.9969432353973389,0,0.40634408593177795,-0.9126112461090088,0.04501417279243469,0,0,0.32196301221847534,0,1,0.9814981818199158,0.19146375358104706,-0.0019240690162405372,0,-0.1914633959531784,0.9815001487731934,0.000378628057660535,0,0.0019609658047556877,-0.0000032339721656171605,0.9999979734420776,0,0,0.3193959891796112,0,1,-0.11493311077356339,0.2399759292602539,-0.963951051235199,0,0.05082998797297478,0.9705315828323364,0.23555362224578857,0,0.9920718669891357,-0.021924695000052452,-0.12374415993690491,0,0,0.3529700040817261,0,1,-0.9577606916427612,-0.28330156207084656,-0.049337390810251236,0,-0.2764095664024353,0.9542789459228516,-0.11379768699407578,0,0.07932072132825851,-0.09535366296768188,-0.9922783970832825,0,0,0.10231500118970871,0,1,0.9600617289543152,-0.27964353561401367,-0.009049968793988228,0,0.13555759191513062,0.4366086423397064,0.889379620552063,0,-0.24475795030593872,-0.8550860285758972,0.4570789933204651,0,0,0.06951499730348587,0,1,0.9905039072036743,-0.05429843068122864,0.1263059377670288,0,0.03679754585027695,0.989889919757843,0.13697972893714905,0,-0.13246676325798035,-0.13103123009204865,0.9824880361557007,0,-0.001585999969393015,0.03770500048995018,-0.07663899660110474,1,0.0729435458779335,-0.008913008496165276,0.9972958564758301,0,-0.9852255582809448,0.1547170728445053,0.0734434574842453,0,-0.15495337545871735,-0.9879190921783447,0.0025042768102139235,0,-0.16010400652885437,0.16163000464439392,-0.0011419999646022916,1,0.8648774027824402,-0.4808705151081085,-0.14405308663845062,0,0.27547207474708557,0.21475617587566376,0.9370133876800537,0,-0.4196458160877228,-0.8500844240188599,0.31820419430732727,0,0,0.32197999954223633,0,1,0.8976430892944336,-0.44068875908851624,0.005504936445504427,0,0.44067496061325073,0.8976598978042603,0.003597195027396083,0,-0.0065267994068562984,-0.0008031088509596884,0.9999780058860779,0,0,0.3194020092487335,0,1,0.999343752861023,0.033796221017837524,-0.01304284855723381,0,-0.031597137451171875,0.9892963171005249,0.142459437251091,0,0.017717823386192322,-0.14195376634597778,0.9897144436836243,0,0,0.36380699276924133,0,1,0.36714044213294983,0.3055047392845154,-0.8785637617111206,0,0.08328739553689957,0.929933488368988,0.35817232728004456,0,0.9264292120933533,-0.20467284321784973,0.3159714937210083,0,0,0.0956450030207634,0,1,0.7380787134170532,0.6704034209251404,0.07615593075752258,0,-0.6724690198898315,0.7217191457748413,0.16403310000896454,0,0.05500513315200806,-0.17228175699710846,0.9835105538368225,0,0,0.046424999833106995,0,1,0.9209308624267578,0.38752448558807373,0.04137216880917549,0,-0.38970884680747986,0.9146744012832642,0.10722576826810837,0,0.003710545599460602,-0.11487063020467758,0.9933736324310303,0,0.027445999905467033,0.07566999644041061,-0.004366000182926655,1,-0.9761540293693542,0.0019436069997027516,0.21707035601139069,0,0.1323908269405365,-0.7871364951133728,0.6024025082588196,0,0.17203493416309357,0.6167761087417603,0.7681095004081726,0,0.1494559943675995,-0.05323300138115883,0.00558000011369586,1,0.9338878989219666,0.25423091650009155,0.2514360249042511,0,0.17086869478225708,0.30040067434310913,-0.9383832812309265,0,-0.31409767270088196,0.9193075299263,0.2371004968881607,0,0,0.19341400265693665,0,1,0.9979395270347595,0.0631210207939148,-0.011551055125892162,0,0.0012383777648210526,0.16103142499923706,0.9869481325149536,0,0.06415724009275436,-0.9849286675453186,0.16062141954898834,0,0,0.1357100009918213,0,1,0.9953035712242126,0.014359962195158005,-0.09572994709014893,0,0.06085531413555145,0.6762509942054749,0.7341532707214355,0,0.07527992129325867,-0.7365314364433289,0.6722015142440796,0,0,0.2164130061864853,0,1,-0.9872564673423767,0.03772474452853203,-0.15460021793842316,0,-0.07621943950653076,-0.9649099111557007,0.25127485394477844,0,-0.1396961212158203,0.2598564922809601,0.9554896950721741,0,-0.1494559943675995,-0.05323300138115883,0.011367999948561192,1,0.9647404551506042,-0.15555962920188904,-0.21231119334697723,0,-0.07562391459941864,0.6088075637817383,-0.7897055149078369,0,0.2521030902862549,0.7779170870780945,0.5755775570869446,0,0,0.19331799447536469,0,1,0.9969419836997986,0.07813015580177307,0.0014251206303015351,0,0.007919782772660255,-0.11916625499725342,0.9928426742553711,0,0.07774080336093903,-0.9897953867912292,-0.11942064017057419,0,0,0.14031200110912323,0,1,0.9975382685661316,0.004891991149634123,0.06996044516563416,0,-0.047096800059080124,0.7858806848526001,0.6165818572044373,0,-0.05196424201130867,-0.6183587312698364,0.7841762900352478,0,0,0.22100700438022614,0,1
K0.069,-0.01292307861149311,0.0005915460060350597,-0.9999157190322876,0,0.056006453931331635,0.9984304904937744,-0.00013316959666553885,0,0.9983465671539307,-0.05600347742438316,-0.01293592993170023,0,-0.0043024239130318165,0.4747808277606964,-0.004388326779007912,1,0.9999189376831055,0.004674014635384083,-0.011836244724690914,0,-0.004104670602828264,0.9988548159599304,0.04767761006951332,0,0.01204552873969078,-0.04762513190507889,0.9987924098968506,0,0,0.09616000205278397,-0.004323999863117933,1,0.9997777938842773,-0.00347130186855793,0.020786359906196594,0,0.0027400993276387453,0.9993795156478882,0.0351027213037014,0,-0.02089531719684601,-0.035037972033023834,0.9991671442985535,0,0,0.11230000108480453,0,1,0.9997904300689697,-0.0020759901963174343,0.020367521792650223,0,0.001367031829431653,0.999394953250885,0.03476068004965782,0,-0.02042735368013382,-0.03472553938627243,0.9991880059242249,0,0,0.12834300100803375,0,1,0.9996401071548462,-0.0026823130901902914,-0.026676759123802185,0,0.0036300774663686752,0.9993615746498108,0.03554293513298035,0,0.026564395055174828,-0.03562699258327484,0.9990118741989136,0,0,0.14438599348068237,0,1,0.9986861348152161,-0.03498797118663788,-0.037450261414051056,0,0.03305288404226303,0.9981462955474854,-0.05109868571162224,0,0.03916868567466736,0.04979371652007103,0.9979915618896484,0,0,0.05262000113725662,0.05306600034236908,1,0.1287650167942047,0.007319258991628885,-0.9916484355926514,0,0.9761355519294739,0.17539864778518677,0.1280452311038971,0,0.17487084865570068,-0.9844706058502197,0.01544064562767744,0,0.16010400652885437,0.1615850031375885,-0.00013899999612476677,1,0.9220975041389465,0.36547815799713135,-0.1271294802427292,0,0.11759382486343384,0.048333387821912766,0.991884708404541,0,0.36865687370300293,-0.9295642375946045,0.0015901181614026427,0,0,0.32196301221847534,0,1,0.981947660446167,0.18914233148097992,-0.0019251216435804963,0,-0.18914201855659485,0.9819498062133789,0.00037388422060757875,0,0.0019610899034887552,-0.000003013366040249821,0.9999979734420776,0,0,0.3193959891796112,0,1,-0.11690159142017365,0.26323527097702026,-0.9576225876808167,0,0.021347513422369957,0.9646767973899841,0.2625683546066284,0,0.9929143786430359,0.010251810774207115,-0.11839176714420319,0,0,0.3529700040817261,0,1,-0.9585327506065369,-0.2806994616985321,-0.04922669008374214,0,-0.27395930886268616,0.9551817178726196,-0.11213481426239014,0,0.07849656790494919,-0.09399872273206711,-0.9924725294113159,0,0,0.10231500118970871,0,1,0.9599990844726562,-0.2798577547073364,-0.009045971557497978,0,0.1356549859046936,0.43659111857414246,0.8893740177154541,0,-0.24494874477386475,-0.8550249934196472,0.45709100365638733,0,0,0.06951499730348587,0,1,0.9904729723930359,-0.05439487099647522,0.12650592625141144,0,0.03686785325407982,0.9898879528045654,0.1369754821062088,0,-0.13267751038074493,-0.13100658357143402,0.9824631214141846,0,-0.001585999969393015,0.03770500048995018,-0.07663899660110474,1,0.07976889610290527,-0.008672958239912987,0.9967758059501648,0,-0.9825538396835327,0.1678493320941925,0.08009126037359238,0,-0.16800279915332794,-0.9857745170593262,0.00486747408285737,0,-0.16010400652885437,0.16163000464439392,-0.0011419999646022916,1,0.84978187084198,-0.5029628276824951,-0.15779337286949158,0,0.31303903460502625,0.2406606376171112,0.9187429547309875,0,-0.42411914467811584,-0.8301271200180054,0.36195626854896545,0,0,0.32197999954223633,0,1,0.8614830374717712,-0.5077592134475708,0.005209462251514196,0,0.5077434182167053,0.8614987730979919,0.004144587088376284,0,-0.006592397578060627,-0.0009254211909137666,0.9999779462814331,0,0,0.3194020092487335,0,1,0.9966256022453308,0.08190237730741501,0.005424337927252054,0,-0.08152195811271667,0.97995924949646,0.1817511022090912,0,0.009570223279297352,-0.18158011138439178,0.9833298325538635,0,0,0.36380699276924133,0,1,0.3656083643436432,0.32646140456199646,-0.8716378808021545,0,0.0851203054189682,0.9208200573921204,0.3805857002735138,0,0.9268687963485718,-0.21333955228328705,0.30887123942375183,0,0,0.0956450030207634,0,1,0.7389208078384399,0.6695062518119812,0.07587884366512299,0,-0.6715611219406128,0.7226318120956421,0.16373443603515625,0,0.054788738489151,-0.1719440221786499,0.9835817813873291,0,0,0.046424999833106995,0,1,0.9214202165603638,0.38638144731521606,0.04115103930234909,0,-0.3885498642921448,0.9152074456214905,0.10688700526952744,0,0.0036374228075146675,-0.11447709053754807,0.9934191703796387,0,0.027445999905467033,0.07566999644041061,-0.004366000182926655,1,-0.9772149324417114,-0.02149992622435093,0.21115969121456146,0,0.1585574895143509,-0.7353200316429138,0.6589109301567078,0,0.14110346138477325,0.67737877368927,0.7219750285148621,0,0.1494559943675995,-0.05323300138115883,0.00558000011369586,1,0.9135638475418091,0.15256640315055847,0.37699535489082336,0,0.22656795382499695,0.5788804292678833,-0.7833041548728943,0,-0.33774077892303467,0.8010125756263733,0.4942770302295685,0,0,0.19341400265693665,0,1,0.9992155432701111,0.03615150600671768,-0.016146723181009293,0,0.002847137162461877,0.34115028381347656,0.9400050044059753,0,0.03949103504419327,-0.9393130540847778,0.340779572725296,0,0,0.1357100009918213,0,1,0.9938916563987732,-0.004959725309163332,-0.11024534702301025,0,0.0744137316942215,0.7678301930427551,0.6363167762756348,0,0.0814937874674797,-0.6406340003013611,0.7635093927383423,0,0,0.2164130061864853,0,1,-0.9832736849784851,0.04770415648818016,-0.17577393352985382,0,-0.06838975846767426,-0.9911732077598572,0.1135706901550293,0,-0.16880476474761963,0.12369232624769211,0.9778579473495483,0,-0.1494559943675995,-0.05323300138115883,0.011367999948561192,1,0.9718679785728455,-0.1175723522901535,-0.20408092439174652,0,-0.06858641654253006,0.6876600384712219,-0.7227855920791626,0,0.2253180742263794,0.7164499163627625,0.6602514386177063,0,0,0.19331799447536469,0,1,0.9965366125106812,0.08275160193443298,0.008210156112909317,0,0.0049431053921580315,-0.15750230848789215,0.9875059723854065,0,0.08301081508398056,-0.9840452671051025,-0.1573658585548401,0,0,0.14031200110912323,0,1,0.9974607825279236,0.004668420646339655,0.07106021046638489,0,-0.04745161905884743,0.7876243591308594,0.6143264770507812,0,-0.0531008280813694,-0.6161385774612427,0.7858460545539856,0,0,0.22100700438022614,0,1
K0.103,0.007518155034631491,-0.021527264267206192,-0.9997395277023315,0,0.06390058994293213,0.9977350234985352,-0.021003559231758118,0,0.9979281425476074,-0.06372609734535217,0.00887673906981945,0,-0.003289241110906005,0.46584954857826233,-0.006335447076708078,1,0.9984530210494995,0.04148944094777107,-0.03702274709939957,0,-0.040043462067842484,0.9984374046325684,0.038978490978479385,0,0.038582101464271545,-0.037435684353113174,0.9985544085502625,0,0,0.09616000205278397,-0.004323999863117933,1,0.9997594952583313,-0.020167190581560135,0.00858314149081707,0,0.019861573353409767,0.9992138743400574,0.03431619331240654,0,-0.009268459863960743,-0.03413747623562813,0.999374508857727,0,0,0.11230000108480453,0,1,0.999780535697937,-0.019104376435279846,0.008596315048635006,0,0.018805675208568573,0.9992586374282837,0.03358001634478569,0,-0.009231473319232464,-0.03341101109981537,0.9993993043899536,0,0,0.12834300100803375,0,1,0.9998037219047546,0.0076551069505512714,-0.018262073397636414,0,-0.007028216030448675,0.9993920922279358,0.03414817526936531,0,0.018512381240725517,-0.03401312604546547,0.9992498159408569,0,0,0.14438599348068237,0,1,0.9989213347434998,-0.04008353129029274,-0.02345687709748745,0,0.03866277262568474,0.9975576996803284,-0.05817322060465813,0,0.025731375440955162,0.05720355734229088,0.9980313777923584,0,0,0.05262000113725662,0.05306600034236908,1,0.11996085196733475,0.00782789196819067,-0.9927477240562439,0,0.9765554070472717,0.17910821735858917,0.1194165050983429,0,0.17874400317668915,-0.9837982654571533,0.013841602019965649,0,0.16010400652885437,0.1615850031375885,-0.00013899999612476677,1,0.9269328713417053,0.32683485746383667,-0.1843215674161911,0,0.18657717108726501,0.024731047451496124,0.9821285605430603,0,0.3255523443222046,-0.9447576403617859,-0.0380559079349041,0,0,0.32196301221847534,0,1,0.9836735725402832,0.17995288968086243,-0.0019285310991108418,0,-0.17995256185531616,0.9836755990982056,0.0003559813485480845,0,0.0019611073657870293,-0.000003125351440758095,0.9999979734420776,0,0,0.3193959891796112,0,1,-0.10887029767036438,0.26710382103919983,-0.9574978947639465,0,-0.008215091191232204,0.9629487991333008,0.26955845952033997,0,0.9940220713615417,0.03721287474036217,-0.10264229029417038,0,0,0.3529700040817261,0,1,-0.9587287902832031,-0.28003212809562683,-0.04921235889196396,0,-0.2734796106815338,0.9555907845497131,-0.10979727655649185,0,0.07777360081672668,-0.09180717915296555,-0.9927350282669067,0,0,0.10231500118970871,0,1,0.9599854946136475,-0.27990487217903137,-0.009045248851180077,0,0.13567666709423065,0.4365876615047455,0.8893725872039795,0,-0.24499057233333588,-0.8550116419792175,0.4570941627025604,0,0,0.06951499730348587,0,1,0.9904667735099792,-0.054415155202150345,0.12654873728752136,0,0.03688253089785576,0.9898875951766968,0.13697463274002075,0,-0.13272255659103394,-0.13100144267082214,0.9824580550193787,0,-0.001585999969393015,0.03770500048995018,-0.07663899660110474,1,0.08937477320432663,-0.008412064053118229,0.995962917804718,0,-0.9793894290924072,0.1811116337776184,0.0894172266125679,0,-0.18113255500793457,-0.983426570892334,0.007948115468025208,0,-0.16010400652885437,0.16163000464439392,-0.0011419999646022916,1,0.836829662322998,-0.519665539264679,-0.17223161458969116,0,0.3543427884578705,0.2743183672428131,0.8939749598503113,0,-0.41732165217399597,-0.809133768081665,0.4136974811553955,0,0,0.32197999954223633,0,1,0.8354325890541077,-0.549570620059967,0.0049970620311796665,0,0.5495529174804688,0.8354464769363403,0.00448607699945569,0,-0.006640190724283457,-0.0010016643209382892,0.9999769926071167,0,0,0.3194020092487335,0,1,0.996793806552887,0.07803814858198166,0.017663827165961266,0,-0.08000345528125763,0.9753758311271667,0.20552833378314972,0,-0.0011898187221959233,-0.2062825858592987,0.9784920811653137,0,0,0.36380699276924133,0,1,0.36419862508773804,0.3448903560638428,-0.8651071786880493,0,0.08731956034898758,0.9121655821800232,0.40041136741638184,0,0.9272191524505615,-0.22137007117271423,0.3020938038825989,0,0,0.0956450030207634,0,1,0.7387645840644836,0.6696733236312866,0.07593045383691788,0,-0.6717299818992615,0.7224621772766113,0.16379007697105408,0,0.0548289529979229,-0.1720070093870163,0.9835687875747681,0,0,0.046424999833106995,0,1,0.9213294982910156,0.3865939974784851,0.04119174927473068,0,-0.3887651562690735,0.9151082038879395,0.10694973915815353,0,0.003651227103546262,-0.11454988270998001,0.993410587310791,0,0.027445999905467033,0.07566999644041061,-0.004366000182926655,1,-0.9790211319923401,-0.035219624638557434,0.2006920427083969,0,0.1795448362827301,-0.6148098707199097,0.7679667472839355,0,0.0963398888707161,0.7878883481025696,0.6082348823547363,0,0.1494559943675995,-0.05323300138115883,0.00558000011369586,1,0.8895477056503296,0.1494259238243103,0.43171456456184387,0,0.24251265823841095,0.6464020013809204,-0.7234312295913696,0,-0.38716012239456177,0.7482220530509949,0.5387671589851379,0,0,0.19341400265693665,0,1,0.9983602166175842,0.04891012981534004,-0.029738306999206543,0,0.012275159358978271,0.32450494170188904,0.9458039402961731,0,0.055909667164087296,-0.944618821144104,0.3233727216720581,0,0,0.1357100009918213,0,1,0.9943342208862305,-0.005748971365392208,-0.1061444878578186,0,0.07319074124097824,0.7611731290817261,0.6444056034088135,0,0.07708965241909027,-0.6485232710838318,0.7572811841964722,0,0,0.2164130061864853,0,1,-0.9785429835319519,0.06373485177755356,-0.1959376037120819,0,-0.06377958506345749,-0.9979453682899475,-0.006087789312005043,0,-0.1959230899810791,0.006539658177644014,0.980597734451294,0,-0.1494559943675995,-0.05323300138115883,0.011367999948561192,1,0.9694159030914307,-0.09365399181842804,-0.2268507480621338,0,-0.08910378068685532,0.7269464731216431,-0.6808884143829346,0,0.22867633402347565,0.6802775263786316,0.6963687539100647,0,0,0.19331799447536469,0,1,0.9956701993942261,0.06748203933238983,0.0639336034655571,0,-0.0484900064766407,-0.20975124835968018,0.9765521287918091,0,0.07930982112884521,-0.9754231572151184,-0.20557068288326263,0,0,0.14031200110912323,0,1,0.9975070953369141,0.004801284056156874,0.07040475308895111,0,-0.047240592539310455,0.7865853905677795,0.6156715750694275,0,-0.052423328161239624,-0.6174626350402832,0.7848511934280396,0,0,0.22100700438022614,0,1
K0.138,0.034090038388967514,-0.04317472130060196,-0.9984853267669678,0,0.06808848679065704,0.9968459010124207,-0.04077916592359543,0,0.9970965385437012,-0.06659519672393799,0.036922212690114975,0,-0.003245315048843622,0.45138007402420044,-0.008951667696237564,1,0.995987057685852,0.0676938146352768,-0.058540455996990204,0,-0.06605459749698639,0.9973799586296082,0.0294998399913311,0,0.06038404628634453,-0.025514597073197365,0.99784916639328,0,0,0.09616000205278397,-0.004323999863117933,1,0.9995105266571045,-0.030888866633176804,-0.005034032743424177,0,0.031045952811837196,0.9989094734191895,0.03487776592373848,0,0.003951205871999264,-0.03501695767045021,0.9993789196014404,0,0,0.11230000108480453,0,1,0.9995307922363281,-0.03027103655040264,-0.004664422012865543,0,0.0304108839482069,0.9989727139472961,0.033589474856853485,0,0.003642843570560217,-0.03371557593345642,0.999424934387207,0,0,0.12834300100803375,0,1,0.9997990131378174,0.01759825274348259,-0.009638886898756027,0,-0.017253026366233826,0.9992452263832092,0.03479780629277229,0,0.010243987664580345,-0.034624502062797546,0.9993476271629333,0,0,0.14438599348068237,0,1,0.9989053606987,-0.04332501441240311,-0.017655691131949425,0,0.041970230638980865,0.9965941309928894,-0.07097822427749634,0,0.02067069336771965,0.07015952467918396,0.9973217248916626,0,0,0.05262000113725662,0.05306600034236908,1,0.10872213542461395,0.008542634546756744,-0.9940357804298401,0,0.9761812090873718,0.1879432052373886,0.10838440805673599,0,0.1877480000257492,-0.9821422696113586,0.012094457633793354,0,0.16010400652885437,0.1615850031375885,-0.00013899999612476677,1,0.9277772903442383,0.29148614406585693,-0.23294873535633087,0,0.24375604093074799,-0.0007862601196393371,0.9698361754417419,0,0.28251054883003235,-0.9565742611885071,-0.07178095728158951,0,0,0.32196301221847534,0,1,0.9865225553512573,0.1636161357164383,-0.001934667699970305,0,-0.16361568868160248,0.9865237474441528,0.0003235275798942894,0,0.0019615297205746174,-0.0000026252334919263376,0.9999979734420776,0,0,0.3193959891796112,0,1,-0.10167841613292694,0.27744290232658386,-0.9553471803665161,0,-0.02379555068910122,0.9593702554702759,0.28114381432533264,0,0.9945330023765564,0.05131925642490387,-0.09094534069299698,0,0,0.3529700040817261,0,1,-0.9507378339767456,-0.3059438467025757,-0.0499672032892704,0,-0.29999393224716187,0.9486441612243652,-0.10039088875055313,0,0.07811503112316132,-0.08045551180839539,-0.9936926960945129,0,0,0.10231500118970871,0,1,0.9598232507705688,-0.2804596424102783,-0.009034555405378342,0,0.1359288990497589,0.4365432858467102,0.8893552422523499,0,-0.24548430740833282,-0.854852020740509,0.4571269750595093,0,0,0.06951499730348587,0,1,0.9903872013092041,-0.05466390773653984,0.12706497311592102,0,0.03706398606300354,0.9898827075958252,0.1369626820087433,0,-0.13326625525951385,-0.13093647360801697,0.9823926687240601,0,-0.001585999969393015,0.03770500048995018,-0.07663899660110474,1,0.10750831663608551,-0.007715992629528046,0.994174599647522,0,-0.9772762060165405,0.18292394280433655,0.10710068792104721,0,-0.18268464505672455,-0.9830969572067261,0.01212516613304615,0,-0.16010400652885437,0.16163000464439392,-0.0011419999646022916,1,0.8224664330482483,-0.5399237871170044,-0.17897237837314606,0,0.39599689841270447,0.31763309240341187,0.8615658283233643,0,-0.4083324372768402,-0.7794816493988037,0.47505080699920654,0,0,0.32197999954223633,0,1,0.8242883086204529,-0.5661496520042419,0.004906330723315477,0,0.5661318302154541,0.8243023753166199,0.004621480125933886,0,-0.006660741753876209,-0.0010318008717149496,0.9999769926071167,0,0,0.3194020092487335,0,1,0.998590886592865,0.05134107172489166,0.013424239121377468,0,-0.05296593904495239,0.9798826575279236,0.19241906702518463,0,-0.003275176277384162,-0.19285888969898224,0.9812209010124207,0,0,0.36380699276924133,0,1,0.363550066947937,0.3531467616558075,-0.8620440363883972,0,0.08840582519769669,0.9081068634986877,0.40930038690567017,0,0.9273701310157776,-0.22501064836978912,0.29892176389694214,0,0,0.0956450030207634,0,1,0.7392395734786987,0.669166088104248,0.07577359676361084,0,-0.6712169051170349,0.7229772806167603,0.1636212021112442,0,0.05470715090632439,-0.17181572318077087,0.983608603477478,0,0,0.046424999833106995,0,1,0.921606183052063,0.38594764471054077,0.041066233068704605,0,-0.3881095051765442,0.9154090881347656,0.10675785690546036,0,0.003610540647059679,-0.11432687193155289,0.9934364557266235,0,0.027445999905467033,0.07566999644041061,-0.004366000182926655,1,-0.9802902936935425,-0.06411153823137283,0.18686962127685547,0,0.1939512938261032,-0.49230632185935974,0.8485384583473206,0,0.03759600222110748,0.8680579662322998,0.4950377643108368,0,0.1494559943675995,-0.05323300138115883,0.00558000011369586,1,0.8828895688056946,0.17278435826301575,0.4366360008716583,0,0.2081131935119629,0.6895613670349121,-0.6936816573143005,0,-0.4209446609020233,0.7033140063285828,0.572847843170166,0,0,0.19341400265693665,0,1,0.9991404414176941,0.011146225966513157,-0.03992258012294769,0,0.035149700939655304,0.2826050817966461,0.9585919976234436,0,0.021967019885778427,-0.9591718316078186,0.2819705307483673,0,0,0.1357100009918213,0,1,0.9954124093055725,-0.008037559688091278,-0.09534269571304321,0,0.0697365254163742,0.7432035207748413,0.6654213666915894,0,0.06551063060760498,-0.6690172553062439,0.7403541803359985,0,0,0.2164130061864853,0,1,-0.9758730530738831,0.09596282243728638,-0.19612149894237518,0,-0.07445579022169113,-0.9906582832336426,-0.11425042152404785,0,-0.20525310933589935,-0.09689149260520935,0.9739012718200684,0,-0.1494559943675995,-0.05323300138115883,0.011367999948561192,1,0.9593518972396851,-0.08812052756547928,-0.2681013345718384,0,-0.11789919435977936,0.7379804849624634,-0.6644429564476013,0,0.2564046084880829,0.6690436005592346,0.6975936889648438,0,0,0.19331799447536469,0,1,0.9861154556274414,0.06330431252717972,0.15352025628089905,0,-0.13090471923351288,-0.27249422669410706,0.9532111883163452,0,0.1021757423877716,-0.9600725173950195,-0.260423868894577,0,0,0.14031200110912323,0,1,0.9977495074272156,0.005546764936298132,0.06681868433952332,0,-0.04606323316693306,0.7808612585067749,0.6230040788650513,0,-0.04872044920921326,-0.6246797442436218,0.7793592214584351,0,0,0.22100700438022614,0,1
