1.933,30,58,33
B0,mixamorig_Hips,-1,0.7297449111938477,0.007764923851937056,0.6836761236190796,0,0.04732609540224075,0.9969639778137207,-0.06183823570609093,0,-0.6820799112319946,0.07748176902532578,0.7271611094474792,0,0.016178999096155167,0.4131160080432892,-0.019057000055909157,1
B1,mixamorig_Spine,0,0.996442973613739,-0.018694015219807625,-0.08217016607522964,0,0.02327495999634266,0.9982070326805115,0.05514984950423241,0,0.08099182695150375,-0.05686615779995918,0.9950910806655884,0,0,0.09616000205278397,-0.004323999863117933,1
B2,mixamorig_Spine1,1,0.9861839413642883,-0.013075429946184158,-0.1651362180709839,0,0.045990508049726486,0.9793020486831665,0.19711187481880188,0,0.15914085507392883,-0.20198318362236023,0.9663729667663574,0,0,0.11230000108480453,0,1
B3,mixamorig_Spine2,2,0.9861839413642883,-0.013075429946184158,-0.1651362180709839,0,0.045990508049726486,0.9793020486831665,0.19711187481880188,0,0.15914085507392883,-0.20198318362236023,0.9663729667663574,0,0,0.12834300100803375,0,1
B4,mixamorig_Neck,3,0.9997439980506897,0.004197149071842432,0.022228186950087547,0,-0.003523855935782194,0.9995359778404236,-0.030243033543229103,0,-0.022344810888171196,0.030156966298818588,0.9992950558662415,0,0,0.14438599348068237,0,1
B5,mixamorig_Head,4,0.9370600581169128,-0.04476405680179596,-0.34628695249557495,0,0.00621691532433033,0.9937299489974976,-0.11163504421710968,0,0.34911301732063293,0.10245591402053833,0.9314630627632141,0,0,0.05262000113725662,0.05306600034236908,1
B6,mixamorig_HeadTop_End,5,1,0,0,0,0,1,0,0,0,0,1,0,0,0.2981710135936737,0.30069699883461,1
B7,mixamorig_LeftShoulder,3,0.019533904269337654,0.02490425668656826,-0.9994989633560181,0,0.9579719305038452,0.28569525480270386,0.025840913876891136,0,0.2861957550048828,-0.9579970836639404,-0.018276846036314964,0,0.16010400652885437,0.1615850031375885,-0.00013899999612476677,1
B8,mixamorig_LeftArm,7,0.9770609140396118,-0.13675618171691895,0.1632489711046219,0,-0.15835101902484894,0.04603317752480507,0.9863089919090271,0,-0.14239880442619324,-0.9895350933074951,0.023321745917201042,0,0,0.32196301221847534,0,1
B9,mixamorig_LeftForeArm,8,0.6650580763816833,0.737572968006134,-0.11698103696107864,0,-0.7404041886329651,0.6716739535331726,0.025617845356464386,0,0.09746812283992767,0.06957586854696274,0.9928040504455566,0,0,0.3193959891796112,0,1
B10,mixamorig_LeftHand,9,-0.339857280254364,-0.3200349509716034,-0.8843500018119812,0,-0.07516033947467804,0.9465550184249878,-0.3136619031429291,0,0.9374691843986511,-0.04013226181268692,-0.3457477390766144,0,0,0.3529700040817261,0,1
B11,mixamorig_LeftHandIndex1,10,-0.9970280528068542,-0.06145983189344406,-0.0464569590985775,0,-0.05515315383672714,0.9904189705848694,-0.1266062706708908,0,0.0537930466234684,-0.12366773933172226,-0.9908650517463684,0,0,0.10231500118970871,0,1
B12,mixamorig_LeftHandIndex2,11,0.9536160230636597,-0.30086907744407654,-0.009678848087787628,0,0.14204706251621246,0.4214099645614624,0.8956769704818726,0,-0.26540282368659973,-0.8555070161819458,0.4446009695529938,0,0,0.06951499730348587,0,1
B13,mixamorig_LeftHandIndex3,12,0.9919419884681702,0.0618906207382679,-0.11055109649896622,0,-0.044647395610809326,0.9873489141464233,0.15214693546295166,0,0.11856896430253983,-0.14598511159420013,0.9821560382843018,0,-0.001585999969393015,0.03770500048995018,-0.07663899660110474,1
B14,mixamorig_LeftHandIndex4,13,1,0,0,0,0,1,0,0,0,0,1,0,0.004579999949783087,0.012807999737560749,-0.040387000888586044,1
B15,mixamorig_RightShoulder,3,0.16391703486442566,-0.02334411069750786,0.9861980676651001,0,-0.9557320475578308,0.24387292563915253,0.16462597250938416,0,-0.24435009062290192,-0.9695260524749756,0.01766418293118477,0,-0.16010400652885437,0.16163000464439392,-0.0011419999646022916,1
B16,mixamorig_RightArm,15,0.9038048386573792,0.3625422716140747,0.22737613320350647,0,-0.2626948952674866,0.05057604983448982,0.9635530710220337,0,0.33782875537872314,-0.9305941462516785,0.1409488171339035,0,0,0.32197999954223633,0,1
B17,mixamorig_RightForeArm,16,0.7404227256774902,-0.6671013832092285,-0.08215915411710739,0,0.6719667315483093,0.7374682426452637,0.06783628463745117,0,0.015336082316935062,-0.10543572902679443,0.9943079948425293,0,0,0.3194020092487335,0,1
B18,mixamorig_RightHand,17,0.9704189896583557,-0.2141706943511963,0.11143224686384201,0,0.18541738390922546,0.9567559361457825,0.2241409420967102,0,-0.15461786091327667,-0.19684912264347076,0.9681649208068848,0,0,0.36380699276924133,0,1
B19,mixamorig_RightHandIndex1,18,0.36615681648254395,0.08091409504413605,-0.927029013633728,0,-0.0193316750228405,0.996658980846405,0.07935601472854614,0,0.9303518533706665,-0.011135710403323174,0.36649730801582336,0,0,0.0956450030207634,0,1
B20,mixamorig_RightHandIndex2,19,0.8101428747177124,0.5837293267250061,0.0541236586868763,0,-0.5849907398223877,0.798966109752655,0.13942520320415497,0,0.038143567740917206,-0.144616037607193,0.988752007484436,0,0,0.046424999833106995,0,1
B21,mixamorig_RightHandIndex3,20,0.9746800065040588,0.2231089323759079,0.014852041378617287,0,-0.22359707951545715,0.9729750156402588,0.057647839188575745,0,-0.0015889189671725035,-0.059509143233299255,0.9982270002365112,0,0.027445999905467033,0.07566999644041061,-0.004366000182926655,1
B22,mixamorig_RightHandIndex4,21,1,0,0,0,0,1,0,0,0,0,1,0,0.029746999964118004,0.04586299881339073,-0.00609199982136488,1
B23,mixamorig_LeftUpLeg,0,-0.9265521168708801,-0.282106876373291,0.24883002042770386,0,0.37466710805892944,-0.6331137418746948,0.6773412823677063,0,-0.03354495018720627,0.7208207845687866,0.6923093199729919,0,0.1494559943675995,-0.05323300138115883,0.00558000011369586,1
B24,mixamorig_LeftLeg,23,0.9951818585395813,0.06714442372322083,0.07145009934902191,0,0.04237706959247589,0.36259180307388306,-0.9309840798377991,0,-0.08841756731271744,0.9295259118080139,0.3579992353916168,0,0,0.19341400265693665,0,1
B25,mixamorig_LeftFoot,24,0.9838670492172241,-0.175604909658432,-0.03419104963541031,0,0.09254693239927292,0.3360196650028229,0.9372971057891846,0,-0.15310508012771606,-0.925339937210083,0.34685033559799194,0,0,0.1357100009918213,0,1
B26,mixamorig_LeftToeBase,25,0.984266996383667,-0.03669503703713417,-0.17283405363559723,0,0.1348278969526291,0.788188099861145,0.600483775138855,0,0.1141909509897232,-0.6143391728401184,0.7807349562644958,0,0,0.2164130061864853,0,1
B27,mixamorig_LeftToe_End,26,1,0,0,0,0,1,0,0,0,0,1,0,0,0.11081799864768982,0,1
B28,mixamorig_RightUpLeg,0,-0.8544808626174927,0.5036860704421997,-0.12713505327701569,0,-0.4807979464530945,-0.859472930431366,-0.17360994219779968,0,-0.19671393930912018,-0.08722006529569626,0.9765740036964417,0,-0.1494559943675995,-0.05323300138115883,0.011367999948561192,1
B29,mixamorig_RightLeg,28,0.9305769205093384,-0.15889203548431396,-0.3298180401325226,0,-0.23260003328323364,0.439089834690094,-0.8678120970726013,0,0.28270795941352844,0.8842809200286865,0.37164825201034546,0,0,0.19331799447536469,0,1
B30,mixamorig_RightFoot,29,0.8248438239097595,0.5182840824127197,0.225863516330719,0,-0.09991545230150223,-0.2595796585083008,0.9605386257171631,0,0.5564613938331604,-0.8148615956306458,-0.1623280793428421,0,0,0.14031200110912323,0,1
B31,mixamorig_RightToeBase,30,0.9967690706253052,-0.00005495404184330255,0.08032694458961487,0,-0.04643698409199715,0.8155720829963684,0.5767898559570312,0,-0.06554406881332397,-0.5786560773849487,0.8129339218139648,0,0,0.22100700438022614,0,1
B32,mixamorig_RightToe_End,31,1,0,0,0,0,1,0,0,0,0,1,0,0,0.11006999760866165,0,1
@28,0,1,2,3,4,5,7,8,9,10,11,12,13,15,16,17,18,19,20,21,23,24,25,26,28,29,30,31
K0,0.6836761236190796,0.007765008602291346,-0.7297448515892029,0,-0.061838265508413315,0.9969640374183655,-0.04732600972056389,0,0.7271610498428345,0.07748173922300339,0.6820799112319946,0,-0.019056998193264008,0.4131160080432892,-0.016178999096155167,1,0.996442973613739,-0.01869402639567852,-0.08217016607522964,0,0.023274971172213554,0.9982070326805115,0.05514984205365181,0,0.08099182695150375,-0.05686615779995918,0.9950910806655884,0,0,0.09616000205278397,-0.004323999863117933,1,0.9861840009689331,-0.013075466267764568,-0.1651361882686615,0,0.045990534126758575,0.9793020486831665,0.1971118450164795,0,0.15914082527160645,-0.20198315382003784,0.9663729667663574,0,0,0.11230000108480453,0,1,0.9861840009689331,-0.013075466267764568,-0.1651361882686615,0,0.045990534126758575,0.9793020486831665,0.1971118450164795,0,0.15914082527160645,-0.20198315382003784,0.9663729667663574,0,0,0.12834300100803375,0,1,0.9997439980506897,0.0041971467435359955,0.022228190675377846,0,-0.0035238536074757576,0.9995359778404236,-0.030243033543229103,0,-0.022344814613461494,0.030156966298818588,0.9992950558662415,0,0,0.14438599348068237,0,1,0.9370600581169128,-0.04476407542824745,-0.34628698229789734,0,0.006216925568878651,0.9937299489974976,-0.11163506656885147,0,0.3491130471229553,0.10245592147111893,0.9314630031585693,0,0,0.05262000113725662,0.05306600034236908,1,0.01953357458114624,0.024904320016503334,-0.9994989633560181,0,0.95797199010849,0.28569504618644714,0.025840574875473976,0,0.2861955165863037,-0.9579971432685852,-0.01827698014676571,0,0.16010400652885437,0.1615850031375885,-0.00013899999612476677,1,0.977060854434967,-0.13675621151924133,0.1632491648197174,0,-0.15835122764110565,0.04603317379951477,0.9863089919090271,0,-0.14239883422851562,-0.9895350933074951,0.023321710526943207,0,0,0.32196301221847534,0,1,0.6650581359863281,0.7375729084014893,-0.11698096245527267,0,-0.7404041290283203,0.6716740131378174,0.025617823004722595,0,0.0974680632352829,0.06957582384347916,0.9928040504455566,0,0,0.3193959891796112,0,1,-0.33985716104507446,-0.3200353682041168,-0.8843498826026917,0,-0.07516036927700043,0.9465548396110535,-0.3136623501777649,0,0.9374691843986511,-0.04013236239552498,-0.34574761986732483,0,0,0.3529700040817261,0,1,-0.9970280528068542,-0.06145984306931496,-0.0464569590985775,0,-0.05515316501259804,0.9904189705848694,-0.1266062706708908,0,0.0537930466234684,-0.12366773933172226,-0.9908650517463684,0,0,0.10231500118970871,0,1,0.9536160230636597,-0.30086901783943176,-0.009678801521658897,0,0.1420469880104065,0.4214099943637848,0.8956769704818726,0,-0.26540276408195496,-0.8555070161819458,0.4446009695529938,0,0,0.06951499730348587,0,1,0.9919420480728149,0.061890609562397,-0.11055106669664383,0,-0.04464739188551903,0.9873489141464233,0.15214692056179047,0,0.11856893450021744,-0.14598509669303894,0.9821560382843018,0,-0.001585999969393015,0.03770500048995018,-0.07663899660110474,1,0.16391699016094208,-0.02334415167570114,0.9861980080604553,0,-0.9557320475578308,0.24387282133102417,0.16462592780590057,0,-0.24434997141361237,-0.9695260524749756,0.017664125189185143,0,-0.16010400652885437,0.16163000464439392,-0.0011419999646022916,1,0.9038048982620239,0.3625423312187195,0.22737586498260498,0,-0.26269468665122986,0.05057625472545624,0.9635530710220337,0,0.3378288149833679,-0.9305940866470337,0.14094896614551544,0,0,0.32197999954223633,0,1,0.7404227256774902,-0.6671013832092285,-0.08215902745723724,0,0.6719667315483093,0.7374682426452637,0.06783632934093475,0,0.01533596683293581,-0.10543567687273026,0.9943079948425293,0,0,0.3194020092487335,0,1,0.9704189896583557,-0.2141706496477127,0.11143220216035843,0,0.18541735410690308,0.9567559957504272,0.22414091229438782,0,-0.1546178013086319,-0.19684912264347076,0.9681649804115295,0,0,0.36380699276924133,0,1,0.366156667470932,0.08091430366039276,-0.9270291328430176,0,-0.019331693649291992,0.996658980846405,0.07935623079538345,0,0.9303519129753113,-0.011135765351355076,0.3664971590042114,0,0,0.0956450030207634,0,1,0.8101428747177124,0.5837293267250061,0.05412357300519943,0,-0.5849907398223877,0.798966109752655,0.13942508399486542,0,0.038143571466207504,-0.14461590349674225,0.988752007484436,0,0,0.046424999833106995,0,1,0.9746800065040588,0.2231089174747467,0.014852061867713928,0,-0.22359706461429596,0.9729750156402588,0.05764784291386604,0,-0.0015889379428699613,-0.05950915068387985,0.9982270002365112,0,0.027445999905467033,0.07566999644041061,-0.004366000182926655,1,-0.9265521168708801,-0.2821069061756134,0.24882999062538147,0,0.37466710805892944,-0.6331137418746948,0.6773412823677063,0,-0.033544979989528656,0.7208207845687866,0.6923093199729919,0,0.1494559943675995,-0.05323300138115883,0.00558000011369586,1,0.9951818585395813,0.06714435666799545,0.07145038992166519,0,0.04237736389040947,0.36259180307388306,-0.9309840798377991,0,-0.08841761201620102,0.9295259118080139,0.35799920558929443,0,0,0.19341400265693665,0,1,0.9838670492172241,-0.17560498416423798,-0.03419112041592598,0,0.09254702925682068,0.3360196650028229,0.9372971057891846,0,-0.15310512483119965,-0.925339937210083,0.34685033559799194,0,0,0.1357100009918213,0,1,0.984266996383667,-0.03669507056474686,-0.17283405363559723,0,0.13482791185379028,0.788188099861145,0.600483775138855,0,0.11419092863798141,-0.6143391728401184,0.7807349562644958,0,0,0.2164130061864853,0,1,-0.8544808626174927,0.5036860704421997,-0.12713505327701569,0,-0.4807979464530945,-0.859472930431366,-0.1736099272966385,0,-0.19671393930912018,-0.08722005039453506,0.9765740036964417,0,-0.1494559943675995,-0.05323300138115883,0.011367999948561192,1,0.9305769205093384,-0.15889200568199158,-0.3298180401325226,0,-0.23260003328323364,0.439089834690094,-0.8678120970726013,0,0.28270792961120605,0.8842809200286865,0.37164828181266785,0,0,0.19331799447536469,0,1,0.8248439431190491,0.518284022808075,0.22586314380168915,0,-0.09991594403982162,-0.2595783472061157,0.960538923740387,0,0.5564610958099365,-0.8148620128631592,-0.16232678294181824,0,0,0.14031200110912323,0,1,0.9967690706253052,-0.000054967742471490055,0.08032693713903427,0,-0.046436965465545654,0.8155720829963684,0.5767898559570312,0,-0.06554406881332397,-0.5786560773849487,0.8129339218139648,0,0,0.22100700438022614,0,1
K0.033,0.6839879155158997,0.007753003854304552,-0.7294519543647766,0,-0.06204609200358391,0.9969379901885986,-0.04758300259709358,0,0.7268498539924622,0.07780589163303375,0.6823749542236328,0,-0.019091997295618057,0.4131839871406555,-0.016231000423431396,1,0.9964439868927002,-0.018675893545150757,-0.08216002583503723,0,0.023252105340361595,0.9982100129127502,0.055099256336688995,0,0.080983966588974,-0.056813742965459824,0.9950950145721436,0,0,0.09616000205278397,-0.004323999863117933,1,0.9861840009689331,-0.013062073849141598,-0.1651359498500824,0,0.0459609255194664,0.9793230891227722,0.19701309502124786,0,0.15914803743362427,-0.20188093185424805,0.966392993927002,0,0,0.11230000108480453,0,1,0.9861840009689331,-0.013062073849141598,-0.1651359498500824,0,0.0459609255194664,0.9793230891227722,0.19701309502124786,0,0.15914803743362427,-0.20188093185424805,0.966392993927002,0,0,0.12834300100803375,0,1,0.9997449517250061,0.004120704252272844,0.02222490683197975,0,-0.003461290616542101,0.9995549917221069,-0.029627233743667603,0,-0.022337093949317932,0.029542744159698486,0.99931401014328,0,0,0.14438599348068237,0,1,0.9372029304504395,-0.044468965381383896,-0.34593918919563293,0,0.006171026267111301,0.993798017501831,-0.11103010922670364,0,0.34873083233833313,0.10192286223173141,0.9316640496253967,0,0,0.05262000113725662,0.05306600034236908,1,0.019902382045984268,0.02497817762196064,-0.999489963054657,0,0.9579541087150574,0.2857217788696289,0.026215748861432076,0,0.28623080253601074,-0.9579870700836182,-0.01824139803647995,0,0.16010400652885437,0.1615850031375885,-0.00013899999612476677,1,0.9770740866661072,-0.1365519016981125,0.16334161162376404,0,-0.15840989351272583,0.04630834236741066,0.986286997795105,0,-0.1422433853149414,-0.9895499348640442,0.02361549809575081,0,0,0.32196301221847534,0,1,0.6648839712142944,0.7377389073371887,-0.11692346632480621,0,-0.7405670881271362,0.6714929938316345,0.025617798790335655,0,0.09741253405809402,0.06955680251121521,0.992810070514679,0,0,0.3193959891796112,0,1,-0.3395842909812927,-0.31974416971206665,-0.8845598101615906,0,-0.0750051811337471,0.9466561675071716,-0.3133956789970398,0,0.9375799894332886,-0.040077660232782364,-0.34545189142227173,0,0,0.3529700040817261,0,1,-0.9969499111175537,-0.06283397227525711,-0.04628081992268562,0,-0.056535057723522186,0.9903290867805481,-0.12669795751571655,0,0.05379417911171913,-0.12369504570960999,-0.9908609390258789,0,0,0.10231500118970871,0,1,0.9535969495773315,-0.3009290099143982,-0.009678772650659084,0,0.14207302033901215,0.4213995933532715,0.8956771492958069,0,-0.26545679569244385,-0.8554906845092773,0.44459959864616394,0,0,0.06951499730348587,0,1,0.9919420480728149,0.061890609562397,-0.11055106669664383,0,-0.04464739188551903,0.9873489141464233,0.15214692056179047,0,0.11856893450021744,-0.14598509669303894,0.9821560382843018,0,-0.001585999969393015,0.03770500048995018,-0.07663899660110474,1,0.16359762847423553,-0.023377934470772743,0.9862499833106995,0,-0.9556088447570801,0.24456527829170227,0.16431201994419098,0,-0.24504390358924866,-0.9693509936332703,0.017670176923274994,0,-0.16010400652885437,0.16163000464439392,-0.0011419999646022916,1,0.9040550589561462,0.36204802989959717,0.2271687537431717,0,-0.26236292719841003,0.05049069970846176,0.9636470079421997,0,0.33741673827171326,-0.9307909607887268,0.1406344175338745,0,0,0.32197999954223633,0,1,0.7403030395507812,-0.667297899723053,-0.08163782209157944,0,0.6721179485321045,0.737264096736908,0.06854883581399918,0,0.014446140266954899,-0.10561718046665192,0.9943019151687622,0,0,0.3194020092487335,0,1,0.9705409407615662,-0.21378102898597717,0.11112008988857269,0,0.1852129101753235,0.9569669961929321,0.22340403497219086,0,-0.15409785509109497,-0.19624194502830505,0.9683709740638733,0,0,0.36380699276924133,0,1,0.3661632835865021,0.07952127605676651,-0.9271469116210938,0,-0.019046710804104805,0.9967740178108215,0.0779709592461586,0,0.9303561449050903,-0.010891006328165531,0.36649662256240845,0,0,0.0956450030207634,0,1,0.8104848861694336,0.5832651853561401,0.05399782210588455,0,-0.5845218896865845,0.799340009689331,0.13924619555473328,0,0.038054823875427246,-0.1444198191165924,0.9887840747833252,0,0,0.046424999833106995,0,1,0.9746800065040588,0.2231089174747467,0.014852061867713928,0,-0.22359706461429596,0.9729750156402588,0.05764784291386604,0,-0.0015889379428699613,-0.05950915068387985,0.9982270002365112,0,0.027445999905467033,0.07566999644041061,-0.004366000182926655,1,-0.9264951944351196,-0.2823267877101898,0.24879296123981476,0,0.37481921911239624,-0.6336490511894226,0.676755964756012,0,-0.033418942242860794,0.7202641367912292,0.6928948760032654,0,0.1494559943675995,-0.05323300138115883,0.00558000011369586,1,0.9951689839363098,0.06718388199806213,0.07159285247325897,0,0.0424288809299469,0.3633001446723938,-0.9307050108909607,0,-0.08853814750909805,0.9292471408843994,0.35869482159614563,0,0,0.19341400265693665,0,1,0.9838610291481018,-0.17564204335212708,-0.03416962921619415,0,0.09259196370840073,0.33633503317832947,0.9371790289878845,0,-0.1531156301498413,-0.9252180457115173,0.34717005491256714,0,0,0.1357100009918213,0,1,0.9842280149459839,-0.03654724359512329,-0.1730901151895523,0,0.13485075533390045,0.7882880568504333,0.6003469824790955,0,0.1145039051771164,-0.6142200231552124,0.7807841300964355,0,0,0.2164130061864853,0,1,-0.8544221520423889,0.5037809014320374,-0.12715604901313782,0,-0.480939120054245,-0.8594419360160828,-0.17337283492088318,0,-0.19662493467330933,-0.08697915822267532,0.9766129851341248,0,-0.1494559943675995,-0.05323300138115883,0.011367999948561192,1,0.9306708574295044,-0.15863220393657684,-0.32967621088027954,0,-0.23253320157527924,0.43920400738716125,-0.8677719235420227,0,0.2824517786502838,0.884270966053009,0.37186720967292786,0,0,0.19331799447536469,0,1,0.8251519203186035,0.5179049968719482,0.2256060689687729,0,-0.09997696429491043,-0.2591792643070221,0.9606409072875977,0,0.5559930801391602,-0.8152300119400024,-0.1620836853981018,0,0,0.14031200110912323,0,1,0.9967690110206604,-0.000053971361921867356,0.08032725006341934,0,-0.04643797129392624,0.8155721426010132,0.576789915561676,0,-0.0655437484383583,-0.5786561369895935,0.8129339218139648,0,0,0.22100700438022614,0,1
K0.067,0.6842079758644104,0.007743753492832184,-0.7292459011077881,0,-0.06223229691386223,0.9969159364700317,-0.047802750021219254,0,0.7266269326210022,0.07808969914913177,0.6825799345970154,0,-0.019113998860120773,0.4132539927959442,-0.01628500036895275,1,0.9964450001716614,-0.018645966425538063,-0.08215244859457016,0,0.023213032633066177,0.998216986656189,0.05499275028705597,0,0.08098055422306061,-0.05670424923300743,0.9951009750366211,0,0,0.09616000205278397,-0.004323999863117933,1,0.9861850142478943,-0.013027651235461235,-0.165133997797966,0,0.045892346650362015,0.9793680310249329,0.19680674374103546,0,0.15916304290294647,-0.20166626572608948,0.9664360284805298,0,0,0.11230000108480453,0,1,0.9861850142478943,-0.013027651235461235,-0.165133997797966,0,0.045892346650362015,0.9793680310249329,0.19680674374103546,0,0.15916304290294647,-0.20166626572608948,0.9664360284805298,0,0,0.12834300100803375,0,1,0.9997450709342957,0.003886799095198512,0.022226659581065178,0,-0.0032522049732506275,0.9995879530906677,-0.028516285121440887,0,-0.022328343242406845,0.028436735272407532,0.9993460178375244,0,0,0.14438599348068237,0,1,0.937379002571106,-0.04362234100699425,-0.34556904435157776,0,0.005806668195873499,0.9939460158348083,-0.10971818119287491,0,0.3482629954814911,0.10084085911512375,0.9319570064544678,0,0,0.05262000113725662,0.05306600034236908,1,0.01993507333099842,0.025066662579774857,-0.9994869232177734,0,0.9577798843383789,0.2862982153892517,0.026283392682671547,0,0.2868102490901947,-0.9578129053115845,-0.018300948664546013,0,0.16010400652885437,0.1615850031375885,-0.00013899999612476677,1,0.9770900011062622,-0.13630130887031555,0.16345363855361938,0,-0.15856532752513885,0.04605583846569061,0.986274003982544,0,-0.1419583559036255,-0.9895959496498108,0.023388022556900978,0,0,0.32196301221847534,0,1,0.6647358536720276,0.737908124923706,-0.11669258773326874,0,-0.7407318353652954,0.6713162064552307,0.02552592195570469,0,0.09717340022325516,0.06946991384029388,0.9928399324417114,0,0,0.3193959891796112,0,1,-0.33941909670829773,-0.31877344846725464,-0.8849738240242004,0,-0.07453048229217529,0.9469820261001587,-0.31252408027648926,0,0.9376780390739441,-0.04011910781264305,-0.3451818823814392,0,0,0.3529700040817261,0,1,-0.9968940019607544,-0.06380470842123032,-0.04616515710949898,0,-0.05750726908445358,0.990257978439331,-0.12681590020656586,0,0.053806841373443604,-0.12376712262630463,-0.9908509850502014,0,0,0.10231500118970871,0,1,0.9533639550209045,-0.3016682267189026,-0.00967838242650032,0,0.1423947662115097,0.421274870634079,0.8956851959228516,0,-0.26612240076065063,-0.8552918434143066,0.44458410143852234,0,0,0.06951499730348587,0,1,0.9919419288635254,0.06189010292291641,-0.11055109649896622,0,-0.044646888971328735,0.9873489737510681,0.15214689075946808,0,0.11856890469789505,-0.14598512649536133,0.9821560382843018,0,-0.001585999969393015,0.03770500048995018,-0.07663899660110474,1,0.16303610801696777,-0.02345176227390766,0.9863409996032715,0,-0.9553648829460144,0.24588420987129211,0.16376221179962158,0,-0.2463662475347519,-0.9690148830413818,0.01768301986157894,0,-0.16010400652885437,0.16163000464439392,-0.0011419999646022916,1,0.9044610261917114,0.3611152172088623,0.22703756392002106,0,-0.26189887523651123,0.050008270889520645,0.963798999786377,0,0.3366885781288147,-0.9311790466308594,0.13980615139007568,0,0,0.32197999954223633,0,1,0.7402259111404419,-0.6675071120262146,-0.08062473684549332,0,0.6722399592399597,0.7370100617408752,0.07007706165313721,0,0.012644294649362564,-0.10607192665338516,0.9942780137062073,0,0,0.3194020092487335,0,1,0.9708269238471985,-0.21285930275917053,0.11038588732481003,0,0.18469370901584625,0.9574251174926758,0.221869096159935,0,-0.1529131382703781,-0.19500894844532013,0.9688079953193665,0,0,0.36380699276924133,0,1,0.3662540018558502,0.07752810418605804,-0.9272800087928772,0,-0.01890491507947445,0.9969369769096375,0.07588499039411545,0,0.93032306432724,-0.010263036005198956,0.36659786105155945,0,0,0.0956450030207634,0,1,0.8108268976211548,0.5828041434288025,0.05384301021695137,0,-0.5840549468994141,0.7997270822525024,0.13898275792598724,0,0.03794000670313835,-0.14413823187351227,0.9888299107551575,0,0,0.046424999833106995,0,1,0.9746800065040588,0.2231089174747467,0.014852061867713928,0,-0.22359706461429596,0.9729750156402588,0.05764784291386604,0,-0.0015889379428699613,-0.05950915068387985,0.9982270002365112,0,0.027445999905467033,0.07566999644041061,-0.004366000182926655,1,-0.9264801740646362,-0.28242403268814087,0.24873875081539154,0,0.3748709559440613,-0.6341409087181091,0.6762672662734985,0,-0.033258724957704544,0.719792902469635,0.6933912038803101,0,0.1494559943675995,-0.05323300138115883,0.00558000011369586,1,0.9951450228691101,0.06735095381736755,0.07176394015550613,0,0.04247095435857773,0.36390411853790283,-0.9304680824279785,0,-0.08878306299448013,0.9289980530738831,0.35927677154541016,0,0,0.19341400265693665,0,1,0.9838579893112183,-0.17565575242042542,-0.03417624533176422,0,0.09264925122261047,0.33661314845085144,0.9370739459991455,0,-0.15309825539588928,-0.9251140356063843,0.34745386242866516,0,0,0.1357100009918213,0,1,0.9841440320014954,-0.03617015480995178,-0.1736416518688202,0,0.1348838359117508,0.7883469462394714,0.6002620458602905,0,0.11517833918333054,-0.6141659021377563,0.7807260155677795,0,0,0.2164130061864853,0,1,-0.8543789982795715,0.5038658976554871,-0.12710830569267273,0,-0.48105111718177795,-0.8594008684158325,-0.17325995862483978,0,-0.19653668999671936,-0.08688405156135559,0.9766390323638916,0,-0.1494559943675995,-0.05323300138115883,0.011367999948561192,1,0.9307200312614441,-0.1583714485168457,-0.3296646177768707,0,-0.2325444370508194,0.4394548237323761,-0.8676419258117676,0,0.2822822630405426,0.8841930031776428,0.3721807897090912,0,0,0.19331799447536469,0,1,0.8254312872886658,0.5175906419754028,0.22530557215213776,0,-0.10000839084386826,-0.258726567029953,0.9607597589492798,0,0.5555725693702698,-0.8155732154846191,-0.16179752349853516,0,0,0.14031200110912323,0,1,0.9967690110206604,-0.00005399224392022006,0.08032727986574173,0,-0.04643799737095833,0.8155708909034729,0.5767902731895447,0,-0.06554372608661652,-0.578656792640686,0.8129331469535828,0,0,0.22100700438022614,0,1
K0.100,0.6842061281204224,0.007595031522214413,-0.7292488217353821,0,-0.062377315014600754,0.9968910217285156,-0.04814203456044197,0,0.7266161441802979,0.07842768728733063,0.6825528740882874,0,-0.019115997478365898,0.4133250117301941,-0.016341999173164368,1,0.9964500069618225,-0.01860508695244789,-0.08210080862045288,0,0.02315591089427471,0.9982270002365112,0.05483023449778557,0,0.08093518763780594,-0.056536756455898285,0.9951149821281433,0,0,0.09616000205278397,-0.004323999863117933,1,0.9862040281295776,-0.012961776927113533,-0.16502664983272552,0,0.045753221958875656,0.9794369339942932,0.19649414718151093,0,0.15908633172512054,-0.20133386552333832,0.9665179252624512,0,0,0.11230000108480453,0,1,0.9862040281295776,-0.012961776927113533,-0.16502664983272552,0,0.045753221958875656,0.9794369339942932,0.19649414718151093,0,0.15908633172512054,-0.20133386552333832,0.9665179252624512,0,0,0.12834300100803375,0,1,0.9997460246086121,0.0036719641648232937,0.02223595418035984,0,-0.0030770362354815006,0.9996380805969238,-0.0267306100577116,0,-0.022326048463582993,0.02665538713335991,0.999394953250885,0,0,0.14438599348068237,0,1,0.9375240206718445,-0.041992101818323135,-0.3453778922557831,0,0.005004896316677332,0.9942150115966797,-0.10729397088289261,0,0.3478851318359375,0.09886203706264496,0.9323099851608276,0,0,0.05262000113725662,0.05306600034236908,1,0.019450314342975616,0.025177838280797005,-0.9994940757751465,0,0.957366943359375,0.2877121865749359,0.025878218933939934,0,0.28821825981140137,-0.9573860764503479,-0.018508385866880417,0,0.16010400652885437,0.1615850031375885,-0.00013899999612476677,1,0.9771028757095337,-0.13610219955444336,0.1635413020849228,0,-0.15880519151687622,0.04503091424703598,0.9862819314002991,0,-0.14159969985485077,-0.9896710515022278,0.02238611690700054,0,0,0.32196301221847534,0,1,0.6643291711807251,0.7383237481117249,-0.11638211458921432,0,-0.7411331534385681,0.670873761177063,0.025482159107923508,0,0.0968918725848198,0.06932615488767624,0.9928780198097229,0,0,0.3193959891796112,0,1,-0.33923500776290894,-0.3170572519302368,-0.8856602907180786,0,-0.07384321093559265,0.9475590586662292,-0.3109321594238281,0,0.9377990961074829,-0.04007907211780548,-0.3448578417301178,0,0,0.3529700040817261,0,1,-0.9968690872192383,-0.064222551882267,-0.046126943081617355,0,-0.057919446378946304,0.9902160167694092,-0.12695609033107758,0,0.05382905900478363,-0.12388690561056137,-0.9908350110054016,0,0,0.10231500118970871,0,1,0.9530069231987,-0.30279216170310974,-0.009676474146544933,0,0.14283981919288635,0.4209470748901367,0.8957679271697998,0,-0.2671584486961365,-0.8550560474395752,0.44441667199134827,0,0,0.06951499730348587,0,1,0.9919420480728149,0.061890609562397,-0.11055106669664383,0,-0.04464739188551903,0.9873489141464233,0.15214692056179047,0,0.11856893450021744,-0.14598509669303894,0.9821560382843018,0,-0.001585999969393015,0.03770500048995018,-0.07663899660110474,1,0.162167489528656,-0.023739861324429512,0.9864780306816101,0,-0.9549879431724548,0.24787627160549164,0.1629560887813568,0,-0.24839314818382263,-0.9685010313987732,0.017526160925626755,0,-0.16010400652885437,0.16163000464439392,-0.0011419999646022916,1,0.9049397706985474,0.3597806692123413,0.22724901139736176,0,-0.2614794075489044,0.04881016165018082,0.9639740586280823,0,0.3357270061969757,-0.9317588806152344,0.13824541866779327,0,0,0.32197999954223633,0,1,0.739957869052887,-0.6679750680923462,-0.07919812202453613,0,0.6725788712501526,0.7364850640296936,0.07230410724878311,0,0.010030883364379406,-0.1067688912153244,0.9942330121994019,0,0,0.3194020092487335,0,1,0.9712810516357422,-0.2114228755235672,0.10915018618106842,0,0.18389715254306793,0.958130955696106,0.2194681018590927,0,-0.15098083019256592,-0.19309291243553162,0.9694950580596924,0,0,0.36380699276924133,0,1,0.3663971424102783,0.07576169818639755,-0.9273689389228821,0,-0.01883230358362198,0.9970789551734924,0.07401616871356964,0,0.9302680492401123,-0.009654822759330273,0.36675378680229187,0,0,0.0956450030207634,0,1,0.8108368515968323,0.5827911496162415,0.05382297560572624,0,-0.5840418338775635,0.7997460961341858,0.13893088698387146,0,0.037922974675893784,-0.14408515393733978,0.9888380169868469,0,0,0.046424999833106995,0,1,0.9746800065040588,0.2231089174747467,0.014852061867713928,0,-0.22359706461429596,0.9729750156402588,0.05764784291386604,0,-0.0015889379428699613,-0.05950915068387985,0.9982270002365112,0,0.027445999905467033,0.07566999644041061,-0.004366000182926655,1,-0.9265190362930298,-0.28242433071136475,0.24859273433685303,0,0.3747817873954773,-0.6345122456550598,0.6759680509567261,0,-0.033174704760313034,0.7194651365280151,0.693734884262085,0,0.1494559943675995,-0.05323300138115883,0.00558000011369586,1,0.9951299428939819,0.06755652278661728,0.07178438454866409,0,0.04237652197480202,0.364313006401062,-0.930311918258667,0,-0.08900061249732971,0.9288231134414673,0.35967591404914856,0,0,0.19341400265693665,0,1,0.9838760495185852,-0.17555566132068634,-0.034172918647527695,0,0.09264733642339706,0.33683714270591736,0.9369940161705017,0,-0.1529839038848877,-0.9250521659851074,0.3476708233356476,0,0,0.1357100009918213,0,1,0.9840240478515625,-0.03560899570584297,-0.17443883419036865,0,0.13492800295352936,0.7883843183517456,0.6002036333084106,0,0.11615217477083206,-0.6141514182090759,0.7805936336517334,0,0,0.2164130061864853,0,1,-0.8544511198997498,0.5037807822227478,-0.12695704400539398,0,-0.4808911681175232,-0.8594018816947937,-0.1736980378627777,0,-0.19661293923854828,-0.08736397325992584,0.9765809774398804,0,-0.1494559943675995,-0.05323300138115883,0.011367999948561192,1,0.9306138753890991,-0.1581941694021225,-0.33005020022392273,0,-0.23271018266677856,0.4402790665626526,-0.8671798706054688,0,0.28249678015708923,0.8838149905204773,0.3729161322116852,0,0,0.19331799447536469,0,1,0.8256281018257141,0.5174216628074646,0.22497235238552094,0,-0.10015816986560822,-0.2579941153526306,0.960940957069397,0,0.5552533268928528,-0.8159127831459045,-0.1611832082271576,0,0,0.14031200110912323,0,1,0.9967690110206604,-0.00007096158515196294,0.08031680434942245,0,-0.0464179590344429,0.81557297706604,0.5767890810966492,0,-0.06554517894983292,-0.5786539316177368,0.8129349946975708,0,0,0.22100700438022614,0,1
K0.133,0.6839128732681274,0.007407031022012234,-0.7295260429382324,0,-0.06253112852573395,0.9968640208244324,-0.04850003868341446,0,0.7268788814544678,0.07878787815570831,0.6822311282157898,0,-0.019085997715592384,0.4133929908275604,-0.016387000679969788,1,0.996461033821106,-0.01854787766933441,-0.08198706805706024,0,0.02307412214577198,0.9982410073280334,0.05460873991250992,0,0.08082995563745499,-0.056307245045900345,0.995136022567749,0,0,0.09616000205278397,-0.004323999863117933,1,0.9862470030784607,-0.012867236509919167,-0.16477379202842712,0,0.045537758618593216,0.9795311093330383,0.1960725486278534,0,0.15887820720672607,-0.20087945461273193,0.9666458964347839,0,0,0.11230000108480453,0,1,0.9862469434738159,-0.012867148965597153,-0.16477428376674652,0,0.04553784430027008,0.9795309901237488,0.1960729956626892,0,0.15887872874736786,-0.2008800059556961,0.9666460752487183,0,0,0.12834300100803375,0,1,0.9997460246086121,0.003692908911034465,0.022226152941584587,0,-0.003155093640089035,0.999703049659729,-0.024184107780456543,0,-0.022308845072984695,0.02410782314836979,0.999459981918335,0,0,0.14438599348068237,0,1,0.9375690221786499,-0.03963591530919075,-0.3455331027507782,0,0.0038380457554012537,0.9946039319038391,-0.10367633402347565,0,0.3477779030799866,0.09587756544351578,0.9326620697975159,0,0,0.05262000113725662,0.05306600034236908,1,0.01833692379295826,0.025305893272161484,-0.9995120763778687,0,0.9566830396652222,0.2900669276714325,0.02489522285759449,0,0.2905552089214325,-0.9566720724105835,-0.018890805542469025,0,0.16010400652885437,0.1615850031375885,-0.00013899999612476677,1,0.9771811366081238,-0.13584774732589722,0.1632886528968811,0,-0.15880274772644043,0.04330100864171982,0.9863600134849548,0,-0.1410653442144394,-0.989782989025116,0.020739924162626266,0,0,0.32196301221847534,0,1,0.6634439826011658,0.7391489148139954,-0.11619303375482559,0,-0.7419289946556091,0.6699850559234619,0.025736935436725616,0,0.09687096625566483,0.06913191825151443,0.9928929805755615,0,0,0.3193959891796112,0,1,-0.33896100521087646,-0.31445786356925964,-0.8866918087005615,0,-0.07306191325187683,0.9484379887580872,-0.3084258437156677,0,0.9379589557647705,-0.03976091742515564,-0.34445837140083313,0,0,0.3529700040817261,0,1,-0.9968639612197876,-0.06431502848863602,-0.04610426723957062,0,-0.05800797790288925,0.9901959896087646,-0.1270689219236374,0,0.05382473021745682,-0.12399608641862869,-0.9908220171928406,0,0,0.10231500118970871,0,1,0.9525648951530457,-0.30418020486831665,-0.009674926288425922,0,0.1433887928724289,0.4205390214920044,0.8958719372749329,0,-0.2684379816055298,-0.8547639846801758,0.44420701265335083,0,0,0.06951499730348587,0,1,0.9919419884681702,0.0618911050260067,-0.11055102944374084,0,-0.04464789107441902,0.9873490333557129,0.15214695036411285,0,0.11856897175312042,-0.14598505198955536,0.9821560382843018,0,-0.001585999969393015,0.03770500048995018,-0.07663899660110474,1,0.16095201671123505,-0.024118702858686447,0.9866670370101929,0,-0.9545059204101562,0.2504604160785675,0.16182811558246613,0,-0.25102412700653076,-0.9678260087966919,0.017290635034441948,0,-0.16010400652885437,0.16163000464439392,-0.0011419999646022916,1,0.9053980708122253,0.3581430912017822,0.22800756990909576,0,-0.261294960975647,0.04676394537091255,0.9641249179840088,0,0.33463254570961,-0.9324951171875,0.13592112064361572,0,0,0.32197999954223633,0,1,0.7393128871917725,-0.6688901782035828,-0.07747402042150497,0,0.673326849937439,0.7355431318283081,0.07488458603620529,0,0.006895914673805237,-0.1075284481048584,0.9941779971122742,0,0,0.3194020092487335,0,1,0.9718630313873291,-0.20961256325244904,0.10744623094797134,0,0.18291641771793365,0.9590149521827698,0.2164047807455063,0,-0.14840373396873474,-0.19066216051578522,0.9703729748725891,0,0,0.36380699276924133,0,1,0.36647626757621765,0.07478199154138565,-0.9274168014526367,0,-0.01878099888563156,0.997156023979187,0.07298392802476883,0,0.9302380681037903,-0.009329067543148994,0.36683884263038635,0,0,0.0956450030207634,0,1,0.8107301592826843,0.5829377770423889,0.053851816803216934,0,-0.5841891765594482,0.7996338605880737,0.138955757021904,0,0.037940818816423416,-0.14411523938179016,0.9888330101966858,0,0,0.046424999833106995,0,1,0.9746800065040588,0.2231089174747467,0.014852061867713928,0,-0.22359706461429596,0.9729750156402588,0.05764784291386604,0,-0.0015889379428699613,-0.05950915068387985,0.9982270002365112,0,0.027445999905467033,0.07566999644041061,-0.004366000182926655,1,-0.9266539216041565,-0.2822192311286926,0.2483251392841339,0,0.3744557499885559,-0.634809672832489,0.675869345664978,0,-0.03310413286089897,0.7192836403846741,0.6939273476600647,0,0.1494559943675995,-0.05323300138115883,0.00558000011369586,1,0.9951440095901489,0.06755734980106354,0.07159186899662018,0,0.04215335100889206,0.3647611737251282,-0.9301469326019287,0,-0.08895210921764374,0.9286470413208008,0.3601417541503906,0,0,0.19341400265693665,0,1,0.9839320778846741,-0.17526009678840637,-0.03410015255212784,0,0.09253191947937012,0.3371990919113159,0.9368749260902405,0,-0.15269814431667328,-0.9249759912490845,0.34799790382385254,0,0,0.1357100009918213,0,1,0.9838939905166626,-0.035213034600019455,-0.1752522885799408,0,0.13511896133422852,0.7883752584457397,0.6001726984977722,0,0.11703068763017654,-0.6141862869262695,0.7804357409477234,0,0,0.2164130061864853,0,1,-0.8545910716056824,0.5036348700523376,-0.1265912503004074,0,-0.4805571138858795,-0.8593669533729553,-0.17479397356510162,0,-0.19682075083255768,-0.08854307979345322,0.9764330387115479,0,-0.1494559943675995,-0.05323300138115883,0.011367999948561192,1,0.9303101301193237,-0.1581006795167923,-0.3309476673603058,0,-0.23314066231250763,0.4416620433330536,-0.8663610219955444,0,0.28313928842544556,0.8831418752670288,0.3740229904651642,0,0,0.19331799447536469,0,1,0.825698733329773,0.5174370408058167,0.22467857599258423,0,-0.10043482482433319,-0.25707948207855225,0.9611569046974182,0,0.5550985336303711,-0.8161917328834534,-0.1603015512228012,0,0,0.14031200110912323,0,1,0.9967719912528992,-0.00011018395889550447,0.08029039204120636,0,-0.046370185911655426,0.815578043460846,0.5767859220504761,0,-0.06554661691188812,-0.5786470174789429,0.8129400610923767,0,0,0.22100700438022614,0,1
