2.700,30,80,25
B0,mixamorig_Hips,-1,-0.7593830823898315,-0.13162994384765625,0.6371899843215942,0,-0.1275358945131302,0.9904380440711975,0.05261024087667465,0,-0.6380220055580139,-0.041313253343105316,-0.7689090967178345,0,0.004540999885648489,0.38225600123405457,-0.003010000102221966,1
B1,mixamorig_Spine,0,0.9901780486106873,-0.13053879141807556,-0.05007988587021828,0,0.12898816168308258,0.9910949468612671,-0.03304915875196457,0,0.05394809693098068,0.02626482956111431,0.9981979727745056,0,-0.005386000033468008,0.0890439972281456,0,1
B2,mixamorig_Spine1,1,0.989234983921051,-0.10558793693780899,-0.10131380707025528,0,0.09896004945039749,0.9927399754524231,-0.06836796551942825,0,0.10779718309640884,0.05760601907968521,0.9925029277801514,0,0,0.10407400131225586,0,1
B3,mixamorig_Spine2,2,0.9884769916534424,0.10048283636569977,-0.11320970952510834,0,-0.10624616593122482,0.9932719469070435,-0.04606584459543228,0,0.10781926661729813,0.05756315961480141,0.9925029873847961,0,0,0.11894199997186661,0,1
B4,mixamorig_Neck,3,0.9816600680351257,-0.0993666797876358,-0.16269506514072418,0,0.09995728731155396,0.9949809908866882,-0.004572238307446241,0,0.1623329222202301,-0.011774181388318539,0.9866660237312317,0,0,0.13380999863147736,0,1
B5,mixamorig_Head,4,0.9169910550117493,0.06648151576519012,-0.3933298885822296,0,-0.09628065675497055,0.9937490224838257,-0.05649850144982338,0,0.3871151804924011,0.08967868983745575,0.9176599979400635,0,0.008565999567508698,0.007284999825060368,0,1
B6,mixamorig_HeadTop_End,5,1,0,0,0,0,1,0,0,0,0,1,0,0.41897401213645935,0.35634198784828186,0,1
B7,mixamorig_LeftShoulder,3,-0.9798877835273743,-0.06289733201265335,-0.1893782913684845,0,0.15026582777500153,0.3918769359588623,-0.9076629877090454,0,0.13130255043506622,-0.9178649187088013,-0.3745439946651459,0,-0.017819000408053398,0.12425100058317184,-0.15565699338912964,1
B8,mixamorig_LeftArm,7,-0.9848409295082092,0.10760403424501419,-0.1360522210597992,0,-0.09845180809497833,0.2990168631076813,0.9491560459136963,0,0.14281490445137024,0.9481620788574219,-0.2838901877403259,0,0,0.2889699935913086,0,1
B9,mixamorig_LeftForeArm,8,0.840999186038971,-0.40406954288482666,0.35978907346725464,0,0.4782923758029938,0.8660958409309387,-0.14530885219573975,0,-0.25289687514305115,0.2942889332771301,0.9216490387916565,0,0,0.4138369858264923,0,1
B10,mixamorig_LeftHand,9,1,0,0,0,0,1,0,0,0,0,1,0,0,0.25297001004219055,0,1
B11,mixamorig_RightShoulder,3,0.8977670073509216,0.10262396186590195,-0.4283480644226074,0,0.34791579842567444,0.4311753511428833,0.8324918746948242,0,0.2701268494129181,-0.8964132070541382,0.35139065980911255,0,-0.002824000082910061,0.12334399670362473,0.15565699338912964,1
B12,mixamorig_RightArm,11,0.7865540385246277,0.47319191694259644,0.3967650234699249,0,-0.47056591510772705,0.04322580620646477,0.8813061118125916,0,0.3998759984970093,-0.8798980116844177,0.2566671371459961,0,0,0.28694599866867065,0,1
B13,mixamorig_RightForeArm,12,0.6669852137565613,-0.705426812171936,-0.23979991674423218,0,0.7393141388893127,0.6665489077568054,0.09553864598274231,0,0.0924428179860115,-0.24101024866104126,0.9661099314689636,0,0,0.41398701071739197,0,1
B14,mixamorig_RightHand,13,1,0,0,0,0,1,0,0,0,0,1,0,0,0.2554830014705658,0,1
B15,mixamorig_LeftUpLeg,0,-0.26733094453811646,-0.9450479745864868,0.18819710612297058,0,0.5669581890106201,-0.3121830224990845,-0.7622988820075989,0,0.7791610360145569,-0.09708617627620697,0.6192589402198792,0,0.007147999946027994,-0.04921099916100502,-0.1485700011253357,1
B16,mixamorig_LeftLeg,15,-0.2722742259502411,0.3073236644268036,-0.9118219614028931,0,0.9409371018409729,0.28324058651924133,-0.18550382554531097,0,0.20125515758991241,-0.9084746837615967,-0.3662911653518677,0,0,0.18972499668598175,0,1
B17,mixamorig_LeftFoot,16,-0.8888619542121887,-0.2611657679080963,-0.37645408511161804,0,0.21926574409008026,0.4789711534976959,-0.8500049710273743,0,0.4023030400276184,-0.8380810022354126,-0.36847466230392456,0,0,0.16344000399112701,0,1
B18,mixamorig_LeftToeBase,17,0.9835460782051086,-0.08097603172063828,-0.16149388253688812,0,0.16071303188800812,0.8004761338233948,0.5774168372154236,0,0.08251507580280304,-0.5938701033592224,0.8003188967704773,0,0,0.22096000611782074,0,1
B19,mixamorig_LeftToe_End,18,1,0,0,0,0,1,0,0,0,0,1,0,0,0.11081799864768982,0,1
B20,mixamorig_RightUpLeg,0,-0.8541648387908936,-0.4910721480846405,0.1710304170846939,0,0.4803246557712555,-0.6190811991691589,0.6213100552558899,0,-0.19922620058059692,0.6128509640693665,0.7646710276603699,0,0.014318999834358692,-0.04921099916100502,0.1485700011253357,1
B21,mixamorig_RightLeg,20,-0.13997353613376617,0.11906896531581879,0.9829700589179993,0,0.9788289666175842,0.16636817157268524,0.11923143267631531,0,-0.1493379771709442,0.9788479208946228,-0.13983511924743652,0,0,0.1894949972629547,0,1
B22,mixamorig_RightFoot,21,0.7529319524765015,0.6580989956855774,0.0002961861027870327,0,0.15931329131126404,-0.18270720541477203,0.9701738953590393,0,0.638524055480957,-0.730427086353302,-0.24240979552268982,0,0,0.1647689938545227,0,1
B23,mixamorig_RightToeBase,22,0.9947360754013062,0.057066939771175385,0.08511188626289368,0,-0.0940491184592247,0.8382131457328796,0.537172794342041,0,-0.04068704694509506,-0.5423491597175598,0.8391668796539307,0,0,0.22625599801540375,0,1
B24,mixamorig_RightToe_End,23,1,0,0,0,0,1,0,0,0,0,1,0,0,0.11006999760866165,0,1
@20,0,1,2,3,4,5,7,8,9,11,12,13,15,16,17,18,20,21,22,23
K0,0.6371899247169495,-0.1316300332546234,0.7593828439712524,0,0.05261027067899704,0.9904379844665527,0.12753596901893616,0,-0.7689088582992554,-0.041313279420137405,0.6380218863487244,0,-0.003009999869391322,0.38225600123405457,-0.004540999885648489,1,0.9901780486106873,-0.13053880631923676,-0.050079893320798874,0,0.12898817658424377,0.9910949468612671,-0.03304916247725487,0,0.05394810810685158,0.02626483142375946,0.9981979727745056,0,-0.005386000033468008,0.0890439972281456,0,1,0.989234983921051,-0.10558793693780899,-0.10131379961967468,0,0.09896004945039749,0.9927399754524231,-0.06836797297000885,0,0.10779718309640884,0.05760602653026581,0.9925029277801514,0,0,0.10407400131225586,0,1,0.9884769916534424,0.10048283636569977,-0.11320971697568893,0,-0.10624616593122482,0.9932719469070435,-0.04606584459543228,0,0.10781927406787872,0.05756315961480141,0.9925029873847961,0,0,0.11894199997186661,0,1,0.9816600680351257,-0.099366694688797,-0.16269508004188538,0,0.09995730966329575,0.9949809908866882,-0.004572211764752865,0,0.1623329222202301,-0.011774211190640926,0.9866660237312317,0,0,0.13380999863147736,0,1,0.9169910550117493,0.06648144870996475,-0.3933298587799072,0,-0.0962805524468422,0.9937490224838257,-0.05649842694401741,0,0.38711515069007874,0.0896785780787468,0.9176599979400635,0,0.008565999567508698,0.007284999825060368,0,1,-0.9798879623413086,-0.06289711594581604,-0.1893785297870636,0,0.1502661257982254,0.3918769359588623,-0.9076629877090454,0,0.13130244612693787,-0.9178650379180908,-0.374544233083725,0,-0.017819000408053398,0.12425100058317184,-0.15565699338912964,1,-0.9848409295082092,0.10760387033224106,-0.13605225086212158,0,-0.0984518751502037,0.2990168631076813,0.9491560459136963,0,0.1428147554397583,0.9481620788574219,-0.2838901877403259,0,0,0.2889699935913086,0,1,0.840999186038971,-0.40406957268714905,0.3597891330718994,0,0.47829243540763855,0.866095781326294,-0.1453089416027069,0,-0.25289687514305115,0.2942890524864197,0.9216489791870117,0,0,0.4138369858264923,0,1,0.8977669477462769,0.10262392461299896,-0.4283481538295746,0,0.347915917634964,0.4311753213405609,0.8324918746948242,0,0.2701268792152405,-0.8964132070541382,0.35139063000679016,0,-0.002824000082910061,0.12334399670362473,0.15565699338912964,1,0.7865539193153381,0.4731920063495636,0.3967650830745697,0,-0.4705660045146942,0.0432257279753685,0.8813061118125916,0,0.39987608790397644,-0.879897952079773,0.2566671371459961,0,0,0.28694599866867065,0,1,0.6669850945472717,-0.7054267525672913,-0.23980006575584412,0,0.7393141984939575,0.6665488481521606,0.09553862363100052,0,0.09244290739297867,-0.24101035296916962,0.9661098718643188,0,0,0.41398701071739197,0,1,-0.2673307955265045,-0.9450480341911316,0.1881972700357437,0,0.5669580698013306,-0.31218305230140686,-0.7622990608215332,0,0.779161274433136,-0.09708603471517563,0.6192587018013,0,0.007147999946027994,-0.04921099916100502,-0.1485700011253357,1,-0.2722742259502411,0.3073236346244812,-0.9118219614028931,0,0.9409371614456177,0.28324031829833984,-0.18550395965576172,0,0.20125487446784973,-0.9084748029708862,-0.3662911355495453,0,0,0.18972499668598175,0,1,-0.888862133026123,-0.26116567850112915,-0.37645402550697327,0,0.21926569938659668,0.4789711534976959,-0.850005030632019,0,0.40230295062065125,-0.8380810618400574,-0.3684748411178589,0,0,0.16344000399112701,0,1,0.9835460782051086,-0.0809759870171547,-0.1614939123392105,0,0.16071301698684692,0.8004761338233948,0.5774168968200684,0,0.08251510560512543,-0.5938701629638672,0.8003188967704773,0,0,0.22096000611782074,0,1,-0.8541648387908936,-0.49107229709625244,0.17103034257888794,0,0.48032471537590027,-0.6190811991691589,0.6213100552558899,0,-0.19922634959220886,0.6128509044647217,0.7646710276603699,0,0.014318999834358692,-0.04921099916100502,0.1485700011253357,1,-0.13997355103492737,0.11906925588846207,0.982970118522644,0,0.978829026222229,0.16636833548545837,0.11923127621412277,0,-0.14933820068836212,0.9788479208946228,-0.13983552157878876,0,0,0.1894949972629547,0,1,0.7529317736625671,0.6580991744995117,0.0002963225415442139,0,0.15931321680545807,-0.18270714581012726,0.9701738357543945,0,0.6385242342948914,-0.7304268479347229,-0.24240969121456146,0,0,0.1647689938545227,0,1,0.9947360754013062,0.0570669062435627,0.08511191606521606,0,-0.0940491110086441,0.8382131457328796,0.537172794342041,0,-0.040687091648578644,-0.5423491597175598,0.8391668200492859,0,0,0.22625599801540375,0,1
K0.034,0.6496055722236633,-0.13490885496139526,0.748205840587616,0,0.04919935762882233,0.9895263910293579,0.13570557534694672,0,-0.7586773037910461,-0.05134385824203491,0.6494393348693848,0,-0.005448346491903067,0.3798903226852417,-0.0028763613663613796,1,0.9902990460395813,-0.1291724443435669,-0.051203832030296326,0,0.12757910788059235,0.9912706017494202,-0.03326667100191116,0,0.05505400523543358,0.02641141787171364,0.9981342554092407,0,-0.005386000033468008,0.0890439972281456,0,1,0.9893125295639038,-0.10300638526678085,-0.10320176184177399,0,0.09614358097314835,0.9929444789886475,-0.0694132000207901,0,0.10962355881929398,0.058749135583639145,0.9922353029251099,0,0,0.10407400131225586,0,1,0.9879611134529114,0.1031113713979721,-0.11532627046108246,0,-0.10907972604036331,0.9929366707801819,-0.04668029397726059,0,0.10969842970371246,0.05869808420538902,0.9922303557395935,0,0,0.11894199997186661,0,1,0.9813569188117981,-0.09575427323579788,-0.16663995385169983,0,0.0956086814403534,0.9953787922859192,-0.008914587087929249,0,0.16672353446483612,-0.007183837238699198,0.9859771728515625,0,0,0.13380999863147736,0,1,0.916124165058136,0.06670615822076797,-0.395306795835495,0,-0.097580187022686,0.9935075044631958,-0.05849254131317139,0,0.38883838057518005,0.09216051548719406,0.9166852831840515,0,0.008565999567508698,0.007284999825060368,0,1,-0.9809098839759827,-0.0634026974439621,-0.18383920192718506,0,0.1458401381969452,0.38549983501434326,-0.9111101627349854,0,0.12863674759864807,-0.9205275177955627,-0.36889368295669556,0,-0.017819000408053398,0.12425100058317184,-0.15565699338912964,1,-0.9854248762130737,0.10974562913179398,-0.12997528910636902,0,-0.09240353107452393,0.296180784702301,0.9506520628929138,0,0.14282606542110443,0.9488060474395752,-0.2817230224609375,0,0,0.2889699935913086,0,1,0.8391638994216919,-0.40599846839904785,0.36189669370651245,0,0.4810885787010193,0.8644761443138123,-0.1457216441631317,0,-0.2536882162094116,0.2963885962963104,0.9207580089569092,0,0,0.4138369858264923,0,1,0.9032753109931946,0.09689763188362122,-0.41797780990600586,0,0.33692631125450134,0.4429812729358673,0.8308122754096985,0,0.26565980911254883,-0.8912789821624756,0.3674863278865814,0,-0.002824000082910061,0.12334399670362473,0.15565699338912964,1,0.7885076999664307,0.47710803151130676,0.38810282945632935,0,-0.45859280228614807,0.03562108799815178,0.8879318237304688,0,0.40981465578079224,-0.878122091293335,0.2468857616186142,0,0,0.28694599866867065,0,1,0.6644030809402466,-0.7074723243713379,-0.2409387081861496,0,0.7416396141052246,0.6639652848243713,0.09550398588180542,0,0.09240848571062088,-0.24214273691177368,0.9658297300338745,0,0,0.41398701071739197,0,1,-0.253289133310318,-0.9483460187911987,0.19100748002529144,0,0.5750523805618286,-0.30637505650520325,-0.7585833072662354,0,0.7779194712638855,-0.08230163156986237,0.6229503154754639,0,0.007147999946027994,-0.04921099916100502,-0.1485700011253357,1,-0.26967212557792664,0.30709514021873474,-0.9126717448234558,0,0.9385961890220642,0.2956419885158539,-0.17785482108592987,0,0.21520565450191498,-0.9045925140380859,-0.36796462535858154,0,0,0.18972499668598175,0,1,-0.896294891834259,-0.2466948926448822,-0.3685079514980316,0,0.2093455046415329,0.4971831440925598,-0.8420112729072571,0,0.3909354507923126,-0.8318350911140442,-0.39397791028022766,0,0,0.16344000399112701,0,1,0.9835460782051086,-0.08097498118877411,-0.1614936739206314,0,0.16071200370788574,0.8004748225212097,0.5774171948432922,0,0.08251533657312393,-0.5938708186149597,0.8003181219100952,0,0,0.22096000611782074,0,1,-0.8572984337806702,-0.48330432176589966,0.17736069858074188,0,0.4771135747432709,-0.616451621055603,0.6263790130615234,0,-0.19339722394943237,0.6216145753860474,0.7590736746788025,0,0.014318999834358692,-0.04921099916100502,0.1485700011253357,1,-0.13373495638370514,0.12293174117803574,0.9833634495735168,0,0.9841147661209106,0.13338112831115723,0.11716295033693314,0,-0.11675911396741867,0.9834114909172058,-0.1388166844844818,0,0,0.1894949972629547,0,1,0.7455272674560547,0.666404664516449,0.009645253419876099,0,0.17568430304527283,-0.21046237647533417,0.961685836315155,0,0.6429027318954468,-0.7152693271636963,-0.27398261427879333,0,0,0.1647689938545227,0,1,0.9947360754013062,0.05706692487001419,0.08511194586753845,0,-0.09404908120632172,0.8382120132446289,0.5371729135513306,0,-0.04068705439567566,-0.5423500537872314,0.8391669988632202,0,0,0.22625599801540375,0,1
K0.067,0.651313304901123,-0.1405874490737915,0.7456717491149902,0,0.04596833512187004,0.9881923198699951,0.14616036415100098,0,-0.7574150562286377,-0.06091887876391411,0.6500851511955261,0,-0.007739553228020668,0.3780679404735565,-0.0014546118909493089,1,0.9903815984725952,-0.1281813383102417,-0.05208948627114296,0,0.12655001878738403,0.9913944602012634,-0.03350868076086044,0,0.05593642592430115,0.026594463735818863,0.9980804324150085,0,-0.005386000033468008,0.0890439972281456,0,1,0.9894325733184814,-0.1012207567691803,-0.10381302982568741,0,0.09420322626829147,0.9930592775344849,-0.0704195648431778,0,0.11022043228149414,0.05989590659737587,0.992100715637207,0,0,0.10407400131225586,0,1,0.9876519441604614,0.10506682097911835,-0.11621356010437012,0,-0.11118216812610626,0.9926667809486389,-0.047437988221645355,0,0.11037716269493103,0.05977308377623558,0.99209064245224,0,0,0.11894199997186661,0,1,0.9809549450874329,-0.0864078626036644,-0.1739577054977417,0,0.0848790854215622,0.9962587952613831,-0.016222499310970306,0,0.1747087687253952,0.00114816939458251,0.9846198558807373,0,0,0.13380999863147736,0,1,0.9148962497711182,0.06689700484275818,-0.39810606837272644,0,-0.09771136939525604,0.9935465455055237,-0.05759891867637634,0,0.39168408513069153,0.09159660339355469,0.9155294299125671,0,0.008565999567508698,0.007284999825060368,0,1,-0.9820811748504639,-0.06393333524465561,-0.17728136479854584,0,0.14049707353115082,0.378589004278183,-0.9148395657539368,0,0.1256054788827896,-0.9233539700508118,-0.362822562456131,0,-0.017819000408053398,0.12425100058317184,-0.15565699338912964,1,-0.9857915043830872,0.11353832483291626,-0.12378688156604767,0,-0.08524124324321747,0.2968584895133972,0.9511097073554993,0,0.14473460614681244,0.9481478333473206,-0.2829624116420746,0,0,0.2889699935913086,0,1,0.8375318050384521,-0.40894582867622375,0.3623586893081665,0,0.48465287685394287,0.8622507452964783,-0.1470872014760971,0,-0.2522934377193451,0.2988084852695465,0.9203594326972961,0,0,0.4138369858264923,0,1,0.9084285497665405,0.09007099270820618,-0.40822046995162964,0,0.32627764344215393,0.4577111005783081,0.8270689249038696,0,0.26134219765663147,-0.8845270276069641,0.38641002774238586,0,-0.002824000082910061,0.12334399670362473,0.15565699338912964,1,0.7933444380760193,0.4782000780105591,0.37673571705818176,0,-0.44200870394706726,0.02693760395050049,0.8966062068939209,0,0.4186086058616638,-0.877837598323822,0.23273929953575134,0,0,0.28694599866867065,0,1,0.663179337978363,-0.7083297371864319,-0.24178919196128845,0,0.7426813244819641,0.6628427505493164,0.09520548582077026,0,0.09283139556646347,-0.24271075427532196,0.9656473398208618,0,0,0.41398701071739197,0,1,-0.2517698407173157,-0.9481980800628662,0.19373399019241333,0,0.5743995904922485,-0.30751627683639526,-0.7586166858673096,0,0.7788947820663452,-0.0797160416841507,0.6220675706863403,0,0.007147999946027994,-0.04921099916100502,-0.1485700011253357,1,-0.26307743787765503,0.30193331837654114,-0.9163117408752441,0,0.9366247057914734,0.3076851963996887,-0.16752414405345917,0,0.23135431110858917,-0.9023113250732422,-0.36374303698539734,0,0,0.18972499668598175,0,1,-0.9000518321990967,-0.2440384477376938,-0.36104366183280945,0,0.19800955057144165,0.5090118050575256,-0.837675154209137,0,0.3882002830505371,-0.8254408240318298,-0.4098149240016937,0,0,0.16344000399112701,0,1,0.9835460186004639,-0.08097485452890396,-0.16149380803108215,0,0.16071218252182007,0.8004741072654724,0.5774188041687012,0,0.08251522481441498,-0.5938721299171448,0.8003169298171997,0,0,0.22096000611782074,0,1,-0.8509249091148376,-0.4880344569683075,0.19429215788841248,0,0.49037182331085205,-0.6054271459579468,0.6268922686576843,0,-0.18831530213356018,0.6287136673927307,0.7544915080070496,0,0.014318999834358692,-0.04921099916100502,0.1485700011253357,1,-0.12910903990268707,0.12952393293380737,0.9831353425979614,0,0.9880714416503906,0.1007264107465744,0.11648701876401901,0,-0.08393977582454681,0.9864470362663269,-0.14098350703716278,0,0,0.1894949972629547,0,1,0.7422627806663513,0.669931173324585,0.015391365624964237,0,0.18760187923908234,-0.2297973483800888,0.9549861550331116,0,0.6433125138282776,-0.7059638500213623,-0.2962506413459778,0,0,0.1647689938545227,0,1,0.9947360754013062,0.05706692487001419,0.08511194586753845,0,-0.09404908120632172,0.8382120132446289,0.5371729135513306,0,-0.04068705439567566,-0.5423500537872314,0.8391669988632202,0,0,0.22625599801540375,0,1
K0.101,0.6442015171051025,-0.14831987023353577,0.7503368854522705,0,0.042686644941568375,0.9864609837532043,0.15834613144397736,0,-0.7636632323265076,-0.06997740268707275,0.6418102979660034,0,-0.009906099177896976,0.37674614787101746,-0.0002723002398852259,1,0.9903616309165955,-0.12797369062900543,-0.052968814969062805,0,0.1262884885072708,0.9914095997810364,-0.03404039517045021,0,0.056870050728321075,0.027022944763302803,0.9980153441429138,0,-0.005386000033468008,0.0890439972281456,0,1,0.989456057548523,-0.10108423978090286,-0.10372744500637054,0,0.09390527009963989,0.992980420589447,-0.07191472500562668,0,0.11026874929666519,0.0614158995449543,0.9920027256011963,0,0,0.10407400131225586,0,1,0.9875710010528564,0.10546491295099258,-0.11653351783752441,0,-0.11174831539392471,0.9925400614738464,-0.04875205084681511,0,0.11052259802818298,0.06116855517029762,0.9919896125793457,0,0,0.11894199997186661,0,1,0.9803652763366699,-0.07369502633810043,-0.18289858102798462,0,0.07106658816337585,0.9972529411315918,-0.02089337632060051,0,0.1839359700679779,0.007485165260732174,0.9829098582267761,0,0,0.13380999863147736,0,1,0.9127222299575806,0.06367893517017365,-0.40358778834342957,0,-0.09661649912595749,0.9934033751487732,-0.061758942902088165,0,0.3969928026199341,0.09536201506853104,0.9128538966178894,0,0.008565999567508698,0.007284999825060368,0,1,-0.9827060103416443,-0.06428255140781403,-0.17365841567516327,0,0.1376006156206131,0.3740784823894501,-0.9171318411827087,0,0.12391748279333115,-0.9251667857170105,-0.3587639033794403,0,-0.017819000408053398,0.12425100058317184,-0.15565699338912964,1,-0.9861138463020325,0.11878874152898788,-0.11605551838874817,0,-0.07589657604694366,0.2992253303527832,0.9511590003967285,0,0.14771370589733124,0.9467591047286987,-0.2860545814037323,0,0,0.2889699935913086,0,1,0.8361718058586121,-0.4111592471599579,0.36299359798431396,0,0.48689356446266174,0.8611435890197754,-0.14617204666137695,0,-0.2524896264076233,0.2989642322063446,0.9202548265457153,0,0,0.4138369858264923,0,1,0.9134435653686523,0.08346014469861984,-0.3983166217803955,0,0.31541675329208374,0.47328922152519226,0.8225018978118896,0,0.257164865732193,-0.8769441246986389,0.4059979319572449,0,-0.002824000082910061,0.12334399670362473,0.15565699338912964,1,0.8003783822059631,0.47719454765319824,0.3628763258457184,0,-0.42195743322372437,0.018450256437063217,0.9064278602600098,0,0.42584747076034546,-0.8786042332649231,0.2161230742931366,0,0,0.28694599866867065,0,1,0.6638742089271545,-0.7069482803344727,-0.2439182996749878,0,0.7414981126785278,0.6646448969841003,0.09180086106061935,0,0.09722059220075607,-0.2418091893196106,0.9654414653778076,0,0,0.41398701071739197,0,1,-0.2604081928730011,-0.9452901482582092,0.19650599360466003,0,0.5665557384490967,-0.31441226601600647,-0.761681854724884,0,0.7817940711975098,-0.08701656013727188,0.6174348592758179,0,0.007147999946027994,-0.04921099916100502,-0.1485700011253357,1,-0.2531924545764923,0.2925986349582672,-0.9221059679985046,0,0.9348370432853699,0.31927743554115295,-0.15537649393081665,0,0.24894464015960693,-0.9013589024543762,-0.354370653629303,0,0,0.18972499668598175,0,1,-0.9008632898330688,-0.25095558166503906,-0.35421305894851685,0,0.1853693574666977,0.5154450535774231,-0.8366327285766602,0,0.39253491163253784,-0.8193517327308655,-0.4178259074687958,0,0,0.16344000399112701,0,1,0.9835458993911743,-0.08097533136606216,-0.16149431467056274,0,0.16071265935897827,0.8004751801490784,0.5774168372154236,0,0.08251567929983139,-0.5938701629638672,0.8003179430961609,0,0,0.22096000611782074,0,1,-0.835823655128479,-0.5029699206352234,0.22004501521587372,0,0.5171383619308472,-0.5867566466331482,0.6231247782707214,0,-0.18430013954639435,0.6346160173416138,0.7505301237106323,0,0.014318999834358692,-0.04921099916100502,0.1485700011253357,1,-0.1256062090396881,0.13837318122386932,0.982383131980896,0,0.99074387550354,0.06886889040470123,0.11697468906641006,0,-0.051469478756189346,0.9879827499389648,-0.1457427442073822,0,0,0.1894949972629547,0,1,0.7426764965057373,0.669421911239624,0.0174860917031765,0,0.19544443488121033,-0.24165937304496765,0.9504750967025757,0,0.6404945254325867,-0.7024779319763184,-0.310309499502182,0,0,0.1647689938545227,0,1,0.9947360754013062,0.057066962122917175,0.08511190861463547,0,-0.09404908120632172,0.8382128477096558,0.5371721982955933,0,-0.04068708047270775,-0.5423488616943359,0.8391669988632202,0,0,0.22625599801540375,0,1
K0.135,0.6298938393592834,-0.1577027589082718,0.7605025172233582,0,0.039111845195293427,0.984367311000824,0.17173002660274506,0,-0.7756960391998291,-0.0784270241856575,0.626214861869812,0,-0.011983966454863548,0.3758775591850281,0.00068040587939322,1,0.9902476668357849,-0.12831641733646393,-0.054260868579149246,0,0.12654703855514526,0.9913465976715088,-0.03488940745592117,0,0.058268219232559204,0.027682602405548096,0.9979168176651001,0,-0.005386000033468008,0.0890439972281456,0,1,0.9893304705619812,-0.10214097797870636,-0.10388404130935669,0,0.09472989290952682,0.9927533268928528,-0.0739443227648735,0,0.11068401485681534,0.06331446766853333,0.9918373227119446,0,0,0.10407400131225586,0,1,0.9875684380531311,0.10473085939884186,-0.11721707135438919,0,-0.11124755442142487,0.9925089478492737,-0.05048966780304909,0,0.11105123907327652,0.06290215253829956,0.9918221235275269,0,0,0.11894199997186661,0,1,0.9790282845497131,-0.057625073939561844,-0.19540522992610931,0,0.05334031581878662,0.9982078671455383,-0.02712375298142433,0,0.19661810994148254,0.016131948679685593,0.9803478121757507,0,0,0.13380999863147736,0,1,0.9099288582801819,0.05741483345627785,-0.4107702374458313,0,-0.09272190928459167,0.9934660792350769,-0.06653513014316559,0,0.40426668524742126,0.09862975776195526,0.909308135509491,0,0.008565999567508698,0.007284999825060368,0,1,-0.9837201237678528,-0.06455458700656891,-0.16771240532398224,0,0.13258853554725647,0.3692421615123749,-0.919826328754425,0,0.1213054433465004,-0.9270880818367004,-0.35467156767845154,0,-0.017819000408053398,0.12425100058317184,-0.15565699338912964,1,-0.985998809337616,0.12261421233415604,-0.11301673203706741,0,-0.07090049237012863,0.30517610907554626,0.9496535062789917,0,0.15093088150024414,0.9443691372871399,-0.2922096848487854,0,0,0.2889699935913086,0,1,0.8387311697006226,-0.4087940752506256,0.35974612832069397,0,0.4839671850204468,0.862420916557312,-0.14834295213222504,0,-0.2496109902858734,0.29852530360221863,0.9211826920509338,0,0,0.4138369858264923,0,1,0.9190977215766907,0.07718868553638458,-0.3863945007324219,0,0.3029851019382477,0.48848652839660645,0.8182791471481323,0,0.251910537481308,-0.8691508769989014,0.42558011412620544,0,-0.002824000082910061,0.12334399670362473,0.15565699338912964,1,0.8077867031097412,0.47602367401123047,0.34768104553222656,0,-0.40032777190208435,0.01007003989070654,0.9163164496421814,0,0.4326874911785126,-0.8793752193450928,0.19870007038116455,0,0,0.28694599866867065,0,1,0.6631230711936951,-0.706054151058197,-0.24850547313690186,0,0.7409860491752625,0.6661791801452637,0.08453085273504257,0,0.10586579144001007,-0.24019338190555573,0.9649348258972168,0,0,0.41398701071739197,0,1,-0.2753146290779114,-0.9401368498802185,0.2008589208126068,0,0.5506615042686462,-0.32548120617866516,-0.7686575055122375,0,0.7880188226699829,-0.10101734846830368,0.6073067784309387,0,0.007147999946027994,-0.04921099916100502,-0.1485700011253357,1,-0.2393028289079666,0.28312522172927856,-0.9287493228912354,0,0.9332764148712158,0.330924928188324,-0.13958831131458282,0,0.26782500743865967,-0.9001829028129578,-0.3434249460697174,0,0,0.18972499668598175,0,1,-0.9002215266227722,-0.26201343536376953,-0.3477784991264343,0,0.17282725870609283,0.5180875658988953,-0.8376848101615906,0,0.39966461062431335,-0.8142078518867493,-0.42111077904701233,0,0,0.16344000399112701,0,1,0.9835460782051086,-0.0809750109910965,-0.1614936739206314,0,0.16071204841136932,0.8004748821258545,0.5774171948432922,0,0.08251532912254333,-0.5938708186149597,0.8003181219100952,0,0,0.22096000611782074,0,1,-0.8124828338623047,-0.5255563855171204,0.2523147761821747,0,0.5539997220039368,-0.5612581968307495,0.6148766279220581,0,-0.18153855204582214,0.6393588781356812,0.747170627117157,0,0.014318999834358692,-0.04921099916100502,0.1485700011253357,1,-0.12287475913763046,0.14876393973827362,0.9812086224555969,0,0.9922124147415161,0.03873972222208977,0.11837933212518692,0,-0.020401153713464737,0.9881138205528259,-0.15236561000347137,0,0,0.1894949972629547,0,1,0.7462030649185181,0.665525496006012,0.016018841415643692,0,0.19956207275390625,-0.246580109000206,0.9483526945114136,0,0.6351028084754944,-0.7044669389724731,-0.3168124556541443,0,0,0.1647689938545227,0,1,0.9947360157966614,0.05706741288304329,0.08511211723089218,0,-0.0940495952963829,0.8382120728492737,0.5371729135513306,0,-0.040686942636966705,-0.5423500537872314,0.8391669988632202,0,0,0.22625599801540375,0,1
K0.169,0.6099411845207214,-0.1682712882757187,0.7743747234344482,0,0.035056885331869125,0.981967568397522,0.18576833605766296,0,-0.7916712760925293,-0.08616070449352264,0.6048422455787659,0,-0.013984105549752712,0.3753811717033386,0.0014039318775758147,1,0.9902034997940063,-0.12812934815883636,-0.05549285560846329,0,0.1262979805469513,0.9913619160652161,-0.0353531613945961,0,0.059543319046497345,0.02799820527434349,0.9978331327438354,0,-0.005386000033468008,0.0890439972281456,0,1,0.989374041557312,-0.10210379958152771,-0.10350852459669113,0,0.09458822757005692,0.9926795363426208,-0.07509727776050568,0,0.11041854321956635,0.06450863182544708,0.9917894601821899,0,0,0.10407400131225586,0,1,0.9875211715698242,0.10515590757131577,-0.11723318696022034,0,-0.11178258806467056,0.9924004673957825,-0.05144354701042175,0,0.11093271523714066,0.0639062374830246,0.9917713403701782,0,0,0.11894199997186661,0,1,0.9767035841941833,-0.04811754822731018,-0.20912809669971466,0,0.04067632555961609,0.9983818531036377,-0.039741065353155136,0,0.21070197224617004,0.030308684334158897,0.9770805239677429,0,0,0.13380999863147736,0,1,0.9074622988700867,0.05398673936724663,-0.4166495203971863,0,-0.09104681760072708,0.9934130907058716,-0.06957986205816269,0,0.41014885902404785,0.10107574611902237,0.9064005017280579,0,0.008565999567508698,0.007284999825060368,0,1,-0.9846651554107666,-0.06488906592130661,-0.16193705797195435,0,0.12782052159309387,0.36338597536087036,-0.9228289127349854,0,0.11872714757919312,-0.9293763041496277,-0.3495192229747772,0,-0.017819000408053398,0.12425100058317184,-0.15565699338912964,1,-0.9856589436531067,0.12472746521234512,-0.11366491764783859,0,-0.06964299827814102,0.31287088990211487,0.9472389817237854,0,0.15370908379554749,0.9415700435638428,-0.2996974289417267,0,0,0.2889699935913086,0,1,0.8442948460578918,-0.40155747532844543,0.3548504114151001,0,0.47524142265319824,0.8670493960380554,-0.1495664119720459,0,-0.24761326611042023,0.29491767287254333,0.9228818416595459,0,0,0.4138369858264923,0,1,0.9241695404052734,0.06986305117607117,-0.37553834915161133,0,0.2911294996738434,0.5076481699943542,0.8108863234519958,0,0.24729253351688385,-0.8587273359298706,0.44881412386894226,0,-0.002824000082910061,0.12334399670362473,0.15565699338912964,1,0.8090941905975342,0.4779532253742218,0.34194761514663696,0,-0.3862440884113312,-0.006060845218598843,0.9223771095275879,0,0.4429251551628113,-0.8783643841743469,0.17970263957977295,0,0,0.28694599866867065,0,1,0.6584100723266602,-0.708165168762207,-0.2549465298652649,0,0.7438646554946899,0.6638793349266052,0.07700353860855103,0,0.11472246795892715,-0.2403455674648285,0.9638836979866028,0,0,0.41398701071739197,0,1,-0.2963666021823883,-0.9324679970741272,0.20656825602054596,0,0.5304470062255859,-0.34056466817855835,-0.776299774646759,0,0.7942243218421936,-0.12049579620361328,0.5955567955970764,0,0.007147999946027994,-0.04921099916100502,-0.1485700011253357,1,-0.22440513968467712,0.27201879024505615,-0.9357607364654541,0,0.9311686158180237,0.34299835562705994,-0.12359686195850372,0,0.287343829870224,-0.8990873098373413,-0.3302660584449768,0,0,0.18972499668598175,0,1,-0.896784782409668,-0.27888360619544983,-0.3435133695602417,0,0.16078847646713257,0.517882764339447,-0.8402051329612732,0,0.41221883893013,-0.8087157011032104,-0.41958779096603394,0,0,0.16344000399112701,0,1,0.9835460186004639,-0.0809755027294159,-0.16149380803108215,0,0.16071262955665588,0.8004753589630127,0.5774175524711609,0,0.08251514285802841,-0.5938708186149597,0.8003181219100952,0,0,0.22096000611782074,0,1,-0.7815754413604736,-0.5530737638473511,0.2885284125804901,0,0.5972568392753601,-0.5299421548843384,0.602034866809845,0,-0.18006639182567596,0.6428614854812622,0.7445171475410461,0,0.014318999834358692,-0.04921099916100502,0.1485700011253357,1,-0.12073241174221039,0.1599723994731903,0.9797106981277466,0,0.9926528334617615,0.011440150439739227,0.12045928835868835,0,0.008062107488512993,0.9870554208755493,-0.16017819941043854,0,0,0.1894949972629547,0,1,0.7521278262138367,0.6589199304580688,0.0113014942035079,0,0.20036718249320984,-0.24498018622398376,0.9485977292060852,0,0.6278189420700073,-0.7112027406692505,-0.3162825405597687,0,0,0.1647689938545227,0,1,0.9947360754013062,0.05706721916794777,0.0851125493645668,0,-0.09404966235160828,0.8382121324539185,0.5371729731559753,0,-0.040687400847673416,-0.5423500537872314,0.8391669988632202,0,0,0.22625599801540375,0,1
K0.202,0.5859699845314026,-0.17951735854148865,0.7901983857154846,0,0.03041425161063671,0.9793373346328735,0.19993235170841217,0,-0.8097622394561768,-0.09312108159065247,0.5793222188949585,0,-0.01592707447707653,0.37519246339797974,0.0019061743514612317,1,0.9902274012565613,-0.12766708433628082,-0.05613242834806442,0,0.1257774531841278,0.9914049506187439,-0.03601318597793579,0,0.06024765223264694,0.028601044788956642,0.9977737665176392,0,-0.005386000033468008,0.0890439972281456,0,1,0.9896297454833984,-0.10152934491634369,-0.10161226987838745,0,0.09398385882377625,0.9926309585571289,-0.0764862522482872,0,0.10862906277179718,0.06614314764738083,0.9918790459632874,0,0,0.10407400131225586,0,1,0.9875806570053101,0.10615341365337372,-0.1158253625035286,0,-0.11285604536533356,0.9922012090682983,-0.052915059030056,0,0.1093049868941307,0.06532949954271317,0.9918590784072876,0,0,0.11894199997186661,0,1,0.9741266965866089,-0.040369272232055664,-0.22236603498458862,0,0.029118424281477928,0.998134970664978,-0.05364555865526199,0,0.22411715984344482,0.0457826629281044,0.9734863638877869,0,0,0.13380999863147736,0,1,0.9054331183433533,0.048308372497558594,-0.4217309057712555,0,-0.08819492161273956,0.9932318329811096,-0.07557706534862518,0,0.41522568464279175,0.10562451928853989,0.9035657644271851,0,0.008565999567508698,0.007284999825060368,0,1,-0.9850892424583435,-0.0651201605796814,-0.15924382209777832,0,0.12566840648651123,0.3598036766052246,-0.9245260953903198,0,0.11750176548957825,-0.9307523965835571,-0.3462550938129425,0,-0.017819000408053398,0.12425100058317184,-0.15565699338912964,1,-0.9854629635810852,0.1286005824804306,-0.1110178604722023,0,-0.06475090235471725,0.3198346793651581,0.9452582001686096,0,0.157068133354187,0.9387056827545166,-0.30685821175575256,0,0,0.2889699935913086,0,1,0.8467845320701599,-0.39804738759994507,0.35286617279052734,0,0.47120121121406555,0.8691151738166809,-0.15035971999168396,0,-0.24683110415935516,0.29359328746795654,0.9235138893127441,0,0,0.4138369858264923,0,1,0.9298878908157349,0.06165306270122528,-0.3626386523246765,0,0.2775408923625946,0.5294094085693359,0.8016841411590576,0,0.2414105385541916,-0.8461232781410217,0.475180059671402,0,-0.002824000082910061,0.12334399670362473,0.15565699338912964,1,0.8064857125282288,0.4826503098011017,0.3415101170539856,0,-0.37675896286964417,-0.025634722784161568,0.925956130027771,0,0.4556679427623749,-0.8754381537437439,0.16116894781589508,0,0,0.28694599866867065,0,1,0.6495164036750793,-0.7130558490753174,-0.2639680802822113,0,0.7498067021369934,0.6582815647125244,0.06675142794847488,0,0.12616778910160065,-0.2412811517715454,0.9622185826301575,0,0,0.41398701071739197,0,1,-0.32022207975387573,-0.9226429462432861,0.21491366624832153,0,0.506202757358551,-0.358403742313385,-0.784414529800415,0,0.8007599115371704,-0.1423969268798828,0.5818129777908325,0,0.007147999946027994,-0.04921099916100502,-0.1485700011253357,1,-0.20901347696781158,0.26141777634620667,-0.942324161529541,0,0.9283080697059631,0.35604333877563477,-0.10713177919387817,0,0.3075018525123596,-0.8971584439277649,-0.3170938491821289,0,0,0.18972499668598175,0,1,-0.8915908336639404,-0.2978997230529785,-0.34105977416038513,0,0.15001624822616577,0.5163222551345825,-0.8431524038314819,0,0.4272717535495758,-0.8029116988182068,-0.41565853357315063,0,0,0.16344000399112701,0,1,0.9835459589958191,-0.08097699284553528,-0.16149331629276276,0,0.16071301698684692,0.8004781007766724,0.5774129033088684,0,0.082514688372612,-0.5938661098480225,0.8003208637237549,0,0,0.22096000611782074,0,1,-0.7442649602890015,-0.5829996466636658,0.32585471868515015,0,0.6431835293769836,-0.4941849112510681,0.5848905444145203,0,-0.17995843291282654,0.6448976397514343,0.7427798509597778,0,0.014318999834358692,-0.04921099916100502,0.1485700011253357,1,-0.11915305256843567,0.1713114082813263,0.9779850840568542,0,0.9923314452171326,-0.012052586302161217,0.1230122372508049,0,0.03286072239279747,0.9851430654525757,-0.16856159269809723,0,0,0.1894949972629547,0,1,0.759788990020752,0.6501583456993103,0.003860966069623828,0,0.19834394752979279,-0.2374362051486969,0.9509385228157043,0,0.6191774606704712,-0.7217469811439514,-0.3093564808368683,0,0,0.1647689938545227,0,1,0.9947359561920166,0.057066380977630615,0.08511179685592651,0,-0.0940486341714859,0.8382129669189453,0.5371731519699097,0,-0.04068726673722267,-0.5423498153686523,0.8391671180725098,0,0,0.22625599801540375,0,1
