0.667,30,19,33
B0,mixamorig_Hips,-1,0.9988380074501038,-0.04528520628809929,0.016483109444379807,0,0.041161827743053436,0.9795591235160828,0.1969006508588791,0,-0.025062866508960724,-0.1959933638572693,0.9802848696708679,0,0.04334399849176407,1.436068058013916,-0.026434000581502914,1
B1,mixamorig_Spine,0,0.9966570138931274,0.08106394112110138,-0.010190856643021107,0,-0.07654902338981628,0.9701009392738342,0.2303120344877243,0,0.028556151315569878,-0.2287619411945343,0.9730629920959473,0,0,0.33013901114463806,0.01850000023841858,1
B2,mixamorig_Spine1,1,0.9999600052833557,0.008889986202120781,0.0006380683043971658,0,-0.008907009847462177,0.9993339776992798,0.0354008711874485,0,-0.0003229300491511822,-0.035405129194259644,0.9993730187416077,0,0,0.38576599955558777,0,1
B3,mixamorig_Spine2,2,0.9999939799308777,0.003225888591259718,0.0010171367321163416,0,-0.00330209918320179,0.9962090849876404,0.08693006634712219,0,-0.000732854416128248,-0.08693292737007141,0.9962140321731567,0,0,0.4408760070800781,0,1
B4,mixamorig_Neck,3,0.999970018863678,-0.004081856459379196,0.006513009779155254,0,0.004850141238421202,0.992434024810791,-0.12268098443746567,0,-0.005962971597909927,0.1227090135216713,0.9924250245094299,0,0,0.4959850013256073,0,1
B5,mixamorig_Head,4,0.998399019241333,-0.05653110519051552,0.0016740026185289025,0,0.05476389452815056,0.9589489698410034,-0.27824029326438904,0,0.014123957604169846,0.27788668870925903,0.9605101346969604,0,0,0.1798660010099411,-0.24606700241565704,1
B6,mixamorig_HeadTop_End,5,1,0,0,0,0,1,0,0,0,0,1,0,0,1.0191090106964111,-1.3941960334777832,1
B7,mixamorig_LeftShoulder,3,0.210123211145401,0.025897642597556114,-0.9773319959640503,0,0.9529500007629395,0.21796618402004242,0.21065692603588104,0,0.21848098933696747,-0.975612998008728,0.0211205892264843,0,0.49793198704719543,0.5548210144042969,0.07229900360107422,1
B8,mixamorig_LeftArm,7,0.9719470143318176,0.16846881806850433,-0.16412323713302612,0,0.13896073400974274,0.1516660451889038,0.9786149859428406,0,0.18975810706615448,-0.9739689230918884,0.12400084733963013,0,0,1.018658995628357,0,1
B9,mixamorig_LeftForeArm,8,0.020144023001194,0.98984694480896,-0.14070568978786469,0,-0.9899059534072876,-0.0000012457669527066173,-0.14172789454460144,0,-0.1402890533208847,0.14214028418064117,0.9798550009727478,0,0,1.4538730382919312,0,1
B10,mixamorig_LeftHand,9,0.00068593246396631,-0.2089480310678482,-0.9779269695281982,0,-0.027956906706094742,0.9775400161743164,-0.20888495445251465,0,0.9996089935302734,0.02748309075832367,-0.005171013996005058,0,0,1.1429860591888428,0,1
B11,mixamorig_LeftHandIndex1,10,0.011598221026360989,-0.9994060397148132,-0.03243761509656906,0,-0.9957090616226196,-0.014521826058626175,0.09139462560415268,0,-0.09181138873100281,0.031238403171300888,-0.9952860474586487,0,0,0.35460400581359863,0,1
B12,mixamorig_LeftHandIndex2,11,0.2791047692298889,-0.9600980877876282,0.0176580511033535,0,0.8831727504730225,0.2638743221759796,0.38778334856033325,0,-0.376969575881958,-0.0926370918750763,0.9215811491012573,0,0,0.09523800015449524,0,1
B13,mixamorig_LeftHandIndex3,12,-0.653617799282074,-0.4905370771884918,0.5763311386108398,0,0.6781819462776184,-0.7176380157470703,0.15831826627254486,0,0.335936039686203,0.4943367838859558,0.8017340898513794,0,-0.00279999990016222,0.0880109965801239,-0.040286000818014145,1
B14,mixamorig_LeftHandIndex4,13,1,0,0,0,0,1,0,0,0,0,1,0,-0.061253998428583145,0.05174899846315384,0.027055000886321068,1
B15,mixamorig_RightShoulder,3,0.21609482169151306,-0.02636607177555561,0.9760159850120544,0,-0.9517239928245544,0.21750809252262115,0.2165921926498413,0,-0.21800200641155243,-0.9757019877433777,0.02190914936363697,0,-0.49793198704719543,0.5549089908599854,0.07386499643325806,1
B16,mixamorig_RightArm,15,0.8836819529533386,-0.2826043665409088,-0.373151034116745,0,0.4638097286224365,0.42109593749046326,0.779461145401001,0,-0.0631466656923294,-0.8618660569190979,0.5031890869140625,0,0,1.0191290378570557,0,1
B17,mixamorig_RightForeArm,16,0.015577808022499084,-0.9897760152816772,0.1417800486087799,0,0.9898641109466553,-0.004752760753035545,-0.14193874597549438,0,0.14116129279136658,0.14255398511886597,0.9796689748764038,0,0,1.4567569494247437,0,1
B18,mixamorig_RightHand,17,0.9791039228439331,-0.1677982211112976,0.11488426476716995,0,0.19001571834087372,0.9561480283737183,-0.22287817299365997,0,-0.07244782894849777,0.24005082249641418,0.9680530428886414,0,0,1.1393120288848877,0,1
B19,mixamorig_RightHandIndex1,18,0.022348931059241295,0.9544389843940735,-0.29756811261177063,0,0.16361390054225922,0.2901378273963928,0.9428950548171997,0,0.9862710237503052,-0.06975895911455154,-0.1496751457452774,0,0,0.24576100707054138,0,1
B20,mixamorig_RightHandIndex2,19,0.19640898704528809,0.9779640436172485,0.07078679651021957,0,-0.619098961353302,0.06770585477352142,0.7823879718780518,0,0.7603549957275391,-0.19749213755130768,0.6187548637390137,0,0,0.10934799909591675,0,1
B21,mixamorig_RightHandIndex3,20,0.9009649753570557,0.42034509778022766,-0.10757514834403992,0,-0.35002386569976807,0.557607114315033,-0.7527000308036804,0,-0.2564089894294739,0.7158100008964539,0.6495150327682495,0,0.009057999588549137,0.09280800074338913,-0.10688500106334686,1
B22,mixamorig_RightHandIndex4,21,1,0,0,0,0,1,0,0,0,0,1,0,-0.03772500157356262,0.06639000028371811,0.020054999738931656,1
B23,mixamorig_LeftUpLeg,0,-0.9990960359573364,-0.005973915569484234,0.0420939065515995,0,0.0018800848629325628,-0.9953190088272095,-0.0966307669878006,0,0.04247410595417023,-0.09646423161029816,0.9944300055503845,0,0.49685800075531006,-0.18324799835681915,-0.026024000719189644,1
B24,mixamorig_LeftLeg,23,0.98021000623703,0.07718519866466522,-0.18229085206985474,0,0.07586082816123962,-0.9970169067382812,-0.014237727969884872,0,-0.18284614384174347,0.00012722650717478245,-0.9831419587135315,0,0,0.6592109799385071,0,1
B25,mixamorig_LeftFoot,24,0.8972797989845276,0.4138492941856384,0.1536821871995926,0,0.33699560165405273,-0.8669809699058533,0.36712220311164856,0,0.28517258167266846,-0.2776208519935608,-0.9173890352249146,0,0,0.3310930132865906,0,1
B26,mixamorig_LeftToeBase,25,0.9170799255371094,0.000869946728926152,0.39870306849479675,0,-0.2848599851131439,0.7010999917984009,0.6536930799484253,0,-0.2789618670940399,-0.7130628824234009,0.643212080001831,0,0,0.5548920035362244,0,1
B27,mixamorig_LeftToe_End,26,1,0,0,0,0,1,0,0,0,0,1,0,0,0.37033501267433167,0,1
B28,mixamorig_RightUpLeg,0,-0.9645309448242188,-0.25899580121040344,-0.051002684980630875,0,0.2196640819311142,-0.894661009311676,0.3890117108821869,0,-0.1463824212551117,0.36401018500328064,0.9198198914527893,0,-0.49685800075531006,-0.18324799835681915,-0.002041999949142337,1
B29,mixamorig_RightLeg,28,0.9683980345726013,-0.22052372992038727,0.11651084572076797,0,0.22292830049991608,0.555846095085144,-0.800835907459259,0,0.11184115707874298,0.8015009760856628,0.5874409079551697,0,0,0.6584960222244263,0,1
B30,mixamorig_RightFoot,29,0.7945312261581421,-0.5617318749427795,0.23060156404972076,0,-0.2412123829126358,0.05654219165444374,0.9688239097595215,0,-0.557258129119873,-0.8253849148750305,-0.09057217091321945,0,0,0.33077099919319153,0,1
B31,mixamorig_RightToeBase,30,0.9039469361305237,0.008318397216498852,-0.4275631010532379,0,0.29589709639549255,0.7096682190895081,0.6393877267837524,0,0.3087465763092041,-0.7044872045516968,0.6390409469604492,0,0,0.5504339933395386,0,1
B32,mixamorig_RightToe_End,31,1,0,0,0,0,1,0,0,0,0,1,0,0,0.3701150119304657,0,1
@28,0,1,2,3,4,5,7,8,9,10,11,12,13,15,16,17,18,19,20,21,23,24,25,26,28,29,30,31
K0,0.016483157873153687,-0.0452851876616478,-0.998837947845459,0,0.1969006359577179,0.9795591235160828,-0.04116180166602135,0,0.9802848100662231,-0.1959933638572693,0.025062909349799156,0,-0.026433996856212616,1.436068058013916,-0.04334399849176407,1,0.9966570138931274,0.08106396347284317,-0.010190850123763084,0,-0.07654904574155807,0.9701009392738342,0.2303120344877243,0,0.028556151315569878,-0.2287619411945343,0.9730629920959473,0,0,0.33013901114463806,0.01850000023841858,1,0.9999600052833557,0.00888998806476593,0.0006380691775120795,0,-0.008907011710107327,0.9993339776992798,0.0354008711874485,0,-0.00032293086405843496,-0.035405129194259644,0.9993730187416077,0,0,0.38576599955558777,0,1,0.9999939799308777,0.003225894644856453,0.0010171413887292147,0,-0.0033021054696291685,0.9962090849876404,0.08693007379770279,0,-0.0007328585488721728,-0.08693293482065201,0.9962140321731567,0,0,0.4408760070800781,0,1,0.999970018863678,-0.0040818569250404835,0.0065130190923810005,0,0.004850142635405064,0.992434024810791,-0.12268098443746567,0,-0.0059629809111356735,0.1227090135216713,0.9924250245094299,0,0,0.4959850013256073,0,1,0.998399019241333,-0.05653110891580582,0.0016739791026338935,0,0.05476389080286026,0.9589489698410034,-0.27824029326438904,0,0.014123980887234211,0.27788668870925903,0.9605101346969604,0,0,0.1798660010099411,-0.24606700241565704,1,0.2101234346628189,0.025897851213812828,-0.9773318767547607,0,0.9529498219490051,0.21796634793281555,0.21065710484981537,0,0.21848110854625702,-0.9756128787994385,0.021120531484484673,0,0.49793198704719543,0.5548210144042969,0.07229900360107422,1,0.9719470739364624,0.16846860945224762,-0.16412310302257538,0,0.13896061480045319,0.1516660451889038,0.9786150455474854,0,0.18975788354873657,-0.973969042301178,0.1240009069442749,0,0,1.018658995628357,0,1,0.020144188776612282,0.98984694480896,-0.14070574939250946,0,-0.9899060130119324,-0.0000010459846180310706,-0.14172761142253876,0,-0.14028874039649963,0.14214037358760834,0.9798550605773926,0,0,1.4538730382919312,0,1,0.000685945909935981,-0.20894794166088104,-0.9779270887374878,0,-0.027956942096352577,0.9775400757789612,-0.20888486504554749,0,0.9996090531349182,0.027483142912387848,-0.005171006545424461,0,0,1.1429860591888428,0,1,0.01159838866442442,-0.9994059801101685,-0.03243723511695862,0,-0.9957089424133301,-0.014521826058626175,0.09139500558376312,0,-0.09181176871061325,0.0312380101531744,-0.9952859282493591,0,0,0.35460400581359863,0,1,0.27910444140434265,-0.9600982069969177,0.01765834353864193,0,0.883172869682312,0.2638741135597229,0.3877832889556885,0,-0.3769696354866028,-0.09263668954372406,0.9215811491012573,0,0,0.09523800015449524,0,1,-0.6536179780960083,-0.4905370771884918,0.5763310790061951,0,0.6781818866729736,-0.7176381945610046,0.15831826627254486,0,0.335936039686203,0.49433672428131104,0.8017341494560242,0,-0.00279999990016222,0.0880109965801239,-0.040286000818014145,1,0.2160947322845459,-0.026365939527750015,0.9760160446166992,0,-0.9517239928245544,0.21750812232494354,0.21659205853939056,0,-0.21800199151039124,-0.9757019877433777,0.02190926857292652,0,-0.49793198704719543,0.5549089908599854,0.07386499643325806,1,0.8836820125579834,-0.2826044261455536,-0.3731507956981659,0,0.4638095796108246,0.4210960865020752,0.779461145401001,0,-0.06314679235219955,-0.8618658781051636,0.503189206123352,0,0,1.0191290378570557,0,1,0.015577808022499084,-0.9897758960723877,0.1417803168296814,0,0.9898639917373657,-0.00475280312821269,-0.14193874597549438,0,0.14116132259368896,0.14255423843860626,0.979668915271759,0,0,1.4567569494247437,0,1,0.9791039228439331,-0.16779825091362,0.11488422751426697,0,0.1900157481431961,0.9561480283737183,-0.22287818789482117,0,-0.07244778424501419,0.24005082249641418,0.9680530428886414,0,0,1.1393120288848877,0,1,0.0223491620272398,0.9544389247894287,-0.29756826162338257,0,0.16361378133296967,0.29013797640800476,0.9428949952125549,0,0.9862710237503052,-0.06975915282964706,-0.1496749371290207,0,0,0.24576100707054138,0,1,0.19640904664993286,0.9779641032218933,0.07078675180673599,0,-0.6190991997718811,0.06770593672990799,0.782387912273407,0,0.7603548765182495,-0.19749221205711365,0.6187549829483032,0,0,0.10934799909591675,0,1,0.9009649157524109,0.4203451871871948,-0.10757513344287872,0,-0.35002386569976807,0.5576069951057434,-0.7527000308036804,0,-0.2564091086387634,0.7158100008964539,0.6495150327682495,0,0.009057999588549137,0.09280800074338913,-0.10688500106334686,1,-0.9990960359573364,-0.005973915569484234,0.042093902826309204,0,0.0018800850957632065,-0.9953190088272095,-0.0966307669878006,0,0.04247410222887993,-0.09646423161029816,0.9944300055503845,0,0.49685800075531006,-0.18324799835681915,-0.026024000719189644,1,0.98021000623703,0.07718518376350403,-0.18229085206985474,0,0.07586080580949783,-0.9970169067382812,-0.014237748458981514,0,-0.18284614384174347,0.0001272512599825859,-0.9831419587135315,0,0,0.6592109799385071,0,1,0.8972797393798828,0.4138493239879608,0.15368229150772095,0,0.3369956314563751,-0.8669809699058533,0.36712220311164856,0,0.2851726710796356,-0.277620792388916,-0.9173890352249146,0,0,0.3310930132865906,0,1,0.9170799255371094,0.000869973620865494,0.39870306849479675,0,-0.2848600149154663,0.7010999321937561,0.6536930799484253,0,-0.27896183729171753,-0.7130628824234009,0.643212080001831,0,0,0.5548920035362244,0,1,-0.9645309448242188,-0.2589958608150482,-0.051002614200115204,0,0.21966415643692017,-0.894661009311676,0.38901177048683167,0,-0.1463823914527893,0.3640102446079254,0.9198198914527893,0,-0.49685800075531006,-0.18324799835681915,-0.002041999949142337,1,0.9683980345726013,-0.2205236554145813,0.11651100963354111,0,0.22292837500572205,0.5558460354804993,-0.800835907459259,0,0.11184100806713104,0.8015010952949524,0.5874409079551697,0,0,0.6584960222244263,0,1,0.7945310473442078,-0.5617322325706482,0.23060135543346405,0,-0.24121233820915222,0.05654194951057434,0.9688239693641663,0,-0.5572584271430969,-0.8253847360610962,-0.09057243913412094,0,0,0.33077099919319153,0,1,0.9039468169212341,0.008318346925079823,-0.427563339471817,0,0.29589736461639404,0.7096680998802185,0.6393877863883972,0,0.30874666571617126,-0.7044873237609863,0.6390407681465149,0,0,0.5504339933395386,0,1
K0.035,0.016349706798791885,0.01756170019507408,-0.999711811542511,0,0.1655125617980957,0.9860038757324219,0.020027756690979004,0,0.986072301864624,-0.16579249501228333,0.013214203529059887,0,-0.0965496152639389,1.436765432357788,-0.036508865654468536,1,0.9956154823303223,0.01893307827413082,-0.09160350263118744,0,0.0037474872078746557,0.9704415798187256,0.24130630493164062,0,0.09346453845500946,-0.2405916303396225,0.9661158919334412,0,0,0.33013901114463806,0.01850000023841858,1,0.9988279938697815,0.0022698682732880116,-0.048350587487220764,0,-0.00022718078980688006,0.9991089105606079,0.04221109673380852,0,0.048403289169073105,-0.04215060919523239,0.9979378581047058,0,0,0.38576599955558777,0,1,0.9988034963607788,-0.0012707981513813138,-0.04889483377337456,0,0.005829513538628817,0.9956299066543579,0.09320604056119919,0,0.04856268689036369,-0.09337951242923737,0.9944455623626709,0,0,0.4408760070800781,0,1,0.9994322061538696,0.0011583574814721942,0.033659230917692184,0,0.002726280130445957,0.9933465123176575,-0.1151358112692833,0,-0.03356863930821419,0.11516217887401581,0.9927791357040405,0,0,0.4959850013256073,0,1,0.9888251423835754,-0.03602924942970276,0.14465981721878052,0,0.07173816114664078,0.9656180739402771,-0.24986903369426727,0,-0.13068357110023499,0.2574544847011566,0.9574124217033386,0,0,0.1798660010099411,-0.24606700241565704,1,0.20484618842601776,0.029317228123545647,-0.9783552885055542,0,0.9484894275665283,0.24085362255573273,0.2058103382587433,0,0.2416740357875824,-0.9701182842254639,0.02153083123266697,0,0.49793198704719543,0.5548210144042969,0.07229900360107422,1,0.9473887085914612,0.176042839884758,-0.26732635498046875,0,0.235498309135437,0.18227869272232056,0.9546284079551697,0,0.21678341925144196,-0.9673592448234558,0.13123102486133575,0,0,1.018658995628357,0,1,0.22400328516960144,0.9681870937347412,-0.11151796579360962,0,-0.9682452082633972,0.20804937183856964,-0.1386267989873886,0,-0.11101537942886353,0.13902951776981354,0.9840457439422607,0,0,1.4538730382919312,0,1,0.09537234902381897,-0.14257878065109253,-0.9851781725883484,0,-0.11915046721696854,0.9809391498565674,-0.15349994599819183,0,0.9882848262786865,0.13202397525310516,0.07656608521938324,0,0,1.1429860591888428,0,1,0.07654906064271927,-0.9965931177139282,-0.030704712495207787,0,-0.9933686256408691,-0.07887865602970123,0.0836477279663086,0,-0.08578469604253769,0.02409793809056282,-0.9960224628448486,0,0,0.35460400581359863,0,1,0.2965348958969116,-0.9548690915107727,0.017078084871172905,0,0.8782253861427307,0.27967169880867004,0.38794732093811035,0,-0.3752152919769287,-0.10004155337810516,0.9215230345726013,0,0,0.09523800015449524,0,1,-0.6410134434700012,-0.5015332102775574,0.5810034275054932,0,0.691146731376648,-0.7063834071159363,0.152769535779953,0,0.33379241824150085,0.4994862973690033,0.799435019493103,0,-0.00279999990016222,0.0880109965801239,-0.040286000818014145,1,0.18836112320423126,-0.030051235109567642,0.9816398620605469,0,-0.951719343662262,0.24110013246536255,0.19000069797039032,0,-0.2423834502696991,-0.970035195350647,0.016813570633530617,0,-0.49793198704719543,0.5549089908599854,0.07386499643325806,1,0.7541405558586121,-0.3649819791316986,-0.5459482073783875,0,0.6560136675834656,0.4570296108722687,0.6006411910057068,0,0.030291276052594185,-0.8111175894737244,0.5840978622436523,0,0,1.0191290378570557,0,1,0.2547200620174408,-0.9610217809677124,0.10748930275440216,0,0.961107611656189,0.2393282949924469,-0.1378154307603836,0,0.1067185252904892,0.13841329514980316,0.9846081137657166,0,0,1.4567569494247437,0,1,0.9595919847488403,-0.2731466591358185,0.06763571500778198,0,0.2787219285964966,0.8895515203475952,-0.36195772886276245,0,0.03870205581188202,0.36618301272392273,0.9297378063201904,0,0,1.1393120288848877,0,1,0.0210112351924181,0.9628174304962158,-0.2693364918231964,0,0.1590440571308136,0.2627464234828949,0.9516667723655701,0,0.9870480298995972,-0.0628320723772049,-0.14760971069335938,0,0,0.24576100707054138,0,1,0.20144972205162048,0.9769570827484131,0.07052525877952576,0,-0.6187411546707153,0.0711069107055664,0.7823699116706848,0,0.7593268156051636,-0.2012450248003006,0.618807852268219,0,0,0.10934799909591675,0,1,0.9027961492538452,0.41723984479904175,-0.10426062345504761,0,-0.34521472454071045,0.5584724545478821,-0.7542786002159119,0,-0.25648826360702515,0.7169517278671265,0.6482238173484802,0,0.009057999588549137,0.09280800074338913,-0.10688500106334686,1,-0.9997646808624268,0.013932257890701294,0.016596874222159386,0,0.003702486166730523,-0.6448202133178711,0.7643256187438965,0,0.021350786089897156,0.7642074227333069,0.6446170806884766,0,0.49685800075531006,-0.18324799835681915,-0.026024000719189644,1,0.9901610016822815,0.08167087286710739,-0.11362619698047638,0,0.053698405623435974,-0.9716084599494934,-0.23042254149913788,0,-0.12921886146068573,0.2220536768436432,-0.9664334654808044,0,0,0.6592109799385071,0,1,0.7843974828720093,0.6134239435195923,-0.09182170033454895,0,0.343624472618103,-0.30652618408203125,0.8876730799674988,0,0.5163745284080505,-0.7278411984443665,-0.451226145029068,0,0,0.3310930132865906,0,1,0.9124226570129395,-0.008803388103842735,0.4091547727584839,0,-0.2732318043708801,0.731207013130188,0.6250447034835815,0,-0.30467915534973145,-0.6820985674858093,0.6647641062736511,0,0,0.5548920035362244,0,1,-0.9743813872337341,-0.1810760796070099,-0.1333901435136795,0,0.16999666392803192,-0.9812970161437988,0.0903203934431076,0,-0.14725013077259064,0.06533058732748032,0.9869393110275269,0,-0.49685800075531006,-0.18324799835681915,-0.002041999949142337,1,0.9528928995132446,-0.27185899019241333,0.13449355959892273,0,0.2822011411190033,0.6321322917938232,-0.7216452360153198,0,0.11116793751716614,0.7256041765213013,0.6790726780891418,0,0,0.6584960222244263,0,1,0.8202630877494812,-0.5524545907974243,0.14819718897342682,0,-0.2531615197658539,-0.11831893771886826,0.9601612687110901,0,-0.5129109025001526,-0.8251026272773743,-0.23691287636756897,0,0,0.33077099919319153,0,1,0.9043827652931213,0.007491772528737783,-0.42665591835975647,0,0.29707542061805725,0.7067016363143921,0.6421200633049011,0,0.30632922053337097,-0.7074717283248901,0.6369035840034485,0,0,0.5504339933395386,0,1
K0.070,0.03098261170089245,0.09969332069158554,-0.9945359230041504,0,0.17252734303474426,0.9795454144477844,0.10356536507606506,0,0.984516978263855,-0.17479324340820312,0.013149038888514042,0,-0.09198235720396042,1.4319202899932861,-0.019392188638448715,1,0.9829596877098083,-0.0787712037563324,-0.166090726852417,0,0.11383803933858871,0.9702778458595276,0.21354743838310242,0,0.144332617521286,-0.2288157194852829,0.9627100825309753,0,0,0.33013901114463806,0.01850000023841858,1,0.9971921443939209,-0.004847369156777859,-0.0747302770614624,0,0.007112201303243637,0.9995225667953491,0.030070485547184944,0,0.07454881817102432,-0.030517540872097015,0.9967502951622009,0,0,0.38576599955558777,0,1,0.9970877766609192,-0.0073536718264222145,-0.07590853422880173,0,0.01342125702649355,0.9967256784439087,0.0797351524233818,0,0.07507364451885223,-0.08052174001932144,0.9939217567443848,0,0,0.4408760070800781,0,1,0.9988024830818176,-0.01699623465538025,0.045867905020713806,0,0.021615704521536827,0.9945319890975952,-0.1021742895245552,0,-0.04388050734996796,0.10304337739944458,0.9937081933021545,0,0,0.4959850013256073,0,1,0.9698886275291443,0.027699224650859833,0.2419670820236206,0,0.018154768273234367,0.982524573802948,-0.1852453351020813,0,-0.2428697794675827,0.1840602159500122,0.9524366855621338,0,0,0.1798660010099411,-0.24606700241565704,1,0.15436363220214844,0.03363324701786041,-0.9874415397644043,0,0.9479094743728638,0.276814728975296,0.15761226415634155,0,0.2786393463611603,-0.9603348970413208,0.010848884470760822,0,0.49793198704719543,0.5548210144042969,0.07229900360107422,1,0.8832634091377258,0.24625164270401,-0.39900529384613037,0,0.34757566452026367,0.2272855043411255,0.9096879363059998,0,0.31470057368278503,-0.9421794414520264,0.11516200006008148,0,0,1.018658995628357,0,1,0.2925049066543579,0.9508396983146667,-0.1017102375626564,0,-0.9508965611457825,0.2779593765735626,-0.1361425518989563,0,-0.10117838531732559,0.13653820753097534,0.9854542016983032,0,0,1.4538730382919312,0,1,0.15691302716732025,-0.18299126625061035,-0.9705120325088501,0,-0.11913387477397919,0.9720017313957214,-0.20253382623195648,0,0.9804008603096008,0.14740097522735596,0.13071921467781067,0,0,1.1429860591888428,0,1,0.11000148206949234,-0.9932847619056702,-0.035852767527103424,0,-0.9896003603935242,-0.112814761698246,0.08924264460802078,0,-0.09268802404403687,0.025663068518042564,-0.9953641295433044,0,0,0.35460400581359863,0,1,0.3077128827571869,-0.9513323307037354,0.016706693917512894,0,0.8748863339424133,0.28980088233947754,0.38805878162384033,0,-0.3740144371986389,-0.1047942042350769,0.921483039855957,0,0,0.09523800015449524,0,1,-0.6327806115150452,-0.5085067749023438,0.5839601159095764,0,0.6993758678436279,-0.6990194916725159,0.14914602041244507,0,0.3323577344417572,0.502784252166748,0.7979633212089539,0,-0.00279999990016222,0.0880109965801239,-0.040286000818014145,1,0.20877334475517273,-0.04102838411927223,0.9771031737327576,0,-0.9236195683479309,0.32014912366867065,0.21078871190547943,0,-0.321466863155365,-0.9464783072471619,0.028943981975317,0,-0.49793198704719543,0.5549089908599854,0.07386499643325806,1,0.7343661785125732,-0.3178359568119049,-0.5997384786605835,0,0.6709707975387573,0.47335392236709595,0.570730984210968,0,0.10248976945877075,-0.8215330243110657,0.5608741044998169,0,0,1.0191290378570557,0,1,0.2690814435482025,-0.9573295712471008,0.10543043911457062,0,0.9574147462844849,0.25398609042167664,-0.13728615641593933,0,0.10465022921562195,0.1378818154335022,0.984904408454895,0,0,1.4567569494247437,0,1,0.9351071715354919,-0.34994372725486755,0.05579950660467148,0,0.3446282744407654,0.8614122271537781,-0.3730955719947815,0,0.08249612152576447,0.3681146204471588,0.9261137843132019,0,0,1.1393120288848877,0,1,0.017847085371613503,0.9508517384529114,-0.30913087725639343,0,0.15156668424606323,0.3030341863632202,0.9408493041992188,0,0.9882859587669373,-0.06364534795284271,-0.13870921730995178,0,0,0.24576100707054138,0,1,0.2228088229894638,0.9723876118659973,0.06941702961921692,0,-0.6170249581336975,0.08553685992956161,0.7822810411453247,0,0.7547423839569092,-0.21713104844093323,0.6190455555915833,0,0,0.10934799909591675,0,1,0.9103165864944458,0.40399113297462463,-0.0900840014219284,0,-0.32467883825302124,0.5619591474533081,-0.7607792615890503,0,-0.2567245662212372,0.7217984199523926,0.6427282094955444,0,0.009057999588549137,0.09280800074338913,-0.10688500106334686,1,-0.9942361116409302,0.059451159089803696,-0.08921488374471664,0,-0.0991738960146904,-0.19393250346183777,0.9759891629219055,0,0.040722016245126724,0.9792115688323975,0.1987108588218689,0,0.49685800075531006,-0.18324799835681915,-0.026024000719189644,1,0.9902955889701843,0.04989089071750641,-0.12971432507038116,0,-0.06949807703495026,-0.6304909586906433,-0.7730787992477417,0,-0.12035327404737473,0.774591326713562,-0.6209050416946411,0,0,0.6592109799385071,0,1,0.8267933130264282,0.3517289459705353,-0.4389747679233551,0,0.34259745478630066,0.30407652258872986,0.8889116048812866,0,0.4461382031440735,-0.8853384852409363,0.1309070736169815,0,0,0.3310930132865906,0,1,0.9112003445625305,-0.011144683696329594,0.41181299090385437,0,-0.27014994621276855,0.7385271787643433,0.6177352070808411,0,-0.3110194206237793,-0.6741315126419067,0.6699351668357849,0,0,0.5548920035362244,0,1,-0.9726235270500183,-0.04909403994679451,-0.22714078426361084,0,0.10321880131959915,-0.9669877290725708,-0.23298195004463196,0,-0.20820434391498566,-0.2500489354133606,0.9455823302268982,0,-0.49685800075531006,-0.18324799835681915,-0.002041999949142337,1,0.9274407625198364,-0.3671206831932068,0.07124955207109451,0,0.34838274121284485,0.77889484167099,-0.521490752696991,0,0.1359541118144989,0.508473813533783,0.8502771854400635,0,0,0.6584960222244263,0,1,0.816770613193512,-0.5117911100387573,0.2663746774196625,0,-0.36102524399757385,-0.09322124719619751,0.927884578704834,0,-0.45005157589912415,-0.854037344455719,-0.2609100341796875,0,0,0.33077099919319153,0,1,0.9234888553619385,-0.042103175073862076,-0.38130900263786316,0,0.3362683653831482,0.5672407746315002,0.7517720460891724,0,0.18464191257953644,-0.8224747776985168,0.5379981398582458,0,0,0.5504339933395386,0,1
K0.105,0.027499970048666,0.18879109621047974,-0.9816323518753052,0,0.1788887232542038,0.9652212262153625,0.19064632058143616,0,0.9834846258163452,-0.180845707654953,-0.007229040842503309,0,-0.056654009968042374,1.4167232513427734,0.007067441940307617,1,0.9560453295707703,-0.1883850395679474,-0.224698007106781,0,0.23152640461921692,0.9552218914031982,0.18424832820892334,0,0.17992673814296722,-0.228173166513443,0.9568510055541992,0,0,0.33013901114463806,0.01850000023841858,1,0.9961424469947815,-0.012591876089572906,-0.08684390783309937,0,0.014234580099582672,0.9997303485870361,0.018322406336665154,0,0.08658982813358307,-0.019487924873828888,0.9960536360740662,0,0,0.38576599955558777,0,1,0.9959778189659119,-0.015089808963239193,-0.08831925690174103,0,0.02100120298564434,0.99757319688797,0.06639032810926437,0,0.08710303902626038,-0.06797805428504944,0.9938769340515137,0,0,0.4408760070800781,0,1,0.9983468055725098,0.004843854811042547,0.05726843699812889,0,0.0009615812450647354,0.9948946237564087,-0.10091277211904526,0,-0.05746489763259888,0.10080106556415558,0.9932457804679871,0,0,0.4959850013256073,0,1,0.9472714066505432,0.05217249318957329,0.316155344247818,0,-0.010392281226813793,0.9911391735076904,-0.13242191076278687,0,-0.32026275992393494,0.12215391546487808,0.9394200444221497,0,0,0.1798660010099411,-0.24606700241565704,1,0.11247342079877853,0.037574805319309235,-0.9929441809654236,0,0.9385095834732056,0.3242526948451996,0.11857777833938599,0,0.3264201879501343,-0.9452239274978638,0.00120549404527992,0,0.49793198704719543,0.5548210144042969,0.07229900360107422,1,0.8100099563598633,0.3076738119125366,-0.49921920895576477,0,0.4228619635105133,0.2833583354949951,0.8607527613639832,0,0.4062891900539398,-0.9083195924758911,0.09941957145929337,0,0,1.018658995628357,0,1,0.3124576210975647,0.9447743892669678,-0.09885387122631073,0,-0.9448303580284119,0.29832208156585693,-0.13527433574199677,0,-0.09831344336271286,0.13566765189170837,0.9858645796775818,0,0,1.4538730382919312,0,1,0.16513152420520782,-0.19336552917957306,-0.9671308398246765,0,-0.15119698643684387,0.9640383124351501,-0.21856315433979034,0,0.9746131896972656,0.1823188215494156,0.12995675206184387,0,0,1.1429860591888428,0,1,0.16237059235572815,-0.9857842326164246,-0.04318992421030998,0,-0.9813544154167175,-0.16589364409446716,0.09706700593233109,0,-0.10285211354494095,0.026623815298080444,-0.9943404793739319,0,0,0.35460400581359863,0,1,0.3106350600719452,-0.9503841400146484,0.016609366983175278,0,0.8739914894104004,0.29244837164878845,0.3880881071090698,0,-0.3736903667449951,-0.10603740066289902,0.9214729070663452,0,0,0.09523800015449524,0,1,-0.6306076049804688,-0.5103208422660828,0.5847280025482178,0,0.7015175819396973,-0.697074294090271,0.148189976811409,0,0.3319743275642395,0.5036465525627136,0.7975792288780212,0,-0.00279999990016222,0.0880109965801239,-0.040286000818014145,1,0.17452497780323029,-0.046191439032554626,0.9835692048072815,0,-0.9110208749771118,0.37143757939338684,0.1790958195924759,0,-0.3736071288585663,-0.9273084402084351,0.022743763402104378,0,-0.49793198704719543,0.5549089908599854,0.07386499643325806,1,0.7508822679519653,-0.31176915764808655,-0.5822165012359619,0,0.6500920057296753,0.5043274760246277,0.5683603882789612,0,0.11643058806657791,-0.8052660822868347,0.5813692808151245,0,0,1.0191290378570557,0,1,0.19430924952030182,-0.9740393161773682,0.11615122854709625,0,0.9741262793540955,0.17766991257667542,-0.13968245685100555,0,0.11541960388422012,0.14028754830360413,0.9833600521087646,0,0,1.4567569494247437,0,1,0.9611279368400574,-0.27430886030197144,0.03141628950834274,0,0.2632250487804413,0.8760073184967041,-0.4041338860988617,0,0.08333661407232285,0.3966939449310303,0.9141600131988525,0,0,1.1393120288848877,0,1,0.01632641814649105,0.9383256435394287,-0.34536638855934143,0,0.14824272692203522,0.3393235504627228,0.928915798664093,0,0.9888167381286621,-0.06636394560337067,-0.13356004655361176,0,0,0.24576100707054138,0,1,0.2383645474910736,0.9687490463256836,0.06860992312431335,0,-0.6155696511268616,0.09606500715017319,0.7822058200836182,0,0.7511700987815857,-0.22868435084819794,0.6192309856414795,0,0,0.10934799909591675,0,1,0.9155473113059998,0.3942507207393646,-0.07962387055158615,0,-0.30956271290779114,0.5643141269683838,-0.7653239965438843,0,-0.25679656863212585,0.7253385782241821,0.6387013792991638,0,0.009057999588549137,0.09280800074338913,-0.10688500106334686,1,-0.9750546813011169,0.0901167169213295,-0.20284603536128998,0,-0.2146686166524887,-0.15050506591796875,0.9650207161903381,0,0.05643518269062042,0.9844934344291687,0.1660960614681244,0,0.49685800075531006,-0.18324799835681915,-0.026024000719189644,1,0.9596760272979736,0.19532519578933716,-0.20216524600982666,0,-0.1764024943113327,-0.14150144159793854,-0.9740944504737854,0,-0.21887172758579254,0.9704768657684326,-0.10133962333202362,0,0,0.6592109799385071,0,1,0.8532736301422119,0.19088049232959747,-0.4852721393108368,0,0.3814835548400879,0.40596044063568115,0.830461323261261,0,0.3555201292037964,-0.8937340378761292,0.2735775411128998,0,0,0.3310930132865906,0,1,0.9138711094856262,-0.005928892642259598,0.4059620201587677,0,-0.27686724066734314,0.722238302230835,0.6338106393814087,0,-0.29695892333984375,-0.6916183829307556,0.6583908200263977,0,0,0.5548920035362244,0,1,-0.9466001987457275,0.11705280095338821,-0.3004112243652344,0,0.023868918418884277,-0.9037681221961975,-0.42735719680786133,0,-0.3215252757072449,-0.41170671582221985,0.8527125716209412,0,-0.49685800075531006,-0.18324799835681915,-0.002041999949142337,1,0.9002421498298645,-0.43217092752456665,0.05284131318330765,0,0.39673227071762085,0.7642531991004944,-0.5084488391876221,0,0.17935271561145782,0.47869107127189636,0.8594692945480347,0,0,0.6584960222244263,0,1,0.7757577896118164,-0.3831368088722229,0.5014041066169739,0,-0.5244247913360596,0.05049332603812218,0.8499580025672913,0,-0.3509678542613983,-0.9223105907440186,-0.16175588965415955,0,0,0.33077099919319153,0,1,0.9337586164474487,-0.21302233636379242,-0.28760573267936707,0,0.3187735676765442,0.1296492964029312,0.9389219880104065,0,-0.1627233624458313,-0.9684069156646729,0.18896691501140594,0,0,0.5504339933395386,0,1
K0.140,0.011174346320331097,0.1889372169971466,-0.9819254875183105,0,0.1896580010652542,0.963761568069458,0.1876005083322525,0,0.9817865490913391,-0.18832631409168243,-0.025064043700695038,0,-0.030133916065096855,1.3917675018310547,0.019008861854672432,1,0.9400635361671448,-0.19458921253681183,-0.2800278961658478,0,0.24276144802570343,0.9586010575294495,0.14883431792259216,0,0.23947341740131378,-0.20789363980293274,0.9483844041824341,0,0,0.33013901114463806,0.01850000023841858,1,0.9949889779090881,-0.017234204337000847,-0.09848534315824509,0,0.01779145561158657,0.9998302459716797,0.004782692063599825,0,0.09838621318340302,-0.006510925013571978,0.9951268434524536,0,0,0.38576599955558777,0,1,0.9948247075080872,-0.01979537308216095,-0.09966162592172623,0,0.025082014501094818,0.9983285069465637,0.052075427025556564,0,0.09846415370702744,-0.05430561304092407,0.9936580061912537,0,0,0.4408760070800781,0,1,0.9978047609329224,-0.0001527911954326555,0.06622281670570374,0,0.006038714665919542,0.996040940284729,-0.08868954330682755,0,-0.06594707071781158,0.08889472484588623,0.9938550591468811,0,0,0.4959850013256073,0,1,0.91359943151474,0.07719101756811142,0.39922070503234863,0,-0.04250682145357132,0.9945668578147888,-0.09502868354320526,0,-0.4043869376182556,0.06984853744506836,0.9119166135787964,0,0,0.1798660010099411,-0.24606700241565704,1,0.1103275865316391,0.043163616210222244,-0.9929577112197876,0,0.9158554673194885,0.38364216685295105,0.11843758076429367,0,0.38605251908302307,-0.9224722981452942,0.002794672967866063,0,0.49793198704719543,0.5548210144042969,0.07229900360107422,1,0.7364965081214905,0.3689825236797333,-0.5669427514076233,0,0.48363327980041504,0.29875051975250244,0.8227072358131409,0,0.47293898463249207,-0.8801133036613464,0.04157649353146553,0,0,1.018658995628357,0,1,0.32732343673706055,0.939949095249176,-0.0967257171869278,0,-0.9400049448013306,0.3134935200214386,-0.13458377122879028,0,-0.09617897868156433,0.13497504591941833,0.9861702919006348,0,0,1.4538730382919312,0,1,0.1501983255147934,-0.23990049958229065,-0.9591079950332642,0,-0.18267975747585297,0.9466740489006042,-0.26539844274520874,0,0.9716317057609558,0.21507197618484497,0.09836387634277344,0,0,1.1429860591888428,0,1,0.2356727570295334,-0.9702582359313965,-0.0552910678088665,0,-0.9643192291259766,-0.24053269624710083,0.11059767752885818,0,-0.12060769647359848,0.027253400534391403,-0.9923263192176819,0,0,0.35460400581359863,0,1,0.3147171139717102,-0.9490424990653992,0.016473431140184402,0,0.8727269172668457,0.29614683985710144,0.3881302773952484,0,-0.3732304573059082,-0.10777435451745987,0.9214569330215454,0,0,0.09523800015449524,0,1,-0.6275604367256165,-0.5128461718559265,0.5857959985733032,0,0.7044995427131653,-0.6943455338478088,0.14684899151325226,0,0.3314339220523834,0.5048495531082153,0.7970437407493591,0,-0.00279999990016222,0.0880109965801239,-0.040286000818014145,1,0.11039850115776062,-0.04469389095902443,0.9928821921348572,0,-0.9090134501457214,0.3994016647338867,0.11905191838741302,0,-0.4018794000148773,-0.9156857132911682,0.003465998684987426,0,-0.49793198704719543,0.5549089908599854,0.07386499643325806,1,0.7894887328147888,-0.33381524682044983,-0.5150478482246399,0,0.6082776188850403,0.5375084280967712,0.5840229392051697,0,0.08188688009977341,-0.7743719220161438,0.6274094581604004,0,0,1.0191290378570557,0,1,0.11893995851278305,-0.9847506880760193,0.12695932388305664,0,0.9848386645317078,0.10074393451213837,-0.14121848344802856,0,0.1262746900320053,0.14183104038238525,0.9818035364151001,0,0,1.4567569494247437,0,1,0.974395751953125,-0.2198125422000885,0.04728222265839577,0,0.2192152887582779,0.8820306062698364,-0.41709262132644653,0,0.049977805465459824,0.4167780876159668,0.9076328277587891,0,0,1.1393120288848877,0,1,0.015556243248283863,0.9401585459709167,-0.34038078784942627,0,0.14601542055606842,0.33463653922080994,0.9309658408164978,0,0.9891602396965027,-0.06418324261903763,-0.1320720762014389,0,0,0.24576100707054138,0,1,0.24042072892189026,0.9682480692863464,0.06850341707468033,0,-0.6153642535209656,0.09745780378580093,0.782194972038269,0,0.7506829500198364,-0.23021051287651062,0.6192564964294434,0,0,0.10934799909591675,0,1,0.916222870349884,0.39295676350593567,-0.07823238521814346,0,-0.3075539767742157,0.5646138191223145,-0.7659125924110413,0,-0.2567993998527527,0.725807249546051,0.6381675004959106,0,0.009057999588549137,0.09280800074338913,-0.10688500106334686,1,-0.9651286005973816,0.06911368668079376,-0.25248661637306213,0,-0.26144537329673767,-0.20608215034008026,0.9429620504379272,0,0.013138598762452602,0.9760912656784058,0.21696527302265167,0,0.49685800075531006,-0.18324799835681915,-0.026024000719189644,1,0.9449508190155029,0.29025477170944214,-0.15106502175331116,0,-0.26366809010505676,0.40203940868377686,-0.8768376708030701,0,-0.19377216696739197,0.8683990240097046,0.45643818378448486,0,0,0.6592109799385071,0,1,0.8790615200996399,0.09051662683486938,-0.4680366516113281,0,0.3691036105155945,0.4920988380908966,0.7884167432785034,0,0.3016849458217621,-0.8658203482627869,0.39917492866516113,0,0,0.3310930132865906,0,1,0.9179704189300537,0.0028729396872222424,0.3966388404369354,0,-0.2870611250400543,0.6948921084403992,0.6593334078788757,0,-0.2737269699573517,-0.7191081643104553,0.6387150883674622,0,0,0.5548920035362244,0,1,-0.9462788105010986,0.19243746995925903,-0.2598533630371094,0,-0.036809291690588,-0.8625105023384094,-0.5046979784965515,0,-0.32124921679496765,-0.46802017092704773,0.8232592344284058,0,-0.49685800075531006,-0.18324799835681915,-0.002041999949142337,1,0.9304526448249817,-0.3218165934085846,0.17519380152225494,0,0.36488786339759827,0.7702206373214722,-0.5230841040611267,0,0.03339923918247223,0.5506306886672974,0.8340802788734436,0,0,0.6584960222244263,0,1,0.7596049904823303,-0.14577311277389526,0.633837878704071,0,-0.5652672648429871,0.33403265476226807,0.7542508840560913,0,-0.3216720223426819,-0.9312204718589783,0.17133209109306335,0,0,0.33077099919319153,0,1,0.9191716909408569,-0.3400619626045227,-0.19869942963123322,0,0.23331041634082794,0.06366842985153198,0.9703154563903809,0,-0.31731656193733215,-0.9382452368736267,0.13786223530769348,0,0,0.5504339933395386,0,1
