4.567,30,136,25
B0,mixamorig_Hips,-1,0.011347921565175056,0.004441147670149803,0.9999260306358337,0,0.02056325227022171,0.9997779726982117,-0.004673859104514122,0,-0.9997240304946899,0.020614754408597946,0.011254068464040756,0,0.004629999864846468,0.41410401463508606,0.004693999886512756,1
B1,mixamorig_Spine,0,0.9738590121269226,-0.22711412608623505,-0.004242051858454943,0,0.22714285552501678,0.973825991153717,0.008366070687770844,0,0.002230966230854392,-0.009110920131206512,0.9999560117721558,0,-0.005386000033468008,0.0890439972281456,0,1
B2,mixamorig_Spine1,1,0.9389500617980957,-0.3439759314060211,-0.007236095145344734,0,0.3440500497817993,0.9388119578361511,0.016185250133275986,0,0.0012259966460987926,-0.01768673211336136,0.9998430609703064,0,0,0.10407400131225586,0,1
B3,mixamorig_Spine2,2,0.9759309887886047,-0.21801365911960602,-0.005357017740607262,0,0.21807332336902618,0.9757939577102661,0.01644580252468586,0,0.001641934853978455,-0.01721818372607231,0.9998499751091003,0,0,0.11894199997186661,0,1
B4,mixamorig_Neck,3,0.993573009967804,-0.11206214129924774,0.015976354479789734,0,0.11204086244106293,0.9937009811401367,0.0022211591713130474,0,-0.016124626621603966,-0.0004168793384451419,0.9998700022697449,0,0,0.13380999863147736,0,1
B5,mixamorig_Head,4,0.9276589751243591,0.3696388900279999,-0.05305943265557289,0,-0.37129008769989014,0.9281719326972961,-0.02529408410191536,0,0.03989862650632858,0.043164752423763275,0.9982709288597107,0,0.008565999567508698,0.007284999825060368,0,1
B6,mixamorig_HeadTop_End,5,1,0,0,0,0,1,0,0,0,0,1,0,0.41897401213645935,0.35634198784828186,0,1
B7,mixamorig_LeftShoulder,3,-0.9268380403518677,0.29444703459739685,-0.23296509683132172,0,0.3523649275302887,0.46787184476852417,-0.8105151057243347,0,-0.12965595722198486,-0.8333049416542053,-0.5373941659927368,0,-0.017819000408053398,0.12425100058317184,-0.15565699338912964,1
B8,mixamorig_LeftArm,7,-0.7882150411605835,-0.02494017407298088,-0.6148949861526489,0,-0.5569460391998291,0.45394060015678406,0.6955202221870422,0,0.26177939772605896,0.8906828761100769,-0.37169313430786133,0,0,0.2889699935913086,0,1
B9,mixamorig_LeftForeArm,8,0.6471109390258789,-0.7598410844802856,0.062368862330913544,0,0.7140439748764038,0.5753689408302307,-0.3988639712333679,0,0.2671879529953003,0.30264315009117126,0.914887011051178,0,0,0.4138369858264923,0,1
B10,mixamorig_LeftHand,9,1,0,0,0,0,1,0,0,0,0,1,0,0,0.25297001004219055,0,1
B11,mixamorig_RightShoulder,3,0.920357882976532,-0.2891218364238739,-0.2633424401283264,0,0.37459272146224976,0.45829999446868896,0.8060031533241272,0,-0.11234328895807266,-0.8404577970504761,0.5301031470298767,0,-0.002824000082910061,0.12334399670362473,0.15565699338912964,1
B12,mixamorig_RightArm,11,0.8918300867080688,0.059472646564245224,-0.4484439194202423,0,0.3925909399986267,0.3907549977302551,0.8325759172439575,0,0.22474735975265503,-0.918571949005127,0.3251388967037201,0,0,0.28694599866867065,0,1
B13,mixamorig_RightForeArm,12,0.3937182128429413,-0.8665988445281982,-0.3065810799598694,0,0.9188950061798096,0.3800649046897888,0.10575313866138458,0,0.024875136092305183,-0.3233528137207031,0.9459520578384399,0,0,0.41398701071739197,0,1
B14,mixamorig_RightHand,13,1,0,0,0,0,1,0,0,0,0,1,0,0,0.2554830014705658,0,1
B15,mixamorig_LeftUpLeg,0,-0.7037681937217712,-0.6954560279846191,-0.145090714097023,0,0.642998218536377,-0.5366978645324707,-0.5463610291481018,0,0.30209988355636597,-0.4778040945529938,0.8248870372772217,0,0.007147999946027994,-0.04921099916100502,-0.1485700011253357,1
B16,mixamorig_LeftLeg,15,0.05881696566939354,0.20804625749588013,-0.9763489961624146,0,0.9780980348587036,0.18360468745231628,0.0980459526181221,0,0.19966042041778564,-0.9607319831848145,-0.1926906406879425,0,0,0.18972499668598175,0,1
B17,mixamorig_LeftFoot,16,-0.9516141414642334,-0.25439995527267456,-0.17236991226673126,0,0.136597141623497,0.15226894617080688,-0.9788540601730347,0,0.2752671241760254,-0.9550369381904602,-0.11015108972787857,0,0,0.16344000399112701,0,1
B18,mixamorig_LeftToeBase,17,0.9631050825119019,-0.18735800683498383,-0.19319899380207062,0,0.2675969898700714,0.7430909276008606,0.6133571267127991,0,0.028647053986787796,-0.6424268484115601,0.7658111453056335,0,0,0.22096000611782074,0,1
B19,mixamorig_LeftToe_End,18,1,0,0,0,0,1,0,0,0,0,1,0,0,0.11081799864768982,0,1
B20,mixamorig_RightUpLeg,0,-0.7115448713302612,-0.7016620635986328,-0.03707527369260788,0,0.5815649628639221,-0.6177259087562561,0.5293370485305786,0,-0.39431774616241455,0.3550851047039032,0.8476011157035828,0,0.014318999834358692,-0.04921099916100502,0.1485700011253357,1
B21,mixamorig_RightLeg,20,-0.12190859019756317,0.17732810974121094,0.9765719771385193,0,0.969789981842041,0.2307368963956833,0.07916431874036789,0,-0.21129316091537476,0.9567209482192993,-0.2000998854637146,0,0,0.1894949972629547,0,1
B22,mixamorig_RightFoot,21,0.9055929780006409,0.35007503628730774,-0.2394748330116272,0,0.19960720837116241,0.14642086625099182,0.9688748717308044,0,0.37424296140670776,-0.9252069592475891,0.06272018700838089,0,0,0.1647689938545227,0,1
B23,mixamorig_RightToeBase,22,0.9639750719070435,0.2656657099723816,-0.013209116645157337,0,-0.20907223224639893,0.787453830242157,0.579832136631012,0,0.16444307565689087,-0.5561819672584534,0.814629077911377,0,0,0.22625599801540375,0,1
B24,mixamorig_RightToe_End,23,1,0,0,0,0,1,0,0,0,0,1,0,0,0.11006999760866165,0,1
@20,0,1,2,3,4,5,7,8,9,11,12,13,15,16,17,18,20,21,22,23
K0,0.9999259114265442,0.004441393073648214,-0.01134788803756237,0,-0.004674103576689959,0.9997779726982117,-0.020563390105962753,0,0.011254029348492622,0.020614895969629288,0.9997238516807556,0,0.004693999886512756,0.41410401463508606,-0.004629999399185181,1,0.9738590121269226,-0.22711414098739624,-0.004242043476551771,0,0.22714287042617798,0.973825991153717,0.008366076275706291,0,0.0022309566847980022,-0.009110923856496811,0.9999560117721558,0,-0.005386000033468008,0.0890439972281456,0,1,0.9389500617980957,-0.3439759314060211,-0.00723605090752244,0,0.3440500497817993,0.9388119578361511,0.01618526689708233,0,0.0012259491486474872,-0.01768673211336136,0.9998430609703064,0,0,0.10407400131225586,0,1,0.9759309887886047,-0.21801365911960602,-0.005357042420655489,0,0.21807332336902618,0.9757939577102661,0.016445808112621307,0,0.0016419576713815331,-0.017218193039298058,0.9998499751091003,0,0,0.11894199997186661,0,1,0.993573009967804,-0.11206214129924774,0.01597636379301548,0,0.11204086244106293,0.9937009811401367,0.0022211403120309114,0,-0.016124634072184563,-0.0004168595187366009,0.9998700022697449,0,0,0.13380999863147736,0,1,0.9276589751243591,0.36963891983032227,-0.0530594177544117,0,-0.3712901175022125,0.9281719326972961,-0.025294169783592224,0,0.0398985780775547,0.043164826929569244,0.9982709288597107,0,0.008565999567508698,0.007284999825060368,0,1,-0.9268380403518677,0.2944470942020416,-0.23296505212783813,0,0.3523649275302887,0.4678718149662018,-0.8105151653289795,0,-0.12965603172779083,-0.8333049416542053,-0.5373941659927368,0,-0.017819000408053398,0.12425100058317184,-0.15565699338912964,1,-0.788215160369873,-0.024940185248851776,-0.614894688129425,0,-0.55694580078125,0.4539407193660736,0.6955203413963318,0,0.2617793381214142,0.8906828165054321,-0.3716932535171509,0,0,0.2889699935913086,0,1,0.6471109986305237,-0.7598410248756409,0.062368858605623245,0,0.714043915271759,0.5753690600395203,-0.39886388182640076,0,0.26718786358833313,0.3026431202888489,0.914887011051178,0,0,0.4138369858264923,0,1,0.9203578233718872,-0.2891220450401306,-0.2633424699306488,0,0.3745928406715393,0.4582999050617218,0.8060030937194824,0,-0.11234349757432938,-0.8404577374458313,0.5301032066345215,0,-0.002824000082910061,0.12334399670362473,0.15565699338912964,1,0.8918302059173584,0.05947268009185791,-0.4484437108039856,0,0.3925907015800476,0.3907550573348999,0.8325760364532471,0,0.22474732995033264,-0.918571949005127,0.32513898611068726,0,0,0.28694599866867065,0,1,0.3937181234359741,-0.8665989637374878,-0.3065809905529022,0,0.9188951253890991,0.3800647556781769,0.10575322806835175,0,0.024874994531273842,-0.32335278391838074,0.9459520578384399,0,0,0.41398701071739197,0,1,-0.7037681341171265,-0.6954558491706848,-0.1450907438993454,0,0.6429980993270874,-0.5366978645324707,-0.5463609099388123,0,0.3020997643470764,-0.4778040945529938,0.8248870372772217,0,0.007147999946027994,-0.04921099916100502,-0.1485700011253357,1,0.05881715193390846,0.20804603397846222,-0.9763489365577698,0,0.9780980348587036,0.18360434472560883,0.09804591536521912,0,0.19965997338294983,-0.9607320427894592,-0.19269034266471863,0,0,0.18972499668598175,0,1,-0.9516141414642334,-0.2544000446796417,-0.1723697930574417,0,0.13659700751304626,0.1522689312696457,-0.9788540601730347,0,0.27526718378067017,-0.9550369381904602,-0.11015109717845917,0,0,0.16344000399112701,0,1,0.9631050825119019,-0.18735802173614502,-0.19319899380207062,0,0.2675969898700714,0.7430908679962158,0.6133571863174438,0,0.02864702045917511,-0.6424269080162048,0.7658111453056335,0,0,0.22096000611782074,0,1,-0.7115450501441956,-0.7016621232032776,-0.03707531839609146,0,0.5815650224685669,-0.6177261471748352,0.5293369889259338,0,-0.39431771636009216,0.35508501529693604,0.8476011753082275,0,0.014318999834358692,-0.04921099916100502,0.1485700011253357,1,-0.12190898507833481,0.1773284524679184,0.9765719175338745,0,0.9697899222373962,0.23073720932006836,0.07916450500488281,0,-0.21129342913627625,0.9567208886146545,-0.2001003623008728,0,0,0.1894949972629547,0,1,0.9055929183959961,0.3500751852989197,-0.23947486281394958,0,0.1996072232723236,0.14642086625099182,0.9688749313354492,0,0.3742431104183197,-0.9252069592475891,0.06272013485431671,0,0,0.1647689938545227,0,1,0.9639750719070435,0.2656657099723816,-0.013209023512899876,0,-0.2090722918510437,0.787453830242157,0.5798320770263672,0,0.1644430011510849,-0.5561819672584534,0.814629077911377,0,0,0.22625599801540375,0,1
K0.034,0.999924898147583,0.004258858971297741,-0.011528000235557556,0,-0.0044990284368395805,0.9997719526290894,-0.020888587459921837,0,0.011436395347118378,0.02093886211514473,0.9997147917747498,0,0.004761537536978722,0.41408392786979675,-0.0046762204729020596,1,0.9738923907279968,-0.22697320580482483,-0.004080117214471102,0,0.22700044512748718,0.9738583564758301,0.008394118398427963,0,0.002068215748295188,-0.009101154282689095,0.9999560117721558,0,-0.005386000033468008,0.0890439972281456,0,1,0.9390349984169006,-0.3437492549419403,-0.00698747206479311,0,0.3438190221786499,0.9388949871063232,0.016260627657175064,0,0.0009709246805869043,-0.017671728506684303,0.9998430013656616,0,0,0.10407400131225586,0,1,0.9759856462478638,-0.21777130663394928,-0.005285030696541071,0,0.2178296595811844,0.9758477210998535,0.01645808480679989,0,0.0015732875326648355,-0.017214100807905197,0.9998509287834167,0,0,0.11894199997186661,0,1,0.9935407638549805,-0.11238052695989609,0.015744315460324287,0,0.11236479878425598,0.9936656951904297,0.0018844823352992535,0,-0.01585634984076023,-0.0001032030995702371,0.9998740553855896,0,0,0.13380999863147736,0,1,0.9274851083755493,0.36983874440193176,-0.054691512137651443,0,-0.37156105041503906,0.9280637502670288,-0.025294585153460503,0,0.04140229895710945,0.043781593441963196,0.9981831908226013,0,0.008565999567508698,0.007284999825060368,0,1,-0.926783561706543,0.2944389879703522,-0.23319144546985626,0,0.35242125391960144,0.4669906795024872,-0.8109989166259766,0,-0.12989147007465363,-0.8338021039962769,-0.5365657806396484,0,-0.017819000408053398,0.12425100058317184,-0.15565699338912964,1,-0.7879202961921692,-0.025690019130706787,-0.6152409315109253,0,-0.5571550130844116,0.4552091360092163,0.6945236921310425,0,0.26222094893455505,0.8900137543678284,-0.37298181653022766,0,0,0.2889699935913086,0,1,0.6469764113426208,-0.7599930167198181,0.06191062554717064,0,0.7140438556671143,0.5753679871559143,-0.3988642692565918,0,0.26751255989074707,0.3022626042366028,0.9149175882339478,0,0,0.4138369858264923,0,1,0.9203509092330933,-0.2892412543296814,-0.2632368803024292,0,0.3746150732040405,0.45866504311561584,0.8057855367660522,0,-0.11232884228229523,-0.8402175903320312,0.5304867029190063,0,-0.002824000082910061,0.12334399670362473,0.15565699338912964,1,0.8922709822654724,0.0595412440598011,-0.44755712151527405,0,0.39182814955711365,0.39039596915245056,0.8331038355827332,0,0.22432850301265717,-0.9187197089195251,0.32500898838043213,0,0,0.28694599866867065,0,1,0.3931780159473419,-0.8668252229690552,-0.3066355288028717,0,0.9191258549690247,0.37955841422080994,0.10556267946958542,0,0.024881690740585327,-0.3233415484428406,0.9459553956985474,0,0,0.41398701071739197,0,1,-0.7037564516067505,-0.6951979994773865,-0.14637652039527893,0,0.6434968709945679,-0.5364541411399841,-0.5460113286972046,0,0.3010619282722473,-0.47845226526260376,0.8248916268348694,0,0.007147999946027994,-0.04921099916100502,-0.1485700011253357,1,0.05911366268992424,0.20773105323314667,-0.9763979911804199,0,0.9782031178474426,0.18298639357089996,0.09815375506877899,0,0.1990571916103363,-0.960918128490448,-0.1923862248659134,0,0,0.18972499668598175,0,1,-0.9513941407203674,-0.25513842701911926,-0.17249266803264618,0,0.13677437603473663,0.15178976953029633,-0.9789038300514221,0,0.2759385406970978,-0.9549158811569214,-0.10951534658670425,0,0,0.16344000399112701,0,1,0.9631049633026123,-0.18735848367214203,-0.19319914281368256,0,0.2675975263118744,0.7430910468101501,0.6133571863174438,0,0.028646863996982574,-0.6424267888069153,0.7658112049102783,0,0,0.22096000611782074,0,1,-0.7119044065475464,-0.70128333568573,-0.03732775151729584,0,0.5811227560043335,-0.6181018352508545,0.5293830633163452,0,-0.394320011138916,0.35517823696136475,0.8475614190101624,0,0.014318999834358692,-0.04921099916100502,0.1485700011253357,1,-0.12097474932670593,0.17722536623477936,0.9767070412635803,0,0.969925582408905,0.23045779764652252,0.07831774652004242,0,-0.21120983362197876,0.9568073153495789,-0.19977495074272156,0,0,0.1894949972629547,0,1,0.9056469798088074,0.3500017523765564,-0.23937906324863434,0,0.19974464178085327,0.1458401381969452,0.9689335227012634,0,0.37403956055641174,-0.9253264665603638,0.06216871365904808,0,0,0.1647689938545227,0,1,0.9639750719070435,0.2656657099723816,-0.013209132477641106,0,-0.2090722918510437,0.7874540686607361,0.5798317193984985,0,0.16444288194179535,-0.5561813116073608,0.8146288394927979,0,0,0.22625599801540375,0,1
K0.067,0.9999178647994995,0.0038501734379678965,-0.01221856102347374,0,-0.004109435714781284,0.999765932559967,-0.02126491256058216,0,0.012133816257119179,0.021313361823558807,0.9996986985206604,0,0.004835072904825211,0.41407710313796997,-0.004705808591097593,1,0.9739452600479126,-0.22674888372421265,-0.003831300185993314,0,0.22677412629127502,0.9739111661911011,0.008441684767603874,0,0.0018172035925090313,-0.00909058004617691,0.9999570250511169,0,-0.005386000033468008,0.0890439972281456,0,1,0.9391815066337585,-0.3433649241924286,-0.006211618892848492,0,0.34342098236083984,0.9390363693237305,0.016495060175657272,0,0.00016911065904423594,-0.01762506738305092,0.999845027923584,0,0,0.10407400131225586,0,1,0.9760779142379761,-0.21736273169517517,-0.0050294892862439156,0,0.21741679310798645,0.9759389162063599,0.01650257594883442,0,0.0013214293867349625,-0.017201298847794533,0.9998509287834167,0,0,0.11894199997186661,0,1,0.9935021996498108,-0.11274394392967224,0.015534291975200176,0,0.11273306608200073,0.9936242699623108,0.001581695512868464,0,-0.015613578259944916,0.00017981039127334952,0.9998780488967896,0,0,0.13380999863147736,0,1,0.927226185798645,0.37018680572509766,-0.05667472258210182,0,-0.37199968099594116,0.927886962890625,-0.025343675166368484,0,0.043205853551626205,0.0445823110640049,0.9980707168579102,0,0.008565999567508698,0.007284999825060368,0,1,-0.926738440990448,0.294430136680603,-0.2333826869726181,0,0.35246771574020386,0.46624597907066345,-0.8114075064659119,0,-0.1300889551639557,-0.8342215418815613,-0.5358647704124451,0,-0.017819000408053398,0.12425100058317184,-0.15565699338912964,1,-0.7877057194709778,-0.026859160512685776,-0.6154661178588867,0,-0.5573779940605164,0.4565916657447815,0.693435788154602,0,0.2623915672302246,0.8892704844474792,-0.37463048100471497,0,0,0.2889699935913086,0,1,0.6465055346488953,-0.760520339012146,0.06033015251159668,0,0.7140374183654785,0.5753470659255981,-0.39890584349632263,0,0.2686651647090912,0.30097275972366333,0.9150047898292542,0,0,0.4138369858264923,0,1,0.9203410148620605,-0.28940603137016296,-0.2630899250507355,0,0.37464484572410583,0.45916977524757385,0.8054831624031067,0,-0.11230884492397308,-0.8398852348327637,0.5310177206993103,0,-0.002824000082910061,0.12334399670362473,0.15565699338912964,1,0.8926693797111511,0.05961892008781433,-0.44675227999687195,0,0.3910364806652069,0.3904559314250946,0.8334481716156006,0,0.22412621974945068,-0.9186896085739136,0.32523471117019653,0,0,0.28694599866867065,0,1,0.3931662440299988,-0.8668486475944519,-0.30658555030822754,0,0.919124960899353,0.379625529050827,0.10532483458518982,0,0.025087011978030205,-0.32320064306259155,0.9459982514381409,0,0,0.41398701071739197,0,1,-0.7035428285598755,-0.6949352622032166,-0.1486349254846573,0,0.644566535949707,-0.535926878452301,-0.5452666878700256,0,0.29926764965057373,-0.4794236123561859,0.8249796628952026,0,0.007147999946027994,-0.04921099916100502,-0.1485700011253357,1,0.06005093455314636,0.20747384428977966,-0.9763956665992737,0,0.9782257080078125,0.18244493007659912,0.09893114864826202,0,0.19866421818733215,-0.9610769748687744,-0.1920004040002823,0,0,0.18972499668598175,0,1,-0.9511613845825195,-0.25576332211494446,-0.17285043001174927,0,0.13711769878864288,0.15162084996700287,-0.9788815379142761,0,0.2765699326992035,-0.9547759294509888,-0.10914628207683563,0,0,0.16344000399112701,0,1,0.9631049633026123,-0.18735848367214203,-0.19319914281368256,0,0.2675975263118744,0.7430910468101501,0.6133571863174438,0,0.028646863996982574,-0.6424267888069153,0.7658112049102783,0,0,0.22096000611782074,0,1,-0.7123896479606628,-0.7007763385772705,-0.03760520741343498,0,0.5805604457855225,-0.6185919046401978,0.5294284820556641,0,-0.39427313208580017,0.35532715916633606,0.8475211262702942,0,0.014318999834358692,-0.04921099916100502,0.1485700011253357,1,-0.12012629956007004,0.17715688049793243,0.9768244028091431,0,0.9699978828430176,0.23043310642242432,0.07749541103839874,0,-0.21136361360549927,0.9568257331848145,-0.19952267408370972,0,0,0.1894949972629547,0,1,0.9056386351585388,0.3501294255256653,-0.23922495543956757,0,0.19985368847846985,0.14513975381851196,0.9690163731575012,0,0.37400224804878235,-0.9253888130187988,0.06146952882409096,0,0,0.1647689938545227,0,1,0.9639750719070435,0.2656657099723816,-0.013209023512899876,0,-0.2090722918510437,0.787453830242157,0.5798320770263672,0,0.1644430011510849,-0.5561819672584534,0.814629077911377,0,0,0.22625599801540375,0,1
K0.101,0.9999147057533264,0.003402736270800233,-0.012638974003493786,0,-0.003676322288811207,0.9997578859329224,-0.02168668434023857,0,0.012562112882733345,0.021731290966272354,0.9996845722198486,0,0.0049085658974945545,0.41408470273017883,-0.004693374503403902,1,0.9739620685577393,-0.22668281197547913,-0.003642754629254341,0,0.22670616209506989,0.9739262461662292,0.008472766727209091,0,0.0016271427739411592,-0.009077983908355236,0.9999570250511169,0,-0.005386000033468008,0.0890439972281456,0,1,0.939284086227417,-0.34309130907058716,-0.005785181652754545,0,0.34314003586769104,0.9391350746154785,0.016753895208239555,0,-0.00031504902290180326,-0.017721794545650482,0.9998428821563721,0,0,0.10407400131225586,0,1,0.9761432409286499,-0.21707728505134583,-0.00466942461207509,0,0.21712560951709747,0.9760003685951233,0.01674853079020977,0,0.0009216340840794146,-0.017362812533974648,0.9998489618301392,0,0,0.11894199997186661,0,1,0.9934539794921875,-0.11318854987621307,0.015436263754963875,0,0.11317983269691467,0.9935738444328308,0.0014400698710232973,0,-0.015500059351325035,0.0003164304653182626,0.9998800754547119,0,0,0.13380999863147736,0,1,0.9270340800285339,0.37045595049858093,-0.05805950611829758,0,-0.37234553694725037,0.9277390241622925,-0.0256729144603014,0,0.04435337707400322,0.04541786015033722,0.9979832172393799,0,0.008565999567508698,0.007284999825060368,0,1,-0.9266929030418396,0.29443439841270447,-0.23355554044246674,0,0.35251539945602417,0.4655652940273285,-0.8117772340774536,0,-0.13027986884117126,-0.8346006274223328,-0.5352290272712708,0,-0.017819000408053398,0.12425100058317184,-0.15565699338912964,1,-0.7874376773834229,-0.028662245720624924,-0.6157274842262268,0,-0.5578622817993164,0.45800235867500305,0.692115306854248,0,0.26216697692871094,0.8884884119033813,-0.3766377866268158,0,0,0.2889699935913086,0,1,0.6459208130836487,-0.761157751083374,0.05852941796183586,0,0.7139979004859924,0.5752057433128357,-0.3991801142692566,0,0.2701726257801056,0.2996286451816559,0.9150024056434631,0,0,0.4138369858264923,0,1,0.9203417897224426,-0.28940168023109436,-0.2630946934223175,0,0.3746444880962372,0.4591544568538666,0.8054929375648499,0,-0.11230985820293427,-0.839895486831665,0.531001627445221,0,-0.002824000082910061,0.12334399670362473,0.15565699338912964,1,0.8932476043701172,0.060563817620277405,-0.44546744227409363,0,0.3891894817352295,0.39182281494140625,0.8336700797080994,0,0.22503462433815002,-0.9180453419685364,0.32642412185668945,0,0,0.28694599866867065,0,1,0.3923902213573456,-0.867357075214386,-0.3061387240886688,0,0.9194657206535339,0.3788394331932068,0.10518202185630798,0,0.024747055023908615,-0.32275649905204773,0.9461580514907837,0,0,0.41398701071739197,0,1,-0.7033985257148743,-0.6946120262145996,-0.15081362426280975,0,0.6455655694007874,-0.53551185131073,-0.5444927215576172,0,0.2974487841129303,-0.48035553097724915,0.825096070766449,0,0.007147999946027994,-0.04921099916100502,-0.1485700011253357,1,0.0607517845928669,0.20738190412521362,-0.9763720631599426,0,0.978268563747406,0.18190346658229828,0.09950614720582962,0,0.19824112951755524,-0.9611988663673401,-0.19182415306568146,0,0,0.18972499668598175,0,1,-0.9508476853370667,-0.256542831659317,-0.17341819405555725,0,0.1377134919166565,0.15126657485961914,-0.9788530468940735,0,0.2773503065109253,-0.9546228647232056,-0.10850213468074799,0,0,0.16344000399112701,0,1,0.9631050825119019,-0.1873580366373062,-0.19319899380207062,0,0.2675969898700714,0.7430908679962158,0.6133571863174438,0,0.028647014871239662,-0.6424269080162048,0.7658111453056335,0,0,0.22096000611782074,0,1,-0.7129923701286316,-0.7001667022705078,-0.0375426821410656,0,0.5800484418869019,-0.6190621256828308,0.5294390320777893,0,-0.39393672347068787,0.3557093143463135,0.8475169539451599,0,0.014318999834358692,-0.04921099916100502,0.1485700011253357,1,-0.1193782314658165,0.17715366184711456,0.9769157767295837,0,0.9699159264564514,0.23106645047664642,0.07662130892276764,0,-0.21215885877609253,0.9566736221313477,-0.19940859079360962,0,0,0.1894949972629547,0,1,0.9055516719818115,0.3504069745540619,-0.23914547264575958,0,0.19981220364570618,0.14498350024223328,0.969048261642456,0,0.3742334544658661,-0.9253075122833252,0.06127448379993439,0,0,0.1647689938545227,0,1,0.9639750719070435,0.2656657099723816,-0.013209023512899876,0,-0.2090722918510437,0.787453830242157,0.5798320770263672,0,0.1644430011510849,-0.5561819672584534,0.814629077911377,0,0,0.22625599801540375,0,1
K0.134,0.9999057650566101,0.0030264174565672874,-0.013402669690549374,0,-0.003320734016597271,0.9997527599334717,-0.021992037072777748,0,0.013332797214388847,0.022034473717212677,0.9996684789657593,0,0.004979589022696018,0.41411852836608887,-0.004709587432444096,1,0.973967969417572,-0.22666054964065552,-0.00341587932780385,0,0.22668202221393585,0.9739319682121277,0.008515757508575916,0,0.0013966470723971725,-0.009068390354514122,0.9999580383300781,0,-0.005386000033468008,0.0890439972281456,0,1,0.9393807053565979,-0.3428339958190918,-0.00535982521250844,0,0.3428749740123749,0.9392256736755371,0.017099954187870026,0,-0.0008283592178486288,-0.01790110394358635,0.9998389482498169,0,0,0.10407400131225586,0,1,0.9762044548988342,-0.2168097048997879,-0.00431921798735857,0,0.21685218811035156,0.9760553240776062,0.01709110662341118,0,0.0005102780414745212,-0.01762104220688343,0.9998449683189392,0,0,0.11894199997186661,0,1,0.9934032559394836,-0.11363337188959122,0.015401023440063,0,0.11362547427415848,0.9935222864151001,0.00138765387237072,0,-0.01545894518494606,0.00037144889938645065,0.9998800158500671,0,0,0.13380999863147736,0,1,0.9266345500946045,0.3713899552822113,-0.05846882238984108,0,-0.3733215928077698,0.9273324012756348,-0.026180323213338852,0,0.04449690878391266,0.04608725383877754,0.9979459047317505,0,0.008565999567508698,0.007284999825060368,0,1,-0.9266920685768127,0.2943483293056488,-0.23366986215114594,0,0.3525039553642273,0.46516215801239014,-0.812012791633606,0,-0.1303202211856842,-0.8348551988601685,-0.5348209142684937,0,-0.017819000408053398,0.12425100058317184,-0.15565699338912964,1,-0.7872410416603088,-0.030820198357105255,-0.6158753633499146,0,-0.5585115551948547,0.45897263288497925,0.6909477114677429,0,0.26137471199035645,0.8879157304763794,-0.3785354495048523,0,0,0.2889699935913086,0,1,0.6452147960662842,-0.761928379535675,0.056245096027851105,0,0.7139930725097656,0.5751482844352722,-0.3992716372013092,0,0.27186718583106995,0.29777461290359497,0.9151059985160828,0,0,0.4138369858264923,0,1,0.9203336238861084,-0.28952571749687195,-0.26298412680625916,0,0.37466728687286377,0.4595344066619873,0.805264949798584,0,-0.11229468882083893,-0.8396441340446472,0.5314009189605713,0,-0.002824000082910061,0.12334399670362473,0.15565699338912964,1,0.8938130140304565,0.062019530683755875,-0.444131076335907,0,0.3872123658657074,0.39282599091529846,0.8341192603111267,0,0.22619782388210297,-0.9175193905830383,0.32709813117980957,0,0,0.28694599866867065,0,1,0.3922373652458191,-0.8676592111587524,-0.30547958612442017,0,0.9195376634597778,0.3786872327327728,0.10509892553091049,0,0.024491190910339355,-0.3221238851547241,0.9463810920715332,0,0,0.41398701071739197,0,1,-0.7033728957176208,-0.6941570043563843,-0.1530122458934784,0,0.6464906334877014,-0.5352336168289185,-0.5436674952507019,0,0.2954932153224945,-0.4813218414783478,0.8252347111701965,0,0.007147999946027994,-0.04921099916100502,-0.1485700011253357,1,0.061037201434373856,0.20750510692596436,-0.9763283133506775,0,0.978158712387085,0.18228259682655334,0.09989335387945175,0,0.1986960619688034,-0.9611010551452637,-0.19184692203998566,0,0,0.18972499668598175,0,1,-0.9503782391548157,-0.25761857628822327,-0.17439626157283783,0,0.13845951855182648,0.15173012018203735,-0.9786757826805115,0,0.2785862684249878,-0.9542592763900757,-0.1085311621427536,0,0,0.16344000399112701,0,1,0.9631049633026123,-0.18735846877098083,-0.19319914281368256,0,0.2675975263118744,0.7430911064147949,0.6133571863174438,0,0.028646869584918022,-0.6424267888069153,0.7658112049102783,0,0,0.22096000611782074,0,1,-0.7138726115226746,-0.6992828845977783,-0.03727763518691063,0,0.5792999267578125,-0.6196188926696777,0.5296071171760559,0,-0.3934433162212372,0.3564772605895996,0.847423791885376,0,0.014318999834358692,-0.04921099916100502,0.1485700011253357,1,-0.11808428168296814,0.1770925223827362,0.9770844578742981,0,0.9699041247367859,0.23156678676605225,0.07524602860212326,0,-0.21293485164642334,0.9565640091896057,-0.19910719990730286,0,0,0.1894949972629547,0,1,0.9055027961730957,0.35061994194984436,-0.23901955783367157,0,0.19981475174427032,0.1446070373058319,0.9691047072410583,0,0.37435105443000793,-0.9252859950065613,0.06088298559188843,0,0,0.1647689938545227,0,1,0.9639749526977539,0.2656661868095398,-0.013208987191319466,0,-0.20907281339168549,0.7874541878700256,0.5798318386077881,0,0.1644430160522461,-0.5561812520027161,0.8146288990974426,0,0,0.22625599801540375,0,1
K0.168,0.999899685382843,0.0028640967793762684,-0.01384027861058712,0,-0.0031744486186653376,0.9997428059577942,-0.022453978657722473,0,0.013772418722510338,0.022495683282613754,0.9996523857116699,0,0.005032330751419067,0.41417214274406433,-0.004695889074355364,1,0.9739654064178467,-0.22667255997657776,-0.0032571142073720694,0,0.2266925424337387,0.9739285707473755,0.008536419831216335,0,0.001237225253134966,-0.009052542969584465,0.9999579787254333,0,-0.005386000033468008,0.0890439972281456,0,1,0.9394022226333618,-0.34277939796447754,-0.005152067169547081,0,0.34281641244888306,0.9392441511154175,0.017258387058973312,0,-0.0010767705971375108,-0.017978772521018982,0.9998380541801453,0,0,0.10407400131225586,0,1,0.9762176871299744,-0.2167539745569229,-0.004153288435190916,0,0.21679344773292542,0.9760646224021912,0.017263608053326607,0,0.0003119219618383795,-0.017753439024090767,0.9998419880867004,0,0,0.11894199997186661,0,1,0.9933424592018127,-0.1141645535826683,0.015366554260253906,0,0.11415752023458481,0.9934613704681396,0.0013385795755311847,0,-0.01541891135275364,0.0004245401651132852,0.9998810291290283,0,0,0.13380999863147736,0,1,0.9264745116233826,0.371817409992218,-0.05827741324901581,0,-0.37376919388771057,0.9271338582038879,-0.02682226523756981,0,0.04405798017978668,0.04663245379924774,0.9979398250579834,0,0.008565999567508698,0.007284999825060368,0,1,-0.9266877174377441,0.2943236827850342,-0.23371487855911255,0,0.3525041937828064,0.46499761939048767,-0.8121070861816406,0,-0.13034547865390778,-0.8349550366401672,-0.5346577763557434,0,-0.017819000408053398,0.12425100058317184,-0.15565699338912964,1,-0.7872780561447144,-0.0330013744533062,-0.6157142519950867,0,-0.5589730739593506,0.4597051441669464,0.6900869607925415,0,0.2602733075618744,0.8874584436416626,-0.3803628087043762,0,0,0.2889699935913086,0,1,0.6444506645202637,-0.7626604437828064,0.05507202446460724,0,0.7142506241798401,0.5746991038322449,-0.39945846796035767,0,0.27300140261650085,0.29676660895347595,0.9150961637496948,0,0,0.4138369858264923,0,1,0.9203255772590637,-0.28963223099708557,-0.26289644837379456,0,0.3746930658817291,0.4598592221736908,0.8050680756568909,0,-0.11227826774120331,-0.8394297957420349,0.5317431092262268,0,-0.002824000082910061,0.12334399670362473,0.15565699338912964,1,0.8942524194717407,0.06346013396978378,-0.4430413842201233,0,0.38549333810806274,0.3937254250049591,0.8344914317131042,0,0.22739343345165253,-0.9170348644256592,0.32762622833251953,0,0,0.28694599866867065,0,1,0.39254218339920044,-0.8673322796821594,-0.3060134947299957,0,0.9193992018699646,0.3790179491043091,0.10512106865644455,0,0.024809714406728745,-0.3226131796836853,0.9462055563926697,0,0,0.41398701071739197,0,1,-0.7035818696022034,-0.6934647560119629,-0.15517184138298035,0,0.64722740650177,-0.5352078080177307,-0.5428157448768616,0,0.29337459802627563,-0.48234713077545166,0.8253924250602722,0,0.007147999946027994,-0.04921099916100502,-0.1485700011253357,1,0.0614839568734169,0.20749427378177643,-0.976302444934845,0,0.9781429171562195,0.1821386218070984,0.10030999034643173,0,0.19863608479499817,-0.9611302018165588,-0.19176039099693298,0,0,0.18972499668598175,0,1,-0.9499070048332214,-0.25867071747779846,-0.1754007488489151,0,0.13941232860088348,0.15159010887145996,-0.9785628318786621,0,0.2797147035598755,-0.9539973139762878,-0.10793455690145493,0,0,0.16344000399112701,0,1,0.9631050825119019,-0.18735802173614502,-0.19319899380207062,0,0.2675969898700714,0.7430908679962158,0.6133571863174438,0,0.02864702045917511,-0.6424269080162048,0.7658111453056335,0,0,0.22096000611782074,0,1,-0.7144428491592407,-0.6986610889434814,-0.03799767047166824,0,0.5785720348358154,-0.6204358339309692,0.529447615146637,0,-0.39347952604293823,0.3562755882740021,0.8474915027618408,0,0.014318999834358692,-0.04921099916100502,0.1485700011253357,1,-0.11773568391799927,0.17687168717384338,0.9771667122840881,0,0.9697638154029846,0.23230016231536865,0.07479629665613174,0,-0.21376660466194153,0.956426739692688,-0.19887374341487885,0,0,0.1894949972629547,0,1,0.9055263996124268,0.35059648752212524,-0.23896454274654388,0,0.1998061239719391,0.14448636770248413,0.969123363494873,0,0.37429869174957275,-0.92531418800354,0.060784950852394104,0,0,0.1647689938545227,0,1,0.9639749526977539,0.2656661868095398,-0.013208872638642788,0,-0.2090727984905243,0.7874538898468018,0.579832136631012,0,0.16444313526153564,-0.5561818480491638,0.8146291375160217,0,0,0.22625599801540375,0,1
K0.201,0.9998928904533386,0.0028913207352161407,-0.01434622798115015,0,-0.0032170512713491917,0.9997366070747375,-0.022734185680747032,0,0.014276714064180851,0.022777900099754333,0.999638557434082,0,0.005040558986365795,0.4142589569091797,-0.004693617112934589,1,0.9739506244659424,-0.2267373949289322,-0.003180666361004114,0,0.22675667703151703,0.9739135503768921,0.008544448763132095,0,0.0011603481834754348,-0.009043109603226185,0.9999580383300781,0,-0.005386000033468008,0.0890439972281456,0,1,0.9392943382263184,-0.34307652711868286,-0.005036043468862772,0,0.3431113660335541,0.9391354918479919,0.01732197403907776,0,-0.0012132348492741585,-0.017998335883021355,0.9998369812965393,0,0,0.10407400131225586,0,1,0.9761496186256409,-0.21706102788448334,-0.003929071128368378,0,0.2170967310667038,0.9759962558746338,0.017342939972877502,0,0.00007028211985016242,-0.017782296985387802,0.9998417496681213,0,0,0.11894199997186661,0,1,0.9932722449302673,-0.11478672921657562,0.015273112803697586,0,0.11478207260370255,0.9933902025222778,0.0011895040515810251,0,-0.015308709815144539,0.0005715784500353038,0.9998829960823059,0,0,0.13380999863147736,0,1,0.9261372089385986,0.3726920485496521,-0.05804787948727608,0,-0.374663770198822,0.9267527461051941,-0.027506522834300995,0,0.043544571846723557,0.04722325876355171,0.9979345202445984,0,0.008565999567508698,0.007284999825060368,0,1,-0.9266823530197144,0.29434123635292053,-0.233717679977417,0,0.35251447558403015,0.4649864137172699,-0.812109112739563,0,-0.13036160171031952,-0.8349558115005493,-0.5346541404724121,0,-0.017819000408053398,0.12425100058317184,-0.15565699338912964,1,-0.787400484085083,-0.03477410972118378,-0.6154603958129883,0,-0.5592539310455322,0.4602646231651306,0.6894863247871399,0,0.25929850339889526,0.887100875377655,-0.38186031579971313,0,0,0.2889699935913086,0,1,0.643460214138031,-0.7635432481765747,0.054411888122558594,0,0.7147324681282043,0.5738322138786316,-0.3998427987098694,0,0.2740739583969116,0.2961727976799011,0.9149672985076904,0,0,0.4138369858264923,0,1,0.9202811121940613,-0.28951144218444824,-0.26318368315696716,0,0.3748233914375305,0.4594539701938629,0.8052386045455933,0,-0.11220499873161316,-0.8396932482719421,0.5313424468040466,0,-0.002824000082910061,0.12334399670362473,0.15565699338912964,1,0.8947433233261108,0.06469418108463287,-0.44186994433403015,0,0.38349270820617676,0.39571571350097656,0.8344717621803284,0,0.22884032130241394,-0.916091799736023,0.3292542099952698,0,0,0.28694599866867065,0,1,0.3923220932483673,-0.8671928644180298,-0.30669355392456055,0,0.9194877743721008,0.3788025975227356,0.10512281954288483,0,0.025014551356434822,-0.3232429027557373,0.9459856152534485,0,0,0.41398701071739197,0,1,-0.7040112614631653,-0.692581057548523,-0.15716208517551422,0,0.6477750539779663,-0.5355032086372375,-0.5418707132339478,0,0.291128545999527,-0.48328864574432373,0.8256368041038513,0,0.007147999946027994,-0.04921099916100502,-0.1485700011253357,1,0.06212868168950081,0.20738255977630615,-0.9762848615646362,0,0.9780029654502869,0.18250615894794464,0.10100606828927994,0,0.1991250067949295,-0.9610852003097534,-0.19148200750350952,0,0,0.18972499668598175,0,1,-0.9495033621788025,-0.2594785690307617,-0.17639435827732086,0,0.14026592671871185,0.15184831619262695,-0.978400707244873,0,0.2806589603424072,-0.9537361264228821,-0.10778428614139557,0,0,0.16344000399112701,0,1,0.9631050825119019,-0.18735802173614502,-0.19319899380207062,0,0.2675969898700714,0.7430908679962158,0.6133571863174438,0,0.02864702045917511,-0.6424269080162048,0.7658111453056335,0,0,0.22096000611782074,0,1,-0.7150612473487854,-0.6979830861091614,-0.03881416469812393,0,0.5777434706687927,-0.6213146448135376,0.5293210744857788,0,-0.3935730755329132,0.35607242584228516,0.8475334644317627,0,0.014318999834358692,-0.04921099916100502,0.1485700011253357,1,-0.11796190589666367,0.17645123600959778,0.9772152304649353,0,0.9695066809654236,0.2333381623029709,0.07489855587482452,0,-0.21480566263198853,0.9562517404556274,-0.19859567284584045,0,0,0.1894949972629547,0,1,0.9054628014564514,0.3508016765117645,-0.23890306055545807,0,0.19966642558574677,0.14463354647159576,0.9691302180290222,0,0.37452632188796997,-0.9252132773399353,0.06091703847050667,0,0,0.1647689938545227,0,1,0.9639749526977539,0.2656661570072174,-0.013208881951868534,0,-0.2090727686882019,0.7874538898468018,0.579832136631012,0,0.16444312036037445,-0.5561818480491638,0.8146291375160217,0,0,0.22625599801540375,0,1
