9.967,30,299,25
B0,mixamorig_Hips,-1,0.03508896008133888,0.0411158949136734,0.9985379576683044,0,-0.013746822252869606,0.9990790486335754,-0.04065510630607605,0,-0.9992899894714355,-0.012300181202590466,0.03562185913324356,0,0.023219000548124313,0.9449930191040039,-0.021524999290704727,1
B1,mixamorig_Spine,0,0.99994295835495,0.005014017224311829,-0.009428342804312706,0,-0.004896986298263073,0.9999110102653503,0.012394935823976994,0,0.009489655494689941,-0.012348063290119171,0.9998789429664612,0,-0.0123070003464818,0.1945430040359497,0,1
B2,mixamorig_Spine1,1,0.9998649954795837,-0.016239812597632408,-0.0022940724156796932,0,0.016254184767603874,0.9998469948768616,0.006391782313585281,0,0.0021899223793298006,-0.006428214255720377,0.9999769330024719,0,0,0.22742100059986115,0,1
B3,mixamorig_Spine2,2,0.9998650550842285,-0.016224825754761696,-0.0024430567864328623,0,0.01624017395079136,0.9998480081558228,0.006394591182470322,0,0.002338935388252139,-0.006433407310396433,0.9999770522117615,0,0,0.259909987449646,0,1
B4,mixamorig_Neck,3,0.9982889890670776,-0.05754859372973442,0.010393171571195126,0,0.05766340345144272,0.998274028301239,-0.011110847815871239,0,-0.009735816158354282,0.011691139079630375,0.9998840093612671,0,0,0.29239800572395325,0,1
B5,mixamorig_Head,4,0.9939000010490417,0.08624172955751419,0.06874681264162064,0,-0.0800362378358841,0.9928629398345947,-0.0884142816066742,0,-0.07588118314743042,0.08237272500991821,0.9937090873718262,0,-0.013539999723434448,0.10293400287628174,0,1
B6,mixamorig_HeadTop_End,5,1,0,0,0,0,1,0,0,0,0,1,0,-0.07672400027513504,0.5832819938659668,0,1
B7,mixamorig_LeftShoulder,3,-0.9968000054359436,0.032652243971824646,-0.07295955717563629,0,0.07992330193519592,0.393018901348114,-0.9160500764846802,0,-0.0012366052251309156,-0.9189500212669373,-0.394370973110199,0,0.0021639999467879534,0.3292880058288574,-0.28019601106643677,1
B8,mixamorig_LeftArm,7,0.9892080426216125,0.0632215291261673,-0.13217967748641968,0,0.14334042370319366,-0.23061677813529968,0.962428867816925,0,0.030363362282514572,-0.970988929271698,-0.2371901422739029,0,0,0.4955880045890808,0,1
B9,mixamorig_LeftForeArm,8,-0.8675910830497742,-0.28839927911758423,-0.40510785579681396,0,-0.3156329095363617,0.9488810300827026,0.00045341820805333555,0,0.38426831364631653,0.12825873494148254,-0.9142689108848572,0,0,0.6818770170211792,0,1
B10,mixamorig_LeftHand,9,1,0,0,0,0,1,0,0,0,0,1,0,0,0.5484380125999451,0,1
B11,mixamorig_RightShoulder,3,0.9938730001449585,-0.02810303308069706,-0.10690006613731384,0,0.1097269281744957,0.3673917055130005,0.9235711097717285,0,0.013319040648639202,-0.929641842842102,0.36822423338890076,0,-0.00494999997317791,0.32973799109458923,0.28019601106643677,1
B12,mixamorig_RightArm,11,0.9505140781402588,-0.2968418300151825,0.09169905632734299,0,-0.14330296218395233,-0.1570138782262802,0.9771440029144287,0,-0.2756591737270355,-0.9419298768043518,-0.19178222119808197,0,0,0.49580299854278564,0,1
B13,mixamorig_RightForeArm,12,0.9505580067634583,-0.3101438879966736,-0.015825306996703148,0,0.3103080987930298,0.9505919218063354,0.009197980165481567,0,0.012190700508654118,-0.013653920963406563,0.9998319745063782,0,0,0.6616399884223938,0,1
B14,mixamorig_RightHand,13,1,0,0,0,0,1,0,0,0,0,1,0,0,0.5160250067710876,0,1
B15,mixamorig_LeftUpLeg,0,-0.9570909738540649,-0.25839710235595703,0.13117584586143494,0,0.21666690707206726,-0.9386800527572632,-0.2682068943977356,0,0.19243614375591278,-0.2282770723104477,0.9543889164924622,0,0.00031999999191612005,-0.10770100355148315,-0.30003100633621216,1
B16,mixamorig_LeftLeg,15,0.2728652060031891,-0.07669966667890549,-0.9589899182319641,0,0.7419742345809937,0.6512948274612427,0.15902654826641083,0,0.6123881340026855,-0.7549389600753784,0.234624981880188,0,0,0.38975098729133606,0,1
B17,mixamorig_LeftFoot,16,-0.9910110831260681,-0.12902691960334778,0.03535492345690727,0,-0.04905208572745323,0.10457395762205124,-0.9933070540428162,0,0.12446608394384384,-0.9861119985580444,-0.10996299982070923,0,0,0.27142098546028137,0,1
B18,mixamorig_LeftToeBase,17,0.9895129799842834,-0.0013640079414471984,-0.14443710446357727,0,0.08316893130540848,0.8229429721832275,0.562004029750824,0,0.11809691041707993,-0.5681228637695312,0.814426064491272,0,0,0.4328269958496094,0,1
B19,mixamorig_LeftToe_End,18,1,0,0,0,0,1,0,0,0,0,1,0,0,0.22163699567317963,0,1
B20,mixamorig_RightUpLeg,0,-0.9492698907852173,-0.25438424944877625,-0.18486301600933075,0,0.2234298437833786,-0.9592910408973694,0.17274045944213867,0,-0.2212800681591034,0.12267349660396576,0.9674639701843262,0,0.011429999954998493,-0.10770100355148315,0.30003100633621216,1
B21,mixamorig_RightLeg,20,0.26518386602401733,-0.10842196643352509,0.9580820202827454,0,0.8188109397888184,0.5500209927558899,-0.16439203917980194,0,-0.5091419219970703,0.8280829191207886,0.23463401198387146,0,0,0.3895609974861145,0,1
B22,mixamorig_RightFoot,21,0.9982370734214783,0.0551757737994194,-0.021887896582484245,0,0.02623114362359047,-0.07926318049430847,0.9965089559555054,0,0.05324823036789894,-0.9953259825706482,-0.08057074248790741,0,0,0.28062498569488525,0,1
B23,mixamorig_RightToeBase,22,0.9959650039672852,0.001368365134112537,0.08972800523042679,0,-0.052960675209760666,0.8161501884460449,0.5754077434539795,0,-0.07244418561458588,-0.5778382420539856,0.8129297494888306,0,0,0.44201400876045227,0,1
B24,mixamorig_RightToe_End,23,1,0,0,0,0,1,0,0,0,0,1,0,0,0.2201409935951233,0,1
@20,0,1,2,3,4,5,7,8,9,11,12,13,15,16,17,18,20,21,22,23
K0,0.9985378980636597,0.04111607000231743,-0.03508907929062843,0,-0.04065527021884918,0.9990790486335754,0.013746925629675388,0,0.03562198579311371,-0.012300273403525352,0.9992899298667908,0,-0.021524997428059578,0.9449930191040039,-0.023219000548124313,1,0.99994295835495,0.005014015361666679,-0.00942834373563528,0,-0.004896984435617924,0.9999110102653503,0.012394936755299568,0,0.009489656426012516,-0.012348064221441746,0.9998789429664612,0,-0.0123070003464818,0.1945430040359497,0,1,0.9998649954795837,-0.016239814460277557,-0.0022940749768167734,0,0.016254186630249023,0.9998469948768616,0.006391783710569143,0,0.002189924707636237,-0.006428215652704239,0.9999769330024719,0,0,0.22742100059986115,0,1,0.9998650550842285,-0.016224827617406845,-0.0024430607445538044,0,0.016240175813436508,0.9998480081558228,0.006394592113792896,0,0.002338939346373081,-0.0064334082417190075,0.9999770522117615,0,0,0.259909987449646,0,1,0.9982889890670776,-0.05754859372973442,0.010393177159130573,0,0.05766340345144272,0.998274028301239,-0.011110854335129261,0,-0.00973582174628973,0.011691145598888397,0.9998840093612671,0,0,0.29239800572395325,0,1,0.9939000010490417,0.08624174445867538,0.06874681264162064,0,-0.08003625273704529,0.9928629398345947,-0.0884142816066742,0,-0.07588118314743042,0.08237272500991821,0.9937090873718262,0,-0.013539999723434448,0.10293400287628174,0,1,-0.9968000054359436,0.032651953399181366,-0.07295939326286316,0,0.07992304116487503,0.3930189311504364,-0.9160500764846802,0,-0.001236403244547546,-0.9189500212669373,-0.3943709433078766,0,0.0021639999467879534,0.3292880058288574,-0.28019601106643677,1,0.9892081022262573,0.06322196125984192,-0.13217908143997192,0,0.14333994686603546,-0.23061691224575043,0.9624289870262146,0,0.030363913625478745,-0.970988929271698,-0.23719032108783722,0,0,0.4955880045890808,0,1,-0.8675910830497742,-0.28839918971061707,-0.4051077365875244,0,-0.31563279032707214,0.9488810300827026,0.00045337851042859256,0,0.38426825404167175,0.1282586306333542,-0.9142688512802124,0,0,0.6818770170211792,0,1,0.9938730001449585,-0.028103088960051537,-0.10690002143383026,0,0.1097269058227539,0.3673916757106781,0.9235711097717285,0,0.013318972662091255,-0.929641842842102,0.36822423338890076,0,-0.00494999997317791,0.32973799109458923,0.28019601106643677,1,0.9505140781402588,-0.29684174060821533,0.09169884026050568,0,-0.14330272376537323,-0.1570138931274414,0.9771440029144287,0,-0.27565911412239075,-0.9419298768043518,-0.1917821615934372,0,0,0.49580299854278564,0,1,0.9505580067634583,-0.31014391779899597,-0.015825310721993446,0,0.3103081285953522,0.9505919218063354,0.009198029525578022,0,0.012190689332783222,-0.013653969392180443,0.9998319745063782,0,0,0.6616399884223938,0,1,-0.9570909738540649,-0.25839710235595703,0.13117583096027374,0,0.21666690707206726,-0.9386800527572632,-0.268206924200058,0,0.19243615865707397,-0.22827710211277008,0.9543888568878174,0,0.00031999999191612005,-0.10770100355148315,-0.30003100633621216,1,0.27286532521247864,-0.07669955492019653,-0.9589899778366089,0,0.741974413394928,0.6512945890426636,0.15902681648731232,0,0.6123879551887512,-0.7549391984939575,0.23462487757205963,0,0,0.38975098729133606,0,1,-0.9910110831260681,-0.1290268450975418,0.03535499796271324,0,-0.049052152782678604,0.10457396507263184,-0.9933070540428162,0,0.12446600198745728,-0.9861119985580444,-0.10996299237012863,0,0,0.27142098546028137,0,1,0.9895129799842834,-0.0013640380930155516,-0.14443710446357727,0,0.08316895365715027,0.8229429721832275,0.5620039701461792,0,0.11809688061475754,-0.5681228637695312,0.814426064491272,0,0,0.4328269958496094,0,1,-0.9492698907852173,-0.25438418984413147,-0.18486297130584717,0,0.22342979907989502,-0.9592910408973694,0.17274045944213867,0,-0.2212800234556198,0.12267351895570755,0.967464029788971,0,0.011429999954998493,-0.10770100355148315,0.30003100633621216,1,0.26518386602401733,-0.10842203348875046,0.9580820202827454,0,0.8188109397888184,0.5500210523605347,-0.16439202427864075,0,-0.5091419816017151,0.8280829191207886,0.23463404178619385,0,0,0.3895609974861145,0,1,0.9982370734214783,0.055175889283418655,-0.021887637674808502,0,0.026230888441205025,-0.07926318794488907,0.9965090155601501,0,0.05324837192893028,-0.995326042175293,-0.08057073503732681,0,0,0.28062498569488525,0,1,0.9959650039672852,0.001368377124890685,0.08972790092229843,0,-0.05296062305569649,0.8161501884460449,0.5754077434539795,0,-0.07244408875703812,-0.5778382420539856,0.8129297494888306,0,0,0.44201400876045227,0,1
K0.033,0.9985679388046265,0.04076598957180977,-0.03465284779667854,0,-0.040302399545907974,0.9990900754928589,0.013973011635243893,0,0.03519093245267868,-0.012556406669318676,0.9993020296096802,0,-0.021570997312664986,0.9450200200080872,-0.02333100140094757,1,0.9999500513076782,0.005200797691941261,-0.00859179999679327,0,-0.005091204773634672,0.9999059438705444,0.012728195637464523,0,0.008657184429466724,-0.012683809734880924,0.9998819828033447,0,-0.0123070003464818,0.1945430040359497,0,1,0.9998540282249451,-0.016937198117375374,-0.002165113342925906,0,0.016950812190771103,0.9998360276222229,0.0064281197264790535,0,0.002055883640423417,-0.006463880650699139,0.9999769926071167,0,0,0.22742100059986115,0,1,0.9998540282249451,-0.0169232077896595,-0.0023161079734563828,0,0.016937799751758575,0.9998359680175781,0.006431354209780693,0,0.0022068896796554327,-0.00646964693441987,0.9999769926071167,0,0,0.259909987449646,0,1,0.9983569383621216,-0.05636494234204292,0.010349401272833347,0,0.056480031460523605,0.9983410239219666,-0.011188425123691559,0,-0.009701594710350037,0.011754574254155159,0.9998839497566223,0,0,0.29239800572395325,0,1,0.9937189817428589,0.08849018812179565,0.068500816822052,0,-0.0822998583316803,0.9926750659942627,-0.08845262974500656,0,-0.07582618296146393,0.08225937932729721,0.9937219619750977,0,-0.013539999723434448,0.10293400287628174,0,1,-0.9968079924583435,0.032645922154188156,-0.07285357266664505,0,0.0798230841755867,0.39275631308555603,-0.9161719083786011,0,-0.0012955787824466825,-0.9190630912780762,-0.3941085636615753,0,0.0021639999467879534,0.3292880058288574,-0.28019601106643677,1,0.9895179271697998,0.0631691962480545,-0.12986193597316742,0,0.14106717705726624,-0.23043516278266907,0.9628078937530518,0,0.0308950487524271,-0.9710350036621094,-0.23693084716796875,0,0,0.4955880045890808,0,1,-0.8676400780677795,-0.2882489860057831,-0.4051079750061035,0,-0.31546905636787415,0.9489360451698303,0.00045347234117798507,0,0.38429105281829834,0.12819252908229828,-0.9142690300941467,0,0,0.6818770170211792,0,1,0.9938880205154419,-0.028102712705731392,-0.10675715655088425,0,0.10959528386592865,0.36730197072029114,0.9236219525337219,0,0.013255837373435497,-0.9296770095825195,0.368137001991272,0,-0.00494999997317791,0.32973799109458923,0.28019601106643677,1,0.9504770040512085,-0.29750221967697144,0.08992461115121841,0,-0.14131519198417664,-0.15598785877227783,0.9775980710983276,0,-0.2768103778362274,-0.9418919086456299,-0.19030441343784332,0,0,0.49580299854278564,0,1,0.9505550265312195,-0.3101519048213959,-0.015825359150767326,0,0.3103160858154297,0.9505889415740967,0.009197967126965523,0,0.012190641835331917,-0.013654033653438091,0.9998319745063782,0,0,0.6616399884223938,0,1,-0.9571450352668762,-0.2581276297569275,0.13131184875965118,0,0.2164333313703537,-0.9388229250907898,-0.26789700984954834,0,0.19243016839027405,-0.22799600660800934,0.9544569849967957,0,0.00031999999191612005,-0.10770100355148315,-0.30003100633621216,1,0.27360397577285767,-0.0766347348690033,-0.9587850570678711,0,0.7412772178649902,0.6519907116889954,0.1594218909740448,0,0.6129019260406494,-0.7543441653251648,0.23519490659236908,0,0,0.38975098729133606,0,1,-0.9909740090370178,-0.12929478287696838,0.035411376506090164,0,-0.049238234758377075,0.10536182671785355,-0.9932140111923218,0,0.12468639016151428,-0.985992968082428,-0.11077705025672913,0,0,0.27142098546028137,0,1,0.9895210266113281,-0.0013333107344806194,-0.14438514411449432,0,0.08314768970012665,0.8227820992469788,0.5622417330741882,0,0.11804784089326859,-0.5683552026748657,0.8142708539962769,0,0,0.4328269958496094,0,1,-0.9490099549293518,-0.2554262578487396,-0.18476508557796478,0,0.22439274191856384,-0.9589860439300537,0.1731889843940735,0,-0.2214239090681076,0.12289799004793167,0.9674019813537598,0,0.011429999954998493,-0.10770100355148315,0.30003100633621216,1,0.2645508348941803,-0.10833686590194702,0.9582670331001282,0,0.8191779851913452,0.5495871305465698,-0.16401861608028412,0,-0.5088817477226257,0.8283821940422058,0.2341408133506775,0,0,0.3895609974861145,0,1,0.9982380270957947,0.05514206364750862,-0.021899770945310593,0,0.026233062148094177,-0.07912839949131012,0.9965190291404724,0,0.05321723595261574,-0.9953380823135376,-0.08043555170297623,0,0,0.28062498569488525,0,1,0.9959710240364075,0.001377263804897666,0.08966907113790512,0,-0.052944742143154144,0.8160631656646729,0.5755327939987183,0,-0.07238292694091797,-0.577961266040802,0.8128477931022644,0,0,0.44201400876045227,0,1
K0.067,0.9985999464988708,0.0404348261654377,-0.03409579396247864,0,-0.039968475699424744,0.9990990161895752,0.014250173233449459,0,0.03464129567146301,-0.012867475859820843,0.9993168711662292,0,-0.02158699743449688,0.9450309872627258,-0.023482998833060265,1,0.9999549984931946,0.005387824960052967,-0.007760203909128904,0,-0.005286171101033688,0.9999009370803833,0.013061296194791794,0,0.007829812355339527,-0.01301969587802887,0.999885082244873,0,-0.0123070003464818,0.1945430040359497,0,1,0.9998440742492676,-0.017555560916662216,-0.0020380259957164526,0,0.017568426206707954,0.9998250603675842,0.0064761037938296795,0,0.0019239765824750066,-0.00651089521124959,0.9999769330024719,0,0,0.22742100059986115,0,1,0.999843955039978,-0.01754206232726574,-0.002191022504121065,0,0.017555927857756615,0.9998250007629395,0.006479272153228521,0,0.002076979260891676,-0.006516726687550545,0.9999769926071167,0,0,0.259909987449646,0,1,0.9984179139137268,-0.055274080485105515,0.010279888287186623,0,0.05538894236087799,0.9984020590782166,-0.011241196654736996,0,-0.00964211393147707,0.011792803183197975,0.9998839497566223,0,0,0.29239800572395325,0,1,0.9935470819473267,0.0908847227692604,0.06784878671169281,0,-0.08473823964595795,0.9924609661102295,-0.08855140209197998,0,-0.07538522779941559,0.0822305977344513,0.9937580823898315,0,-0.013539999723434448,0.10293400287628174,0,1,-0.9968230128288269,0.03264273703098297,-0.07265526801347733,0,0.0796392560005188,0.3925808370113373,-0.9162629842758179,0,-0.0013862658524885774,-0.9191378951072693,-0.39393308758735657,0,0.0021639999467879534,0.3292880058288574,-0.28019601106643677,1,0.9898049235343933,0.06317101418972015,-0.1276572048664093,0,0.13892203569412231,-0.2304261475801468,0.9631219506263733,0,0.03142582252621651,-0.9710370302200317,-0.2368527203798294,0,0,0.4955880045890808,0,1,-0.8676730990409851,-0.2881498336791992,-0.4051080644130707,0,-0.31536024808883667,0.9489719271659851,0.0004529381694737822,0,0.3843059539794922,0.12814806401729584,-0.9142690300941467,0,0,0.6818770170211792,0,1,0.9938870668411255,-0.02809958904981613,-0.10676880180835724,0,0.10960642248392105,0.36720189452171326,0.9236610531806946,0,0.013251208700239658,-0.9297170042991638,0.36803698539733887,0,-0.00494999997317791,0.32973799109458923,0.28019601106643677,1,0.9503380060195923,-0.29837897419929504,0.08847155421972275,0,-0.13963092863559723,-0.1547289490699768,0.9780399799346924,0,-0.27813753485679626,-0.9418222308158875,-0.18870781362056732,0,0,0.49580299854278564,0,1,0.9505550265312195,-0.3101519048213959,-0.015825359150767326,0,0.3103160858154297,0.9505889415740967,0.009197967126965523,0,0.012190641835331917,-0.013654033653438091,0.9998319745063782,0,0,0.6616399884223938,0,1,-0.9572800397872925,-0.2575496435165405,0.13146190345287323,0,0.2158903032541275,-0.9390308856964111,-0.2676030695438385,0,0.19236807525157928,-0.2277899533510208,0.9545189738273621,0,0.00031999999191612005,-0.10770100355148315,-0.30003100633621216,1,0.27457791566848755,-0.07648347318172455,-0.9585180282592773,0,0.7402464151382446,0.6530335545539856,0.1599438190460205,0,0.6137117147445679,-0.7534570693969727,0.23592537641525269,0,0,0.38975098729133606,0,1,-0.9908549785614014,-0.130121648311615,0.035711757838726044,0,-0.04981834441423416,0.10682270675897598,-0.9930289387702942,0,0.12539975345134735,-0.9857270121574402,-0.11232821643352509,0,0,0.27142098546028137,0,1,0.9895399808883667,-0.0013176584616303444,-0.14425374567508698,0,0.08311333507299423,0.8225270509719849,0.5626207590103149,0,0.11791124939918518,-0.568725049495697,0.814032793045044,0,0,0.4328269958496094,0,1,-0.9487560391426086,-0.256435364484787,-0.184669628739357,0,0.22527262568473816,-0.9586591720581055,0.17385293543338776,0,-0.22161737084388733,0.12334305793046951,0.9673019051551819,0,0.011429999954998493,-0.10770100355148315,0.30003100633621216,1,0.2639213800430298,-0.10815323144197464,0.9584618806838989,0,0.8196148872375488,0.5490182638168335,-0.16373713314533234,0,-0.5085041522979736,0.8287829756736755,0.2335415631532669,0,0,0.3895609974861145,0,1,0.9982279539108276,0.05529032647609711,-0.022019242867827415,0,0.026363324373960495,-0.07911081612110138,0.9965170621871948,0,0.053355757147073746,-0.9953310489654541,-0.08042821288108826,0,0,0.28062498569488525,0,1,0.9959620833396912,0.001362973707728088,0.08976275473833084,0,-0.052970025688409805,0.8162007927894592,0.5753352642059326,0,-0.07248026132583618,-0.5777668356895447,0.812977135181427,0,0,0.44201400876045227,0,1
K0.100,0.9986339211463928,0.04008972644805908,-0.03350381553173065,0,-0.03961993381381035,0.9991090297698975,0.014571267180144787,0,0.0340581052005291,-0.013223936781287193,0.9993319511413574,0,-0.021577998995780945,0.9450399875640869,-0.023639999330043793,1,0.9999600052833557,0.0056160916574299335,-0.006936290301382542,0,-0.005522908642888069,0.9998949766159058,0.013380922377109528,0,0.007010710891336203,-0.013342078775167465,0.9998859763145447,0,-0.0123070003464818,0.1945430040359497,0,1,0.9998340606689453,-0.01813695579767227,-0.0019117292249575257,0,0.01814904436469078,0.999813973903656,0.006511693354696035,0,0.00179327093064785,-0.0065453071147203445,0.9999769926071167,0,0,0.22742100059986115,0,1,0.9998339414596558,-0.018124951049685478,-0.002065727487206459,0,0.01813804730772972,0.999813973903656,0.006514306180179119,0,0.0019472724525257945,-0.006550694350153208,0.9999769926071167,0,0,0.259909987449646,0,1,0.9984750151634216,-0.0542629137635231,0.010193883441388607,0,0.05437708646059036,0.9984570145606995,-0.011278948746621609,0,-0.009566116146743298,0.011816049925982952,0.9998840093612671,0,0,0.29239800572395325,0,1,0.9934148788452148,0.09292037785053253,0.06702706962823868,0,-0.08683761209249496,0.9922770857810974,-0.08857586234807968,0,-0.07473994791507721,0.08217214047908783,0.993812084197998,0,-0.013539999723434448,0.10293400287628174,0,1,-0.9968429207801819,0.032640255987644196,-0.07238084822893143,0,0.07938574999570847,0.39241382479667664,-0.9163561463356018,0,-0.0015068516368046403,-0.9192090034484863,-0.39376601576805115,0,0.0021639999467879534,0.3292880058288574,-0.28019601106643677,1,0.990073025226593,0.0634603425860405,-0.1254090815782547,0,0.1368003487586975,-0.23033984005451202,0.9634460806846619,0,0.0322539322078228,-0.9710389375686646,-0.23673489689826965,0,0,0.4955880045890808,0,1,-0.8677119612693787,-0.2880338728427887,-0.4051080644130707,0,-0.31523311138153076,0.9490139484405518,0.0004526858974713832,0,0.3843229115009308,0.1280963122844696,-0.9142689108848572,0,0,0.6818770170211792,0,1,0.9938840270042419,-0.028096746653318405,-0.10679715871810913,0,0.10963325202465057,0.367095947265625,0.9236999154090881,0,0.013251837342977524,-0.9297590255737305,0.367931067943573,0,-0.00494999997317791,0.32973799109458923,0.28019601106643677,1,0.9502251744270325,-0.2991035580635071,0.08723212033510208,0,-0.13810455799102783,-0.15337993204593658,0.9784690737724304,0,-0.27928388118743896,-0.9418129920959473,-0.18705300986766815,0,0,0.49580299854278564,0,1,0.9505588412284851,-0.31013935804367065,-0.015825120732188225,0,0.31030362844467163,0.950593113899231,0.009197061881422997,0,0.012190880253911018,-0.013652940280735493,0.9998319745063782,0,0,0.6616399884223938,0,1,-0.957420825958252,-0.2569620609283447,0.1315850168466568,0,0.21537691354751587,-0.9392789602279663,-0.26714813709259033,0,0.19224196672439575,-0.22743283212184906,0.9546290040016174,0,0.00031999999191612005,-0.10770100355148315,-0.30003100633621216,1,0.2754451334476471,-0.07632575929164886,-0.958281934261322,0,0.739276111125946,0.6540197134017944,0.16040313243865967,0,0.6144919991493225,-0.752616822719574,0.2365722507238388,0,0,0.38975098729133606,0,1,-0.9907780885696411,-0.1306510865688324,0.03590209782123566,0,-0.05020890757441521,0.10791315883398056,-0.9928920269012451,0,0.12584809958934784,-0.985538125038147,-0.11347788572311401,0,0,0.27142098546028137,0,1,0.9895550012588501,-0.0013399050803855062,-0.14415307343006134,0,0.08309809118509293,0.822411060333252,0.5627919435501099,0,0.11779893189668655,-0.5688921213150024,0.813931941986084,0,0,0.4328269958496094,0,1,-0.9484689831733704,-0.25754299759864807,-0.18460068106651306,0,0.22625502943992615,-0.958311915397644,0.17448817193508148,0,-0.22184333205223083,0.12372983247041702,0.9671999216079712,0,0.011429999954998493,-0.10770100355148315,0.30003100633621216,1,0.2632240355014801,-0.10815390199422836,0.9586528539657593,0,0.8201391100883484,0.5483587384223938,-0.1633261889219284,0,-0.5080211162567139,0.8292197585105896,0.2330424040555954,0,0,0.3895609974861145,0,1,0.9982250332832336,0.05537482723593712,-0.021924851462244987,0,0.026278823614120483,-0.07916481047868729,0.9965150356292725,0,0.05344614386558533,-0.9953219294548035,-0.0804794430732727,0,0,0.28062498569488525,0,1,0.9959499835968018,0.0013431140687316656,0.08989523351192474,0,-0.0530058853328228,0.8163960576057434,0.5750548839569092,0,-0.07261776179075241,-0.577491044998169,0.8131609559059143,0,0,0.44201400876045227,0,1
K0.133,0.9986669421195984,0.03971360623836517,-0.03296732157468796,0,-0.03923989087343216,0.9991189241409302,0.0148943942040205,0,0.033529769629240036,-0.013580900616943836,0.9993449449539185,0,-0.021556997671723366,0.9450640082359314,-0.023781001567840576,1,0.9999629855155945,0.005946801509708166,-0.006149143446236849,0,-0.005862208548933268,0.9998890161514282,0.013684778474271297,0,0.00622984254732728,-0.013648226857185364,0.9998869895935059,0,-0.0123070003464818,0.1945430040359497,0,1,0.9998230338096619,-0.01873485930263996,-0.0017877866048365831,0,0.0187461506575346,0.9998030066490173,0.006523821037262678,0,0.0016652110498398542,-0.006556178908795118,0.9999769926071167,0,0,0.22742100059986115,0,1,0.9998229146003723,-0.018723851069808006,-0.001942784758284688,0,0.018736157566308975,0.9998030066490173,0.0065258764661848545,0,0.0018202128121629357,-0.006561122834682465,0.9999769330024719,0,0,0.259909987449646,0,1,0.9985270500183105,-0.053303688764572144,0.010122900828719139,0,0.05341729894280434,0.9985079765319824,-0.01130695641040802,0,-0.009505098685622215,0.01183104608207941,0.999885082244873,0,0,0.29239800572395325,0,1,0.9933399558067322,0.0941113606095314,0.06647270172834396,0,-0.0880846381187439,0.9921810626983643,-0.08842004090547562,0,-0.07427429407835007,0.08197594434022903,0.9938629269599915,0,-0.013539999723434448,0.10293400287628174,0,1,-0.9968640208244324,0.03263719752430916,-0.07208993285894394,0,0.07911679893732071,0.3922168016433716,-0.91646409034729,0,-0.0016359369037672877,-0.919293999671936,-0.3935691714286804,0,0.0021639999467879534,0.3292880058288574,-0.28019601106643677,1,0.9903420805931091,0.06395993381738663,-0.12301461398601532,0,0.1345779150724411,-0.2300250381231308,0.9638350605964661,0,0.033350374549627304,-0.971081018447876,-0.2364109605550766,0,0,0.4955880045890808,0,1,-0.8677690625190735,-0.287864089012146,-0.4051080048084259,0,-0.31504693627357483,0.9490759968757629,0.0004518982023000717,0,0.3843480348587036,0.12802010774612427,-0.9142690300941467,0,0,0.6818770170211792,0,1,0.9938939809799194,-0.028095083311200142,-0.10670000314712524,0,0.10954391956329346,0.3669818639755249,0.9237550497055054,0,0.013204008340835571,-0.9298040270805359,0.3678191304206848,0,-0.00494999997317791,0.32973799109458923,0.28019601106643677,1,0.9502320289611816,-0.29941219091415405,0.08609409630298615,0,-0.1366071254014969,-0.15207266807556152,0.9788830280303955,0,-0.27999693155288696,-0.9419270157814026,-0.1854061335325241,0,0,0.49580299854278564,0,1,0.9505680203437805,-0.31011292338371277,-0.015824882313609123,0,0.3102770745754242,0.9506019353866577,0.009196762926876545,0,0.01219111867249012,-0.013652236200869083,0.9998319745063782,0,0,0.6616399884223938,0,1,-0.9574979543685913,-0.25662609934806824,0.1316811442375183,0,0.21516989171504974,-0.9395309686660767,-0.2664271593093872,0,0.19209083914756775,-0.2267698347568512,0.954818069934845,0,0.00031999999191612005,-0.10770100355148315,-0.30003100633621216,1,0.2760315239429474,-0.07632733881473541,-0.9581131339073181,0,0.7387896180152893,0.6544943451881409,0.1607048362493515,0,0.6148138046264648,-0.7522041201591492,0.23705105483531952,0,0,0.38975098729133606,0,1,-0.9908649921417236,-0.1300659477710724,0.03563530743122101,0,-0.049823034554719925,0.10751193016767502,-0.9929550886154175,0,0.12531830370426178,-0.9856589436531067,-0.1130099818110466,0,0,0.27142098546028137,0,1,0.9895449280738831,-0.0013593307230621576,-0.14421840012073517,0,0.08311867713928223,0.8225669264793396,0.5625601410865784,0,0.11786460876464844,-0.5686658620834351,0.8140801191329956,0,0,0.4328269958496094,0,1,-0.9482320547103882,-0.2585287094116211,-0.18444399535655975,0,0.2271292805671692,-0.9579929113388062,0.17510685324668884,0,-0.2219659686088562,0.12414916604757309,0.9671180248260498,0,0.011429999954998493,-0.10770100355148315,0.30003100633621216,1,0.26270967721939087,-0.10821489244699478,0.9587871432304382,0,0.8205740451812744,0.54780113697052,-0.1630106121301651,0,-0.5075844526290894,0.8295802474021912,0.23271098732948303,0,0,0.3895609974861145,0,1,0.9982190728187561,0.05552845075726509,-0.021784905344247818,0,0.026154445484280586,-0.07921897619962692,0.996514081954956,0,0.05360909923911095,-0.995309054851532,-0.08053021132946014,0,0,0.28062498569488525,0,1,0.995934009552002,0.001315898960456252,0.09007731825113297,0,-0.05305509641766548,0.8166639804840088,0.5746698975563049,0,-0.07280667126178741,-0.577112078666687,0.8134129643440247,0,0,0.44201400876045227,0,1
K0.167,0.9986969232559204,0.03934111446142197,-0.03250400349497795,0,-0.038864873349666595,0.9991300106048584,0.015156881883740425,0,0.03307201340794563,-0.013873866759240627,0.9993569850921631,0,-0.021507998928427696,0.9451079964637756,-0.023920997977256775,1,0.9999649524688721,0.006423869635909796,-0.005451931152492762,0,-0.006347120739519596,0.9998819828033447,0.01397904846817255,0,0.005541082937270403,-0.013943945057690144,0.9998869895935059,0,-0.0123070003464818,0.1945430040359497,0,1,0.9998109936714172,-0.019365213811397552,-0.0016773641109466553,0,0.019375775009393692,0.9997909665107727,0.006525866687297821,0,0.0015506383497267962,-0.006557132117450237,0.9999769926071167,0,0,0.22742100059986115,0,1,0.9998109936714172,-0.01935470663011074,-0.0018318649381399155,0,0.019366281107068062,0.9997910261154175,0.006527877878397703,0,0.0017051371978595853,-0.00656212167814374,0.9999769926071167,0,0,0.259909987449646,0,1,0.99857497215271,-0.052394285798072815,0.010102982632815838,0,0.052507735788822174,0.9985569715499878,-0.011306313797831535,0,-0.00949601735919714,0.011820686049759388,0.9998850226402283,0,0,0.29239800572395325,0,1,0.9933129549026489,0.0943664014339447,0.06651299446821213,0,-0.08836159855127335,0.9921870827674866,-0.08807911723852158,0,-0.07430499792098999,0.08161287009716034,0.9938899874687195,0,-0.013539999723434448,0.10293400287628174,0,1,-0.9968809485435486,0.03263487666845322,-0.07185017317533493,0,0.07889512181282043,0.3920338451862335,-0.9165611267089844,0,-0.0017441622912883759,-0.9193719625473022,-0.39338621497154236,0,0.0021639999467879534,0.3292880058288574,-0.28019601106643677,1,0.9906209707260132,0.06432199478149414,-0.12055301666259766,0,0.13224999606609344,-0.22951899468898773,0.964276909828186,0,0.03435499966144562,-0.9711759686470032,-0.23587287962436676,0,0,0.4955880045890808,0,1,-0.8678271174430847,-0.2876870334148407,-0.4051080048084259,0,-0.3148539960384369,0.9491400122642517,0.00045298764598555863,0,0.3843739926815033,0.1279430091381073,-0.9142690896987915,0,0,0.6818770170211792,0,1,0.993920087814331,-0.028095636516809464,-0.10646004229784012,0,0.10932337492704391,0.3668229281902313,0.9238449931144714,0,0.013095967471599579,-0.9298660159111023,0.3676639795303345,0,-0.00494999997317791,0.32973799109458923,0.28019601106643677,1,0.9503248333930969,-0.2994064390659332,0.08507496863603592,0,-0.13517551124095917,-0.15079310536384583,0.9792799353599548,0,-0.2803739905357361,-0.9421339631080627,-0.18377482891082764,0,0,0.49580299854278564,0,1,0.9505859613418579,-0.3100591003894806,-0.015824727714061737,0,0.31022295355796814,0.9506189823150635,0.009195082820951939,0,0.012192273512482643,-0.013649916276335716,0.9998329877853394,0,0,0.6616399884223938,0,1,-0.9575450420379639,-0.25641271471977234,0.1317579299211502,0,0.21509326994419098,-0.9397609233856201,-0.265677809715271,0,0.19194409251213074,-0.22605818510055542,0.9550158977508545,0,0.00031999999191612005,-0.10770100355148315,-0.30003100633621216,1,0.27651894092559814,-0.07642812281847,-0.9579640626907349,0,0.738572895526886,0.6546772122383118,0.16095976531505585,0,0.6148560047149658,-0.7520353198051453,0.237478569149971,0,0,0.38975098729133606,0,1,-0.9910199046134949,-0.12900090217590332,0.03517696261405945,0,-0.04910214617848396,0.10640721023082733,-0.993109941482544,0,0.12436898052692413,-0.9859189391136169,-0.11178573966026306,0,0,0.27142098546028137,0,1,0.9895269870758057,-0.0014060812536627054,-0.1443438082933426,0,0.08316192030906677,0.8228861093521118,0.5620879530906677,0,0.11798817664384842,-0.5682051181793213,0.814384937286377,0,0,0.4328269958496094,0,1,-0.9481178522109985,-0.25915729999542236,-0.18414796888828278,0,0.22765569388866425,-0.9577500224113464,0.17574720084667206,0,-0.22191399335861206,0.12470678240060806,0.9670590162277222,0,0.011429999954998493,-0.10770100355148315,0.30003100633621216,1,0.26251220703125,-0.10810314863920212,0.9588539004325867,0,0.8207617998123169,0.5475291013717651,-0.16297616064548492,0,-0.5073820948600769,0.8297738432884216,0.23246003687381744,0,0,0.3895609974861145,0,1,0.998199999332428,0.05585683137178421,-0.021821727976202965,0,0.02621583826839924,-0.07918401807546616,0.9965149760246277,0,0.05393427237868309,-0.9952939748764038,-0.08050587028265,0,0,0.28062498569488525,0,1,0.9959070086479187,0.0012710306327790022,0.09037292748689651,0,-0.053133971989154816,0.8171001076698303,0.5740429162979126,0,-0.0731140747666359,-0.5764949917793274,0.8138229846954346,0,0,0.44201400876045227,0,1
K0.200,0.9987239241600037,0.03902927041053772,-0.032059889286756516,0,-0.03855312988162041,0.9991389513015747,0.015337723307311535,0,0.032630883157253265,-0.014082131907343864,0.9993679523468018,0,-0.021390998736023903,0.9451580047607422,-0.02407499961555004,1,0.9999629855155945,0.007041746750473976,-0.0048990980722010136,0,-0.006971252616494894,0.9998739957809448,0.01426084153354168,0,0.004998901393264532,-0.014226159080862999,0.9998859763145447,0,-0.0123070003464818,0.1945430040359497,0,1,0.9997990131378174,-0.019982008263468742,-0.0015899100108072162,0,0.01999199017882347,0.9997789263725281,0.006529265083372593,0,0.0014590900391340256,-0.006559734698385,0.9999769926071167,0,0,0.22742100059986115,0,1,0.9997990131378174,-0.019972000271081924,-0.001744913635775447,0,0.019982999190688133,0.9997789859771729,0.006531222723424435,0,0.0016140862135216594,-0.006564776878803968,0.9999769926071167,0,0,0.259909987449646,0,1,0.9986180663108826,-0.051561810076236725,0.010144085623323917,0,0.05167518928647041,0.998600959777832,-0.01124817505478859,0,-0.009549914859235287,0.01175682432949543,0.9998850226402283,0,0,0.29239800572395325,0,1,0.9933090209960938,0.09400991350412369,0.06708100438117981,0,-0.08799508959054947,0.9922620058059692,-0.08759797364473343,0,-0.07479698956012726,0.08110903203487396,0.9938949942588806,0,-0.013539999723434448,0.10293400287628174,0,1,-0.9968931078910828,0.032632868736982346,-0.07168703526258469,0,0.07874413579702377,0.39192500710487366,-0.9166210889816284,0,-0.0018160295439884067,-0.9194180369377136,-0.39327704906463623,0,0.0021639999467879534,0.3292880058288574,-0.28019601106643677,1,0.9908949732780457,0.06441295146942139,-0.11822588741779327,0,0.12998294830322266,-0.22887203097343445,0.9647390246391296,0,0.03508310765028,-0.9713230133056641,-0.23516088724136353,0,0,0.4955880045890808,0,1,-0.8678578734397888,-0.28759413957595825,-0.40510737895965576,0,-0.31475186347961426,0.9491739869117737,0.0004516814078669995,0,0.3843876123428345,0.12790033221244812,-0.9142690896987915,0,0,0.6818770170211792,0,1,0.9939509630203247,-0.028094425797462463,-0.10617398470640182,0,0.10906058549880981,0.3665648400783539,0.9239780306816101,0,0.012961002998054028,-0.9299678206443787,0.3674112856388092,0,-0.00494999997317791,0.32973799109458923,0.28019601106643677,1,0.9503849744796753,-0.2994329333305359,0.0843101367354393,0,-0.13398592174053192,-0.14942747354507446,0.979653000831604,0,-0.2807418406009674,-0.9423429369926453,-0.1821332424879074,0,0,0.49580299854278564,0,1,0.9506200551986694,-0.3099551200866699,-0.01582295075058937,0,0.3101188838481903,0.9506530165672302,0.009191948920488358,0,0.012193048372864723,-0.013645051047205925,0.9998330473899841,0,0,0.6616399884223938,0,1,-0.9576399326324463,-0.25602033734321594,0.13182705640792847,0,0.21478964388370514,-0.939967155456543,-0.26519280672073364,0,0.19180794060230255,-0.22564421594142914,0.9551409482955933,0,0.00031999999191612005,-0.10770100355148315,-0.30003100633621216,1,0.27709588408470154,-0.07645316421985626,-0.957796037197113,0,0.7381648421287537,0.6550622582435608,0.1612669825553894,0,0.6150860786437988,-0.7516970038414001,0.23794984817504883,0,0,0.38975098729133606,0,1,-0.9910740256309509,-0.12863390147686005,0.03502166271209717,0,-0.04886307939887047,0.10607558488845825,-0.9931570291519165,0,0.12403866648674011,-0.9860029220581055,-0.11141414940357208,0,0,0.27142098546028137,0,1,0.9895270466804504,-0.0015080905286595225,-0.14434312283992767,0,0.08319391310214996,0.8231300115585327,0.5617259740829468,0,0.11796589940786362,-0.5678509473800659,0.8146340250968933,0,0,0.4328269958496094,0,1,-0.9480809569358826,-0.2594989240169525,-0.1838519424200058,0,0.22790709137916565,-0.9575839638710022,0.17632479965686798,0,-0.22181005775928497,0.12526917457580566,0.9670100212097168,0,0.011429999954998493,-0.10770100355148315,0.30003100633621216,1,0.26233425736427307,-0.10782961547374725,0.9589340090751648,0,0.8208021521568298,0.5474658012390137,-0.16298462450504303,0,-0.5074086785316467,0.8298512101173401,0.23212571442127228,0,0,0.3895609974861145,0,1,0.9981780052185059,0.05621062591671944,-0.021937137469649315,0,0.026354623958468437,-0.07909242063760757,0.9965190291404724,0,0.0542798675596714,-0.9952810406684875,-0.08042968809604645,0,0,0.28062498569488525,0,1,0.995872974395752,0.001213985146023333,0.09074985980987549,0,-0.05323401838541031,0.8176542520523071,0.573242723941803,0,-0.07350613176822662,-0.5757081508636475,0.8143447637557983,0,0,0.44201400876045227,0,1
