2.700,30,80,25
B0,mixamorig_Hips,-1,-0.7594751119613647,-0.13163693249225616,0.6370788812637329,0,-0.12759706377983093,0.9904339909553528,0.052538059651851654,0,-0.6379001140594482,-0.04138803109526634,-0.7690058946609497,0,-0.004953000228852034,0.36152300238609314,0.00408599991351366,1
B1,mixamorig_Spine,0,0.9912310242652893,-0.12211108952760696,-0.05049015209078789,0,0.12055890262126923,0.9921659827232361,-0.032734036445617676,0,0.054091837257146835,0.02635997347533703,0.9981879591941833,0,-0.0067900000140070915,0.0983780026435852,0,1
B2,mixamorig_Spine1,1,0.9891790747642517,-0.10555767267942429,-0.10189172625541687,0,0.09899032115936279,0.992796003818512,-0.06750386208295822,0,0.10828331112861633,0.05668714642524719,0.9925029277801514,0,0,0.11504700034856796,0,1
B3,mixamorig_Spine2,2,0.9884280562400818,0.10052396357059479,-0.11359775811433792,0,-0.1062050610780716,0.9933209419250488,-0.04510212317109108,0,0.10830524563789368,0.05664488673210144,0.9925029277801514,0,0,0.13148200511932373,0,1
B4,mixamorig_Neck,3,0.9807799458503723,-0.10771006345748901,-0.16269508004188538,0,0.10841389745473862,0.9940950274467468,-0.004572140984237194,0,0.16222688555717468,-0.013154145330190659,0.9866660237312317,0,0,0.1479180008172989,0,1
B5,mixamorig_Head,4,0.9169910550117493,0.06648151576519012,-0.3933298885822296,0,-0.09628065675497055,0.9937490224838257,-0.05649850144982338,0,0.3871151804924011,0.08967868983745575,0.9176599979400635,0,0.08036000281572342,0.05093200132250786,0,1
B6,mixamorig_HeadTop_End,5,1,0,0,0,0,1,0,0,0,0,1,0,0.4553599953651428,0.2886100113391876,0,1
B7,mixamorig_LeftShoulder,3,-0.9819360375404358,-0.06223693862557411,-0.17868603765964508,0,0.14281493425369263,0.37570109963417053,-0.9156709313392639,0,0.1241210550069809,-0.9246490001678467,-0.36002594232559204,0,-0.01741199940443039,0.16753800213336945,-0.1401679962873459,1
B8,mixamorig_LeftArm,7,-0.9852179884910583,0.10204216092824936,-0.1375948190689087,0,-0.09960417449474335,0.31225135922431946,0.9447638988494873,0,0.1393698751926422,0.944503128528595,-0.2974717617034912,0,0,0.28546199202537537,0,1
B9,mixamorig_LeftForeArm,8,0.8436810374259949,-0.40310800075531006,0.35454994440078735,0,0.47684696316719055,0.866096019744873,-0.1499830186367035,0,-0.24661506712436676,0.29560402035713196,0.9229300022125244,0,0,0.47466498613357544,0,1
B10,mixamorig_LeftHand,9,1,0,0,0,0,1,0,0,0,0,1,0,0,0.37773698568344116,0,1
B11,mixamorig_RightShoulder,3,0.9152791500091553,0.0963248535990715,-0.39113351702690125,0,0.3211214542388916,0.4117448627948761,0.8528469204902649,0,0.24319739639759064,-0.9061937928199768,0.34592926502227783,0,-0.006037000101059675,0.16675199568271637,0.1401679962873459,1
B12,mixamorig_RightArm,11,0.7974549531936646,0.47770702838897705,0.36859309673309326,0,-0.4542328715324402,0.07319777458906174,0.8878710865974426,0,0.39716193079948425,-0.8754640221595764,0.2753620743751526,0,0,0.28337401151657104,0,1
B13,mixamorig_RightForeArm,12,0.6708990931510925,-0.6933389902114868,-0.26301276683807373,0,0.735783040523529,0.666549026966095,0.11973484605550766,0,0.09229403734207153,-0.2738502323627472,0.9573338627815247,0,0,0.47326499223709106,0,1
B14,mixamorig_RightHand,13,1,0,0,0,0,1,0,0,0,0,1,0,0,0.3721269965171814,0,1
B15,mixamorig_LeftUpLeg,0,-0.29123806953430176,-0.9361560940742493,0.19695569574832916,0,0.4780600070953369,-0.32075127959251404,-0.8176659345626831,0,0.8286370635032654,-0.14397881925106049,0.5409539341926575,0,-0.0041229999624192715,-0.05461600050330162,-0.1481180042028427,1
B16,mixamorig_LeftLeg,15,-0.08707692474126816,0.06559664756059647,-0.9940401315689087,0,0.9740040302276611,0.21507389843463898,-0.07112900912761688,0,0.20912614464759827,-0.9743919372558594,-0.08261934667825699,0,0,0.19472600519657135,0,1
B17,mixamorig_LeftFoot,16,-0.9673831462860107,-0.253296822309494,-0.003200903767719865,0,-0.10121394693851471,0.39807477593421936,-0.9117521047592163,0,0.2322182059288025,-0.8816899657249451,-0.41072821617126465,0,0,0.13343800604343414,0,1
B18,mixamorig_LeftToeBase,17,0.9768609404563904,-0.08112286776304245,-0.1978933960199356,0,0.18276888132095337,0.7971798777580261,0.5754121541976929,0,0.11107762157917023,-0.5982668399810791,0.7935611605644226,0,0,0.2164130061864853,0,1
B19,mixamorig_LeftToe_End,18,1,0,0,0,0,1,0,0,0,0,1,0,0,0.11081799864768982,0,1
B20,mixamorig_RightUpLeg,0,-0.8872979879379272,-0.43974611163139343,0.13901939988136292,0,0.39374759793281555,-0.5653470754623413,0.7248073220252991,0,-0.24013705551624298,0.6978587508201599,0.6747802495956421,0,0.002217999892309308,-0.05461600050330162,0.1481180042028427,1
B21,mixamorig_RightLeg,20,0.013439789414405823,-0.07476203143596649,0.9971110820770264,0,0.9956949949264526,0.09246107935905457,-0.00648812111467123,0,-0.0917089506983757,0.9929060339927673,0.07568284124135971,0,0,0.1946520060300827,0,1
B22,mixamorig_RightFoot,21,0.7091811299324036,0.5995549559593201,0.37094002962112427,0,-0.20903202891349792,-0.32367098331451416,0.9227910041809082,0,0.6733260750770569,-0.7319639325141907,-0.10421508550643921,0,0,0.13569900393486023,0,1
B23,mixamorig_RightToeBase,22,0.9914539456367493,0.05671016871929169,0.11748411506414413,0,-0.1117897778749466,0.833526074886322,0.5410519242286682,0,-0.06724297255277634,-0.5495620369911194,0.8327429890632629,0,0,0.22100700438022614,0,1
B24,mixamorig_RightToe_End,23,1,0,0,0,0,1,0,0,0,0,1,0,0,0.11006999760866165,0,1
@20,0,1,2,3,4,5,7,8,9,11,12,13,15,16,17,18,20,21,22,23
K0,0.6370788216590881,-0.13163693249225616,0.7594751119613647,0,0.05253804102540016,0.9904339909553528,0.12759709358215332,0,-0.7690058946609497,-0.041388049721717834,0.6379000544548035,0,0.004085999447852373,0.36152300238609314,0.004953000228852034,1,0.9912310242652893,-0.12211108952760696,-0.050490155816078186,0,0.12055890262126923,0.9921659827232361,-0.03273403272032738,0,0.054091840982437134,0.02635996788740158,0.9981879591941833,0,-0.0067900000140070915,0.0983780026435852,0,1,0.9891790747642517,-0.10555768013000488,-0.10189171135425568,0,0.09899032860994339,0.992796003818512,-0.06750386208295822,0,0.10828329622745514,0.05668714642524719,0.9925029277801514,0,0,0.11504700034856796,0,1,0.9884280562400818,0.10052395612001419,-0.11359775066375732,0,-0.106205053627491,0.9933209419250488,-0.04510211572051048,0,0.10830523818731308,0.056644879281520844,0.9925029277801514,0,0,0.13148200511932373,0,1,0.9807799458503723,-0.10771007835865021,-0.16269509494304657,0,0.10841391235589981,0.9940950274467468,-0.00457214517518878,0,0.16222690045833588,-0.013154145330190659,0.9866660237312317,0,0,0.1479180008172989,0,1,0.9169910550117493,0.06648144870996475,-0.3933298587799072,0,-0.0962805524468422,0.9937490224838257,-0.05649842694401741,0,0.38711515069007874,0.0896785780787468,0.9176599979400635,0,0.08036000281572342,0.05093200132250786,0,1,-0.9819360375404358,-0.06223692372441292,-0.1786859929561615,0,0.14281490445137024,0.37570109963417053,-0.9156709313392639,0,0.12412102520465851,-0.9246490001678467,-0.36002594232559204,0,-0.01741199940443039,0.16753800213336945,-0.1401679962873459,1,-0.9852179884910583,0.10204227268695831,-0.13759496808052063,0,-0.0996042788028717,0.31225135922431946,0.9447638988494873,0,0.13937002420425415,0.944503128528595,-0.2974717617034912,0,0,0.28546199202537537,0,1,0.8436810374259949,-0.40310803055763245,0.35454994440078735,0,0.47684699296951294,0.866096019744873,-0.1499830037355423,0,-0.24661506712436676,0.29560399055480957,0.9229300022125244,0,0,0.47466498613357544,0,1,0.9152792096138,0.09632521867752075,-0.3911333978176117,0,0.3211212456226349,0.4117446541786194,0.8528470993041992,0,0.24319759011268616,-0.9061938524246216,0.34592899680137634,0,-0.006037000101059675,0.16675199568271637,0.1401679962873459,1,0.7974549531936646,0.4777071177959442,0.3685930073261261,0,-0.4542328417301178,0.07319791615009308,0.8878711462020874,0,0.39716199040412903,-0.8754639625549316,0.2753622233867645,0,0,0.28337401151657104,0,1,0.6708990335464478,-0.693338930606842,-0.2630128562450409,0,0.735783040523529,0.666549026966095,0.1197347640991211,0,0.09229414910078049,-0.2738502323627472,0.9573338627815247,0,0,0.47326499223709106,0,1,-0.291238009929657,-0.9361560940742493,0.19695572555065155,0,0.4780597984790802,-0.32075121998786926,-0.8176661133766174,0,0.8286372423171997,-0.14397884905338287,0.5409536957740784,0,-0.0041229999624192715,-0.05461600050330162,-0.1481180042028427,1,-0.08707652240991592,0.06559667736291885,-0.9940400719642639,0,0.9740039706230164,0.2150741070508957,-0.07112864404916763,0,0.2091263234615326,-0.9743918776512146,-0.08261925727128983,0,0,0.19472600519657135,0,1,-0.9673831462860107,-0.2532969117164612,-0.00320076965726912,0,-0.10121409595012665,0.398074746131897,-0.9117521047592163,0,0.23221822082996368,-0.8816899657249451,-0.41072824597358704,0,0,0.13343800604343414,0,1,0.9768609404563904,-0.0811229944229126,-0.197893425822258,0,0.18276900053024292,0.7971798777580261,0.5754121541976929,0,0.11107756942510605,-0.5982668399810791,0.7935611605644226,0,0,0.2164130061864853,0,1,-0.8872977495193481,-0.43974632024765015,0.13901928067207336,0,0.39374762773513794,-0.565346896648407,0.7248073816299438,0,-0.24013729393482208,0.6978586316108704,0.6747802495956421,0,0.002217999892309308,-0.05461600050330162,0.1481180042028427,1,0.013439848087728024,-0.07476215064525604,0.9971110224723816,0,0.9956949353218079,0.09246130287647247,-0.006488108541816473,0,-0.09170912206172943,0.9929059147834778,0.07568300515413284,0,0,0.1946520060300827,0,1,0.7091811299324036,0.5995548963546753,0.37094008922576904,0,-0.20903204381465912,-0.3236711621284485,0.922791063785553,0,0.6733261346817017,-0.7319639921188354,-0.10421524196863174,0,0,0.13569900393486023,0,1,0.9914539456367493,0.05671020969748497,0.11748407781124115,0,-0.11178979277610779,0.833526074886322,0.5410519242286682,0,-0.06724292039871216,-0.5495620369911194,0.8327429890632629,0,0,0.22100700438022614,0,1
K0.034,0.6494834423065186,-0.1349189281463623,0.7483100295066833,0,0.04914383590221405,0.989522397518158,0.1357554942369461,0,-0.7587862014770508,-0.051396168768405914,0.6493094563484192,0,0.0020397675689309835,0.35922062397003174,0.006379561964422464,1,0.9913399815559387,-0.12074236571788788,-0.051635365933179855,0,0.1191481500864029,0.9923304319381714,-0.032923098653554916,0,0.05521458014845848,0.026485737413167953,0.9981234073638916,0,-0.0067900000140070915,0.0983780026435852,0,1,0.9892544746398926,-0.1029755175113678,-0.10378879308700562,0,0.096175417304039,0.9930024743080139,-0.06853330880403519,0,0.11011971533298492,0.05781491845846176,0.9922353029251099,0,0,0.11504700034856796,0,1,0.9879111051559448,0.10315366089344025,-0.11571819335222244,0,-0.10903644561767578,0.9929867386817932,-0.04569808393716812,0,0.11019272357225418,0.05776315554976463,0.9922302961349487,0,0,0.13148200511932373,0,1,0.9805079698562622,-0.10409525036811829,-0.1666404902935028,0,0.10406877845525742,0.9945299625396729,-0.008914871141314507,0,0.16665686666965485,-0.008600965142250061,0.985977053642273,0,0,0.1479180008172989,0,1,0.916124165058136,0.06670615822076797,-0.395306795835495,0,-0.097580187022686,0.9935075044631958,-0.05849254131317139,0,0.38883838057518005,0.09216051548719406,0.9166852831840515,0,0.08036000281572342,0.05093200132250786,0,1,-0.9829121828079224,-0.06265877932310104,-0.17308509349822998,0,0.13827987015247345,0.3693161904811859,-0.9189577698707581,0,0.12150388956069946,-0.9271889328956604,-0.35434088110923767,0,-0.01741199940443039,0.16753800213336945,-0.1401679962873459,1,-0.9858130216598511,0.10427491366863251,-0.13152915239334106,0,-0.09351590275764465,0.3095166087150574,0.9462845325469971,0,0.1393842101097107,0.9451598525047302,-0.29537418484687805,0,0,0.28546199202537537,0,1,0.8418640494346619,-0.4050304889678955,0.35667288303375244,0,0.4796394109725952,0.864476203918457,-0.15042340755462646,0,-0.2474091649055481,0.2977104187011719,0.9220399856567383,0,0,0.47466498613357544,0,1,0.920254111289978,0.0910860151052475,-0.38057222962379456,0,0.3099735677242279,0.4239230751991272,0.8510024547576904,0,0.23884789645671844,-0.9011063575744629,0.36188289523124695,0,-0.006037000101059675,0.16675199568271637,0.1401679962873459,1,0.7990890145301819,0.48138222098350525,0.36017662286758423,0,-0.4424469470977783,0.06524113565683365,0.8944183588027954,0,0.4070588946342468,-0.8740792274475098,0.26511964201927185,0,0,0.28337401151657104,0,1,0.6683602929115295,-0.695328950881958,-0.2642216682434082,0,0.7381075620651245,0.6639654040336609,0.11977612227201462,0,0.09215020388364792,-0.2750774919986725,0.9569951891899109,0,0,0.47326499223709106,0,1,-0.2763679325580597,-0.9401578307151794,0.1993105262517929,0,0.48795759677886963,-0.31593796610832214,-0.8136837482452393,0,0.8279608488082886,-0.12762100994586945,0.546072244644165,0,-0.0041229999624192715,-0.05461600050330162,-0.1481180042028427,1,-0.07890395075082779,0.06517164409160614,-0.9947497248649597,0,0.9716964364051819,0.22791048884391785,-0.06214369833469391,0,0.22266387939453125,-0.9714981913566589,-0.08131007850170135,0,0,0.19472600519657135,0,1,-0.9715873599052429,-0.23662744462490082,0.005008524749428034,0,-0.10696613788604736,0.42012691497802734,-0.9011393785476685,0,0.21113015711307526,-0.876071572303772,-0.43350130319595337,0,0,0.13343800604343414,0,1,0.9768610000610352,-0.08112188428640366,-0.1978931576013565,0,0.18276812136173248,0.7971799373626709,0.5754131078720093,0,0.11107780784368515,-0.5982668995857239,0.7935600876808167,0,0,0.2164130061864853,0,1,-0.8924921154975891,-0.42825183272361755,0.1416245847940445,0,0.38581693172454834,-0.5621328353881836,0.7315405011177063,0,-0.2336719036102295,0.7075358629226685,0.6669266223907471,0,0.002217999892309308,-0.05461600050330162,0.1481180042028427,1,0.010638593696057796,-0.06885106861591339,0.9975697994232178,0,0.9981684684753418,0.06015307083725929,-0.0064933327957987785,0,-0.05955984815955162,0.9958115220069885,0.06936483830213547,0,0,0.1946520060300827,0,1,0.7011001706123352,0.6036096811294556,0.3796224892139435,0,-0.18890516459941864,-0.35613498091697693,0.9151405692100525,0,0.6875848770141602,-0.7133182883262634,-0.13566139340400696,0,0,0.13569900393486023,0,1,0.9914539456367493,0.05671018734574318,0.11748410761356354,0,-0.11178980767726898,0.8335258960723877,0.5410521626472473,0,-0.06724286824464798,-0.5495617389678955,0.8327420949935913,0,0,0.22100700438022614,0,1
K0.067,0.651189386844635,-0.14059972763061523,0.7457774877548218,0,0.04591833055019379,0.9881873726844788,0.14620624482631683,0,-0.7575246095657349,-0.06096312403678894,0.6499534249305725,0,-0.0000023803893327567494,0.3574216961860657,0.007717462722212076,1,0.9914135336875916,-0.11974848061800003,-0.05252618342638016,0,0.1181168332695961,0.9924464225769043,-0.033151522278785706,0,0.05609928444027901,0.02666265144944191,0.9980694651603699,0,-0.0067900000140070915,0.0983780026435852,0,1,0.9893737435340881,-0.10118944942951202,-0.10440769791603088,0,0.09423450380563736,0.9931182265281677,-0.06953457742929459,0,0.11072535067796707,0.05895686894655228,0.9921005964279175,0,0,0.11504700034856796,0,1,0.9875999093055725,0.10510982573032379,-0.11661282181739807,0,-0.11113916337490082,0.9927188158035278,-0.04644884169101715,0,0.11088148504495621,0.05883311107754707,0.99209064245224,0,0,0.13148200511932373,0,1,0.9801846742630005,-0.09474533051252365,-0.17395761609077454,0,0.09334675967693329,0.995501697063446,-0.016222788020968437,0,0.1747121661901474,-0.00033705413807183504,0.9846198558807373,0,0,0.1479180008172989,0,1,0.9148963689804077,0.06689698994159698,-0.3981066346168518,0,-0.09771136194467545,0.9935465455055237,-0.05759890004992485,0,0.39168447256088257,0.09159661829471588,0.9155292510986328,0,0.08036000281572342,0.05093200132250786,0,1,-0.9840265512466431,-0.06309825927019119,-0.16646243631839752,0,0.13281767070293427,0.3624027371406555,-0.9225090742111206,0,0.11853519827127457,-0.929882824420929,-0.34823352098464966,0,-0.01741199940443039,0.16753800213336945,-0.1401679962873459,1,-0.9861918687820435,0.10815108567476273,-0.12541146576404572,0,-0.08636220544576645,0.3102937936782837,0.9467101097106934,0,0.14130209386348724,0.9444683790206909,-0.2966689169406891,0,0,0.28546199202537537,0,1,0.8402409553527832,-0.40797001123428345,0.3571498692035675,0,0.48319002985954285,0.862250804901123,-0.15182316303253174,0,-0.24601349234580994,0.30013933777809143,0.9216256141662598,0,0,0.47466498613357544,0,1,0.9248824119567871,0.08488649129867554,-0.3706570565700531,0,0.29920902848243713,0.4390851855278015,0.8471592664718628,0,0.23466236889362335,-0.8944265246391296,0.380703330039978,0,-0.006037000101059675,0.16675199568271637,0.1401679962873459,1,0.8034939169883728,0.48214077949523926,0.34919506311416626,0,-0.42606085538864136,0.056061889976263046,0.9029554724693298,0,0.4157755374908447,-0.8742983937263489,0.2504669427871704,0,0,0.28337401151657104,0,1,0.6671460270881653,-0.6961588859558105,-0.2651022970676422,0,0.7391589879989624,0.6628428101539612,0.11951254308223724,0,0.09252149611711502,-0.2756851613521576,0.9567855000495911,0,0,0.47326499223709106,0,1,-0.27477818727493286,-0.9399701356887817,0.2023661583662033,0,0.48732560873031616,-0.3175800144672394,-0.8134230971336365,0,0.8288609385490417,-0.1248927116394043,0.5453356504440308,0,-0.0041229999624192715,-0.05461600050330162,-0.1481180042028427,1,-0.06631726771593094,0.06204059347510338,-0.9958677291870117,0,0.9693865776062012,0.24048450589179993,-0.04957210272550583,0,0.2364153265953064,-0.968668520450592,-0.07608961313962936,0,0,0.19472600519657135,0,1,-0.9725505709648132,-0.23237279057502747,0.012162369675934315,0,-0.11495105177164078,0.43434545397758484,-0.8933814167976379,0,0.20231486856937408,-0.8702566623687744,-0.44913449883461,0,0,0.13343800604343414,0,1,0.9768610000610352,-0.08112215250730515,-0.197893887758255,0,0.1827688217163086,0.7971791625022888,0.575413703918457,0,0.11107809841632843,-0.5982680916786194,0.7935599684715271,0,0,0.2164130061864853,0,1,-0.8888481855392456,-0.4308549761772156,0.1559281051158905,0,0.39606228470802307,-0.5513327121734619,0.734279453754425,0,-0.23039959371089935,0.7144199013710022,0.6606962084770203,0,0.002217999892309308,-0.05461600050330162,0.1481180042028427,1,0.006122064311057329,-0.06155993789434433,0.998084306716919,0,0.9996087551116943,0.02762591652572155,-0.004427474923431873,0,-0.027300408110022545,0.9977208375930786,0.061705004423856735,0,0,0.1946520060300827,0,1,0.6978877186775208,0.6035860776901245,0.3855338990688324,0,-0.17422260344028473,-0.3790585398674011,0.9088236093521118,0,0.6946936249732971,-0.7014258503913879,-0.15938197076320648,0,0,0.13569900393486023,0,1,0.991454005241394,0.056710273027420044,0.11748364567756653,0,-0.11178974062204361,0.8335258960723877,0.5410531759262085,0,-0.06724237650632858,-0.5495627522468567,0.8327421545982361,0,0,0.22100700438022614,0,1
K0.101,0.6440859436988831,-0.1483340561389923,0.7504333853721619,0,0.04263267666101456,0.986454963684082,0.15839610993862152,0,-0.7637646198272705,-0.07002777606248856,0.6416859030723572,0,-0.002043412998318672,0.35608768463134766,0.00894668698310852,1,0.9913928508758545,-0.11953979730606079,-0.053398147225379944,0,0.11785440146923065,0.9924595952033997,-0.033679164946079254,0,0.05702149122953415,0.027096068486571312,0.9980054497718811,0,-0.0067900000140070915,0.0983780026435852,0,1,0.9893950819969177,-0.10105320066213608,-0.10433438420295715,0,0.09393535554409027,0.9930415153503418,-0.07102971524000168,0,0.11078614741563797,0.06047575920820236,0.9920027256011963,0,0,0.11504700034856796,0,1,0.9875179529190063,0.10550756752490997,-0.11694416403770447,0,-0.11170559376478195,0.9925931096076965,-0.047759510576725006,0,0.11103903502225876,0.06022671237587929,0.9919896721839905,0,0,0.13148200511932373,0,1,0.9797035455703735,-0.08202774822711945,-0.18289844691753387,0,0.07954294979572296,0.996612548828125,-0.020893441513180733,0,0.18399278819561005,0.005921099800616503,0.9829098582267761,0,0,0.1479180008172989,0,1,0.9127222299575806,0.06367893517017365,-0.40358778834342957,0,-0.09661649912595749,0.9934033751487732,-0.061758942902088165,0,0.3969928026199341,0.09536201506853104,0.9128538966178894,0,0.08036000281572342,0.05093200132250786,0,1,-0.9846209287643433,-0.0633893683552742,-0.16279856860637665,0,0.1298494040966034,0.3578866720199585,-0.9246927499771118,0,0.11687909066677094,-0.9316110610961914,-0.34415146708488464,0,-0.01741199940443039,0.16753800213336945,-0.1401679962873459,1,-0.9865310788154602,0.11350174248218536,-0.11779081076383591,0,-0.07704858481884003,0.3127807378768921,0.9466951489448547,0,0.14429421722888947,0.9430197477340698,-0.29982271790504456,0,0,0.28546199202537537,0,1,0.8388869166374207,-0.41018328070640564,0.35779696702957153,0,0.4854397475719452,0.8611436486244202,-0.15093009173870087,0,-0.24620556831359863,0.30030208826065063,0.9215211868286133,0,0,0.47466498613357544,0,1,0.929368257522583,0.0789487361907959,-0.3606134057044983,0,0.2882450222969055,0.4550991356372833,0.8424957990646362,0,0.2306288480758667,-0.8869339227676392,0.4001981317996979,0,-0.006037000101059675,0.16675199568271637,0.1401679962873459,1,0.8100289106369019,0.4807198643684387,0.3357992470264435,0,-0.40618425607681274,0.04696343094110489,0.9125831723213196,0,0.4229269325733185,-0.8756158351898193,0.23330280184745789,0,0,0.28337401151657104,0,1,0.6677024364471436,-0.6948211789131165,-0.2672022879123688,0,0.7380889654159546,0.6646449565887451,0.1160709336400032,0,0.09694605320692062,-0.2747197151184082,0.9566241502761841,0,0,0.47326499223709106,0,1,-0.28394821286201477,-0.9364310503005981,0.20608508586883545,0,0.4780566990375519,-0.32457414269447327,-0.816157877445221,0,0.8311650156974792,-0.1332261562347412,0.5398291349411011,0,-0.0041229999624192715,-0.05461600050330162,-0.1481180042028427,1,-0.05032774433493614,0.05652659386396408,-0.997131884098053,0,0.9669373631477356,0.2526721954345703,-0.034480009227991104,0,0.24999849498271942,-0.965899646282196,-0.0673740804195404,0,0,0.19472600519657135,0,1,-0.971030592918396,-0.23826062679290771,0.018196269869804382,0,-0.12509769201278687,0.4419986605644226,-0.8882497549057007,0,0.20359230041503906,-0.8647943735122681,-0.45900022983551025,0,0,0.13343800604343414,0,1,0.9768610000610352,-0.08112191408872604,-0.19789311289787292,0,0.1827680766582489,0.7971801161766052,0.5754128694534302,0,0.11107788234949112,-0.598267138004303,0.7935609221458435,0,0,0.2164130061864853,0,1,-0.8771249651908875,-0.4452040493488312,0.18012675642967224,0,0.42143234610557556,-0.5336278080940247,0.7332366108894348,0,-0.23031923174858093,0.7190512418746948,0.6556816697120667,0,0.002217999892309308,-0.05461600050330162,0.1481180042028427,1,0.0003918512084055692,-0.053283121436834335,0.998579204082489,0,0.99998939037323,-0.004635895136743784,-0.0006397436372935772,0,0.004663423169404268,0.9985685348510742,0.053280748426914215,0,0,0.1946520060300827,0,1,0.6990026831626892,0.6003177762031555,0.3886055052280426,0,-0.164777934551239,-0.3935830891132355,0.9044008851051331,0,0.695875883102417,-0.696211576461792,-0.17619633674621582,0,0,0.13569900393486023,0,1,0.991454005241394,0.056710708886384964,0.11748421937227249,0,-0.11179027706384659,0.8335260152816772,0.5410519242286682,0,-0.06724276393651962,-0.5495620965957642,0.8327429890632629,0,0,0.22100700438022614,0,1
K0.135,0.6297910213470459,-0.15771807730197906,0.7605842351913452,0,0.03905417025089264,0.98436039686203,0.17178301513195038,0,-0.7757825255393982,-0.0784834623336792,0.6261011362075806,0,-0.00408006738871336,0.3551506996154785,0.010037757456302643,1,0.9912816286087036,-0.11988212913274765,-0.054676603525877,0,0.11811328679323196,0.9923996329307556,-0.03452020511031151,0,0.05839937925338745,0.027761204168200493,0.9979068636894226,0,-0.0067900000140070915,0.0983780026435852,0,1,0.98926842212677,-0.10211144387722015,-0.10450935363769531,0,0.09475941956043243,0.992815375328064,-0.0730585902929306,0,0.11121866106987,0.06237134337425232,0.9918373823165894,0,0,0.11504700034856796,0,1,0.9875134229660034,0.10477283596992493,-0.11764207482337952,0,-0.11120462417602539,0.9925640225410461,-0.04949166253209114,0,0.11158198118209839,0.06195605918765068,0.9918221235275269,0,0,0.13148200511932373,0,1,0.9785023927688599,-0.06594710052013397,-0.19540563225746155,0,0.06182555854320526,0.9977182149887085,-0.027123907580971718,0,0.1967485249042511,0.014459745958447456,0.9803469777107239,0,0,0.1479180008172989,0,1,0.9099297523498535,0.057414863258600235,-0.4107704162597656,0,-0.09272187203168869,0.9934660792350769,-0.06653513759374619,0,0.40426650643348694,0.09862973541021347,0.9093081951141357,0,0.08036000281572342,0.05093200132250786,0,1,-0.9855794310569763,-0.0635959729552269,-0.15680734813213348,0,0.12474469840526581,0.3530610203742981,-0.9272465109825134,0,0.11433171480894089,-0.9334361553192139,-0.34003639221191406,0,-0.01741199940443039,0.16753800213336945,-0.1401679962873459,1,-0.9864248633384705,0.1173495277762413,-0.11487076431512833,0,-0.07213388383388519,0.3187715411186218,0.945082426071167,0,0.14752255380153656,0.9405391812324524,-0.3059793710708618,0,0,0.28546199202537537,0,1,0.8414236307144165,-0.407819002866745,0.3545280694961548,0,0.4824921786785126,0.8624212145805359,-0.15307269990444183,0,-0.24332645535469055,0.29985588788986206,0.9224306344985962,0,0,0.47466498613357544,0,1,0.9344204068183899,0.07333442568778992,-0.3485417366027832,0,0.2756703197956085,0.4707360863685608,0.8381008505821228,0,0.22553282976150513,-0.8792210817337036,0.41964927315711975,0,-0.006037000101059675,0.16675199568271637,0.1401679962873459,1,0.8169223070144653,0.47910159826278687,0.32109031081199646,0,-0.3847251236438751,0.03791308403015137,0.9222524762153625,0,0.4296790361404419,-0.8769398927688599,0.21529443562030792,0,0,0.28337401151657104,0,1,0.6666973233222961,-0.6940039396286011,-0.271796315908432,0,0.7378146648406982,0.6661792397499084,0.10878756642341614,0,0.10556604713201523,-0.27306365966796875,0.9561861157417297,0,0,0.47326499223709106,0,1,-0.29967236518859863,-0.9301804900169373,0.21203896403312683,0,0.45975956320762634,-0.3355454206466675,-0.8222102522850037,0,0.8359529376029968,-0.14890684187412262,0.528213381767273,0,-0.0041229999624192715,-0.05461600050330162,-0.1481180042028427,1,-0.030356014147400856,0.05209987238049507,-0.9981809258460999,0,0.9642046689987183,0.26470640301704407,-0.015506403520703316,0,0.26341694593429565,-0.9629210233688354,-0.05827037990093231,0,0,0.19472600519657135,0,1,-0.9683322310447693,-0.24856165051460266,0.023452136665582657,0,-0.1357121765613556,0.44519007205963135,-0.8850917816162109,0,0.20955929160118103,-0.860245943069458,-0.4648248851299286,0,0,0.13343800604343414,0,1,0.9768610000610352,-0.08112186938524246,-0.1978932023048401,0,0.18276818096637726,0.7971796989440918,0.5754134058952332,0,0.11107784509658813,-0.5982675552368164,0.7935603857040405,0,0,0.2164130061864853,0,1,-0.8576147556304932,-0.46858006715774536,0.211965411901474,0,0.45839861035346985,-0.5096057057380676,0.7281295657157898,0,-0.23316822946071625,0.7216192483901978,0.6518417000770569,0,0.002217999892309308,-0.05461600050330162,0.1481180042028427,1,-0.005981891881674528,-0.0445207878947258,0.9989910125732422,0,0.9993587136268616,-0.03554278984665871,0.00440009543672204,0,0.03531098738312721,0.9983757138252258,0.04470479115843773,0,0,0.1946520060300827,0,1,0.7037513852119446,0.5945987105369568,0.3888269364833832,0,-0.16029679775238037,-0.4002927541732788,0.9022590517997742,0,0.6921263337135315,-0.6972934603691101,-0.18639424443244934,0,0,0.13569900393486023,0,1,0.991454005241394,0.05671079829335213,0.11748379468917847,0,-0.11179013550281525,0.8335258960723877,0.5410521626472473,0,-0.06724226474761963,-0.5495617389678955,0.8327420949935913,0,0,0.22100700438022614,0,1
K0.169,0.6098549365997314,-0.16828711330890656,0.7744389176368713,0,0.03499007225036621,0.9819595217704773,0.18582776188850403,0,-0.7917400002479553,-0.0862303227186203,0.6047412157058716,0,-0.006126605439931154,0.3545536994934082,0.010973678901791573,1,0.9912362694740295,-0.11969419568777084,-0.05588869750499725,0,0.11786401271820068,0.9924136400222778,-0.03498147428035736,0,0.05965178832411766,0.028087642043828964,0.9978241324424744,0,-0.0067900000140070915,0.0983780026435852,0,1,0.9893100261688232,-0.10207508504390717,-0.10414344072341919,0,0.09461688995361328,0.9927435517311096,-0.07421436160802841,0,0.11096321046352386,0.06356731057167053,0.9917895793914795,0,0,0.11504700034856796,0,1,0.9874658584594727,0.10519791394472122,-0.11766587942838669,0,-0.11174055188894272,0.9924566149711609,-0.05044475197792053,0,0.11147152632474899,0.06296048313379288,0.9917712807655334,0,0,0.13148200511932373,0,1,0.9762595891952515,-0.05642012879252434,-0.2091279923915863,0,0.04916350170969963,0.9979996085166931,-0.039740875363349915,0,0.21095183491706848,0.028515944257378578,0.9770804047584534,0,0,0.1479180008172989,0,1,0.9074622988700867,0.05398673936724663,-0.4166495203971863,0,-0.09104681760072708,0.9934130907058716,-0.06957986205816269,0,0.41014885902404785,0.10107574611902237,0.9064005017280579,0,0.08036000281572342,0.05093200132250786,0,1,-0.9864727854728699,-0.06385332345962524,-0.15097911655902863,0,0.11987614631652832,0.34720754623413086,-0.9300948977470398,0,0.11181078106164932,-0.9356123208999634,-0.33485642075538635,0,-0.01741199940443039,0.16753800213336945,-0.1401679962873459,1,-0.9860866069793701,0.11942923069000244,-0.11562485247850418,0,-0.0709824413061142,0.3264446258544922,0.9425470232963562,0,0.15031284093856812,0.9376407265663147,-0.3134254217147827,0,0,0.28546199202537537,0,1,0.8469446897506714,-0.4005940556526184,0.34958258271217346,0,0.4737547039985657,0.867049515247345,-0.15421009063720703,0,-0.2413298636674881,0.29622387886047363,0.9241266250610352,0,0,0.47466498613357544,0,1,0.9389147162437439,0.06686296314001083,-0.33759263157844543,0,0.2637346684932709,0.490405797958374,0.8306293487548828,0,0.22109581530094147,-0.8689252734184265,0.4428153336048126,0,-0.006037000101059675,0.16675199568271637,0.1401679962873459,1,0.8178800344467163,0.48088720440864563,0.31594136357307434,0,-0.3711583614349365,0.02135000191628933,0.9283244609832764,0,0.43967404961586,-0.8765223622322083,0.1959470808506012,0,0,0.28337401151657104,0,1,0.6617864966392517,-0.6961061954498291,-0.27834516763687134,0,0.7409387826919556,0.6638791561126709,0.10135915875434875,0,0.11423078179359436,-0.27331477403640747,0.9551181197166443,0,0,0.47326499223709106,0,1,-0.3217337131500244,-0.9209920167922974,0.2196858674287796,0,0.43640822172164917,-0.3501521050930023,-0.828819990158081,0,0.8402588963508606,-0.17078636586666107,0.5145834684371948,0,-0.0041229999624192715,-0.05461600050330162,-0.1481180042028427,1,-0.009494082070887089,0.047224707901477814,-0.9988393187522888,0,0.9607767462730408,0.27729591727256775,0.003978193737566471,0,0.27716174721717834,-0.9596229195594788,-0.04800506308674812,0,0,0.19472600519657135,0,1,-0.9638270139694214,-0.2652592957019806,0.025988468900322914,0,-0.1462634950876236,0.44488635659217834,-0.8835629224777222,0,0.22281129658222198,-0.8554026484489441,-0.46759116649627686,0,0,0.13343800604343414,0,1,0.9768610000610352,-0.08112229406833649,-0.19789381325244904,0,0.1827687919139862,0.7971801161766052,0.5754127502441406,0,0.11107812821865082,-0.5982666611671448,0.793560266494751,0,0,0.2164130061864853,0,1,-0.8306356072425842,-0.4981318414211273,0.24881434440612793,0,0.5031632781028748,-0.4801120162010193,0.7185530066490173,0,-0.23847556114196777,0.7220504283905029,0.6494402289390564,0,0.002217999892309308,-0.05461600050330162,0.1481180042028427,1,-0.012490645982325077,-0.03591982647776604,0.9992768168449402,0,0.9979081153869629,-0.0638352781534195,0.01017898041754961,0,0.0634235367178917,0.9973135590553284,0.03664208948612213,0,0,0.1946520060300827,0,1,0.7113725543022156,0.5871121883392334,0.3863280415534973,0,-0.16034142673015594,-0.399614542722702,0.9025517106056213,0,0.6842807531356812,-0.7039942741394043,-0.19013623893260956,0,0,0.13569900393486023,0,1,0.9914539456367493,0.056710172444581985,0.11748413741588593,0,-0.11178989708423615,0.8335261344909668,0.5410528182983398,0,-0.06724285334348679,-0.5495621562004089,0.8327418565750122,0,0,0.22100700438022614,0,1
K0.202,0.5858998894691467,-0.17953257262706757,0.7902463674545288,0,0.030337858945131302,0.9793272614479065,0.19999611377716064,0,-0.8098152279853821,-0.09320329874753952,0.5792341828346252,0,-0.008176974952220917,0.35422396659851074,0.011731899343430996,1,0.99125736951828,-0.11923091113567352,-0.056509315967559814,0,0.11734264343976974,0.9924517869949341,-0.03564312309026718,0,0.060332514345645905,0.02870055101811886,0.9977657794952393,0,-0.0067900000140070915,0.0983780026435852,0,1,0.9895656704902649,-0.10150280594825745,-0.10225887596607208,0,0.09400948882102966,0.9926948547363281,-0.07561946660280228,0,0.10918745398521423,0.06521712243556976,0.9918790459632874,0,0,0.11504700034856796,0,1,0.9875237941741943,0.10619314759969711,-0.11627062410116196,0,-0.11281631141901016,0.9922583699226379,-0.05192846804857254,0,0.10985606163740158,0.06439782679080963,0.9918591380119324,0,0,0.13148200511932373,0,1,0.9737487435340881,-0.04865037277340889,-0.22236625850200653,0,0.037603992968797684,0.9978516697883606,-0.0536457784473896,0,0.22449849545955658,0.043875664472579956,0.9734865427017212,0,0,0.1479180008172989,0,1,0.9054331183433533,0.048308372497558594,-0.4217309057712555,0,-0.08819492161273956,0.9932318329811096,-0.07557706534862518,0,0.41522568464279175,0.10562451928853989,0.9035657644271851,0,0.08036000281572342,0.05093200132250786,0,1,-0.9868738651275635,-0.0640387237071991,-0.14825445413589478,0,0.1176692470908165,0.3436204791069031,-0.9317070841789246,0,0.11060860008001328,-0.9369223117828369,-0.3315747380256653,0,-0.01741199940443039,0.16753800213336945,-0.1401679962873459,1,-0.9859005808830261,0.12331563979387283,-0.11310836672782898,0,-0.06618712097406387,0.3334397077560425,0.9404454827308655,0,0.15368643403053284,0.9346719980239868,-0.3205764591693878,0,0,0.28546199202537537,0,1,0.8494178056716919,-0.39708825945854187,0.34757718443870544,0,0.46970707178115845,0.8691151142120361,-0.15496452152729034,0,-0.2405499815940857,0.29488906264305115,0.9247569441795349,0,0,0.47466498613357544,0,1,0.9439624547958374,0.059636179357767105,-0.3246198892593384,0,0.25004932284355164,0.5127505660057068,0.8213165402412415,0,0.21542951464653015,-0.8564640879631042,0.46910595893859863,0,-0.006037000101059675,0.16675199568271637,0.1401679962873459,1,0.815033495426178,0.48559874296188354,0.3160925805568695,0,-0.36235496401786804,0.0014845944242551923,0.9320386052131653,0,0.4521274268627167,-0.874180257320404,0.1771690547466278,0,0,0.28337401151657104,0,1,0.6526630520820618,-0.7009475231170654,-0.2875833213329315,0,0.7472143769264221,0.6582815051078796,0.09130720049142838,0,0.12530918419361115,-0.27447912096977234,0.953393816947937,0,0,0.47326499223709106,0,1,-0.34654003381729126,-0.9093498587608337,0.2302008867263794,0,0.4086735248565674,-0.3672531843185425,-0.8355306386947632,0,0.8443317413330078,-0.1954677850008011,0.4988950788974762,0,-0.0041229999624192715,-0.05461600050330162,-0.1481180042028427,1,0.011790964752435684,0.04363163560628891,-0.9989784955978394,0,0.9564523100852966,0.2909001410007477,0.023994460701942444,0,0.29164978861808777,-0.9557576775550842,-0.03830156847834587,0,0,0.19472600519657135,0,1,-0.9583256244659424,-0.28446951508522034,0.026264090090990067,0,-0.1556926667690277,0.4429844915866852,-0.8829071521759033,0,0.23952551186084747,-0.8502015471458435,-0.46881303191185,0,0,0.13343800604343414,0,1,0.9768609404563904,-0.08112333714962006,-0.1978931427001953,0,0.18276874721050262,0.7971829771995544,0.5754090547561646,0,0.11107785254716873,-0.5982629060745239,0.7935631275177002,0,0,0.2164130061864853,0,1,-0.7969667315483093,-0.5310608148574829,0.2877812683582306,0,0.5517776608467102,-0.4462614059448242,0.7045508027076721,0,-0.2457336187362671,0.7202948331832886,0.6486830115318298,0,0.002217999892309308,-0.05461600050330162,0.1481180042028427,1,-0.01877274177968502,-0.02795858308672905,0.9994325637817383,0,0.9959548711776733,-0.08837225288152695,0.016235264018177986,0,0.08786820620298386,0.9956945776939392,0.02950449474155903,0,0,0.1946520060300827,0,1,0.7210692763328552,0.5784151554107666,0.38143783807754517,0,-0.16428512334823608,-0.39209291338920593,0.9051368832588196,0,0.6731042265892029,-0.7153311371803284,-0.18770116567611694,0,0,0.13569900393486023,0,1,0.991454005241394,0.0567106157541275,0.11748424917459488,0,-0.111790232360363,0.8335258960723877,0.5410521030426025,0,-0.06724274903535843,-0.5495617985725403,0.8327420949935913,0,0,0.22100700438022614,0,1
