0.667,30,19,25
B0,mixamorig_Hips,-1,0.02354791760444641,0.19506491720676422,-0.9805080890655518,0,0.060770183801651,0.9786869287490845,0.19616207480430603,0,0.9978739619255066,-0.06420481204986572,0.011191900819540024,0,-0.004050000105053186,2.2995951175689697,-0.0020920000970363617,1
B1,mixamorig_Spine,0,0.9967729449272156,0.07853629440069199,-0.01659763976931572,0,-0.07980474084615707,0.9918220043182373,-0.09960342943668365,0,0.008639420382678509,0.10060659050941467,0.9948890209197998,0,0.002976000076159835,0.030446000397205353,0,1
B2,mixamorig_Spine1,1,0.9993709921836853,0.03541099652647972,0.0016800826415419579,0,-0.035395003855228424,0.999334990978241,-0.00875298585742712,0,-0.001988917589187622,0.00868801586329937,0.9999600052833557,0,0,0.03568999841809273,0,1
B3,mixamorig_Spine2,2,0.9962130188941956,0.08693362027406693,0.0012288764119148254,0,-0.08692937344312668,0.9962090253829956,-0.0031508728861808777,0,-0.0014981352724134922,0.003032116452232003,0.9999939799308777,0,0,0.04078799858689308,0,1
B4,mixamorig_Neck,3,0.9995200037956238,0.030384939163923264,0.005963111761957407,0,-0.03041405975818634,0.9995259642601013,0.004850482102483511,0,-0.005812902003526688,-0.00502951443195343,0.999970018863678,0,0,0.045885998755693436,0,1
B5,mixamorig_Head,4,0.9605101346969604,-0.27788668870925903,-0.014123957604169846,0,0.27824029326438904,0.9589489698410034,0.05476389452815056,0,-0.0016740026185289025,-0.05653110519051552,0.998399019241333,0,-0.001601999974809587,0.062467001378536224,0,1
B6,mixamorig_HeadTop_End,5,1,0,0,0,0,1,0,0,0,0,1,0,-0.0012880000285804272,0.05023699998855591,0,1
B7,mixamorig_LeftShoulder,3,-0.9906960129737854,-0.11357241868972778,-0.07498064637184143,0,-0.043265413492918015,-0.2595333158969879,0.9647648930549622,0,-0.12903070449829102,0.9590331315994263,0.25220492482185364,0,0.003725999966263771,0.010320000350475311,0.12139900028705597,1
B8,mixamorig_LeftArm,7,0.9604339599609375,-0.10373133420944214,-0.25846800208091736,0,-0.14789320528507233,0.5964338779449463,-0.7889199256896973,0,0.23599474132061005,0.7959309220314026,0.5574941039085388,0,0,0.24822799861431122,0,1
B9,mixamorig_LeftForeArm,8,-0.03586504980921745,0.3069470524787903,0.9510499238967896,0,0.9992899298667908,4.849316610489041e-7,0.03768405318260193,0,0.011566534638404846,0.9517260193824768,-0.3067290484905243,0,0,0.5594030022621155,0,1
B10,mixamorig_LeftHand,9,1,0,0,0,0,1,0,0,0,0,1,0,0,0.8106949925422668,0,1
B11,mixamorig_RightShoulder,3,-0.9918959140777588,-0.09989400953054428,0.07850485295057297,0,-0.05000513419508934,-0.2610809803009033,-0.9640209078788757,0,0.11679602414369583,-0.960133969783783,0.25397002696990967,0,0.0032309999223798513,0.010270999744534492,-0.12139900028705597,1
B12,mixamorig_RightArm,11,0.8636178970336914,-0.4687530994415283,-0.18556435406208038,0,0.4855177402496338,0.6741841435432434,0.556550145149231,0,-0.13578017055988312,-0.5707418322563171,0.8098260164260864,0,0,0.24822799861431122,0,1
B13,mixamorig_RightForeArm,12,0.04319704696536064,-0.31946298480033875,0.9466140866279602,0,0.998875081539154,-0.004752827808260918,-0.04718589410185814,0,0.01957319676876068,0.9475870132446289,0.31889808177948,0,0,0.5594459772109985,0,1
B14,mixamorig_RightHand,13,1,0,0,0,0,1,0,0,0,0,1,0,0,0.8111339807510376,0,1
B15,mixamorig_LeftUpLeg,0,-0.5989189147949219,0.8003449440002441,0.027263185009360313,0,-0.7343199253082275,-0.5624558925628662,0.38002297282218933,0,0.3194838762283325,0.20758311450481415,0.9245749711990356,0,0.0047969999723136425,-0.01693600043654442,0.16455799341201782,1
B16,mixamorig_LeftLeg,15,-0.6399239301681519,0.7657290697097778,-0.06446607410907745,0,-0.7643259167671204,-0.64292311668396,-0.049553003162145615,0,-0.07939095795154572,0.017562946304678917,0.9966890811920166,0,0,1.1665350198745728,0,1
B17,mixamorig_LeftFoot,16,-0.02020023576915264,0.061268262565135956,-0.9979170560836792,0,0.9985881447792053,-0.0478217676281929,-0.02314983867108822,0,-0.04914042353630066,-0.9969750642776489,-0.06021576002240181,0,0,1.3350930213928223,0,1
B18,mixamorig_LeftToeBase,17,0.9988039135932922,-0.04889705777168274,-0.00016928328841459006,0,0.04887394607067108,0.9984269738197327,-0.02748008444905281,0,0.0015127112856134772,0.027438927441835403,0.9996219873428345,0,0,0.07030999660491943,0,1
B19,mixamorig_LeftToe_End,18,1,0,0,0,0,1,0,0,0,0,1,0,0,0.04929399862885475,0,1
B20,mixamorig_RightUpLeg,0,-0.8076649904251099,0.5678689479827881,-0.15875358879566193,0,-0.541575014591217,-0.8209060430526733,-0.18113498389720917,0,-0.23318256437778473,-0.060319360345602036,0.9705600738525391,0,0.01054100040346384,-0.01693600043654442,-0.16455799341201782,1
B21,mixamorig_RightLeg,20,0.582024872303009,0.7865290641784668,0.20644497871398926,0,-0.7864957451820374,0.4799962639808655,0.38862210512161255,0,0.2065698653459549,-0.3885560631752014,0.897972047328949,0,0,1.1666710376739502,0,1
B22,mixamorig_RightFoot,21,0.05844990909099579,-0.23713038861751556,-0.9697179198265076,0,0.8486679196357727,-0.499712198972702,0.1733509600162506,0,-0.5256868004798889,-0.8331011533737183,0.17203682661056519,0,0,1.3349970579147339,0,1
B23,mixamorig_RightToeBase,22,0.9990059733390808,0.04456232488155365,-0.0010101146763190627,0,-0.04454867169260979,0.9974269866943359,-0.056159403175115585,0,-0.0014950784388929605,0.05614859610795975,0.9984210729598999,0,0,0.07106699794530869,0,1
B24,mixamorig_RightToe_End,23,1,0,0,0,0,1,0,0,0,0,1,0,0,0.049796998500823975,0,1
@20,0,1,2,3,4,5,7,8,9,11,12,13,15,16,17,18,20,21,22,23
K0,-0.980508029460907,0.19506509602069855,-0.023548098281025887,0,0.19616225361824036,0.9786869287490845,-0.060770075768232346,0,0.011192087084054947,-0.06420475244522095,-0.9978739619255066,0,-0.0020920000970363617,2.2995951175689697,0.004049999639391899,1,0.9967729449272156,0.07853627949953079,-0.016597608104348183,0,-0.07980472594499588,0.9918220043182373,-0.09960341453552246,0,0.008639391511678696,0.10060657560825348,0.9948890209197998,0,0.002976000076159835,0.030446000397205353,0,1,0.9993709921836853,0.03541099652647972,0.0016800824087113142,0,-0.035395003855228424,0.999334990978241,-0.008752984926104546,0,-0.0019889173563569784,0.008688014931976795,0.9999600052833557,0,0,0.03568999841809273,0,1,0.9962130188941956,0.08693362027406693,0.0012288703583180904,0,-0.08692937344312668,0.9962090253829956,-0.0031508782412856817,0,-0.0014981296844780445,0.0030321222729980946,0.9999939799308777,0,0,0.04078799858689308,0,1,0.9995200037956238,0.030384939163923264,0.005963104777038097,0,-0.03041405975818634,0.9995259642601013,0.00485048396512866,0,-0.005812895018607378,-0.005029515828937292,0.999970018863678,0,0,0.045885998755693436,0,1,0.9605101346969604,-0.27788668870925903,-0.014123980887234211,0,0.27824029326438904,0.9589489698410034,0.05476389080286026,0,-0.0016739791026338935,-0.05653110891580582,0.998399019241333,0,-0.001601999974809587,0.062467001378536224,0,1,-0.9906957745552063,-0.11357267200946808,-0.0749809667468071,0,-0.04326567053794861,-0.259533166885376,0.9647648334503174,0,-0.1290310174226761,0.9590330123901367,0.25220486521720886,0,0.003725999966263771,0.010320000350475311,0.12139900028705597,1,0.9604339003562927,-0.10373134911060333,-0.2584681510925293,0,-0.14789332449436188,0.5964338779449463,-0.7889199256896973,0,0.2359948456287384,0.7959309816360474,0.557494044303894,0,0,0.24822799861431122,0,1,-0.0358654148876667,0.3069474399089813,0.9510498046875,0,0.9992899298667908,0,0.03768440708518028,0,0.01156659796833992,0.9517259001731873,-0.3067294657230377,0,0,0.5594030022621155,0,1,-0.9918960332870483,-0.09989412873983383,0.07850486040115356,0,-0.050005123019218445,-0.2610810101032257,-0.9640210270881653,0,0.11679613590240479,-0.9601340293884277,0.25396987795829773,0,0.0032309999223798513,0.010270999744534492,-0.12139900028705597,1,0.8636178374290466,-0.4687531888484955,-0.18556427955627441,0,0.4855177402496338,0.6741841435432434,0.556550145149231,0,-0.13578028976917267,-0.5707418322563171,0.8098260164260864,0,0,0.24822799861431122,0,1,0.0431969054043293,-0.3194625973701477,0.9466142058372498,0,0.998875081539154,-0.0047530317679047585,-0.04718577861785889,0,0.01957336999475956,0.9475871324539185,0.3188977539539337,0,0,0.5594459772109985,0,1,-0.5989188551902771,0.8003448843955994,0.027263185009360313,0,-0.7343199253082275,-0.5624558925628662,0.38002291321754456,0,0.31948381662368774,0.20758306980133057,0.9245750308036804,0,0.0047969999723136425,-0.01693600043654442,0.16455799341201782,1,-0.6399239301681519,0.7657290697097778,-0.06446608155965805,0,-0.7643259167671204,-0.64292311668396,-0.04955296963453293,0,-0.07939093559980392,0.017562970519065857,0.9966890811920166,0,0,1.1665350198745728,0,1,-0.02019951306283474,0.061268698424100876,-0.9979169964790344,0,0.9985880255699158,-0.04782215505838394,-0.023149237036705017,0,-0.04914085566997528,-0.9969749450683594,-0.06021614372730255,0,0,1.3350930213928223,0,1,0.9988039135932922,-0.04889705404639244,-0.00016928621334955096,0,0.04887394234538078,0.9984269738197327,-0.027480078861117363,0,0.0015127138467505574,0.027438921853899956,0.9996219873428345,0,0,0.07030999660491943,0,1,-0.8076649904251099,0.5678689479827881,-0.15875355899333954,0,-0.5415751338005066,-0.8209060430526733,-0.18113479018211365,0,-0.23318243026733398,-0.0603192113339901,0.9705601334571838,0,0.01054100040346384,-0.01693600043654442,-0.16455799341201782,1,0.5820247530937195,0.7865291833877563,0.20644491910934448,0,-0.7864958047866821,0.4799961745738983,0.38862207531929016,0,0.20656993985176086,-0.38855594396591187,0.897972047328949,0,0,1.1666710376739502,0,1,0.058449968695640564,-0.23713023960590363,-0.9697179794311523,0,0.8486678004264832,-0.4997124671936035,0.173350989818573,0,-0.525687038898468,-0.8331010341644287,0.17203660309314728,0,0,1.3349970579147339,0,1,0.9990059733390808,0.04456232860684395,-0.0010100966319441795,0,-0.044548675417900085,0.9974269866943359,-0.056159403175115585,0,-0.0014950965996831656,0.05614859610795975,0.9984210729598999,0,0,0.07106699794530869,0,1
K0.035,-0.9857997298240662,0.16556517779827118,-0.028060579672455788,0,0.1658632606267929,0.9861106276512146,-0.008637633174657822,0,0.0262407585978508,-0.013169215992093086,-0.999569296836853,0,-0.007692668121308088,2.3186984062194824,-0.005613325629383326,1,0.9901114106178284,0.0868310034275055,-0.11018264293670654,0,-0.09146995842456818,0.995091438293457,-0.03776147589087486,0,0.10636298358440399,0.04746649041771889,0.9931942224502563,0,0.002976000076159835,0.030446000397205353,0,1,0.9979742765426636,0.041974764317274094,-0.04779961705207825,0,-0.0423860065639019,0.9990727305412292,-0.007621439173817635,0,0.04743538051843643,0.009632033295929432,0.9988278746604919,0,0,0.03568999841809273,0,1,0.9944469332695007,0.09319661557674408,-0.04888322204351425,0,-0.09338892996311188,0.9956284165382385,-0.0016598535003140569,0,0.048514846712350845,0.006215790286660194,0.9988034963607788,0,0,0.04078799858689308,0,1,0.9987173080444336,0.03789736330509186,0.03356853872537613,0,-0.038010112941265106,0.9992734789848328,0.002726529724895954,0,-0.03344082459807396,-0.0039989762008190155,0.9994322061538696,0,0,0.045885998755693436,0,1,0.9574124217033386,-0.2574544847011566,0.1306835561990738,0,0.24986903369426727,0.9656180739402771,0.07173816114664078,0,-0.14465980231761932,-0.03602925315499306,0.9888251423835754,0,-0.001601999974809587,0.062467001378536224,0,1,-0.9909479022026062,-0.1138143315911293,-0.07119791209697723,0,-0.04263739660382271,-0.23606529831886292,0.970801591873169,0,-0.1272984743118286,0.9650494456291199,0.2290755957365036,0,0.003725999966263771,0.010320000350475311,0.12139900028705597,1,0.934451162815094,-0.06199466064572334,-0.35065266489982605,0,-0.23802371323108673,0.6236662268638611,-0.7445701956748962,0,0.2648497223854065,0.7792285680770874,0.5680297017097473,0,0,0.24822799861431122,0,1,-0.09968025237321854,0.30023080110549927,0.9486439228057861,0,0.9774237871170044,0.2080504149198532,0.03685959801077843,0,-0.1862993687391281,0.9309009313583374,-0.31419119238853455,0,0,0.5594030022621155,0,1,-0.9935670495033264,-0.10046389698982239,0.05226968973875046,0,-0.027523640543222427,-0.23349599540233612,-0.9719685912132263,0,0.10985241830348969,-0.967153787612915,0.22922852635383606,0,0.0032309999223798513,0.010270999744534492,-0.12139900028705597,1,0.7227340936660767,-0.611599326133728,-0.32187241315841675,0,0.6891207098960876,0.602260172367096,0.40298324823379517,0,-0.052613336592912674,-0.513058602809906,0.8567395806312561,0,0,0.24822799861431122,0,1,0.12108628451824188,-0.31018251180648804,0.9429342150688171,0,0.9698569774627686,0.23932917416095734,-0.04581514373421669,0,-0.21146073937416077,0.920059323310852,0.32981228828430176,0,0,0.5594459772109985,0,1,-0.4436095952987671,0.8962072134017944,0.004894392564892769,0,-0.8418909907341003,-0.4185839295387268,0.3405974507331848,0,0.30729442834854126,0.1469716876745224,0.94019615650177,0,0.0047969999723136425,-0.01693600043654442,0.16455799341201782,1,-0.5357062220573425,0.8284263610839844,-0.1634921282529831,0,-0.8288725018501282,-0.5528665781021118,-0.08549092710018158,0,-0.16121219098567963,0.08971605449914932,0.9828335046768188,0,0,1.1665350198745728,0,1,-0.042587194591760635,0.10574053972959518,-0.9934818744659424,0,0.9885154366493225,-0.13984979689121246,-0.057259101420640945,0,-0.14499284327030182,-0.9845107793807983,-0.09857036918401718,0,0,1.3350930213928223,0,1,0.9990782737731934,-0.04289349913597107,0.0016360211884602904,0,0.042898960411548615,0.9964339137077332,-0.07266433537006378,0,0.0014866393757984042,0.07266747206449509,0.9973546862602234,0,0,0.07030999660491943,0,1,-0.9268835783004761,0.34013599157333374,-0.15872590243816376,0,-0.3046872019767761,-0.928774356842041,-0.21105560660362244,0,-0.21920818090438843,-0.14726224541664124,0.9645008444786072,0,0.01054100040346384,-0.01693600043654442,-0.16455799341201782,1,0.6752421855926514,0.7054681181907654,0.21532213687896729,0,-0.7258884906768799,0.5837719440460205,0.36372512578964233,0,0.13089744746685028,-0.40190231800079346,0.9062784314155579,0,0,1.1666710376739502,0,1,0.07090210914611816,-0.217525914311409,-0.9734760522842407,0,0.7862433791160583,-0.5883862972259521,0.1887417733669281,0,-0.6138356924057007,-0.7787707448005676,0.12931033968925476,0,0,1.3349970579147339,0,1,0.9989815354347229,0.04512360692024231,-0.0008458810625597835,0,-0.04510657116770744,0.9976306557655334,-0.051945704966783524,0,-0.001500099548138678,0.05193091183900833,0.9986491203308105,0,0,0.07106699794530869,0,1
K0.070,-0.9841991662979126,0.17571473121643066,-0.021829331293702126,0,0.1734381467103958,0.9815093278884888,0.08098874986171722,0,0.035656578838825226,0.07592298090457916,-0.9964753985404968,0,-0.0006930285599082708,2.3798718452453613,-0.013304436579346657,1,0.9825946688652039,0.07406945526599884,-0.1703583002090454,0,-0.06318746507167816,0.9956520199775696,0.0684424489736557,0,0.17468704283237457,-0.056486669927835464,0.9830024838447571,0,0.002976000076159835,0.030446000397205353,0,1,0.9967477917671204,0.03008846566081047,-0.07475972175598145,0,-0.030499564483761787,0.999525249004364,-0.0043632034212350845,0,0.07459293305873871,0.006629150826483965,0.9971920251846313,0,0,0.03568999841809273,0,1,0.9938682317733765,0.08007989823818207,-0.07624303549528122,0,-0.08017701655626297,0.9967793822288513,0.0017916869837790728,0,0.07614094763994217,0.00433223694562912,0.9970877766609192,0,0,0.04078799858689308,0,1,0.9977837204933167,0.050015438348054886,0.04388038069009781,0,-0.051000189036130905,0.9984650611877441,0.02161535993218422,0,-0.04273190349340439,-0.023805351927876472,0.9988024830818176,0,0,0.045885998755693436,0,1,0.9524367451667786,-0.1840602159500122,0.24286940693855286,0,0.1852453351020813,0.982524573802948,0.018154678866267204,0,-0.24196664988994598,0.027699237689375877,0.9698885679244995,0,-0.001601999974809587,0.062467001378536224,0,1,-0.993282675743103,-0.11347708851099014,-0.022616786882281303,0,-0.0003633868182078004,-0.19240231812000275,0.9813156127929688,0,-0.11570844799280167,0.9747328758239746,0.19106891751289368,0,0.003725999966263771,0.010320000350475311,0.12139900028705597,1,0.8664069175720215,-0.05919788405299187,-0.495817631483078,0,-0.3406985402107239,0.6558353304862976,-0.6736501455307007,0,0.3650532364845276,0.7525791525840759,0.5480514168739319,0,0,0.24822799861431122,0,1,-0.12112317234277725,0.2948513329029083,0.9478350281715393,0,0.9599103331565857,0.2779593765735626,0.036198996007442474,0,-0.2527864873409271,0.9142217636108398,-0.3166983425617218,0,0,0.5594030022621155,0,1,-0.9917261600494385,-0.10007239133119583,0.08040875196456909,0,-0.06412811577320099,-0.15642505884170532,-0.9856060743331909,0,0.11120982468128204,-0.9826071262359619,0.14871321618556976,0,0.0032309999223798513,0.010270999744534492,-0.12139900028705597,1,0.7062351703643799,-0.5897038578987122,-0.39176779985427856,0,0.7077757716178894,0.6013007164001465,0.3707983195781708,0,0.016909083351492882,-0.5391541719436646,0.8420371413230896,0,0,0.24822799861431122,0,1,0.1257639080286026,-0.3089908957481384,0.9427128434181213,0,0.9661306738853455,0.2539867162704468,-0.04563933610916138,0,-0.2253342866897583,0.9165231585502625,0.33046776056289673,0,0,0.5594459772109985,0,1,-0.32991066575050354,0.9437001943588257,0.024240724742412567,0,-0.9161760210990906,-0.3262670338153839,0.232748344540596,0,0.2275536209344864,0.054577406495809555,0.9722346663475037,0,0.0047969999723136425,-0.01693600043654442,0.16455799341201782,1,-0.3027755618095398,0.9357835054397583,-0.18065311014652252,0,-0.9308451414108276,-0.33104512095451355,-0.15471315383911133,0,-0.20458242297172546,0.12131675332784653,0.9713021516799927,0,0,1.1665350198745728,0,1,-0.05740152299404144,0.06930418312549591,-0.9959425926208496,0,0.9701398611068726,-0.231602281332016,-0.07203079760074615,0,-0.2356548011302948,-0.9703389406204224,-0.05394042655825615,0,0,1.3350930213928223,0,1,0.9991410970687866,-0.04137881100177765,0.002044843276962638,0,0.041404347866773605,0.9956092834472656,-0.08394663035869598,0,0.0014377484330907464,0.08395926654338837,0.9964682459831238,0,0,0.07030999660491943,0,1,-0.9783146381378174,0.0756118893623352,-0.1928310990333557,0,-0.018424592912197113,-0.9590646028518677,-0.2825873792171478,0,-0.20630447566509247,-0.2729065716266632,0.9396601319313049,0,0.01054100040346384,-0.01693600043654442,-0.16455799341201782,1,0.8500791788101196,0.5006644129753113,0.1634020060300827,0,-0.5226231813430786,0.7636252641677856,0.37913307547569275,0,0.06504052132368088,-0.40769070386886597,0.9108005166053772,0,0,1.1666710376739502,0,1,0.11760254204273224,-0.16073130071163177,-0.9799672961235046,0,0.8812140822410583,-0.4380844533443451,0.17760483920574188,0,-0.4578548073768616,-0.8844473958015442,0.09011872857809067,0,0,1.3349970579147339,0,1,0.9974645972251892,0.07052496820688248,0.00949476845562458,0,-0.07115526497364044,0.986734926700592,0.1459135264158249,0,0.0009217275073751807,-0.14621925354003906,0.9892519116401672,0,0,0.07106699794530869,0,1
K0.105,-0.9835807681083679,0.18013103306293488,0.010998956859111786,0,0.17885376513004303,0.964849054813385,0.19255395233631134,0,0.024072622880339622,0.19135969877243042,-0.9812246561050415,0,-0.0029891037847846746,2.4456889629364014,-0.022454578429460526,1,0.9745801091194153,0.07992655783891678,-0.20929700136184692,0,-0.03663206472992897,0.9784757494926453,0.20308615267276764,0,0.22102394700050354,-0.19025667011737823,0.9565305709838867,0,0.002976000076159835,0.030446000397205353,0,1,0.9959630370140076,0.018905362114310265,-0.08774814754724503,0,-0.018904970958828926,0.9998210668563843,0.0008356217294931412,0,0.08774825930595398,0.0008266281802207232,0.9961424469947815,0,0,0.03568999841809273,0,1,0.9937238097190857,0.06738302111625671,-0.08928892016410828,0,-0.06698553264141083,0.9977262020111084,0.007444201037287712,0,0.0895874947309494,-0.0014164140447974205,0.9959777593612671,0,0,0.04078799858689308,0,1,0.9969839453697205,0.05216073617339134,0.0574646033346653,0,-0.05230236425995827,0.9986312985420227,0.0009618297917768359,0,-0.057335738092660904,-0.003964460454881191,0.9983468055725098,0,0,0.045885998755693436,0,1,0.9394199252128601,-0.12215383350849152,0.320263147354126,0,0.13242197036743164,0.9911391735076904,-0.010392669588327408,0,-0.3161557614803314,0.0521729476749897,0.9472715258598328,0,-0.001601999974809587,0.062467001378536224,0,1,-0.9937007427215576,-0.11094190925359726,0.015810582786798477,0,0.03112972155213356,-0.13774313032627106,0.9899787902832031,0,-0.10765237361192703,0.9842352271080017,0.14032910764217377,0,0.003725999966263771,0.010320000350475311,0.12139900028705597,1,0.7909363508224487,-0.06265818327665329,-0.6086810231208801,0,-0.40524154901504517,0.6916881799697876,-0.597784698009491,0,0.4584740996360779,0.7194733619689941,0.5216902494430542,0,0,0.24822799861431122,0,1,-0.1273689866065979,0.29297101497650146,0.9476001262664795,0,0.953787088394165,0.2983231544494629,0.035967618227005005,0,-0.2721533477306366,0.908389151096344,-0.3174287676811218,0,0,0.5594030022621155,0,1,-0.9938252568244934,-0.09855472296476364,0.05096319317817688,0,-0.04130697250366211,-0.09765134751796722,-0.9943632483482361,0,0.10297583788633347,-0.9903286695480347,0.09297756105661392,0,0.0032309999223798513,0.010270999744534492,-0.12139900028705597,1,0.7211150527000427,-0.5803990960121155,-0.3783242404460907,0,0.6919958591461182,0.6299399137496948,0.3525867164134979,0,0.033680543303489685,-0.5160546898841858,0.8558933734893799,0,0,0.24822799861431122,0,1,0.10141065716743469,-0.3143841326236725,0.9438634514808655,0,0.9829938411712646,0.17767059803009033,-0.04643597826361656,0,-0.15309813618659973,0.9325215816497803,0.32705554366111755,0,0,0.5594459772109985,0,1,-0.2931860387325287,0.953956127166748,0.06331434100866318,0,-0.9525925517082214,-0.2971145510673523,0.06550507992506027,0,0.08130060881376266,-0.04110760986804962,0.9958416819572449,0,0.0047969999723136425,-0.01693600043654442,0.16455799341201782,1,0.015668902546167374,0.9976508021354675,-0.06668945401906967,0,-0.9760282635688782,0.0007806210196577013,-0.21764317154884338,0,-0.21707971394062042,0.06850100308656693,0.9737470149993896,0,0,1.1665350198745728,0,1,-0.05986670032143593,0.03338656947016716,-0.9976482391357422,0,0.9478533267974854,-0.31151875853538513,-0.06730369478464127,0,-0.3130330741405487,-0.9496530890464783,-0.012995944358408451,0,0,1.3350930213928223,0,1,0.9989989399909973,-0.04471827670931816,0.001118526328355074,0,0.04470634460449219,0.9972565174102783,-0.05900418013334274,0,0.0015231078723445535,0.05899512395262718,0.9982574582099915,0,0,0.07030999660491943,0,1,-0.9657385349273682,-0.03681183606386185,-0.25689196586608887,0,0.13700294494628906,-0.9130268692970276,-0.3842036724090576,0,-0.22040612995624542,-0.40623536705970764,0.8867888450622559,0,0.01054100040346384,-0.01693600043654442,-0.16455799341201782,1,0.892730176448822,0.42253372073173523,0.1565195471048355,0,-0.44967910647392273,0.813345193862915,0.369131863117218,0,0.028666215017437935,-0.39991849660873413,0.91610187292099,0,0,1.1666710376739502,0,1,0.09536954760551453,0.042579542845487595,-0.9945307374000549,0,0.9947011470794678,0.03446653112769127,0.09686156362295151,0,0.038402389734983444,-0.9984989166259766,-0.039066899567842484,0,0,1.3349970579147339,0,1,0.9925427436828613,0.1133437380194664,0.044852420687675476,0,-0.12000918388366699,0.8441404104232788,0.5225183963775635,0,0.021362440660595894,-0.524004340171814,0.8514474034309387,0,0,0.07106699794530869,0,1
K0.140,-0.9817207455635071,0.18387115001678467,0.04915568605065346,0,0.1898978054523468,0.9636313915252686,0.18802756071090698,0,-0.012795099057257175,0.1939249187707901,-0.9809325337409973,0,-0.0024741515517234802,2.4953088760375977,-0.022269267588853836,1,0.9664240479469299,0.058839648962020874,-0.250125914812088,0,-0.006894475780427456,0.9790163040161133,0.2036653757095337,0,0.2568609118461609,-0.19510260224342346,0.9465504288673401,0,0.002976000076159835,0.030446000397205353,0,1,0.9949755072593689,0.0057601951994001865,-0.09995011240243912,0,-0.005533213727176189,0.999981701374054,0.0025480471085757017,0,0.09996293485164642,-0.0019821985624730587,0.9949889183044434,0,0,0.03568999841809273,0,1,0.9934301376342773,0.05354863777756691,-0.10114036500453949,0,-0.052833203226327896,0.9985557794570923,0.009740930050611496,0,0.10151591897010803,-0.004333364311605692,0.9948247075080872,0,0,0.04078799858689308,0,1,0.9957667589187622,0.06402039527893066,0.0659470334649086,0,-0.06455721706151962,0.9978961944580078,0.006038608029484749,0,-0.0654216930270195,-0.010270400904119015,0.9978047609329224,0,0,0.045885998755693436,0,1,0.9119166135787964,-0.06984853744506836,0.4043869376182556,0,0.09502868354320526,0.9945668578147888,-0.04250682145357132,0,-0.39922070503234863,0.07719101756811142,0.91359943151474,0,-0.001601999974809587,0.062467001378536224,0,1,-0.994014322757721,-0.10851965099573135,0.012602001428604126,0,0.02084401808679104,-0.07515351474285126,0.9969542026519775,0,-0.10724201798439026,0.9912492632865906,0.07696569710969925,0,0.003725999966263771,0.010320000350475311,0.12139900028705597,1,0.7136781811714172,-0.07790762186050415,-0.6961276531219482,0,-0.461780846118927,0.6949390769004822,-0.5511976480484009,0,0.526708722114563,0.7148361206054688,0.4599865972995758,0,0,0.24822799861431122,0,1,-0.13202233612537384,0.2914741039276123,0.9474246501922607,0,0.9489150643348694,0.31349489092826843,0.03578369319438934,0,-0.2865828275680542,0.9037500619888306,-0.3179726302623749,0,0,0.5594030022621155,0,1,-0.9955557584762573,-0.09356485307216644,-0.010711976327002048,0,0.016246339306235313,-0.05859020724892616,-0.9981496334075928,0,0.09276415407657623,-0.9938881397247314,0.05984984710812569,0,0.0032309999223798513,0.010270999744534492,-0.12139900028705597,1,0.755576491355896,-0.5786151885986328,-0.30709776282310486,0,0.6550391912460327,0.6711555123329163,0.3470928370952606,0,0.00527718011289835,-0.4634164869785309,0.886125385761261,0,0,0.24822799861431122,0,1,0.07686202228069305,-0.3178410828113556,0.9450231194496155,0,0.9938042163848877,0.1007436141371727,-0.04694630205631256,0,-0.08028361946344376,0.9427767395973206,0.32361528277397156,0,0,0.5594459772109985,0,1,-0.33422917127609253,0.9423449039459229,0.016641465947031975,0,-0.942483127117157,-0.33409786224365234,-0.010212697088718414,0,-0.004064006730914116,-0.01909768581390381,0.9998096227645874,0,0.0047969999723136425,-0.01693600043654442,0.16455799341201782,1,0.39335763454437256,0.9181542992591858,-0.04757075756788254,0,-0.8869385123252869,0.36534199118614197,-0.28260481357574463,0,-0.24209511280059814,0.15335701406002045,0.9580560922622681,0,0,1.1665350198745728,0,1,-0.028625590726733208,0.007594159804284573,-0.9995613694190979,0,0.925683856010437,-0.3771551549434662,-0.02937530167400837,0,-0.37721285223960876,-0.9261188507080078,0.003766486421227455,0,0,1.3350930213928223,0,1,0.9987441897392273,-0.0500933974981308,-0.0005653583793900907,0,0.05007456615567207,0.9985763430595398,-0.01839267462491989,0,0.001485905610024929,0.018341274932026863,0.9998311400413513,0,0,0.07030999660491943,0,1,-0.965824544429779,-0.03574902191758156,-0.25672027468681335,0,0.13614052534103394,-0.9127883315086365,-0.38507503271102905,0,-0.22056517004966736,-0.40686488151550293,0.8864601850509644,0,0.01054100040346384,-0.01693600043654442,-0.16455799341201782,1,0.7828734517097473,0.5944288372993469,0.18374845385551453,0,-0.6199414730072021,0.7202259302139282,0.31136372685432434,0,0.05274317413568497,-0.3576715886592865,0.932356595993042,0,0,1.1666710376739502,0,1,0.052073851227760315,0.08965198695659637,-0.9946109056472778,0,0.9925600290298462,0.10511886328458786,0.06144163757562637,0,0.11006073653697968,-0.9904106259346008,-0.08351103216409683,0,0,1.3349970579147339,0,1,0.9973822832107544,0.07160165160894394,0.010070057585835457,0,-0.07229717075824738,0.9853230118751526,0.15463270246982574,0,0.0011496978113427758,-0.15495599806308746,0.9879205226898193,0,0,0.07106699794530869,0,1
K0.175,-0.9820165634155273,0.17826922237873077,0.06215997040271759,0,0.18478773534297943,0.9750595092773438,0.12293369323015213,0,-0.038694366812705994,0.13220933079719543,-0.9904664158821106,0,-0.0006112941191531718,2.5062637329101562,-0.014255947433412075,1,0.964888870716095,0.03069448471069336,-0.2608598470687866,0,0.005770027171820402,0.9904316067695618,0.13788330554962158,0,0.26259610056877136,-0.13454724848270416,0.9554793834686279,0,0.002976000076159835,0.030446000397205353,0,1,0.9947532415390015,-0.001890638959594071,-0.10228829085826874,0,0.00161408307030797,0.9999948143959045,-0.002786386990919709,0,0.1022929698228836,0.0026066643185913563,0.9947505593299866,0,0,0.03568999841809273,0,1,0.9935649633407593,0.04642049968242645,-0.10331859439611435,0,-0.04619259759783745,0.9989223480224609,0.004598626866936684,0,0.10342057794332504,0.000203519404749386,0.9946371912956238,0,0,0.04078799858689308,0,1,0.9950338006019592,0.07629043608903885,0.06392914056777954,0,-0.07800359278917313,0.9966461658477783,0.024740539491176605,0,-0.06182730570435524,-0.029604392126202583,0.9976480603218079,0,0,0.045885998755693436,0,1,0.9036861062049866,-0.02582082897424698,0.4274165630340576,0,0.05835212767124176,0.9962944984436035,-0.06318626552820206,0,-0.42420122027397156,0.08204121142625809,0.9018441438674927,0,-0.001601999974809587,0.062467001378536224,0,1,-0.9943231344223022,-0.10584121197462082,0.010898586362600327,0,0.015992799773812294,-0.04740180820226669,0.9987480640411377,0,-0.10519210994243622,0.9932528138160706,0.04882549121975899,0,0.003725999966263771,0.010320000350475311,0.12139900028705597,1,0.668657124042511,-0.06464266777038574,-0.7407560348510742,0,-0.5155455470085144,0.6775819063186646,-0.5244964361190796,0,0.5358272790908813,0.7326011657714844,0.4197433590888977,0,0,0.24822799861431122,0,1,-0.1213473305106163,0.29478612542152405,0.9478272199630737,0,0.9596985578536987,0.27869081497192383,0.03619085252285004,0,-0.2534821927547455,0.9140201210975647,-0.3167242109775543,0,0,0.5594030022621155,0,1,-0.9953668713569641,-0.09088190644979477,-0.03139285743236542,0,0.03504299372434616,-0.038850292563438416,-0.9986299872398376,0,0.08953778445720673,-0.9951033592224121,0.04185507073998451,0,0.0032309999223798513,0.010270999744534492,-0.12139900028705597,1,0.7894656658172607,-0.5688140392303467,-0.23063910007476807,0,0.6118576526641846,0.6994734406471252,0.3692794144153595,0,-0.048725426197052,-0.4326517581939697,0.9002435803413391,0,0,0.24822799861431122,0,1,0.059271398931741714,-0.3191339075565338,0.9458547830581665,0,0.9978459477424622,0.04561956971883774,-0.04713725298643112,0,-0.02810642309486866,0.946611225605011,0.32115036249160767,0,0,0.5594459772109985,0,1,-0.47715139389038086,0.8777307271957397,-0.043768834322690964,0,-0.8788163065910339,-0.4763939380645752,0.027024468407034874,0,0.002868996700271964,0.05135951563715935,0.9986758828163147,0,0.0047969999723136425,-0.01693600043654442,0.16455799341201782,1,0.7664653062820435,0.6394155621528625,-0.0606500618159771,0,-0.6129975914955139,0.7000566124916077,-0.3662703037261963,0,-0.19174055755138397,0.3179120123386383,0.9285299181938171,0,0,1.1665350198745728,0,1,-0.07650137692689896,-0.0476018488407135,-0.9959321618080139,0,0.9385733604431152,-0.34053418040275574,-0.055819105356931686,0,-0.33649200201034546,-0.9390262365341187,0.07072911411523819,0,0,1.3350930213928223,0,1,0.9985043406486511,-0.0546291209757328,-0.002176435897126794,0,0.0546574629843235,0.9983713626861572,0.016340531408786774,0,0.0012802229030057788,-0.016435056924819946,0.9998643398284912,0,0,0.07030999660491943,0,1,-0.9712315797805786,-0.04812980070710182,-0.2332223653793335,0,0.11858786642551422,-0.9470429420471191,-0.2984074056148529,0,-0.20650924742221832,-0.3174799382686615,0.9255052208900452,0,0.01054100040346384,-0.01693600043654442,-0.16455799341201782,1,0.6194289326667786,0.7713400721549988,0.14609089493751526,0,-0.7792727947235107,0.5815881490707397,0.23342914879322052,0,0.09508853405714035,-0.2584374248981476,0.9613368511199951,0,0,1.1666710376739502,0,1,-0.013957865536212921,0.07926475256681442,-0.9967560172080994,0,0.9976003766059875,0.06870624423027039,-0.008505929261446,0,0.06780922412872314,-0.994483470916748,-0.08003363013267517,0,0,1.3349970579147339,0,1,0.9970619678497314,0.07560372352600098,0.01231883279979229,0,-0.07657204568386078,0.9793146848678589,0.18729348480701447,0,0.0020960720721632242,-0.18768659234046936,0.982227087020874,0,0,0.07106699794530869,0,1
K0.211,-0.9866988658905029,0.14518699049949646,0.07311085611581802,0,0.14973534643650055,0.9868355989456177,0.0611131526529789,0,-0.06327559798955917,0.07124761492013931,-0.9954497814178467,0,0.0030590577516704798,2.488090753555298,-0.00728693138808012,1,0.9774777889251709,0.023806551471352577,-0.20969288051128387,0,-0.0092415576800704,0.9974928498268127,0.07016663998365402,0,0.2108374387025833,-0.06664840877056122,0.9752465486526489,0,0.002976000076159835,0.030446000397205353,0,1,0.9960315227508545,0.0030499582644551992,-0.08894527703523636,0,-0.0031414038967341185,0.9999944567680359,-0.0008881420362740755,0,0.08894211053848267,0.0011640310985967517,0.9960359930992126,0,0,0.03568999841809273,0,1,0.9945516586303711,0.052676644176244736,-0.08995787054300308,0,-0.05228801816701889,0.9986100792884827,0.006673033814877272,0,0.0901842787861824,-0.0019329565111547709,0.9959229230880737,0,0,0.04078799858689308,0,1,0.9956205487251282,0.07421741634607315,0.0568462610244751,0,-0.07529404014348984,0.9970155954360962,0.017034826800227165,0,-0.055412355810403824,-0.021240418776869774,0.9982378482818604,0,0,0.045885998755693436,0,1,0.926660418510437,-0.013998559676110744,0.375638872385025,0,0.03766895830631256,0.9977341890335083,-0.05574367195367813,0,-0.3740074336528778,0.06580539047718048,0.9250881671905518,0,-0.001601999974809587,0.062467001378536224,0,1,-0.9943031668663025,-0.10621736198663712,0.008889592252671719,0,0.014267180114984512,-0.04997606202960014,0.9986481666564941,0,-0.1056295707821846,0.9930864572525024,0.05120684579014778,0,0.003725999966263771,0.010320000350475311,0.12139900028705597,1,0.6789871454238892,-0.026527859270572662,-0.7336708307266235,0,-0.5584554076194763,0.6300370097160339,-0.5396120548248291,0,0.4765544831752777,0.7761120796203613,0.4129723906517029,0,0,0.24822799861431122,0,1,-0.08687129616737366,0.302673876285553,0.9491273164749146,0,0.9853760004043579,0.16629214584827423,0.03715897351503372,0,-0.14658531546592712,0.9384750723838806,-0.3126935064792633,0,0,0.5594030022621155,0,1,-0.995530903339386,-0.09441433101892471,0.0020948615856468678,0,0.003935185261070728,-0.06363656371831894,-0.9979652762413025,0,0.09435556083917618,-0.9934971928596497,0.06372357904911041,0,0.0032309999223798513,0.010270999744534492,-0.12139900028705597,1,0.8185817003250122,-0.5511457920074463,-0.16174598038196564,0,0.5625711679458618,0.7124651074409485,0.41941264271736145,0,-0.11591920256614685,-0.43431729078292847,0.893269956111908,0,0,0.24822799861431122,0,1,0.057863999158144,-0.3191955089569092,0.9459208846092224,0,0.9980376362800598,0.04120812192559242,-0.04714668169617653,0,-0.023930659517645836,0.9467928409576416,0.3209536075592041,0,0,0.5594459772109985,0,1,-0.685278058052063,0.7261509299278259,-0.05566607043147087,0,-0.7269085049629211,-0.6772940754890442,0.11347594112157822,0,0.04469835385680199,0.11822669953107834,0.9919798970222473,0,0.0047969999723136425,-0.01693600043654442,0.16455799341201782,1,0.9583821296691895,0.2651335299015045,-0.10586563497781754,0,-0.28321218490600586,0.8362299799919128,-0.4695844054222107,0,-0.035974569618701935,0.48002389073371887,0.8765171766281128,0,0,1.1665350198745728,0,1,-0.07182342559099197,-0.09884408861398697,-0.9925072193145752,0,0.9613054990768433,-0.27219149470329285,-0.04245789721608162,0,-0.26595547795295715,-0.9571527242660522,0.11456921696662903,0,0,1.3350930213928223,0,1,0.9981623888015747,-0.06042507663369179,-0.004501278046518564,0,0.060587529093027115,0.9962743520736694,0.06136902794241905,0,0.0007762796012684703,-0.06152898818254471,0.9981048107147217,0,0,0.07030999660491943,0,1,-0.969199001789093,0.007489994168281555,-0.24616292119026184,0,0.054795898497104645,-0.9679237604141235,-0.24519483745098114,0,-0.24010363221168518,-0.25113150477409363,0.9377011656761169,0,0.01054100040346384,-0.01693600043654442,-0.16455799341201782,1,0.33796608448028564,0.9367370009422302,0.09112215787172318,0,-0.9339806437492371,0.3218783140182495,0.15515948832035065,0,0.11601337045431137,-0.13754495978355408,0.9836780428886414,0,0,1.1666710376739502,0,1,-0.05224189534783363,0.05766109749674797,-0.9969686269760132,0,0.9957101941108704,0.07934842258691788,-0.04758674278855324,0,0.07636398822069168,-0.9951781034469604,-0.061559051275253296,0,0,1.3349970579147339,0,1,0.9970358610153198,0.07591887563467026,0.012503428384661674,0,-0.07691077888011932,0.9787894487380981,0.1898840069770813,0,0.0021775560453534126,-0.19028279185295105,0.9817270040512085,0,0,0.07106699794530869,0,1
