9.967,30,299,25
B0,mixamorig_Hips,-1,0.6792209148406982,-0.0771809071302414,-0.7298641204833984,0,0.06342901289463043,0.9969079494476318,-0.04639212042093277,0,0.7311878204345703,-0.014784058555960655,0.682016134262085,0,-0.007422000169754028,2.4134409427642822,-0.01103300042450428,1
B1,mixamorig_Spine,0,0.9969239234924316,0.002388066379353404,-0.07833739370107651,0,-0.00266092992387712,0.9999909996986389,-0.00337897427380085,0,0.07832860201597214,0.003577029798179865,0.9969210624694824,0,0.002976000076159835,0.030446000397205353,0,1
B2,mixamorig_Spine1,1,0.9661210179328918,0.201309934258461,-0.1615060567855835,0,-0.19781611859798431,0.9795180559158325,0.037598662078380585,0,0.16576701402664185,-0.004376356489956379,0.9861549735069275,0,0,0.03568999841809273,0,1
B3,mixamorig_Spine2,2,0.9661210179328918,0.201309934258461,-0.1615060567855835,0,-0.19781611859798431,0.9795180559158325,0.037598662078380585,0,0.16576701402664185,-0.004376356489956379,0.9861549735069275,0,0,0.04078799858689308,0,1
B4,mixamorig_Neck,3,0.9995040893554688,0.02232380397617817,0.022215135395526886,0,-0.022249193862080574,0.9997459650039673,-0.0036000304389744997,0,-0.022289862856268883,0.0031039766035974026,0.9997469782829285,0,0,0.045885998755693436,0,1
B5,mixamorig_Head,4,0.9314429759979248,-0.10237032920122147,-0.34918975830078125,0,0.11152981966733932,0.993742048740387,0.006168460473418236,0,0.3463732600212097,-0.04469066113233566,0.9370319247245789,0,-0.001601999974809587,0.062467001378536224,0,1
B6,mixamorig_HeadTop_End,5,1,0,0,0,0,1,0,0,0,0,1,0,-0.0012880000285804272,0.05023699998855591,0,1
B7,mixamorig_LeftShoulder,3,-0.9916700124740601,-0.12829382717609406,-0.011421008966863155,0,0.012865054421126842,-0.18688905239105225,0.9822970032691956,0,-0.12815715372562408,0.973967969417572,0.1869828701019287,0,0.003725999966263771,0.010320000350475311,0.12139900028705597,1
B8,mixamorig_LeftArm,7,0.9716270565986633,-0.005482285283505917,0.23645366728305817,0,0.20843112468719482,0.4923679232597351,-0.8450620174407959,0,-0.11178940534591675,0.8703699707984924,0.47954097390174866,0,0,0.24822799861431122,0,1
B9,mixamorig_LeftForeArm,8,-0.15031810104846954,0.1600220948457718,0.9756010174751282,0,0.7408499121665955,0.6716589331626892,0.003979943227022886,0,-0.6546341180801392,0.7233719825744629,-0.21951481699943542,0,0,0.5594030022621155,0,1
B10,mixamorig_LeftHand,9,1,0,0,0,0,1,0,0,0,0,1,0,0,0.8106949925422668,0,1
B11,mixamorig_RightShoulder,3,-0.9798000454902649,-0.11319815367460251,0.16486021876335144,0,-0.1343478560447693,-0.238056018948555,-0.9619150757789612,0,0.1481328159570694,-0.9646320343017578,0.21803908050060272,0,0.0032309999223798513,0.010270999744534492,-0.12139900028705597,1
B12,mixamorig_RightArm,11,0.925847053527832,0.3766968548297882,0.030100906267762184,0,-0.22728723287582397,0.4914471507072449,0.8407258987426758,0,0.30190613865852356,-0.785226047039032,0.5406238436698914,0,0,0.24822799861431122,0,1
B13,mixamorig_RightForeArm,12,0.30014777183532715,-0.311935693025589,0.9014471173286438,0,0.6746909618377686,0.7374680042266846,0.03054601140320301,0,-0.6743168234825134,0.5990298986434937,0.43180954456329346,0,0,0.5594459772109985,0,1
B14,mixamorig_RightHand,13,1,0,0,0,0,1,0,0,0,0,1,0,0,0.8111339807510376,0,1
B15,mixamorig_LeftUpLeg,0,-0.8947739601135254,0.43531301617622375,0.09940696507692337,0,-0.3385218679904938,-0.8065099120140076,0.48471131920814514,0,0.29117390513420105,0.40005573630332947,0.8690071702003479,0,0.0047969999723136425,-0.01693600043654442,0.16455799341201782,1
B16,mixamorig_LeftLeg,15,0.816463053226471,0.4595787525177002,-0.3495342433452606,0,-0.5752030611038208,0.7001160383224487,-0.4230589270591736,0,0.0502856969833374,0.5464658737182617,0.8359709978103638,0,0,1.1665350198745728,0,1
B17,mixamorig_LeftFoot,16,-0.03257076069712639,-0.030384894460439682,-0.999006986618042,0,0.9946950078010559,-0.09856542199850082,-0.029432307928800583,0,-0.09757335484027863,-0.9946669340133667,0.033434100449085236,0,0,1.3350930213928223,0,1
B18,mixamorig_LeftToeBase,17,0.9939149618148804,-0.10893246531486511,-0.01632877066731453,0,0.10895653814077377,0.9940460324287415,0.0005907498416490853,0,0.01616719737648964,-0.0023662811145186424,0.9998660087585449,0,0,0.07030999660491943,0,1
B19,mixamorig_LeftToe_End,18,1,0,0,0,0,1,0,0,0,0,1,0,0,0.04929399862885475,0,1
B20,mixamorig_RightUpLeg,0,-0.9661819338798523,0.10957574099302292,-0.23342078924179077,0,0.013944767415523529,-0.8816930651664734,-0.4716176390647888,0,-0.25748324394226074,-0.4589232802391052,0.8503477573394775,0,0.01054100040346384,-0.01693600043654442,-0.16455799341201782,1
B21,mixamorig_RightLeg,20,0.7886739373207092,0.6147961020469666,0.004273664206266403,0,-0.5539910793304443,0.7076230049133301,0.43859410285949707,0,0.2666217088699341,-0.34827515482902527,0.8986750245094299,0,0,1.1666710376739502,0,1
B22,mixamorig_RightFoot,21,0.08655708283185959,0.15978410840034485,-0.9833499789237976,0,0.9118379354476929,-0.41032516956329346,0.013588902540504932,0,-0.40132197737693787,-0.8978321552276611,-0.181213840842247,0,0,1.3349970579147339,0,1
B23,mixamorig_RightToeBase,22,0.9989389777183533,0.045831065624952316,-0.0044819931499660015,0,-0.04582792893052101,0.9989489912986755,0.0008011247264221311,0,0.004514001309871674,-0.0005948746693320572,0.9999899864196777,0,0,0.07106699794530869,0,1
B24,mixamorig_RightToe_End,23,1,0,0,0,0,1,0,0,0,0,1,0,0,0.049796998500823975,0,1
@20,0,1,2,3,4,5,7,8,9,11,12,13,15,16,17,18,20,21,22,23
K0,-0.7298640608787537,-0.07718093693256378,-0.6792208552360535,0,-0.046392109245061874,0.9969079494476318,-0.06342907249927521,0,0.6820160746574402,-0.014784111641347408,-0.7311877608299255,0,-0.01103300042450428,2.4134409427642822,0.007421999238431454,1,0.9969239234924316,0.0023880682419985533,-0.0783374011516571,0,-0.0026609317865222692,0.9999909996986389,-0.0033789719454944134,0,0.07832860946655273,0.003577027702704072,0.9969210624694824,0,0.002976000076159835,0.030446000397205353,0,1,0.9661210179328918,0.2013099193572998,-0.1615060418844223,0,-0.19781610369682312,0.9795180559158325,0.03759864717721939,0,0.16576698422431946,-0.004376351833343506,0.9861549735069275,0,0,0.03568999841809273,0,1,0.9661210179328918,0.2013099193572998,-0.1615060418844223,0,-0.19781610369682312,0.9795180559158325,0.03759864717721939,0,0.16576698422431946,-0.004376351833343506,0.9861549735069275,0,0,0.04078799858689308,0,1,0.9995040893554688,0.02232380397617817,0.022215137258172035,0,-0.022249193862080574,0.9997459650039673,-0.003600026946514845,0,-0.022289864718914032,0.003103972878307104,0.9997469782829285,0,0,0.045885998755693436,0,1,0.9314430356025696,-0.10237026959657669,-0.34918972849845886,0,0.11152973026037216,0.993742048740387,0.00616841483861208,0,0.34637323021888733,-0.044690586626529694,0.9370319247245789,0,-0.001601999974809587,0.062467001378536224,0,1,-0.9916700124740601,-0.12829379737377167,-0.011420870199799538,0,0.012865187600255013,-0.18688903748989105,0.9822970032691956,0,-0.1281571090221405,0.973967969417572,0.1869828701019287,0,0.003725999966263771,0.010320000350475311,0.12139900028705597,1,0.9716271162033081,-0.005482104141265154,0.23645350337028503,0,0.20843088626861572,0.4923679530620575,-0.8450620770454407,0,-0.11178947240114212,0.8703699111938477,0.47954097390174866,0,0,0.24822799861431122,0,1,-0.15031816065311432,0.1600220501422882,0.9756010174751282,0,0.7408499717712402,0.6716588735580444,0.0039800661616027355,0,-0.6546339988708496,0.7233720421791077,-0.21951481699943542,0,0,0.5594030022621155,0,1,-0.9798000454902649,-0.11319798976182938,0.164860337972641,0,-0.13434799015522003,-0.238056018948555,-0.9619150161743164,0,0.14813268184661865,-0.9646320343017578,0.21803908050060272,0,0.0032309999223798513,0.010270999744534492,-0.12139900028705597,1,0.9258471131324768,0.37669676542282104,0.03010103665292263,0,-0.22728723287582397,0.4914470314979553,0.8407258987426758,0,0.301906019449234,-0.7852261066436768,0.5406237840652466,0,0,0.24822799861431122,0,1,0.30014750361442566,-0.31193578243255615,0.9014472365379333,0,0.6746912002563477,0.7374678254127502,0.030546097084879875,0,-0.6743167638778687,0.5990301370620728,0.4318093955516815,0,0,0.5594459772109985,0,1,-0.8947739601135254,0.43531307578086853,0.09940703213214874,0,-0.33852189779281616,-0.8065099120140076,0.48471131920814514,0,0.2911739647388458,0.4000556766986847,0.8690071702003479,0,0.0047969999723136425,-0.01693600043654442,0.16455799341201782,1,0.8164629340171814,0.45957881212234497,-0.3495343327522278,0,-0.5752031207084656,0.7001158595085144,-0.42305898666381836,0,0.05028565973043442,0.5464659333229065,0.835970938205719,0,0,1.1665350198745728,0,1,-0.03257111832499504,-0.030385499820113182,-0.9990069270133972,0,0.9946950078010559,-0.09856570512056351,-0.029432600364089012,0,-0.09757360816001892,-0.9946668744087219,0.03343474492430687,0,0,1.3350930213928223,0,1,0.9939149618148804,-0.10893247276544571,-0.016328785568475723,0,0.10895654559135437,0.9940460324287415,0.0005907334852963686,0,0.016167212277650833,-0.002366266679018736,0.9998660087585449,0,0,0.07030999660491943,0,1,-0.9661819934844971,0.10957574844360352,-0.23342075943946838,0,0.013944749720394611,-0.8816930651664734,-0.4716176688671112,0,-0.25748324394226074,-0.4589233100414276,0.8503477573394775,0,0.01054100040346384,-0.01693600043654442,-0.16455799341201782,1,0.7886739373207092,0.6147960424423218,0.004273627419024706,0,-0.5539910197257996,0.7076231241226196,0.4385939836502075,0,0.2666216492652893,-0.3482750356197357,0.8986750841140747,0,0,1.1666710376739502,0,1,0.08655700832605362,0.1597840040922165,-0.9833499789237976,0,0.9118378758430481,-0.41032513976097107,0.013588804751634598,0,-0.40132203698158264,-0.8978320956230164,-0.1812136322259903,0,0,1.3349970579147339,0,1,0.9989389777183533,0.045831065624952316,-0.004481995943933725,0,-0.04582792893052101,0.9989489912986755,0.0008011250756680965,0,0.004514004103839397,-0.00059487484395504,0.9999899864196777,0,0,0.07106699794530869,0,1
K0.033,-0.7295361161231995,-0.07753925770521164,-0.6795327663421631,0,-0.04668571427464485,0.9968810081481934,-0.06362973898649216,0,0.6823472380638123,-0.014695718884468079,-0.7308807969093323,0,-0.011309001594781876,2.4136860370635986,0.007115995977073908,1,0.9969199895858765,0.002352848183363676,-0.07838618010282516,0,-0.002618149621412158,0.9999909996986389,-0.0032819388434290886,0,0.07837782055139542,0.0034770602360367775,0.9969180226325989,0,0.002976000076159835,0.030446000397205353,0,1,0.9661239385604858,0.201226145029068,-0.16159123182296753,0,-0.19772782921791077,0.979534924030304,0.03761618211865425,0,0.16585376858711243,-0.004390812944620848,0.9861410856246948,0,0,0.03568999841809273,0,1,0.9661239981651306,0.2012261599302292,-0.16159175336360931,0,-0.19772781431674957,0.9795349836349487,0.03761623054742813,0,0.16585426032543182,-0.004390763584524393,0.9861409664154053,0,0,0.04078799858689308,0,1,0.9994869828224182,0.022942867130041122,0.0223372969776392,0,-0.02287115901708603,0.9997320175170898,-0.003460325300693512,0,-0.02241070382297039,0.002947670640423894,0.9997439980506897,0,0,0.045885998755693436,0,1,0.9316468834877014,-0.10182800889015198,-0.34880530834198,0,0.11091597378253937,0.9938110113143921,0.006125820335000753,0,0.34602269530296326,-0.044395167380571365,0.9371750950813293,0,-0.001601999974809587,0.062467001378536224,0,1,-0.9916689991950989,-0.12826769053936005,-0.011801423504948616,0,0.01247930433601141,-0.18685895204544067,0.9823079705238342,0,-0.12820357084274292,0.9739770293235779,0.1869029849767685,0,0.003725999966263771,0.010320000350475311,0.12139900028705597,1,0.9716358780860901,-0.005699660629034042,0.23641331493854523,0,0.20847034454345703,0.4926011562347412,-0.8449168801307678,0,-0.11164166033267975,0.8702360987663269,0.47981682419776917,0,0,0.24822799861431122,0,1,-0.15020224452018738,0.16021008789539337,0.9755879044532776,0,0.7410070300102234,0.671485960483551,0.0038152961060404778,0,-0.6544828414916992,0.7234911918640137,-0.2195756733417511,0,0,0.5594030022621155,0,1,-0.9798480272293091,-0.11331195384263992,0.16449610888957977,0,-0.134071946144104,-0.23735970258712769,-0.9621250629425049,0,0.14806491136550903,-0.9647899270057678,0.21738433837890625,0,0.0032309999223798513,0.010270999744534492,-0.12139900028705597,1,0.9260729551315308,0.37613922357559204,0.03014495223760605,0,-0.2269647866487503,0.4914112389087677,0.8408339619636536,0,0.3014569580554962,-0.7855151891708374,0.5404528379440308,0,0,0.24822799861431122,0,1,0.29929080605506897,-0.31214478611946106,0.9016602039337158,0,0.6748782396316528,0.7372687458992004,0.031219907104969025,0,-0.6745108366012573,0.5991668105125427,0.43131735920906067,0,0,0.5594459772109985,0,1,-0.8950560092926025,0.4346819519996643,0.09962929040193558,0,-0.3378841280937195,-0.8068191409111023,0.48464182019233704,0,0.29104769229888916,0.40011823177337646,0.8690199851989746,0,0.0047969999723136425,-0.01693600043654442,0.16455799341201782,1,0.8168830275535583,0.45918020606040955,-0.3490787148475647,0,-0.5746108293533325,0.7005481123924255,-0.4231480360031128,0,0.05024528130888939,0.5462469458580017,0.8361160159111023,0,0,1.1665350198745728,0,1,-0.03247416391968727,-0.030528197064995766,-0.9990059733390808,0,0.9947339296340942,-0.09820843487977982,-0.029334157705307007,0,-0.09721528738737106,-0.9946980476379395,0.03355664387345314,0,0,1.3350930213928223,0,1,0.9939310550689697,-0.10875479131937027,-0.016544092446565628,0,0.10877522081136703,0.9940659403800964,0.0003402354195713997,0,0.01640891842544079,-0.002137758070603013,0.9998630285263062,0,0,0.07030999660491943,0,1,-0.9661951661109924,0.1093129962682724,-0.23349183797836304,0,0.014268990606069565,-0.8816001415252686,-0.4717808961868286,0,-0.2574182152748108,-0.4591640830039978,0.8502379059791565,0,0.01054100040346384,-0.01693600043654442,-0.16455799341201782,1,0.7890840172767639,0.614267885684967,0.004646342247724533,0,-0.5535979270935059,0.7078290581703186,0.4387568533420563,0,0.2662253677845001,-0.34878814220428467,0.8985938429832458,0,0,1.1666710376739502,0,1,0.08639354258775711,0.1594846248626709,-0.9834129214286804,0,0.9120411276817322,-0.4098704755306244,0.013652819208800793,0,-0.40089479088783264,-0.898093044757843,-0.18086673319339752,0,0,1.3349970579147339,0,1,0.9989370107650757,0.045871082693338394,-0.0044441381469368935,0,-0.0458679161965847,0.998947024345398,0.0008153545786626637,0,0.0044768634252250195,-0.0006106451037339866,0.9999900460243225,0,0,0.07106699794530869,0,1
K0.067,-0.7292980551719666,-0.07792307436466217,-0.6797449588775635,0,-0.04696042090654373,0.9968510866165161,-0.06389094144105911,0,0.6825830340385437,-0.014674428850412369,-0.7306607961654663,0,-0.011472998186945915,2.413954973220825,0.006769002415239811,1,0.9969199299812317,0.002267972333356738,-0.07839600741863251,0,-0.0025290290359407663,0.9999920725822449,-0.0032308443915098906,0,0.07838799059391022,0.0034191564191132784,0.9969170093536377,0,0.002976000076159835,0.030446000397205353,0,1,0.9661590456962585,0.20103973150253296,-0.1616140753030777,0,-0.19755326211452484,0.9795739650726318,0.03753022477030754,0,0.1658579558134079,-0.004332777578383684,0.9861400127410889,0,0,0.03568999841809273,0,1,0.9661590456962585,0.20103973150253296,-0.1616140753030777,0,-0.19755326211452484,0.9795739650726318,0.03753022477030754,0,0.1658579558134079,-0.004332777578383684,0.9861400127410889,0,0,0.04078799858689308,0,1,0.9994590282440186,0.02406688593327999,0.022426269948482513,0,-0.02400008775293827,0.9997069239616394,-0.0032429967541247606,0,-0.02249773032963276,0.0027030077762901783,0.9997429847717285,0,0,0.045885998755693436,0,1,0.9319441318511963,-0.10071878880262375,-0.3483337163925171,0,0.1095772311091423,0.9939619302749634,0.00576807139441371,0,0.34564927220344543,-0.043544940650463104,0.9373528957366943,0,-0.001601999974809587,0.062467001378536224,0,1,-0.991663932800293,-0.12831184267997742,-0.011797950603067875,0,0.012410168536007404,-0.18624399602413177,0.9824248552322388,0,-0.12825404107570648,0.9740889668464661,0.18628396093845367,0,0.003725999966263771,0.010320000350475311,0.12139900028705597,1,0.9716110825538635,-0.005980652291327715,0.23650981485843658,0,0.20871934294700623,0.492363840341568,-0.8449940085411072,0,-0.11139518022537231,0.870369017124176,0.47963404655456543,0,0,0.24822799861431122,0,1,-0.15028932690620422,0.16043515503406525,0.975537896156311,0,0.741165041923523,0.6713118553161621,0.0037796255201101303,0,-0.6542836427688599,0.7236023545265198,-0.21979987621307373,0,0,0.5594030022621155,0,1,-0.9799320697784424,-0.11351703852415085,0.1638527661561966,0,-0.13360002636909485,-0.23602280020713806,-0.9625200033187866,0,0.14793524146080017,-0.9650939106941223,0.21612019836902618,0,0.0032309999223798513,0.010270999744534492,-0.12139900028705597,1,0.926444947719574,0.3751980662345886,0.03042367845773697,0,-0.22648996114730835,0.4910441040992737,0.8411769866943359,0,0.3006686866283417,-0.7861950397491455,0.5399040579795837,0,0,0.24822799861431122,0,1,0.2975274622440338,-0.3126741051673889,0.9020597338676453,0,0.6750869154930115,0.7370080351829529,0.03279877454042435,0,-0.6750813722610474,0.599210798740387,0.430362731218338,0,0,0.5594459772109985,0,1,-0.8953359127044678,0.43407100439071655,0.09977918118238449,0,-0.33731600642204285,-0.8071370720863342,0.4845067858695984,0,0.2908458113670349,0.4001392126083374,0.8690779805183411,0,0.0047969999723136425,-0.01693600043654442,0.16455799341201782,1,0.8172388672828674,0.4588559567928314,-0.34867212176322937,0,-0.5741039514541626,0.7009740471839905,-0.42313098907470703,0,0.05025388300418854,0.5459729433059692,0.8362939953804016,0,0,1.1665350198745728,0,1,-0.03239227458834648,-0.030651366338133812,-0.9990049600601196,0,0.9947639107704163,-0.09792117029428482,-0.029250385239720345,0,-0.09692724049091339,-0.9947219491004944,0.033662810921669006,0,0,1.3350930213928223,0,1,0.9939320683479309,-0.10865307599306107,-0.017147904261946678,0,0.10866892337799072,0.9940779805183411,-0.000006739279342582449,0,0.017047083005309105,-0.0018567454535514116,0.9998529553413391,0,0,0.07030999660491943,0,1,-0.9662309288978577,0.10884589701890945,-0.23355980217456818,0,0.01476089097559452,-0.8815348148345947,-0.4718872010707855,0,-0.2572542130947113,-0.4593997895717621,0.8501600623130798,0,0.01054100040346384,-0.01693600043654442,-0.16455799341201782,1,0.7895749807357788,0.6136360168457031,0.004838133230805397,0,-0.5530290603637695,0.7081298828125,0.4389891028404236,0,0.2659531235694885,-0.3492899537086487,0.8984789848327637,0,0,1.1666710376739502,0,1,0.08622109889984131,0.15925276279449463,-0.9834660887718201,0,0.9122682213783264,-0.4093637466430664,0.013690878637135029,0,-0.40041491389274597,-0.8983650803565979,-0.18057705461978912,0,0,1.3349970579147339,0,1,0.9989410638809204,0.04579409584403038,-0.0045188963413238525,0,-0.0457909032702446,0.9989510774612427,0.0008068899041973054,0,0.004551101475954056,-0.0005991103826090693,0.9999889731407166,0,0,0.07106699794530869,0,1
K0.100,-0.7292839288711548,-0.0783066675066948,-0.6797159910202026,0,-0.04716666415333748,0.9968199133872986,-0.06423233449459076,0,0.6825839877128601,-0.014783667400479317,-0.7306578755378723,0,-0.011442000046372414,2.4142630100250244,0.006430998910218477,1,0.99692702293396,0.0021051804069429636,-0.07831226289272308,0,-0.0023688196670264006,0.9999919533729553,-0.0032737762667238712,0,0.07830473780632019,0.003449223702773452,0.9969239830970764,0,0.002976000076159835,0.030446000397205353,0,1,0.9662521481513977,0.20070390403270721,-0.16147994995117188,0,-0.19724911451339722,0.979642927646637,0.037316057831048965,0,0.16568204760551453,-0.004204942379146814,0.9861699938774109,0,0,0.03568999841809273,0,1,0.9662521481513977,0.20070390403270721,-0.16147994995117188,0,-0.19724911451339722,0.979642927646637,0.037316057831048965,0,0.16568204760551453,-0.004204942379146814,0.9861699938774109,0,0,0.04078799858689308,0,1,0.999413013458252,0.02587871067225933,0.022429073229432106,0,-0.025816284120082855,0.9996619820594788,-0.00306891743093729,0,-0.02250092662870884,0.002488082507625222,0.9997439384460449,0,0,0.045885998755693436,0,1,0.9323018789291382,-0.09868686646223068,-0.3479582965373993,0,0.10709913820028305,0.9942360520362854,0.004973850678652525,0,0.3454616963863373,-0.04190314933657646,0.9374971389770508,0,-0.001601999974809587,0.062467001378536224,0,1,-0.9916549921035767,-0.1284322440624237,-0.01122274063527584,0,0.012803755700588226,-0.1847321093082428,0.9827059507369995,0,-0.1282842606306076,0.9743610620498657,0.18483485281467438,0,0.003725999966263771,0.010320000350475311,0.12139900028705597,1,0.9716019630432129,-0.0062041739001870155,0.23653924465179443,0,0.2089708298444748,0.49143311381340027,-0.8454729914665222,0,-0.110997773706913,0.870893120765686,0.47877392172813416,0,0,0.24822799861431122,0,1,-0.15038003027439117,0.16074934601783752,0.9754719138145447,0,0.7415743470191956,0.6708596348762512,0.003770197043195367,0,-0.6537989377975464,0.7239521145820618,-0.2200915515422821,0,0,0.5594030022621155,0,1,-0.9800569415092468,-0.11382082104682922,0.1628919243812561,0,-0.13290782272815704,-0.23394407331943512,-0.9631229639053345,0,0.14773106575012207,-0.965565025806427,0.21415092051029205,0,0.0032309999223798513,0.010270999744534492,-0.12139900028705597,1,0.9268931150436401,0.37402862310409546,0.031172048300504684,0,-0.22605839371681213,0.49003979563713074,0.8418780565261841,0,0.29961106181144714,-0.7873780131340027,0.5387669801712036,0,0,0.24822799861431122,0,1,0.29494428634643555,-0.3135012984275818,0.9026206731796265,0,0.6755557060241699,0.7364752292633057,0.03504757210612297,0,-0.6757453680038452,0.5994336009025574,0.4290068745613098,0,0,0.5594459772109985,0,1,-0.8955930471420288,0.4335280954837799,0.09982966631650925,0,-0.33686190843582153,-0.8074279427528381,0.4843401312828064,0,0.29058030247688293,0.4001428484916687,0.8691659569740295,0,0.0047969999723136425,-0.01693600043654442,0.16455799341201782,1,0.8175088763237,0.4585273563861847,-0.34847187995910645,0,-0.5737037062644958,0.701362133026123,-0.42303016781806946,0,0.05043411627411842,0.5457507967948914,0.8364290595054626,0,0,1.1665350198745728,0,1,-0.032324522733688354,-0.03068406879901886,-0.9990059733390808,0,0.9947929382324219,-0.09764666110277176,-0.029189087450504303,0,-0.09665405005216599,-0.9947478771209717,0.0336807556450367,0,0,1.3350930213928223,0,1,0.9939159750938416,-0.10864723473787308,-0.018058186396956444,0,0.10865677148103714,0.994079053401947,-0.00045595967094413936,0,0.018000813201069832,-0.0015089596854522824,0.9998369812965393,0,0,0.07030999660491943,0,1,-0.9663107991218567,0.10801619291305542,-0.23361419141292572,0,0.015524198301136494,-0.8815580606460571,-0.47181960940361023,0,-0.2569088041782379,-0.4595513343811035,0.850182831287384,0,0.01054100040346384,-0.01693600043654442,-0.16455799341201782,1,0.7901670932769775,0.6128738522529602,0.004609876312315464,0,-0.5521751046180725,0.7086049914360046,0.4392967224121094,0,0.26596689224243164,-0.34966322779655457,0.8983299732208252,0,0,1.1666710376739502,0,1,0.08603876829147339,0.15918785333633423,-0.9834919571876526,0,0.9125091433525085,-0.4088287651538849,0.013655953109264374,0,-0.39990586042404175,-0.8986198902130127,-0.18043531477451324,0,0,1.3349970579147339,0,1,0.9989449381828308,0.04569109529256821,-0.004619342740625143,0,-0.045687902718782425,0.9989550113677979,0.0007909411215223372,0,0.004650656133890152,-0.0005790587747469544,0.9999889731407166,0,0,0.07106699794530869,0,1
K0.133,-0.7295559048652649,-0.07871226966381073,-0.679377019405365,0,-0.04734053462743759,0.996783971786499,-0.06464974582195282,0,0.6822808980941772,-0.015003534965217113,-0.7309359908103943,0,-0.01112599391490221,2.414602041244507,0.006165997590869665,1,0.9969429969787598,0.0018630472477525473,-0.07810700684785843,0,-0.0021369471214711666,0.9999919533729553,-0.003423279384151101,0,0.07810000330209732,0.0035797248128801584,0.9969390034675598,0,0.002976000076159835,0.030446000397205353,0,1,0.9664099812507629,0.20022080838680267,-0.16113002598285675,0,-0.1968131810426712,0.9797419309616089,0.03700423985719681,0,0.1652749627828598,-0.0040487563237547874,0.9862390160560608,0,0,0.03568999841809273,0,1,0.9664101004600525,0.20022082328796387,-0.16113054752349854,0,-0.19681316614151,0.9797419309616089,0.03700428828597069,0,0.1652754545211792,-0.004048708360642195,0.986238956451416,0,0,0.04078799858689308,0,1,0.9993450045585632,0.02846888080239296,0.022332772612571716,0,-0.028407184407114983,0.9995920658111572,-0.0030757146887481213,0,-0.022411221638321877,0.002439288655295968,0.9997459650039673,0,0,0.045885998755693436,0,1,0.9326558709144592,-0.09562523663043976,-0.3478620946407318,0,0.10340365767478943,0.9946320056915283,0.003817920573055744,0,0.34562987089157104,-0.03953104093670845,0.9375380277633667,0,-0.001601999974809587,0.062467001378536224,0,1,-0.9916430711746216,-0.12863215804100037,-0.009942070581018925,0,0.013777855783700943,-0.18220485746860504,0.9831640720367432,0,-0.12827791273593903,0.974810004234314,0.18245425820350647,0,0.003725999966263771,0.010320000350475311,0.12139900028705597,1,0.9716770648956299,-0.006326956208795309,0.23623013496398926,0,0.20895403623580933,0.48990684747695923,-0.8463620543479919,0,-0.11037585139274597,0.8717518448829651,0.4773532748222351,0,0,0.24822799861431122,0,1,-0.15011370182037354,0.1611941158771515,0.9754390716552734,0,0.7423942685127258,0.6699537038803101,0.003537782933562994,0,-0.6529292464256287,0.7246919274330139,-0.22023898363113403,0,0,0.5594030022621155,0,1,-0.9802321195602417,-0.11421723663806915,0.16155366599559784,0,-0.13191920518875122,-0.23124292492866516,-0.9639109969139099,0,0.14745329320430756,-0.9661679267883301,0.2116040587425232,0,0.0032309999223798513,0.010270999744534492,-0.12139900028705597,1,0.9273328185081482,0.3728214204311371,0.03252480924129486,0,-0.22586458921432495,0.4882618486881256,0.8429621458053589,0,0.29839378595352173,-0.7890527248382568,0.5369884371757507,0,0,0.24822799861431122,0,1,0.29174044728279114,-0.314532995223999,0.9033032655715942,0,0.6764609217643738,0.7355160117149353,0.03763192147016525,0,-0.6762309074401855,0.6000709533691406,0.4273492991924286,0,0,0.5594459772109985,0,1,-0.8958478569984436,0.43299493193626404,0.09985921531915665,0,-0.33642297983169556,-0.8077078461647034,0.48417800664901733,0,0.2903037667274475,0.4001549780368805,0.8692530989646912,0,0.0047969999723136425,-0.01693600043654442,0.16455799341201782,1,0.8177188038825989,0.45804595947265625,-0.34861043095588684,0,-0.5733640193939209,0.7016921043395996,-0.42294570803642273,0,0.05088857561349869,0.5457313060760498,0.8364138603210449,0,0,1.1665350198745728,0,1,-0.032276805490255356,-0.030541064217686653,-0.9990119338035583,0,0.9948189854621887,-0.09738878160715103,-0.029164085164666176,0,-0.09640195965766907,-0.9947778582572937,0.033526305109262466,0,0,1.3350930213928223,0,1,0.9938849806785583,-0.10878786444664001,-0.01889791153371334,0,0.10879114270210266,0.9940639734268188,-0.0008580878493376076,0,0.01887909322977066,-0.001203085295855999,0.9998210072517395,0,0,0.07030999660491943,0,1,-0.9664310216903687,0.10672902315855026,-0.23370884358882904,0,0.016677051782608032,-0.8816579580307007,-0.47159409523010254,0,-0.25638413429260254,-0.45966091752052307,0.8502819538116455,0,0.01054100040346384,-0.01693600043654442,-0.16455799341201782,1,0.7908701300621033,0.6119717359542847,0.003927891608327627,0,-0.5510112643241882,0.7092668414115906,0.4396900534629822,0,0.26629191637039185,-0.3499019742012024,0.8981411457061768,0,0,1.1666710376739502,0,1,0.0858548954129219,0.1593196988105774,-0.983487069606781,0,0.9127461314201355,-0.40830162167549133,0.013536724261939526,0,-0.3994027078151703,-0.898836076259613,-0.18047305941581726,0,0,1.3349970579147339,0,1,0.998947024345398,0.04563666507601738,-0.0046747904270887375,0,-0.045633334666490555,0.9989579319953918,0.0008170944056473672,0,0.004707209765911102,-0.0006029079086147249,0.9999889731407166,0,0,0.07106699794530869,0,1
K0.167,-0.7300378084182739,-0.07923202961683273,-0.6787980794906616,0,-0.0476115345954895,0.9967400431632996,-0.06513793766498566,0,0.6817459464073181,-0.015234540216624737,-0.731429934501648,0,-0.010493006557226181,2.4149439334869385,0.006016000639647245,1,0.9969670176506042,0.0015713737811893225,-0.07780967652797699,0,-0.0018606316298246384,0.9999919533729553,-0.003645138116553426,0,0.07780332863330841,0.0037788578774780035,0.9969620704650879,0,0.002976000076159835,0.030446000397205353,0,1,0.9666129350662231,0.19965186715126038,-0.16061729192733765,0,-0.19629614055156708,0.9798589944839478,0.03666026517748833,0,0.16470171511173248,-0.003907735925167799,0.9863360524177551,0,0,0.03568999841809273,0,1,0.9666130542755127,0.19965185225009918,-0.16061680018901825,0,-0.19629614055156708,0.9798589944839478,0.03666021674871445,0,0.1647011935710907,-0.0039077880792319775,0.9863359928131104,0,0,0.04078799858689308,0,1,0.9992499947547913,0.031748391687870026,0.0221867598593235,0,-0.0316835455596447,0.9994929432868958,-0.003268203232437372,0,-0.022279243916273117,0.0025627934373915195,0.9997479915618896,0,0,0.045885998755693436,0,1,0.9329550266265869,-0.09187519550323486,-0.34807202219963074,0,0.09897889941930771,0.9950860142707825,0.002640650374814868,0,0.3461189270019531,-0.03691538795828819,0.9374639391899109,0,-0.001601999974809587,0.062467001378536224,0,1,-0.991624116897583,-0.12890446186065674,-0.008054135367274284,0,0.015270509757101536,-0.178937166929245,0.9837419986724854,0,-0.1282498836517334,0.9753791093826294,0.1794067621231079,0,0.003725999966263771,0.010320000350475311,0.12139900028705597,1,0.9718610644340515,-0.006396670360118151,0.23546767234802246,0,0.20853331685066223,0.4882371127605438,-0.8474298119544983,0,-0.10954336822032928,0.8726871609687805,0.47583267092704773,0,0,0.24822799861431122,0,1,-0.14928610622882843,0.1617429405450821,0.9754759669303894,0,0.7434999942779541,0.6687300205230713,0.0029030621517449617,0,-0.6518599390983582,0.7256991863250732,-0.22008779644966125,0,0,0.5594030022621155,0,1,-0.9804689884185791,-0.11469212174415588,0.1597680151462555,0,-0.13052813708782196,-0.22817742824554443,-0.9648298621177673,0,0.14711400866508484,-0.9668411016464233,0.20875054597854614,0,0.0032309999223798513,0.010270999744534492,-0.12139900028705597,1,0.9277310371398926,0.3716578185558319,0.03444034233689308,0,-0.22599510848522186,0.4858899414539337,0.8442969918251038,0,0.2970553934574127,-0.7910638451576233,0.5347679853439331,0,0,0.24822799861431122,0,1,0.2880549728870392,-0.31567198038101196,0.9040879607200623,0,0.6777099967002869,0.7342169880867004,0.0404319129884243,0,-0.6765600442886353,0.6010629534721375,0.42542898654937744,0,0,0.5594459772109985,0,1,-0.8961490392684937,0.43233999609947205,0.09999591112136841,0,-0.3358220160007477,-0.8080410957336426,0.4840390086174011,0,0.2900700867176056,0.4001900553703308,0.8693140149116516,0,0.0047969999723136425,-0.01693600043654442,0.16455799341201782,1,0.8178921341896057,0.4573669135570526,-0.34909701347351074,0,-0.57305508852005,0.7019246816635132,-0.42297735810279846,0,0.05158400163054466,0.546001672744751,0.836195170879364,0,0,1.1665350198745728,0,1,-0.03224707022309303,-0.030176455155014992,-0.9990240335464478,0,0.9948450922966003,-0.09712084382772446,-0.029178502038121223,0,-0.09614550322294235,-0.9948151111602783,0.03315269947052002,0,0,1.3350930213928223,0,1,0.9938459992408752,-0.1090799868106842,-0.019272975623607635,0,0.10908102244138718,0.9940320253372192,-0.000999733223579824,0,0.019267017021775246,-0.001108735566958785,0.999813973903656,0,0,0.07030999660491943,0,1,-0.9665660262107849,0.10499025881290436,-0.23393790423870087,0,0.01830722950398922,-0.8817480206489563,-0.4713648557662964,0,-0.25576311349868774,-0.45988813042640686,0.8503459095954895,0,0.01054100040346384,-0.01693600043654442,-0.16455799341201782,1,0.7916949391365051,0.6109089851379395,0.003022876102477312,0,-0.549597978591919,0.7100622057914734,0.44017574191093445,0,0.2667608857154846,-0.35014626383781433,0.8979069590568542,0,0,1.1666710376739502,0,1,0.08567957580089569,0.15957880020141602,-0.983460009098053,0,0.9129769802093506,-0.40779101848602295,0.01336982287466526,0,-0.3989127278327942,-0.8990220427513123,-0.18063119053840637,0,0,1.3349970579147339,0,1,0.998945951461792,0.04566492512822151,-0.004656050354242325,0,-0.045661069452762604,0.9989570379257202,0.0009362924611195922,0,0.0046939486637711525,-0.0007227051537483931,0.9999889731407166,0,0,0.07106699794530869,0,1
K0.200,-0.7305660843849182,-0.07992084324359894,-0.6781489253044128,0,-0.04806603863835335,0.9966819882392883,-0.0656791552901268,0,0.6811481714248657,-0.015387038700282574,-0.7319838404655457,0,-0.009579000063240528,2.415302038192749,0.005968999583274126,1,0.996990978717804,0.0012570623075589538,-0.07750928401947021,0,-0.0015629376284778118,0.9999909996986389,-0.0038857748731970787,0,0.07750370353460312,0.003995224367827177,0.9969840049743652,0,0.002976000076159835,0.030446000397205353,0,1,0.966823935508728,0.1990440934896469,-0.16010205447673798,0,-0.19573593139648438,0.9799830317497253,0.036337122321128845,0,0.16412995755672455,-0.0037938770838081837,0.9864310026168823,0,0,0.03568999841809273,0,1,0.9668239951133728,0.1990441381931305,-0.16010305285453796,0,-0.195735901594162,0.9799830317497253,0.036337219178676605,0,0.16413095593452454,-0.0037937811575829983,0.9864310026168823,0,0,0.04078799858689308,0,1,0.9991269707679749,0.03546684607863426,0.022062774747610092,0,-0.03539916127920151,0.9993669986724854,-0.0034510071855038404,0,-0.022171225398778915,0.0026669930666685104,0.9997509717941284,0,0,0.045885998755693436,0,1,0.9332399964332581,-0.08792311698198318,-0.3483290374279022,0,0.0944288820028305,0.9955300092697144,0.001707326271571219,0,0.34662196040153503,-0.034485671669244766,0.937371015548706,0,-0.001601999974809587,0.062467001378536224,0,1,-0.9915979504585266,-0.12922705709934235,-0.005865336861461401,0,0.017033938318490982,-0.17538413405418396,0.9843528866767883,0,-0.1282336562871933,0.9759820103645325,0.17611180245876312,0,0.003725999966263771,0.010320000350475311,0.12139900028705597,1,0.972118079662323,-0.006452820263803005,0.23440276086330414,0,0.20780718326568604,0.4868282675743103,-0.8484187722206116,0,-0.10863923281431198,0.87347412109375,0.47459572553634644,0,0,0.24822799861431122,0,1,-0.1480766087770462,0.1623128056526184,0.9755651354789734,0,0.7445828914642334,0.6675280332565308,0.0019546980038285255,0,-0.6508991718292236,0.7266778349876404,-0.2197003960609436,0,0,0.5594030022621155,0,1,-0.98076993227005,-0.11522994935512543,0.15752141177654266,0,-0.12869995832443237,-0.2249060571193695,-0.9658430218696594,0,0.14672158658504486,-0.9675430655479431,0.20575100183486938,0,0.0032309999223798513,0.010270999744534492,-0.12139900028705597,1,0.9280979633331299,0.3705112040042877,0.0368080772459507,0,-0.22646282613277435,0.48325595259666443,0.8456822037696838,0,0.29554709792137146,-0.7932118773460388,0.532416045665741,0,0,0.24822799861431122,0,1,0.2838634252548218,-0.3168772757053375,0.9049918055534363,0,0.6789588332176208,0.7328782081604004,0.04364775866270065,0,-0.6770793795585632,0.6020618081092834,0.4231836795806885,0,0,0.5594459772109985,0,1,-0.8965510725975037,0.4314308166503906,0.10031408071517944,0,-0.33491718769073486,-0.8085009455680847,0.48389890789985657,0,0.2898729145526886,0.4002431631088257,0.8693559765815735,0,0.0047969999723136425,-0.01693600043654442,0.16455799341201782,1,0.8180851936340332,0.4565146267414093,-0.3497581481933594,0,-0.5727053880691528,0.7021034955978394,-0.4231531322002411,0,0.05239086225628853,0.5464838147163391,0.8358291387557983,0,0,1.1665350198745728,0,1,-0.032234497368335724,-0.029639815911650658,-0.9990410208702087,0,0.9948680400848389,-0.09687118232250214,-0.029225807636976242,0,-0.0959118902683258,-0.9948550462722778,0.0326102115213871,0,0,1.3350930213928223,0,1,0.993816077709198,-0.10937576740980148,-0.019164932891726494,0,0.10937923938035965,0.9939999580383301,-0.0008698119199834764,0,0.019145067781209946,-0.0012318118242546916,0.9998159408569336,0,0,0.07030999660491943,0,1,-0.966698944568634,0.10287589579820633,-0.2343279868364334,0,0.020396899431943893,-0.8817589282989502,-0.4712600111961365,0,-0.2551020383834839,-0.4603460431098938,0.8502969741821289,0,0.01054100040346384,-0.01693600043654442,-0.16455799341201782,1,0.7926889061927795,0.6096222400665283,0.0021518913563340902,0,-0.5479708313941956,0.7109681367874146,0.4407418966293335,0,0.2671559154987335,-0.3505500853061676,0.8976309895515442,0,0,1.1666710376739502,0,1,0.0855032354593277,0.1598660945892334,-0.983428955078125,0,0.9132238626480103,-0.40724438428878784,0.013197759166359901,0,-0.39838600158691406,-0.8992191553115845,-0.1808142513036728,0,0,1.3349970579147339,0,1,0.998941957950592,0.045759815722703934,-0.004576983395963907,0,-0.04575518146157265,0.9989519715309143,0.0011107978643849492,0,0.004623017273843288,-0.0009002021979540586,0.9999890327453613,0,0,0.07106699794530869,0,1
