0.833,30,25,25
B0,mixamorig_Hips,-1,-0.07455398142337799,0.015567257069051266,-0.9970950484275818,0,-0.06615709513425827,0.9975979924201965,0.020521752536296844,0,0.9950199723243713,0.06749492883682251,-0.07334506511688232,0,0.018845999613404274,2.387808084487915,-0.021973000839352608,1
B1,mixamorig_Spine,0,0.9974110126495361,-0.06855789572000504,0.021689102053642273,0,0.06813310086727142,0.9974809885025024,0.019755946472287178,0,-0.022988902404904366,-0.01822706125676632,0.9995700120925903,0,0.002976000076159835,0.030446000397205353,0,1
B2,mixamorig_Spine1,1,0.9956300854682922,0.05597376078367233,0.07474663853645325,0,-0.05825425311923027,0.9978899955749512,0.028684020042419434,0,-0.07298336178064346,-0.032912980765104294,0.9967899322509766,0,0,0.03568999841809273,0,1
B3,mixamorig_Spine2,2,0.9956300258636475,0.0560336597263813,0.07471111416816711,0,-0.05831931158900261,0.9978829622268677,0.02876979485154152,0,-0.07294086366891861,-0.03300116956233978,0.9967899918556213,0,0,0.04078799858689308,0,1
B4,mixamorig_Neck,3,0.9937359690666199,0.11136535555124283,-0.00925405789166689,0,-0.11133964359760284,0.9937770366668701,0.00325436657294631,0,0.009558900259435177,-0.0022036388982087374,0.9999520182609558,0,0,0.045885998755693436,0,1
B5,mixamorig_Head,4,0.9831749796867371,-0.17783594131469727,-0.04173813760280609,0,0.177760049700737,0.9840580224990845,-0.00555039569735527,0,0.042059797793626785,-0.0019623630214482546,0.9991130232810974,0,-0.001601999974809587,0.062467001378536224,0,1
B6,mixamorig_HeadTop_End,5,1,0,0,0,0,1,0,0,0,0,1,0,-0.0012880000285804272,0.05023699998855591,0,1
B7,mixamorig_LeftShoulder,3,-0.9876348972320557,-0.11727232486009598,-0.10403959453105927,0,-0.07076249271631241,-0.2587136924266815,0.9633589386940002,0,-0.13989178836345673,0.9588088989257812,0.24721626937389374,0,0.003725999966263771,0.010320000350475311,0.12139900028705597,1
B8,mixamorig_LeftArm,7,0.9488399624824524,-0.22284497320652008,0.2237042337656021,0,0.31501880288124084,0.6196059584617615,-0.7189240455627441,0,0.021600129082798958,0.7526149153709412,0.6581071615219116,0,0,0.24822799861431122,0,1
B9,mixamorig_LeftForeArm,8,-0.24952200055122375,0.2202317863702774,0.9429930448532104,0,0.7169819474220276,0.6965670585632324,0.027037890627980232,0,-0.6509038209915161,0.6828560829162598,-0.3317112922668457,0,0,0.5594030022621155,0,1
B10,mixamorig_LeftHand,9,1,0,0,0,0,1,0,0,0,0,1,0,0,0.8106949925422668,0,1
B11,mixamorig_RightShoulder,3,-0.9850308895111084,-0.11323409527540207,0.12997181713581085,0,-0.09688218683004379,-0.2599719762802124,-0.9607439637184143,0,0.14257793128490448,-0.9589539766311646,0.24511004984378815,0,0.0032309999223798513,0.010270999744534492,-0.12139900028705597,1
B12,mixamorig_RightArm,11,0.9271319508552551,0.36351537704467773,0.09101500362157822,0,-0.24609176814556122,0.40745779871940613,0.8794411420822144,0,0.2826055884361267,-0.8377559781074524,0.4672252833843231,0,0,0.24822799861431122,0,1
B13,mixamorig_RightForeArm,12,0.36340707540512085,-0.01633181981742382,0.931486964225769,0,0.05106405168771744,0.998691976070404,-0.00241182092577219,0,-0.9302300214767456,0.048442017287015915,0.36376601457595825,0,0,0.5594459772109985,0,1
B14,mixamorig_RightHand,13,1,0,0,0,0,1,0,0,0,0,1,0,0,0.8111339807510376,0,1
B15,mixamorig_LeftUpLeg,0,-0.9669130444526672,-0.2306947112083435,0.1088976040482521,0,0.2481023073196411,-0.9497209191322327,0.19098462164402008,0,0.059363219887018204,0.21168337762355804,0.9755339026451111,0,0.0047969999723136425,-0.01693600043654442,0.16455799341201782,1
B16,mixamorig_LeftLeg,15,0.9526140093803406,0.2985091507434845,-0.05847320705652237,0,-0.28841376304626465,0.8252969980239868,-0.48549214005470276,0,-0.09666603803634644,0.4793508052825928,0.8722831010818481,0,0,1.1665350198745728,0,1
B17,mixamorig_LeftFoot,16,-0.08407184481620789,0.11149725317955017,-0.990202009677887,0,0.899756908416748,-0.41854414343833923,-0.12352101504802704,0,-0.42821571230888367,-0.9013261198997498,-0.06513265520334244,0,0,1.3350930213928223,0,1
B18,mixamorig_LeftToeBase,17,0.9969689846038818,-0.07674113661050797,-0.01279962994158268,0,0.07776892930269241,0.9782360792160034,0.19236984848976135,0,-0.0022416224237531424,-0.1927821785211563,0.9812390208244324,0,0,0.07030999660491943,0,1
B19,mixamorig_LeftToe_End,18,1,0,0,0,0,1,0,0,0,0,1,0,0,0.04929399862885475,0,1
B20,mixamorig_RightUpLeg,0,-0.7783809900283813,0.6246451735496521,-0.0627799928188324,0,-0.5747359395027161,-0.7492612600326538,-0.3290688991546631,0,-0.25259000062942505,-0.2200591117143631,0.9422169327735901,0,0.01054100040346384,-0.01693600043654442,-0.16455799341201782,1
B21,mixamorig_RightLeg,20,0.8788210153579712,0.47601890563964844,-0.032865069806575775,0,-0.41622400283813477,0.7984609007835388,0.4349922239780426,0,0.23330582678318024,-0.3686008155345917,0.8998340368270874,0,0,1.1666710376739502,0,1
B22,mixamorig_RightFoot,21,-0.0855458602309227,-0.1780889928340912,-0.9802889823913574,0,0.9675468802452087,-0.24965021014213562,-0.03907998651266098,0,-0.2377697229385376,-0.9518190622329712,0.19366607069969177,0,0,1.3349970579147339,0,1
B23,mixamorig_RightToeBase,22,0.9988530278205872,0.0478815957903862,-1.9161743125550856e-7,0,-0.04785839468240738,0.9983689785003662,-0.031126847490668297,0,-0.0014902111142873764,0.03109114244580269,0.9995149374008179,0,0,0.07106699794530869,0,1
B24,mixamorig_RightToe_End,23,1,0,0,0,0,1,0,0,0,0,1,0,0,0.049796998500823975,0,1
@20,0,1,2,3,4,5,7,8,9,11,12,13,15,16,17,18,20,21,22,23
K0,-0.997094988822937,0.015567172318696976,0.07455392926931381,0,0.02052164450287819,0.9975979924201965,0.06615682691335678,0,-0.07334502041339874,0.06749465316534042,-0.9950199723243713,0,-0.02197299897670746,2.387808084487915,-0.018845999613404274,1,0.9974110126495361,-0.06855789572000504,0.021689100190997124,0,0.06813310086727142,0.9974809885025024,0.01975594274699688,0,-0.022988900542259216,-0.01822705753147602,0.9995700120925903,0,0.002976000076159835,0.030446000397205353,0,1,0.9956300854682922,0.055973753333091736,0.07474663108587265,0,-0.05825424566864967,0.9978899955749512,0.028684020042419434,0,-0.07298336178064346,-0.032912980765104294,0.9967899322509766,0,0,0.03568999841809273,0,1,0.9956300258636475,0.0560336709022522,0.07471112906932831,0,-0.058319322764873505,0.9978829622268677,0.028769809752702713,0,-0.0729408785700798,-0.033001188188791275,0.9967899918556213,0,0,0.04078799858689308,0,1,0.9937359690666199,0.11136535555124283,-0.009254079312086105,0,-0.11133964359760284,0.9937770366668701,0.0032543649431318045,0,0.009558920748531818,-0.0022036349400877953,0.9999520182609558,0,0,0.045885998755693436,0,1,0.9831749796867371,-0.17783594131469727,-0.04173817113041878,0,0.177760049700737,0.9840580224990845,-0.0055503821931779385,0,0.04205983132123947,-0.0019623825792223215,0.9991130232810974,0,-0.001601999974809587,0.062467001378536224,0,1,-0.9876348972320557,-0.11727263778448105,-0.10403982549905777,0,-0.07076263427734375,-0.2587137520313263,0.963358998298645,0,-0.13989214599132538,0.9588088989257812,0.24721620976924896,0,0.003725999966263771,0.010320000350475311,0.12139900028705597,1,0.9488399624824524,-0.22284507751464844,0.2237042337656021,0,0.315018892288208,0.6196058392524719,-0.7189241051673889,0,0.021600253880023956,0.7526149153709412,0.6581071019172668,0,0,0.24822799861431122,0,1,-0.24952192604541779,0.22023172676563263,0.9429930448532104,0,0.7169817686080933,0.6965672373771667,0.027037814259529114,0,-0.6509039998054504,0.6828559041023254,-0.33171117305755615,0,0,0.5594030022621155,0,1,-0.9850308895111084,-0.11323422193527222,0.12997190654277802,0,-0.09688223898410797,-0.2599719762802124,-0.9607440233230591,0,0.14257808029651642,-0.9589539766311646,0.24511002004146576,0,0.0032309999223798513,0.010270999744534492,-0.12139900028705597,1,0.9271319508552551,0.3635154068470001,0.09101472795009613,0,-0.2460915744304657,0.40745794773101807,0.8794410824775696,0,0.28260573744773865,-0.8377558588981628,0.4672253727912903,0,0,0.24822799861431122,0,1,0.36340707540512085,-0.016331829130649567,0.931486964225769,0,0.05106417089700699,0.998691976070404,-0.002411856781691313,0,-0.9302300214767456,0.048442140221595764,0.36376601457595825,0,0,0.5594459772109985,0,1,-0.9669130444526672,-0.23069468140602112,0.10889768600463867,0,0.2481023073196411,-0.9497209191322327,0.1909846067428589,0,0.05936330184340477,0.21168337762355804,0.9755339026451111,0,0.0047969999723136425,-0.01693600043654442,0.16455799341201782,1,0.9526139497756958,0.29850924015045166,-0.058473140001297,0,-0.28841379284858704,0.8252969980239868,-0.48549216985702515,0,-0.0966661348938942,0.4793507754802704,0.8722831010818481,0,0,1.1665350198745728,0,1,-0.08407140523195267,0.11149714887142181,-0.9902020692825317,0,0.8997570276260376,-0.41854414343833923,-0.12352055311203003,0,-0.4282156229019165,-0.9013261795043945,-0.06513278186321259,0,0,1.3350930213928223,0,1,0.9969689846038818,-0.07674109935760498,-0.012799621559679508,0,0.07776889204978943,0.9782360792160034,0.19236983358860016,0,-0.002241621958091855,-0.19278216361999512,0.9812390208244324,0,0,0.07030999660491943,0,1,-0.7783809900283813,0.6246451139450073,-0.062780000269413,0,-0.5747358798980713,-0.7492612600326538,-0.3290688693523407,0,-0.25259000062942505,-0.2200591117143631,0.9422169327735901,0,0.01054100040346384,-0.01693600043654442,-0.16455799341201782,1,0.8788210153579712,0.4760189354419708,-0.03286511451005936,0,-0.41622403264045715,0.7984609007835388,0.4349921941757202,0,0.23330587148666382,-0.3686007559299469,0.8998340368270874,0,0,1.1666710376739502,0,1,-0.08554551750421524,-0.17808884382247925,-0.9802889823913574,0,0.9675468802452087,-0.24965015053749084,-0.03907971456646919,0,-0.23776975274085999,-0.9518190622329712,0.19366589188575745,0,0,1.3349970579147339,0,1,0.9988530278205872,0.0478816032409668,0,0,-0.047858402132987976,0.9983689785003662,-0.031126853078603745,0,-0.0014902016846463084,0.031091148033738136,0.9995149374008179,0,0,0.07106699794530869,0,1
K0.033,-0.9967978596687317,0.013979243114590645,0.07872699946165085,0,0.01752893626689911,0.998852014541626,0.04457947984337807,0,-0.07801346480846405,0.045816753059625626,-0.995898962020874,0,-0.011664905585348606,2.3751280307769775,-0.0020328068640083075,1,0.9974539279937744,-0.06703212857246399,0.02433018572628498,0,0.0668838620185852,0.9977369904518127,0.006858278065919876,0,-0.024734849110245705,-0.005213519558310509,0.9996799826622009,0,0.002976000076159835,0.030446000397205353,0,1,0.9946990013122559,0.05838795751333237,0.08463902771472931,0,-0.060378070920705795,0.9979519844055176,0.02114430069923401,0,-0.08323109149932861,-0.026142550632357597,0.9961869716644287,0,0,0.03568999841809273,0,1,0.994700014591217,0.05850118398666382,0.08454901725053787,0,-0.06049785390496254,0.9979419708251953,0.021247202530503273,0,-0.08313209563493729,-0.02624964900314808,0.996192991733551,0,0,0.04078799858689308,0,1,0.9940449595451355,0.10839809477329254,-0.011111737228929996,0,-0.10833185166120529,0.9940940141677856,0.006403960753232241,0,0.011740298941731453,-0.005162074696272612,0.9999179840087891,0,0,0.045885998755693436,0,1,0.9817519783973694,-0.18306514620780945,-0.0514792837202549,0,0.18362298607826233,0.982977032661438,0.006282040849328041,0,0.049452900886535645,-0.015620176680386066,0.9986540079116821,0,-0.001601999974809587,0.062467001378536224,0,1,-0.9877600073814392,-0.11736750602722168,-0.10273482650518417,0,-0.06918749213218689,-0.26062318682670593,0.9629579782485962,0,-0.13979515433311462,0.958280086517334,0.2493128925561905,0,0.003725999966263771,0.010320000350475311,0.12139900028705597,1,0.9385749101638794,-0.23200759291648865,0.2554386854171753,0,0.3450581431388855,0.6237455606460571,-0.7013393044471741,0,0.0033872697968035936,0.746400773525238,0.6654881834983826,0,0,0.24822799861431122,0,1,-0.23380637168884277,0.23447830975055695,0.9435857534408569,0,0.7633633017539978,0.645327627658844,0.02878793142735958,0,-0.6021719574928284,0.7270297408103943,-0.3298739492893219,0,0,0.5594030022621155,0,1,-0.9843320846557617,-0.11375462263822556,0.13471974432468414,0,-0.10095466673374176,-0.2628213167190552,-0.9595479369163513,0,0.1445603221654892,-0.9581150412559509,0.247219517827034,0,0.0032309999223798513,0.010270999744534492,-0.12139900028705597,1,0.908065915107727,0.4037759304046631,0.11126824468374252,0,-0.28244149684906006,0.39419347047805786,0.8745501041412354,0,0.30926135182380676,-0.8255767822265625,0.4719972312450409,0,0,0.24822799861431122,0,1,0.3636482059955597,-0.010607155039906502,0.9314758777618408,0,0.033166639506816864,0.9994490742683411,-0.001567058963701129,0,-0.9309461116790771,0.03146378695964813,0.36379972100257874,0,0,0.5594459772109985,0,1,-0.9579790234565735,-0.25958380103111267,0.1220356896519661,0,0.28189417719841003,-0.9306640625,0.2332383692264557,0,0.053029317408800125,0.25783857703208923,0.964731752872467,0,0.0047969999723136425,-0.01693600043654442,0.16455799341201782,1,0.9336543679237366,0.3470306396484375,-0.08865240216255188,0,-0.3459317684173584,0.8095206618309021,-0.47434931993484497,0,-0.09284784644842148,0.47354620695114136,0.8758618235588074,0,0,1.1665350198745728,0,1,-0.06826789677143097,0.07819259911775589,-0.9945980310440063,0,0.9620816707611084,-0.2587231397628784,-0.08637608587741852,0,-0.26407957077026367,-0.9627816677093506,-0.05756526067852974,0,0,1.3350930213928223,0,1,0.9945650696754456,-0.09971492737531662,-0.029966628178954124,0,0.10348526388406754,0.9149322509765625,0.3901146948337555,0,-0.011482824571430683,-0.39109545946121216,0.9202784299850464,0,0,0.07030999660491943,0,1,-0.7675350308418274,0.6367447972297668,-0.07379654049873352,0,-0.5875886678695679,-0.7449052929878235,-0.3159996569156647,0,-0.25618261098861694,-0.19917882978916168,0.945885181427002,0,0.01054100040346384,-0.01693600043654442,-0.16455799341201782,1,0.7957033514976501,0.6051648259162903,-0.02515193447470665,0,-0.5416154861450195,0.7295058369636536,0.41770073771476746,0,0.27112603187561035,-0.31874293088912964,0.908236026763916,0,0,1.1666710376739502,0,1,-0.06484867632389069,-0.14222833514213562,-0.9877071380615234,0,0.9872691631317139,-0.15320587158203125,-0.042758509516716,0,-0.14524097740650177,-0.9779051542282104,0.15035277605056763,0,0,1.3349970579147339,0,1,0.9988530278205872,0.04789109528064728,0.0000028284910058573587,0,-0.047867897897958755,0.9983710050582886,-0.031056884676218033,0,-0.001490171649493277,0.03102111630141735,0.9995179772377014,0,0,0.07106699794530869,0,1
K0.067,-0.9975529909133911,0.010375266894698143,0.06914029270410538,0,0.011896437034010887,0.9996950030326843,0.021625982597470284,0,-0.0688948854804039,0.022395605221390724,-0.9973729848861694,0,-0.002646083477884531,2.3726460933685303,0.016610827296972275,1,0.9974430203437805,-0.06637725234031677,0.026477109640836716,0,0.0664757564663887,0.9977840781211853,-0.002856018953025341,0,-0.026228856295347214,0.0046088011004030704,0.9996449947357178,0,0.002976000076159835,0.030446000397205353,0,1,0.9941781163215637,0.06006792187690735,0.08945663273334503,0,-0.06154004856944084,0.9980090260505676,0.013788122683763504,0,-0.08845027536153793,-0.019213009625673294,0.9958949685096741,0,0,0.03568999841809273,0,1,0.9941790699958801,0.06018976867198944,0.08935766667127609,0,-0.061666201800107956,0.9980009198188782,0.013852213509380817,0,-0.0883452370762825,-0.019281921908259392,0.995902955532074,0,0,0.04078799858689308,0,1,0.9943390488624573,0.10547500848770142,-0.01285176258534193,0,-0.10537604987621307,0.9943990111351013,0.008148182183504105,0,0.013639205135405064,-0.006747786421328783,0.9998840093612671,0,0,0.045885998755693436,0,1,0.980163037776947,-0.18842165172100067,-0.06146154925227165,0,0.18970520794391632,0.9817150235176086,0.015711944550275803,0,0.05737729370594025,-0.02705986239016056,0.9979860186576843,0,-0.001601999974809587,0.062467001378536224,0,1,-0.9879110455513,-0.11743909865617752,-0.101195327937603,0,-0.0674821063876152,-0.26190316677093506,0.9627320170402527,0,-0.13956570625305176,0.957922101020813,0.2508118152618408,0,0.003725999966263771,0.010320000350475311,0.12139900028705597,1,0.938386082649231,-0.2131192833185196,0.27205273509025574,0,0.34497588872909546,0.6245611310005188,-0.7006528973579407,0,-0.02059088833630085,0.751334011554718,0.6595999598503113,0,0,0.24822799861431122,0,1,-0.2239246517419815,0.2424871027469635,0.9439591765403748,0,0.789434015750885,0.6131130456924438,0.02976999804377556,0,-0.5715342164039612,0.7518588304519653,-0.3287183344364166,0,0,0.5594030022621155,0,1,-0.9835990071296692,-0.11420365422964096,0.13960684835910797,0,-0.10526561737060547,-0.26505234837532043,-0.9584708213806152,0,0.14646406471729279,-0.9574471712112427,0.24868357181549072,0,0.0032309999223798513,0.010270999744534492,-0.12139900028705597,1,0.896324098110199,0.4274558126926422,0.11783535033464432,0,-0.29913780093193054,0.38679203391075134,0.8723011016845703,0,0.32729220390319824,-0.817112922668457,0.47455888986587524,0,0,0.24822799861431122,0,1,0.36376866698265076,-0.005957723595201969,0.9314700961112976,0,0.01862645335495472,0.9998260140419006,-0.0008792902808636427,0,-0.9313028454780579,0.01766984350979328,0.36381638050079346,0,0,0.5594459772109985,0,1,-0.9710067510604858,-0.20630371570587158,0.12076602131128311,0,0.23270517587661743,-0.9313740730285645,0.27998238801956177,0,0.054716967046260834,0.29996782541275024,0.952379047870636,0,0.0047969999723136425,-0.01693600043654442,0.16455799341201782,1,0.8538298010826111,0.4971309304237366,-0.15438826382160187,0,-0.5095212459564209,0.7373989224433899,-0.44343137741088867,0,-0.10659772157669067,0.4572789967060089,0.8829119205474854,0,0,1.1665350198745728,0,1,-0.04152139648795128,0.015254376456141472,-0.9990209341049194,0,0.9980568289756775,-0.045850515365600586,-0.042181454598903656,0,-0.04644912853837013,-0.9988318085670471,-0.013320947997272015,0,0,1.3350930213928223,0,1,0.9922880530357361,-0.09552537649869919,-0.07899238914251328,0,0.123057521879673,0.8357189297676086,0.5351926684379578,0,0.014890952035784721,-0.5407856702804565,0.8410287499427795,0,0,0.07030999660491943,0,1,-0.7841359972953796,0.6133319735527039,-0.09462974965572357,0,-0.5675144195556641,-0.7703894972801208,-0.29056426882743835,0,-0.2511141300201416,-0.1741381734609604,0.9521649479866028,0,0.01054100040346384,-0.01693600043654442,-0.16455799341201782,1,0.7462896704673767,0.6655102372169495,-0.012118921615183353,0,-0.6042906641960144,0.6850483417510986,0.40686801075935364,0,0.27907711267471313,-0.29631829261779785,0.9134068489074707,0,0,1.1666710376739502,0,1,-0.03837240859866142,-0.12697720527648926,-0.991162896156311,0,0.9947749376296997,-0.09876604378223419,-0.025859421119093895,0,-0.09460965543985367,-0.9869758486747742,0.13010361790657043,0,0,1.3349970579147339,0,1,0.9988529682159424,0.04788209870457649,0,0,-0.04785889759659767,0.9983689188957214,-0.03112635388970375,0,-0.0014901974936947227,0.031090648844838142,0.9995149970054626,0,0,0.07106699794530869,0,1
K0.100,-0.9987090229988098,0.005289857275784016,0.05052486062049866,0,0.005181877873837948,0.9999840259552002,-0.002267880132421851,0,-0.05053602531552315,-0.002003137953579426,-0.9987199306488037,0,0.0028949975967407227,2.381074905395508,0.034965015947818756,1,0.9973869919776917,-0.06709711253643036,0.02678486332297325,0,0.06730888783931732,0.9977070093154907,-0.0070838299579918385,0,-0.026248134672641754,0.00886817742139101,0.9996160268783569,0,0.002976000076159835,0.030446000397205353,0,1,0.9946248531341553,0.06107938662171364,0.08361019194126129,0,-0.06190361827611923,0.9980550408363342,0.007299222983419895,0,-0.08300179988145828,-0.01243576966226101,0.9964720606803894,0,0,0.03568999841809273,0,1,0.9946239590644836,0.06111334636807442,0.08359431475400925,0,-0.06193065643310547,0.9980540871620178,0.007216865196824074,0,-0.08299066871404648,-0.012355128303170204,0.9964740872383118,0,0,0.04078799858689308,0,1,0.9945909380912781,0.10294507443904877,-0.013852705247700214,0,-0.10286791622638702,0.9946759939193726,0.006171687971800566,0,0.014414291828870773,-0.004713303409516811,0.9998850226402283,0,0,0.045885998755693436,0,1,0.9781230092048645,-0.19604496657848358,-0.06958815455436707,0,0.19771303236484528,0.9800969958305359,0.01788489893078804,0,0.06469683349132538,-0.03125208243727684,0.9974150061607361,0,-0.001601999974809587,0.062467001378536224,0,1,-0.9880539774894714,-0.11745002865791321,-0.09977083653211594,0,-0.06609003245830536,-0.2619108259677887,0.9628260135650635,0,-0.1392151564359665,0.9579190015792847,0.25102004408836365,0,0.003725999966263771,0.010320000350475311,0.12139900028705597,1,0.9563939571380615,-0.14040599763393402,0.25611916184425354,0,0.2871038317680359,0.6130931973457336,-0.7359949350357056,0,-0.05368683114647865,0.7774341106414795,0.6266698837280273,0,0,0.24822799861431122,0,1,-0.22830715775489807,0.2390183061361313,0.9437929391860962,0,0.7781420946121216,0.6274017691612244,0.029344243928790092,0,-0.5851240158081055,0.7411051392555237,-0.32923081517219543,0,0,0.5594030022621155,0,1,-0.9827179312705994,-0.11460820585489273,0.1453600972890854,0,-0.11056221276521683,-0.26639559864997864,-0.9575021266937256,0,0.14846089482307434,-0.9570258855819702,0.24912047386169434,0,0.0032309999223798513,0.010270999744534492,-0.12139900028705597,1,0.9059780240058899,0.41314011812210083,0.09229995310306549,0,-0.27138882875442505,0.3995032012462616,0.8756399154663086,0,0.3248879611492157,-0.8183600306510925,0.4740629196166992,0,0,0.24822799861431122,0,1,0.3637843728065491,-0.0050468179397284985,0.931469738483429,0,0.015779200941324234,0.999875009059906,-0.0007451010751537979,0,-0.93135005235672,0.014968913979828358,0.3638187348842621,0,0,0.5594459772109985,0,1,-0.9879629015922546,-0.11578398197889328,0.10258694738149643,0,0.14291474223136902,-0.9369749426841736,0.31882983446121216,0,0.05920602008700371,0.32965323328971863,0.9422439336776733,0,0.0047969999723136425,-0.01693600043654442,0.16455799341201782,1,0.7195509672164917,0.6588931679725647,-0.2193317413330078,0,-0.6816032528877258,0.6096518635749817,-0.4046509861946106,0,-0.1329057216644287,0.44066405296325684,0.8877789974212646,0,0,1.1665350198745728,0,1,-0.0241128820925951,0.03689619526267052,-0.9990280270576477,0,0.995415985584259,0.09340298920869827,-0.020576111972332,0,0.09255298972129822,-0.9949439764022827,-0.038979269564151764,0,0,1.3350930213928223,0,1,0.9929800033569336,-0.11077392846345901,-0.04146619513630867,0,0.11676406115293503,0.8620771169662476,0.4931418001651764,0,-0.018880199640989304,-0.4945218861103058,0.8689600825309753,0,0,0.07030999660491943,0,1,-0.80622798204422,0.5809541344642639,-0.11175218969583511,0,-0.5408688187599182,-0.8003520369529724,-0.2586463391780853,0,-0.2397027611732483,-0.1480846256017685,0.9594860672950745,0,0.01054100040346384,-0.01693600043654442,-0.16455799341201782,1,0.7061567902565002,0.7080302834510803,-0.006015257444232702,0,-0.6478407382965088,0.6495082378387451,0.39804786443710327,0,0.28573673963546753,-0.2771871089935303,0.9173449873924255,0,0,1.1666710376739502,0,1,-0.010280724614858627,-0.11953192204236984,-0.9927769899368286,0,0.983147919178009,-0.18243210017681122,0.011784086935222149,0,-0.18252290785312653,-0.9759250283241272,0.11939306557178497,0,0,1.3349970579147339,0,1,0.9988530278205872,0.0478816032409668,0,0,-0.047858405858278275,0.9983689785003662,-0.031125852838158607,0,-0.001490177703090012,0.031090147793293,0.9995149970054626,0,0,0.07106699794530869,0,1
K0.133,-0.9994049072265625,0.0022388307843357325,0.03441401571035385,0,0.0015087872743606567,0.9997739195823669,-0.021224871277809143,0,-0.03445374220609665,-0.02116031013429165,-0.999181866645813,0,0.001969988225027919,2.397705316543579,0.051882144063711166,1,0.9974030256271362,-0.06681880354881287,0.026870956644415855,0,0.06713417917490005,0.9976829886436462,-0.011009837500751019,0,-0.02607303485274315,0.01278520654886961,0.9995779991149902,0,0.002976000076159835,0.030446000397205353,0,1,0.9952049851417542,0.06313904374837875,0.0747060775756836,0,-0.06363998353481293,0.997963011264801,0.004342283587902784,0,-0.07427974045276642,-0.00907575711607933,0.9971960186958313,0,0,0.03568999841809273,0,1,0.995203971862793,0.06309432536363602,0.07475881278514862,0,-0.06358369439840317,0.9979679584503174,0.004181829746812582,0,-0.0743430107831955,-0.008915211074054241,0.9971929788589478,0,0,0.04078799858689308,0,1,0.9947180151939392,0.10182379186153412,-0.01295115239918232,0,-0.10180221498012543,0.994801938533783,0.002317327307537198,0,0.01311978604644537,-0.0009866307955235243,0.9999129772186279,0,0,0.045885998755693436,0,1,0.9771900177001953,-0.2016621232032776,-0.06657750904560089,0,0.2027147263288498,0.9791930317878723,0.009382187388837337,0,0.06330016255378723,-0.02266440913081169,0.9977369904518127,0,-0.001601999974809587,0.062467001378536224,0,1,-0.9880269169807434,-0.11746276170015335,-0.10003109276294708,0,-0.06628677248954773,-0.2622799277305603,0.9627130627632141,0,-0.13931891322135925,0.957815945148468,0.2513531446456909,0,0.003725999966263771,0.010320000350475311,0.12139900028705597,1,0.9707081913948059,-0.07462355494499207,0.22837936878204346,0,0.22730852663516998,0.5931346416473389,-0.7723483443260193,0,-0.07782428711652756,0.8016370534896851,0.5927228927612305,0,0,0.24822799861431122,0,1,-0.24130898714065552,0.22792385518550873,0.9433029890060425,0,0.7420223355293274,0.6697907447814941,0.027981866151094437,0,-0.62543785572052,0.7067041993141174,-0.33075112104415894,0,0,0.5594030022621155,0,1,-0.9821810722351074,-0.11479496955871582,0.1488058716058731,0,-0.11378292739391327,-0.26696792244911194,-0.9569650292396545,0,0.14958107471466064,-0.956843912601471,0.24914896488189697,0,0.0032309999223798513,0.010270999744534492,-0.12139900028705597,1,0.9278371930122375,0.37019261717796326,0.04556126147508621,0,-0.21268579363822937,0.4247666597366333,0.8799649477005005,0,0.3064035475254059,-0.8261541724205017,0.47284889221191406,0,0,0.24822799861431122,0,1,0.3636763095855713,-0.009745223447680473,0.9314748644828796,0,0.030471228063106537,0.9995349645614624,-0.0014396210899576545,0,-0.9310269951820374,0.028906719759106636,0.3638038635253906,0,0,0.5594459772109985,0,1,-0.997594952583313,0.007298741023987532,0.06893139332532883,0,0.016910692676901817,-0.9387669563293457,0.34413695335388184,0,0.06722228974103928,0.34447500109672546,0.9363859295845032,0,0.0047969999723136425,-0.01693600043654442,0.16455799341201782,1,0.5609052181243896,0.7854123711585999,-0.2617488205432892,0,-0.8107955455780029,0.45725217461586,-0.3654188811779022,0,-0.16731932759284973,0.4171903133392334,0.893284261226654,0,0,1.1665350198745728,0,1,-0.02258174866437912,0.06961259245872498,-0.9973189234733582,0,0.9871250987052917,0.15955525636672974,-0.01121404580771923,0,0.15834669768810272,-0.9847310185432434,-0.07231929898262024,0,0,1.3350930213928223,0,1,0.9954959750175476,-0.09190372377634048,-0.023266667500138283,0,0.09450162947177887,0.942423939704895,0.3207903802394867,0,-0.007554772775620222,-0.32154446840286255,0.9468648433685303,0,0,0.07030999660491943,0,1,-0.8393174409866333,0.5315191745758057,-0.1141611635684967,0,-0.49870648980140686,-0.8363732695579529,-0.22753258049488068,0,-0.21641936898231506,-0.13403920829296112,0.9670551419258118,0,0.01054100040346384,-0.01693600043654442,-0.16455799341201782,1,0.695830225944519,0.7181978225708008,-0.003588362131267786,0,-0.658072829246521,0.6395631432533264,0.39736494421958923,0,0.2876816987991333,-0.2741371691226959,0.9176540374755859,0,0,1.1666710376739502,0,1,0.00038794538704678416,-0.11298754066228867,-0.9935961365699768,0,0.9686097502708435,-0.2469518929719925,0.028460552915930748,0,-0.24858613312244415,-0.9624181389808655,0.10934499651193619,0,0,1.3349970579147339,0,1,0.9988530278205872,0.047891102731227875,0.0000029726340926572448,0,-0.047867901623249054,0.9983710646629333,-0.031050877645611763,0,-0.001490027760155499,0.031015105545520782,0.9995179176330566,0,0,0.07106699794530869,0,1
K0.167,-0.9995118975639343,0.004833750426769257,0.03085074946284294,0,0.003990645054727793,0.9996179938316345,-0.027331719174981117,0,-0.030971093103289604,-0.0271952822804451,-0.9991498589515686,0,0.0010940047213807702,2.4255406856536865,0.06480889022350311,1,0.9974589943885803,-0.06612060219049454,0.026542924344539642,0,0.06648241728544235,0.9977030158042908,-0.012989173643290997,0,-0.025623083114624023,0.014720795676112175,0.9995629787445068,0,0.002976000076159835,0.030446000397205353,0,1,0.9956780076026917,0.0641360953450203,0.0671759694814682,0,-0.0647018775343895,0.99788498878479,0.00627885339781642,0,-0.06663114577531815,-0.010598119348287582,0.9977210164070129,0,0,0.03568999841809273,0,1,0.9956769347190857,0.0640779361128807,0.06724520027637482,0,-0.06463605165481567,0.997890055179596,0.006155058741569519,0,-0.06670891493558884,-0.0104749146848917,0.9977179765701294,0,0,0.04078799858689308,0,1,0.9947139620780945,0.10214516520500183,-0.010492737405002117,0,-0.10214684158563614,0.9947690367698669,0.0003764097928069532,0,0.010476304218173027,0.0006973802810534835,0.9999449849128723,0,0,0.045885998755693436,0,1,0.9791749119758606,-0.19652317464351654,-0.05095001310110092,0,0.1964499056339264,0.9804919958114624,-0.006488482002168894,0,0.05123120918869972,-0.0036557663697749376,0.9986799955368042,0,-0.001601999974809587,0.062467001378536224,0,1,-0.9879618883132935,-0.11749943345785141,-0.10062817484140396,0,-0.06670741736888885,-0.2633209526538849,0.9623989462852478,0,-0.13957881927490234,0.9575260281562805,0.2523130178451538,0,0.003725999966263771,0.010320000350475311,0.12139900028705597,1,0.9797130823135376,-0.03988559916615486,0.19639797508716583,0,0.18303903937339783,0.5771483778953552,-0.7958626747131348,0,-0.08160725235939026,0.8156650066375732,0.5727400183677673,0,0,0.24822799861431122,0,1,-0.26125258207321167,0.20819324254989624,0.9425510764122009,0,0.6777887344360352,0.734812319278717,0.02555949240922928,0,-0.6872770190238953,0.6455281972885132,-0.33308276534080505,0,0,0.5594030022621155,0,1,-0.9828910827636719,-0.11426080763339996,0.14446493983268738,0,-0.11008583009243011,-0.2644020617008209,-0.9581090211868286,0,0.14767110347747803,-0.9576200842857361,0.24729984998703003,0,0.0032309999223798513,0.010270999744534492,-0.12139900028705597,1,0.9508147835731506,0.3096165657043457,-0.009448804892599583,0,-0.1371835172176361,0.44823983311653137,0.8833239674568176,0,0.2777269780635834,-0.8385809063911438,0.4686671197414398,0,0,0.24822799861431122,0,1,0.3632451295852661,-0.01923852413892746,0.931494951248169,0,0.06015516072511673,0.9981849789619446,-0.0028421664610505104,0,-0.929749071598053,0.057066597044467926,0.3637429475784302,0,0,0.5594459772109985,0,1,-0.9901002645492554,0.13661596179008484,0.03222833573818207,0,-0.1172899454832077,-0.9313551783561707,0.34470221400260925,0,0.07710789144039154,0.3375098705291748,0.9381591081619263,0,0.0047969999723136425,-0.01693600043654442,0.16455799341201782,1,0.4415232837200165,0.8611513376235962,-0.2519450783729553,0,-0.8743607401847839,0.34992966055870056,-0.33621710538864136,0,-0.2013707309961319,0.3687385320663452,0.9074589014053345,0,0,1.1665350198745728,0,1,-0.03363807499408722,0.11148545145988464,-0.9931970834732056,0,0.9908790588378906,0.13347123563289642,-0.01857754960656166,0,0.13049198687076569,-0.9847621321678162,-0.11495819687843323,0,0,1.3350930213928223,0,1,0.9979109764099121,-0.06430446356534958,-0.006230880506336689,0,0.06460501998662949,0.9936679005622864,0.09192563593387604,0,0.00028019724413752556,-0.09213618189096451,0.9957468509674072,0,0,0.07030999660491943,0,1,-0.87776780128479,0.4678976535797119,-0.10294102877378464,0,-0.4409794211387634,-0.8730558753013611,-0.20811206102371216,0,-0.18724830448627472,-0.13727910816669464,0.9726728796958923,0,0.01054100040346384,-0.01693600043654442,-0.16455799341201782,1,0.7129238843917847,0.70119708776474,-0.007922669872641563,0,-0.6394872665405273,0.6547349095344543,0.40296080708503723,0,0.2877422571182251,-0.2822140157222748,0.9151830077171326,0,0,1.1666710376739502,0,1,-0.0031524228397756815,-0.10264082252979279,-0.9947140216827393,0,0.9546340107917786,-0.29650065302848816,0.02756934054195881,0,-0.2977631986141205,-0.9495011568069458,0.09891921281814575,0,0,1.3349970579147339,0,1,0.9988470077514648,0.048000533133745193,0.00003810206908383407,0,-0.04797746241092682,0.9983909130096436,-0.03022584319114685,0,-0.001488897716626525,0.03018917329609394,0.9995430111885071,0,0,0.07106699794530869,0,1
K0.200,-0.9992828965187073,0.012444127351045609,0.0357680469751358,0,0.011692306958138943,0.9997079968452454,-0.021152082830667496,0,-0.03602080047130585,-0.020718691870570183,-0.9991359114646912,0,0.0016889963299036026,2.458401918411255,0.07185499370098114,1,0.9974939823150635,-0.06607527285814285,0.02530306577682495,0,0.06637173146009445,0.997734010219574,-0.011060149408876896,0,-0.024514922872185707,0.012711837887763977,0.9996190071105957,0,0.002976000076159835,0.030446000397205353,0,1,0.9961889982223511,0.06287318468093872,0.060444001108407974,0,-0.06367579102516174,0.9979050159454346,0.011442902497947216,0,-0.05959795042872429,-0.01524812076240778,0.9981060028076172,0,0,0.03568999841809273,0,1,0.9961889982223511,0.06284976750612259,0.06048199161887169,0,-0.0636502131819725,0.9979069828987122,0.011398890055716038,0,-0.05963895842432976,-0.015205134637653828,0.9981039762496948,0,0,0.04078799858689308,0,1,0.9946290254592896,0.10322112590074539,-0.007680967450141907,0,-0.10320886224508286,0.9946579933166504,0.001977188978344202,0,0.007844023406505585,-0.001173825585283339,0.9999690055847168,0,0,0.045885998755693436,0,1,0.9828980565071106,-0.18171584606170654,-0.029846137389540672,0,0.18112708628177643,0.983227014541626,-0.021391911432147026,0,0.03323279321193695,0.015620131976902485,0.9993260502815247,0,-0.001601999974809587,0.062467001378536224,0,1,-0.988146185874939,-0.11750182509422302,-0.09880094230175018,0,-0.06496580690145493,-0.2630529999732971,0.9625911116600037,0,-0.13909605145454407,0.9575989842414856,0.25230100750923157,0,0.003725999966263771,0.010320000350475311,0.12139900028705597,1,0.9857040047645569,-0.031182870268821716,0.16557414829730988,0,0.15367408096790314,0.5692943334579468,-0.8076438307762146,0,-0.06907577812671661,0.8215422630310059,0.5659477710723877,0,0,0.24822799861431122,0,1,-0.28629589080810547,0.17723298072814941,0.9416070580482483,0,0.5769957900047302,0.8164570927619934,0.021758992224931717,0,-0.7649252414703369,0.5495327711105347,-0.3360109329223633,0,0,0.5594030022621155,0,1,-0.9845641255378723,-0.11296214163303375,0.1336878389120102,0,-0.10085413604974747,-0.2580978572368622,-0.960840106010437,0,0.1430431604385376,-0.959492027759552,0.24272117018699646,0,0.0032309999223798513,0.010270999744534492,-0.12139900028705597,1,0.9674341678619385,0.24480463564395905,-0.0643630400300026,0,-0.05765707790851593,0.46071091294288635,0.8856750726699829,0,0.24647001922130585,-0.8531209826469421,0.45982202887535095,0,0,0.24822799861431122,0,1,0.362298846244812,-0.03120078332722187,0.9315400719642639,0,0.09755732119083405,0.9952189326286316,-0.0046088132075965405,0,-0.9269418716430664,0.09254825860261917,0.36361026763916016,0,0,0.5594459772109985,0,1,-0.9679809808731079,0.25091126561164856,0.007556532975286245,0,-0.23504012823104858,-0.916500985622406,0.3236997127532959,0,0.08814549446105957,0.31155917048454285,0.9461300373077393,0,0.0047969999723136425,-0.01693600043654442,0.16455799341201782,1,0.40060538053512573,0.8944087624549866,-0.19886812567710876,0,-0.887902021408081,0.32538387179374695,-0.325201153755188,0,-0.22615429759025574,0.3068527579307556,0.9244979619979858,0,0,1.1665350198745728,0,1,-0.044158656150102615,0.14477406442165375,-0.9884790182113647,0,0.9979510307312012,0.0522572323679924,-0.03692813217639923,0,0.046308934688568115,-0.988084077835083,-0.14678499102592468,0,0,1.3350930213928223,0,1,0.997840940952301,-0.06533793359994888,-0.006716134957969189,0,0.06568209081888199,0.9928050637245178,0.10012471675872803,0,0.00012586996308527887,-0.10034956783056259,0.9949519634246826,0,0,0.07030999660491943,0,1,-0.9149091243743896,0.3929276764392853,-0.09246305376291275,0,-0.36872395873069763,-0.9067208766937256,-0.20469608902931213,0,-0.16426892578601837,-0.1531849503517151,0.9744489789009094,0,0.01054100040346384,-0.01693600043654442,-0.16455799341201782,1,0.748705267906189,0.6626957058906555,-0.016577761620283127,0,-0.5987911224365234,0.6868128776550293,0.41199204325675964,0,0.28441122174263,-0.2985340654850006,0.9110369682312012,0,0,1.1666710376739502,0,1,-0.007356820162385702,-0.09278350323438644,-0.9956588745117188,0,0.9426677823066711,-0.3328644931316376,0.024053677916526794,0,-0.3336513936519623,-0.9383988380432129,0.08991292119026184,0,0,1.3349970579147339,0,1,0.9988510608673096,0.04793008416891098,0.000015298877769964747,0,-0.04790691286325455,0.9983779788017273,-0.030762040987610817,0,-0.0014897010987624526,0.030725959688425064,0.9995269775390625,0,0,0.07106699794530869,0,1
