2.467,30,74,25
B0,mixamorig_Hips,-1,0.06458805501461029,0.06632215529680252,-0.9957059621810913,0,0.004141989164054394,0.9977629780769348,0.06672784686088562,0,0.9979029297828674,-0.008434012532234192,0.0641687884926796,0,-0.00016399999731220305,1.2632039785385132,-0.0005300000193528831,1
B1,mixamorig_Spine,0,-0.988399088382721,0.15178492665290833,0.005365145392715931,0,-0.15177609026432037,-0.9884130358695984,0.0020218887366354465,0,0.005609873216599226,0.0011841325322166085,0.9999840259552002,0,-0.000526999996509403,-0.0033629999961704016,0,1
B2,mixamorig_Spine1,1,0.9999099969863892,0.008918214589357376,0.009986340068280697,0,-0.008907783776521683,0.9999599456787109,-0.001089027151465416,0,-0.0099956588819623,0.0009999736212193966,0.9999499917030334,0,0,0.003971000202000141,0,1
B3,mixamorig_Spine2,2,0.9999099969863892,0.008860772475600243,0.010023899376392365,0,-0.008849226869642735,0.9999600052833557,-0.0011959060793742537,0,-0.010034100152552128,0.0011070951586589217,0.9999489784240723,0,0,0.004538999870419502,0,1
B4,mixamorig_Neck,3,-0.997635006904602,0.0638582855463028,0.02541802078485489,0,-0.06497772783041,-0.9968270063400269,-0.04596705734729767,0,0.022401995956897736,-0.04750995710492134,0.998619019985199,0,0,0.005106000229716301,0,1
B5,mixamorig_Head,4,0.9827030301094055,0.17677266895771027,-0.05520109459757805,0,-0.174412339925766,0.9836429357528687,0.045028842985630035,0,0.062257956713438034,-0.0346221849322319,0.9974589943885803,0,-0.03586500138044357,0.09879399836063385,0,1
B6,mixamorig_HeadTop_End,5,1,0,0,0,0,1,0,0,0,0,1,0,-0.026538999751210213,0.07310199737548828,0,1
B7,mixamorig_LeftShoulder,3,0.9705350399017334,0.12936168909072876,-0.20329293608665466,0,0.20880411565303802,-0.030427275225520134,0.9774839282035828,0,0.12026335299015045,-0.9911310076713562,-0.05654199793934822,0,-0.0011109999613836408,0.014043999835848808,0.09459500014781952,1
B8,mixamorig_LeftArm,7,0.9554929733276367,-0.2891479432582855,-0.05853216350078583,0,-0.00166278553660959,0.19312401115894318,-0.9811729192733765,0,0.2950080335140228,0.9376009702682495,0.18404778838157654,0,0,0.2016250044107437,0,1
B9,mixamorig_LeftForeArm,8,0.974847137928009,-0.22278256714344025,-0.006384854204952717,0,0.22280441224575043,0.9748588800430298,0.002922988962382078,0,0.005573139060288668,-0.004272039979696274,0.9999750256538391,0,0,0.29689499735832214,0,1
B10,mixamorig_LeftHand,9,1,0,0,0,0,1,0,0,0,0,1,0,0,0.4102889895439148,0,1
B11,mixamorig_RightShoulder,3,0.9393720626831055,0.23351387679576874,0.25110089778900146,0,0.25761404633522034,0.0026948729064315557,-0.9662439227104187,0,-0.22630812227725983,0.9723499417304993,-0.05762498825788498,0,-0.0016769999638199806,0.013956000097095966,-0.09459500014781952,1
B12,mixamorig_RightArm,11,-0.9891279935836792,0.04789622873067856,0.13903717696666718,0,0.14540578424930573,0.1773136705160141,0.9733531475067139,0,0.021966759115457535,0.9829879403114319,-0.18235038220882416,0,0,0.2016250044107437,0,1
B13,mixamorig_RightForeArm,12,0.9913579821586609,0.13110311329364777,0.004518931265920401,0,-0.1311078816652298,0.9913680553436279,0.0007540287333540618,0,-0.004381071776151657,-0.0013399808667600155,0.9999899864196777,0,0,0.29684099555015564,0,1
B14,mixamorig_RightHand,13,1,0,0,0,0,1,0,0,0,0,1,0,0,0.41029301285743713,0,1
B15,mixamorig_LeftUpLeg,0,-0.9697239995002747,0.10323980450630188,0.22130829095840454,0,-0.0035403158981353045,-0.912090003490448,0.4099750220775604,0,0.24417881667613983,0.3967791199684143,0.8848410844802856,0,0.007644999772310257,0.0017800000496208668,0.08414199948310852,1
B16,mixamorig_LeftLeg,15,0.9866930246353149,0.12445488572120667,0.10463088750839233,0,-0.05959004908800125,0.8755329847335815,-0.4794690012931824,0,-0.15128012001514435,0.4668540060520172,0.8712989687919617,0,0,0.5715829730033875,0,1
B17,mixamorig_LeftFoot,16,0.16098567843437195,-0.07041763514280319,-0.9844410419464111,0,0.9852139353752136,-0.04778784513473511,0.16453032195568085,0,-0.05863019451498985,-0.9963719248771667,0.06168331205844879,0,0,0.6687620282173157,0,1
B18,mixamorig_LeftToeBase,17,0.9985910654067993,-0.053065747022628784,-0.00044775637798011303,0,0.05300423875451088,0.9977749586105347,-0.04044937342405319,0,0.00259323394857347,0.040368612855672836,0.9991810321807861,0,0,0.029040999710559845,0,1
B19,mixamorig_LeftToe_End,18,1,0,0,0,0,1,0,0,0,0,1,0,0,0.023948000743985176,0,1
B20,mixamorig_RightUpLeg,0,-0.9804310202598572,0.11338307708501816,-0.16093404591083527,0,-0.040794938802719116,-0.9167569279670715,-0.39735597372055054,0,-0.19259095191955566,-0.3830150365829468,0.903442919254303,0,-0.0027550000231713057,0.0017800000496208668,-0.08414199948310852,1
B21,mixamorig_RightLeg,20,0.9927970170974731,0.09748408198356628,-0.06965392082929611,0,-0.05331188440322876,0.8800730109214783,0.4718359708786011,0,0.10729704052209854,-0.46472400426864624,0.8789309859275818,0,0,0.5715429782867432,0,1
B22,mixamorig_RightFoot,21,-0.049183301627635956,0.06756585836410522,-0.9965019822120667,0,0.9985790848731995,-0.017154203727841377,-0.05044887214899063,0,-0.020502770319581032,-0.9975669980049133,-0.0666261836886406,0,0,0.6689299941062927,0,1
B23,mixamorig_RightToeBase,22,0.9998289942741394,0.01844187080860138,0.0012257964117452502,0,-0.018374117091298103,0.9989479780197144,-0.04200783371925354,0,-0.0019992119632661343,0.04197816550731659,0.9991170167922974,0,0,0.03604099899530411,0,1
B24,mixamorig_RightToe_End,23,1,0,0,0,0,1,0,0,0,0,1,0,0,0.0251460000872612,0,1
@20,0,1,2,3,4,5,7,8,9,11,12,13,15,16,17,18,20,21,22,23
K0,-0.9957060217857361,0.06632214039564133,-0.06458809226751328,0,0.06672783195972443,0.9977629780769348,-0.004142137710005045,0,0.06416881829500198,-0.008434168063104153,-0.9979029893875122,0,-0.0005300000193528831,1.2632039785385132,0.0001639999682083726,1,-0.988399088382721,0.15178491175174713,0.005365136545151472,0,-0.15177607536315918,-0.9884130358695984,0.002021877560764551,0,0.0056098634377121925,0.001184122753329575,0.9999840259552002,0,-0.000526999996509403,-0.0033629999961704016,0,1,0.9999099969863892,0.00891821552067995,0.009986340999603271,0,-0.008907784707844257,0.9999599456787109,-0.0010890268022194505,0,-0.009995659813284874,0.0009999732719734311,0.9999499917030334,0,0,0.003971000202000141,0,1,0.9999099969863892,0.008860772475600243,0.010023899376392365,0,-0.008849226869642735,0.9999600052833557,-0.0011959054972976446,0,-0.010034100152552128,0.0011070945765823126,0.9999489784240723,0,0,0.004538999870419502,0,1,-0.997635006904602,0.0638582780957222,0.025418013334274292,0,-0.0649777203798294,-0.9968270063400269,-0.04596705362200737,0,0.02240198850631714,-0.04750995337963104,0.998619019985199,0,0,0.005106000229716301,0,1,0.9827030301094055,0.17677265405654907,-0.05520106852054596,0,-0.174412339925766,0.9836429357528687,0.04502882808446884,0,0.062257930636405945,-0.03462217375636101,0.9974589943885803,0,-0.03586500138044357,0.09879399836063385,0,1,0.9705350995063782,0.12936174869537354,-0.20329256355762482,0,0.20880374312400818,-0.03042725659906864,0.9774840474128723,0,0.12026343494653702,-0.9911310076713562,-0.05654194578528404,0,-0.0011109999613836408,0.014043999835848808,0.09459500014781952,1,0.9554930329322815,-0.2891477644443512,-0.05853213742375374,0,-0.0016627716831862926,0.19312402606010437,-0.9811729788780212,0,0.2950078845024109,0.9376010298728943,0.18404783308506012,0,0,0.2016250044107437,0,1,0.974847137928009,-0.22278256714344025,-0.006384855601936579,0,0.22280441224575043,0.9748588800430298,0.0029229740612208843,0,0.005573144182562828,-0.004272025544196367,0.9999750256538391,0,0,0.29689499735832214,0,1,0.9393720626831055,0.2335139364004135,0.2511007785797119,0,0.2576138973236084,0.0026948759332299232,-0.9662440419197083,0,-0.226308211684227,0.972350001335144,-0.05762496963143349,0,-0.0016769999638199806,0.013956000097095966,-0.09459500014781952,1,-0.9891279935836792,0.04789640009403229,0.13903696835041046,0,0.1454056203365326,0.1773136705160141,0.9733531475067139,0,0.02196696400642395,0.9829879403114319,-0.18235038220882416,0,0,0.2016250044107437,0,1,0.9913579821586609,0.13110311329364777,0.004518929403275251,0,-0.1311078816652298,0.9913680553436279,0.0007540240185335279,0,-0.004381070379167795,-0.001339975860901177,0.9999899864196777,0,0,0.29684099555015564,0,1,-0.9697239995002747,0.10323973000049591,0.22130826115608215,0,-0.0035402746871113777,-0.912090003490448,0.40997496247291565,0,0.24417875707149506,0.39677906036376953,0.8848410844802856,0,0.007644999772310257,0.0017800000496208668,0.08414199948310852,1,0.9866930246353149,0.12445491552352905,0.10463086515665054,0,-0.059590086340904236,0.8755329251289368,-0.4794690012931824,0,-0.15128012001514435,0.4668540060520172,0.8712989687919617,0,0,0.5715829730033875,0,1,0.16098523139953613,-0.0704178661108017,-0.9844411611557007,0,0.9852140545845032,-0.04778793826699257,0.1645299792289734,0,-0.05863020569086075,-0.9963719844818115,0.06168346852064133,0,0,0.6687620282173157,0,1,0.9985910654067993,-0.05306575447320938,-0.0004477609181776643,0,0.053004246205091476,0.9977749586105347,-0.04044938087463379,0,0.002593239303678274,0.04036862030625343,0.9991810321807861,0,0,0.029040999710559845,0,1,-0.9804310202598572,0.11338307708501816,-0.16093406081199646,0,-0.04079493507742882,-0.9167569279670715,-0.39735597372055054,0,-0.19259096682071686,-0.3830150365829468,0.903442919254303,0,-0.0027550000231713057,0.0017800000496208668,-0.08414199948310852,1,0.9927970170974731,0.09748410433530807,-0.0696539357304573,0,-0.053311899304389954,0.8800730109214783,0.47183600068092346,0,0.10729707032442093,-0.46472403407096863,0.8789309859275818,0,0,0.5715429782867432,0,1,-0.04918322712182999,0.06756583601236343,-0.9965018630027771,0,0.9985789656639099,-0.017154503613710403,-0.050448913127183914,0,-0.020503155887126923,-0.9975669384002686,-0.06662605702877045,0,0,0.6689299941062927,0,1,0.9998289942741394,0.018441876396536827,0.0012257922207936645,0,-0.01837412267923355,0.9989479780197144,-0.04200783744454384,0,-0.001999208005145192,0.04197816923260689,0.9991170167922974,0,0,0.03604099899530411,0,1
K0.033,-0.9956699013710022,0.06646113842725754,-0.06498613953590393,0,0.0668751522898674,0.9977519512176514,-0.004214131273329258,0,0.06456001847982407,-0.00854184664785862,-0.9978769421577454,0,-0.0004840003093704581,1.263192057609558,0.00017699963063932955,1,-0.9883991479873657,0.15178191661834717,0.005365867167711258,0,-0.1517730951309204,-0.9884130358695984,0.002018906641751528,0,0.005610133055597544,0.0011810925789177418,0.9999840259552002,0,-0.000526999996509403,-0.0033629999961704016,0,1,0.9999060034751892,0.009153760969638824,0.010241307318210602,0,-0.009143242612481117,0.9999579787254333,-0.0010733724338933825,0,-0.010250695049762726,0.0009796321392059326,0.9999469518661499,0,0,0.003971000202000141,0,1,0.9999059438705444,0.009095118381083012,0.010287104174494743,0,-0.009082883596420288,0.9999579787254333,-0.0012352770427241921,0,-0.010297901928424835,0.0011417237110435963,0.9999459981918335,0,0,0.004538999870419502,0,1,-0.9976409077644348,0.06378001719713211,0.025402076542377472,0,-0.06489697843790054,-0.9968358874320984,-0.045888856053352356,0,0.022394921630620956,-0.04742914438247681,0.9986240267753601,0,0,0.005106000229716301,0,1,0.9827250242233276,0.17648716270923615,-0.05571618676185608,0,-0.17410583794116974,0.9836950302124023,0.045074597001075745,0,0.06276281177997589,-0.034595414996147156,0.9974290728569031,0,-0.03586500138044357,0.09879399836063385,0,1,0.9705270528793335,0.12940968573093414,-0.2032976895570755,0,0.20882770419120789,-0.030558163300156593,0.9774750471115112,0,0.12028230726718903,-0.991119921207428,-0.056681837886571884,0,-0.0011109999613836408,0.014043999835848808,0.09459500014781952,1,0.9555410146713257,-0.2889871299266815,-0.058553945273160934,0,-0.0017651141388341784,0.1929728239774704,-0.981203019618988,0,0.2948540151119232,0.9376819133758545,0.18388313055038452,0,0,0.2016250044107437,0,1,0.9749040007591248,-0.2225351780653,-0.0063839443027973175,0,0.22255681455135345,0.9749150276184082,0.0029197423718869686,0,0.005574056413024664,-0.004267257638275623,0.9999750256538391,0,0,0.29689499735832214,0,1,0.9393901228904724,0.23342330753803253,0.2511175870895386,0,0.25757530331611633,0.002911742776632309,-0.966253936290741,0,-0.22627732157707214,0.9723708033561707,-0.057388804852962494,0,-0.0016769999638199806,0.013956000097095966,-0.09459500014781952,1,-0.9892181158065796,0.048429250717163086,0.13821393251419067,0,0.1446937471628189,0.17734643816947937,0.9734540581703186,0,0.022631874307990074,0.9829561114311218,-0.18244165182113647,0,0,0.2016250044107437,0,1,0.9913510680198669,0.13116168975830078,0.0045199948363006115,0,-0.13116630911827087,0.9913599491119385,0.0007543262327089906,0,-0.004382004030048847,-0.001340673421509564,0.9999899864196777,0,0,0.29684099555015564,0,1,-0.9696600437164307,0.10344303399324417,0.22149084508419037,0,-0.0036099697463214397,-0.9120170474052429,0.41013601422309875,0,0.24442917108535767,0.3968929946422577,0.8847200274467468,0,0.007644999772310257,0.0017800000496208668,0.08414199948310852,1,0.986626923084259,0.12483742088079453,0.10479720681905746,0,-0.05984159931540489,0.8754880428314209,-0.4795198142528534,0,-0.15161077678203583,0.4668361246585846,0.8712509274482727,0,0,0.5715829730033875,0,1,0.1609475314617157,-0.07050449401140213,-0.9844421148300171,0,0.9852070808410645,-0.04800179600715637,0.16451047360897064,0,-0.05885361135005951,-0.9963560104370117,0.06173564866185188,0,0,0.6687620282173157,0,1,0.9985900521278381,-0.05308933183550835,-0.0004360006423667073,0,0.05302867665886879,0.9977799654006958,-0.040289971977472305,0,0.0025739993434399366,0.04021003097295761,0.9991880655288696,0,0,0.029040999710559845,0,1,-0.9804220795631409,0.11344493180513382,-0.16094623506069183,0,-0.04086906090378761,-0.9167969822883606,-0.39725711941719055,0,-0.19262179732322693,-0.3829018473625183,0.9034841060638428,0,-0.0027550000231713057,0.0017800000496208668,-0.08414199948310852,1,0.9928589463233948,0.09711314737796783,-0.06928622722625732,0,-0.05314985662698746,0.8800581693649292,0.4718817174434662,0,0.10680179297924042,-0.4648292660713196,0.878934919834137,0,0,0.5715429782867432,0,1,-0.04911675676703453,0.0675026923418045,-0.9965091347694397,0,0.998586118221283,-0.01701553538441658,-0.050371695309877396,0,-0.020356310531497,-0.997573971748352,-0.06657153367996216,0,0,0.6689299941062927,0,1,0.9998289942741394,0.018479619175195694,0.0012014178792014718,0,-0.018413379788398743,0.9989590048789978,-0.04174413904547691,0,-0.0019715819507837296,0.041714858263731,0.999127984046936,0,0,0.03604099899530411,0,1
K0.067,-0.9956438541412354,0.06660998612642288,-0.06524232774972916,0,0.06701736897230148,0.9977439641952515,-0.004072988871484995,0,0.06482379138469696,-0.008427612483501434,-0.9978609681129456,0,-0.0005179996369406581,1.263200044631958,0.00014300030306912959,1,-0.9884060025215149,0.15174078941345215,0.005372294690459967,0,-0.1517322063446045,-0.9884198307991028,0.0019679840188473463,0,0.005608704872429371,0.001130016753450036,0.9999839663505554,0,-0.000526999996509403,-0.0033629999961704016,0,1,0.9999030232429504,0.009222015738487244,0.010432240553200245,0,-0.009208980947732925,0.9999569654464722,-0.0012970957905054092,0,-0.01044375542551279,0.0012008995981886983,0.9999449849128723,0,0,0.003971000202000141,0,1,0.9999029636383057,0.00916040875017643,0.010503916069865227,0,-0.009147588163614273,0.9999570846557617,-0.0012676038313657045,0,-0.010515077970921993,0.0011713954154402018,0.9999439716339111,0,0,0.004538999870419502,0,1,-0.9976618885993958,0.06342492997646332,0.025466028600931168,0,-0.06455206871032715,-0.9968449473381042,-0.04619156941771507,0,0.02245597168803215,-0.047727424651384354,0.9986079335212708,0,0,0.005106000229716301,0,1,0.9828320741653442,0.1758858859539032,-0.05572311952710152,0,-0.1734631359577179,0.9837790131568909,0.045720916241407394,0,0.0628608837723732,-0.03527006879448891,0.9973990321159363,0,-0.03586500138044357,0.09879399836063385,0,1,0.9706088900566101,0.12944863736629486,-0.2028810977935791,0,0.20844663679599762,-0.030856948345899582,0.9775469303131104,0,0.1202818900346756,-0.9911060929298401,-0.056933190673589706,0,-0.0011109999613836408,0.014043999835848808,0.09459500014781952,1,0.9556260704994202,-0.2887018620967865,-0.05857536569237709,0,-0.0019318702397868037,0.19269484281539917,-0.9812570214271545,0,0.29457762837409973,0.9378269910812378,0.18358629941940308,0,0,0.2016250044107437,0,1,0.9748759865760803,-0.22265605628490448,-0.0063839503563940525,0,0.22267794609069824,0.9748880863189697,0.0029219237621873617,0,0.005573049653321505,-0.004270076286047697,0.9999749660491943,0,0,0.29689499735832214,0,1,0.9393412470817566,0.23331865668296814,0.2513974905014038,0,0.2578446567058563,0.0029643147718161345,-0.9661820530891418,0,-0.22617346048355103,0.9723958969116211,-0.057375453412532806,0,-0.0016769999638199806,0.013956000097095966,-0.09459500014781952,1,-0.9890671372413635,0.04593915864825249,0.14012610912322998,0,0.14609985053539276,0.17630232870578766,0.9734330177307129,0,0.02001412771642208,0.9832630753517151,-0.1810866892337799,0,0,0.2016250044107437,0,1,0.991564929485321,0.1295291632413864,0.004518217407166958,0,-0.12953387200832367,0.9915750622749329,0.0007440067129209638,0,-0.004383782856166363,-0.001322993659414351,0.9999899864196777,0,0,0.29684099555015564,0,1,-0.9697181582450867,0.10375107824802399,0.22109483182430267,0,-0.004105912055820227,-0.9120789766311646,0.4099941849708557,0,0.2441931813955307,0.3966708481311798,0.8848850727081299,0,0.007644999772310257,0.0017800000496208668,0.08414199948310852,1,0.9864910840988159,0.12556792795658112,0.10520578175783157,0,-0.060319047421216965,0.8755290508270264,-0.4793858528137207,0,-0.15230624377727509,0.4665640592575073,0.8712759017944336,0,0,0.5715829730033875,0,1,0.16093942523002625,-0.07065200805664062,-0.9844319224357605,0,0.9851869344711304,-0.04832375794649124,0.16453103721141815,0,-0.05919593200087547,-0.9963300824165344,0.06182827800512314,0,0,0.6687620282173157,0,1,0.9985900521278381,-0.053088828921318054,-0.00043595765600912273,0,0.053028177469968796,0.9977800846099854,-0.04029197618365288,0,0.002574042184278369,0.04021202400326729,0.9991879463195801,0,0,0.029040999710559845,0,1,-0.9803940653800964,0.1135743260383606,-0.16102507710456848,0,-0.04093468189239502,-0.9167450666427612,-0.39737024903297424,0,-0.19274993240833282,-0.38298776745796204,0.903420090675354,0,-0.0027550000231713057,0.0017800000496208668,-0.08414199948310852,1,0.9928990006446838,0.09678611904382706,-0.06916087120771408,0,-0.05291686952114105,0.8800640106201172,0.4718978703022003,0,0.10653911530971527,-0.46488699316978455,0.8789359331130981,0,0,0.5715429782867432,0,1,-0.049167267978191376,0.06747410446405411,-0.9965088963508606,0,0.998587965965271,-0.016794318333268166,-0.050407059490680695,0,-0.020136913284659386,-0.9975799918174744,-0.0665530264377594,0,0,0.6689299941062927,0,1,0.9998279809951782,0.018496785312891006,0.0011906520230695605,0,-0.01843121275305748,0.9989629983901978,-0.04162503778934479,0,-0.0019593483302742243,0.04159596562385559,0.9991329312324524,0,0,0.03604099899530411,0,1
K0.100,-0.9956199526786804,0.06657508760690689,-0.06564011424779892,0,0.06698379665613174,0.9977459907531738,-0.0040430836379528046,0,0.06522297114133835,-0.00842219777405262,-0.9978349208831787,0,-0.00024399999529123306,1.2631590366363525,0.00016899999172892421,1,-0.9883878827095032,0.15185202658176422,0.005494854878634214,0,-0.15184496343135834,-0.9884029030799866,0.0016859720926731825,0,0.0056871455162763596,0.0008320278720930219,0.999983012676239,0,-0.000526999996509403,-0.0033629999961704016,0,1,0.9999030232429504,0.009054535068571568,0.010552041232585907,0,-0.009039463475346565,0.9999579787254333,-0.0014752638526260853,0,-0.010564956814050674,0.0013797361170873046,0.9999430179595947,0,0,0.003971000202000141,0,1,0.9999030232429504,0.008992950432002544,0.010620196349918842,0,-0.008978049270808697,0.9999589920043945,-0.0014502444537356496,0,-0.010632804594933987,0.001354755600914359,0.9999430179595947,0,0,0.004538999870419502,0,1,-0.9976969361305237,0.06287513673305511,0.025454048067331314,0,-0.06400087475776672,-0.9968829154968262,-0.04613508656620979,0,0.022473951801657677,-0.047657910734415054,0.9986109733581543,0,0,0.005106000229716301,0,1,0.9826300740242004,0.1769171506166458,-0.05602462962269783,0,-0.1745118349790573,0.9836130142211914,0.04529133066534996,0,0.06311937421560287,-0.03472766652703285,0.9974019527435303,0,-0.03586500138044357,0.09879399836063385,0,1,0.9707668423652649,0.12953944504261017,-0.20206741988658905,0,0.207645446062088,-0.03096492402255535,0.977713942527771,0,0.12039556354284286,-0.9910910129547119,-0.05695801600813866,0,-0.0011109999613836408,0.014043999835848808,0.09459500014781952,1,0.9557940363883972,-0.2881147861480713,-0.05871116742491722,0,-0.00234176404774189,0.1922082155942917,-0.9813508987426758,0,0.2940268814563751,0.9381080865859985,0.18303699791431427,0,0,0.2016250044107437,0,1,0.9748809933662415,-0.22263404726982117,-0.006383909378200769,0,0.22265592217445374,0.9748929738998413,0.0029219917487353086,0,0.005573091097176075,-0.004270007833838463,0.9999750256538391,0,0,0.29689499735832214,0,1,0.9392620325088501,0.23324958980083466,0.25175732374191284,0,0.25823354721069336,0.002865013899281621,-0.9660781025886536,0,-0.226058691740036,0.9724130630493164,-0.05754190310835838,0,-0.0016769999638199806,0.013956000097095966,-0.09459500014781952,1,-0.9890349507331848,0.04401802271604538,0.14097091555595398,0,0.14656798541545868,0.1754702925682068,0.9735129475593567,0,0.01811590977013111,0.9835000038146973,-0.17999780178070068,0,0,0.2016250044107437,0,1,0.991690993309021,0.1285642385482788,0.004517293535172939,0,-0.12856876850128174,0.9916999936103821,0.0007396811270155013,0,-0.004384706262499094,-0.0013143188552930951,0.9999899864196777,0,0,0.29684099555015564,0,1,-0.9696900248527527,0.1032998189330101,0.22142812609672546,0,-0.003525184467434883,-0.9120559692382812,0.41005122661590576,0,0.24431288242340088,0.39684173464775085,0.8847751021385193,0,0.007644999772310257,0.0017800000496208668,0.08414199948310852,1,0.9865280985832214,0.12531466782093048,0.10516095906496048,0,-0.060077328234910965,0.8754259347915649,-0.47960519790649414,0,-0.1521620750427246,0.46682581305503845,0.871160089969635,0,0,0.5715829730033875,0,1,0.16091687977313995,-0.07064591348171234,-0.98443603515625,0,0.9851809740066528,-0.048496294766664505,0.16451892256736755,0,-0.05936407670378685,-0.9963220357894897,0.061795126646757126,0,0,0.6687620282173157,0,1,0.9985910058021545,-0.05307314172387123,-0.0004439104814082384,0,0.05301186069846153,0.9977759718894958,-0.04040024057030678,0,0.002587089315056801,0.040319763123989105,0.9991829991340637,0,0,0.029040999710559845,0,1,-0.9804230332374573,0.11306197941303253,-0.16120576858520508,0,-0.04036402702331543,-0.9167299866676331,-0.39746400713920593,0,-0.19272026419639587,-0.3831760287284851,0.9033469557762146,0,-0.0027550000231713057,0.0017800000496208668,-0.08414199948310852,1,0.9930479526519775,0.09572136402130127,-0.06850870698690414,0,-0.05222862958908081,0.8798799514770508,0.47231611609458923,0,0.10549027472734451,-0.4654548168182373,0.8787630796432495,0,0,0.5715429782867432,0,1,-0.04937393218278885,0.06715434044599533,-0.9965199828147888,0,0.9985820651054382,-0.016564834862947464,-0.0505923330783844,0,-0.019904639571905136,-0.9976050853729248,-0.0662413015961647,0,0,0.6689299941062927,0,1,0.9998250007629395,0.018688099458813667,0.001068027107976377,0,-0.018629901111125946,0.9990140199661255,-0.040292978286743164,0,-0.0018199726473540068,0.0402660146355629,0.9991869926452637,0,0,0.03604099899530411,0,1
K0.133,-0.9956269860267639,0.06586689502000809,-0.06624476611614227,0,0.0662701278924942,0.997793972492218,-0.0039058937691152096,0,0.06584138423204422,-0.008278867229819298,-0.9977959394454956,0,0.00012000103015452623,1.2631809711456299,0.00008000025263754651,1,-0.9884161353111267,0.15165899693965912,0.0057288664393126965,0,-0.1516520231962204,-0.9884331226348877,0.0016519651981070638,0,0.005913133732974529,0.0007640343392267823,0.9999819993972778,0,-0.000526999996509403,-0.0033629999961704016,0,1,0.9998959302902222,0.009411592967808247,0.010942119173705578,0,-0.009394410066306591,0.9999550580978394,-0.0016209831228479743,0,-0.010956879705190659,0.0015180191257968545,0.9999390840530396,0,0,0.003971000202000141,0,1,0.9998959898948669,0.009346944279968739,0.011026782914996147,0,-0.009331057779490948,0.9999549984931946,-0.00149052357301116,0,-0.011040215380489826,0.0013874768046662211,0.9999380111694336,0,0,0.004538999870419502,0,1,-0.9977070689201355,0.06271816790103912,0.025446070358157158,0,-0.06384281069040298,-0.9968950748443604,-0.046097081154584885,0,0.02247593365609646,-0.04761591926217079,0.9986130595207214,0,0,0.005106000229716301,0,1,0.9825839996337891,0.17735901474952698,-0.0554230697453022,0,-0.17493601143360138,0.9835090041160583,0.0459170900285244,0,0.06265292316675186,-0.03542192280292511,0.997407078742981,0,-0.03586500138044357,0.09879399836063385,0,1,0.9707090258598328,0.1294691264629364,-0.20239074528217316,0,0.20790313184261322,-0.030438845977187157,0.9776759743690491,0,0.1204182431101799,-0.991115927696228,-0.056464266031980515,0,-0.0011109999613836408,0.014043999835848808,0.09459500014781952,1,0.9558559656143188,-0.2878410518169403,-0.05904243141412735,0,-0.0026080687530338764,0.19261890649795532,-0.9812700152397156,0,0.29382258653640747,0.9381070137023926,0.18336528539657593,0,0,0.2016250044107437,0,1,0.9749990105628967,-0.222117081284523,-0.006382987834513187,0,0.222138911485672,0.9750110507011414,0.002914984943345189,0,0.005576012656092644,-0.004260015208274126,0.9999750256538391,0,0,0.29689499735832214,0,1,0.9393749833106995,0.23336203396320343,0.25123295187950134,0,0.25770601630210876,0.0028431019745767117,-0.9662189483642578,0,-0.22619307041168213,0.9723860025405884,-0.057468052953481674,0,-0.0016769999638199806,0.013956000097095966,-0.09459500014781952,1,-0.989232063293457,0.04699907451868057,0.1386052966117859,0,0.1447969377040863,0.17638294398784637,0.9736130237579346,0,0.02131129987537861,0.9831990599632263,-0.18128910660743713,0,0,0.2016250044107437,0,1,0.9914820194244385,0.13016819953918457,0.00451894523575902,0,-0.13017280399799347,0.9914910197257996,0.0007485661772079766,0,-0.0043830545619130135,-0.0013304337626323104,0.9999899864196777,0,0,0.29684099555015564,0,1,-0.9697889685630798,0.10178529471158981,0.22169411182403564,0,-0.00208670599386096,-0.9122200608253479,0.4096948504447937,0,0.24393489956855774,0.3968552052974701,0.8848739862442017,0,0.007644999772310257,0.0017800000496208668,0.08414199948310852,1,0.986500084400177,0.12490566074848175,0.10590580850839615,0,-0.05937035009264946,0.8755060434341431,-0.4795469343662262,0,-0.15261919796466827,0.4667850732803345,0.8711019158363342,0,0,0.5715829730033875,0,1,0.16093939542770386,-0.07072634249925613,-0.9844268560409546,0,0.9851699471473694,-0.0486094169318676,0.1645531952381134,0,-0.059490710496902466,-0.9963109493255615,0.06185434013605118,0,0,0.6687620282173157,0,1,0.9985939860343933,-0.052999984472990036,-0.00048110936768352985,0,0.05293601378798485,0.997759997844696,-0.04090296849608421,0,0.0026478890795260668,0.04081999883055687,0.9991629719734192,0,0,0.029040999710559845,0,1,-0.980415940284729,0.11261196434497833,-0.16156484186649323,0,-0.0397680290043354,-0.9166889190673828,-0.39761701226234436,0,-0.19288113713264465,-0.3834049701690674,0.9032149314880371,0,-0.0027550000231713057,0.0017800000496208668,-0.08414199948310852,1,0.9930790066719055,0.09591209143400192,-0.06778585910797119,0,-0.05277491733431816,0.880018949508667,0.47199806571006775,0,0.10492314398288727,-0.46515393257141113,0.8789900541305542,0,0,0.5715429782867432,0,1,-0.04910864681005478,0.06752831488847733,-0.9965079426765442,0,0.9985909461975098,-0.016763389110565186,-0.05034728720784187,0,-0.020104749128222466,-0.9975769519805908,-0.06660996377468109,0,0,0.6689299941062927,0,1,0.9998279809951782,0.01851543039083481,0.0011789638083428144,0,-0.018450574949383736,0.9989680051803589,-0.04149443283677101,0,-0.0019460348412394524,0.041465550661087036,0.9991380572319031,0,0,0.03604099899530411,0,1
K0.167,-0.9956319332122803,0.06600114703178406,-0.06604290008544922,0,0.0664074718952179,0.9977849125862122,-0.0039741466753184795,0,0.06563427299261093,-0.00834252405911684,-0.9978089332580566,0,0.00022299894772004336,1.2631900310516357,0.00010499975178390741,1,-0.9884240031242371,0.15161095559597015,0.005732142366468906,0,-0.1516040414571762,-0.9884400367736816,0.0016158611979335546,0,0.005910857580602169,0.0007281395955942571,0.9999819993972778,0,-0.000526999996509403,-0.0033629999961704016,0,1,0.9998959898948669,0.009501081891357899,0.010861065238714218,0,-0.009482917375862598,0.9999540448188782,-0.0017230859957635403,0,-0.010876936838030815,0.0016199119854718447,0.999940037727356,0,0,0.003971000202000141,0,1,0.9998960494995117,0.009434974752366543,0.01093613263219595,0,-0.009419024921953678,0.9999549984931946,-0.0015090826200321317,0,-0.010949867777526379,0.001405916758812964,0.9999390244483948,0,0,0.004538999870419502,0,1,-0.9977329969406128,0.06231321394443512,0.025398148223757744,0,-0.06343081593513489,-0.9969310164451599,-0.04587097465991974,0,0.022461846470832825,-0.04737803339958191,0.9986240267753601,0,0,0.005106000229716301,0,1,0.9826340079307556,0.17724330723285675,-0.054919879883527756,0,-0.17482171952724457,0.983517050743103,0.04617706686258316,0,0.06219913437962532,-0.03577392175793648,0.99742192029953,0,-0.03586500138044357,0.09879399836063385,0,1,0.9706711173057556,0.12941774725914001,-0.20260457694530487,0,0.20806476473808289,-0.030021127313375473,0.9776540398597717,0,0.1204434335231781,-0.9911359548568726,-0.05606793984770775,0,-0.0011109999613836408,0.014043999835848808,0.09459500014781952,1,0.9560258984565735,-0.2872135043144226,-0.059347741305828094,0,-0.0030504895839840174,0.19260890781879425,-0.9812711477279663,0,0.2932652533054352,0.9383018612861633,0.18326298892498016,0,0,0.2016250044107437,0,1,0.9750970005989075,-0.22168920934200287,-0.006381407380104065,0,0.22171077132225037,0.9751080870628357,0.002909313654527068,0,0.0055775935761630535,-0.00425168639048934,0.9999750256538391,0,0,0.29689499735832214,0,1,0.9394158720970154,0.2334357500076294,0.25101056694984436,0,0.2575857639312744,0.0023972110357135534,-0.9662530422210693,0,-0.22615946829319,0.9723690748214722,-0.05787768214941025,0,-0.0016769999638199806,0.013956000097095966,-0.09459500014781952,1,-0.9892210364341736,0.04705392196774483,0.1386616826057434,0,0.14485807716846466,0.17617686092853546,0.9736420512199402,0,0.02138468809425831,0.9832329750061035,-0.18109388649463654,0,0,0.2016250044107437,0,1,0.9914801120758057,0.13018271327018738,0.004518985748291016,0,-0.1301872879266739,0.9914889335632324,0.000749033410102129,0,-0.004383014515042305,-0.0013309665955603123,0.9999899864196777,0,0,0.29684099555015564,0,1,-0.9697971343994141,0.10211057960987091,0.22150887548923492,0,-0.0024504121392965317,-0.9121860861778259,0.4097689092159271,0,0.2438991367816925,0.396850049495697,0.8848859071731567,0,0.007644999772310257,0.0017800000496208668,0.08414199948310852,1,0.9864929914474487,0.12520301342010498,0.1056160107254982,0,-0.05978797748684883,0.8755271434783936,-0.479455828666687,0,-0.1524989902973175,0.46666520833969116,0.8711868524551392,0,0,0.5715829730033875,0,1,0.1609610766172409,-0.07084892690181732,-0.9844139814376831,0,0.9851530194282532,-0.04881151020526886,0.16459496319293976,0,-0.05971207842230797,-0.9962920546531677,0.061940256506204605,0,0,0.6687620282173157,0,1,0.9985899925231934,-0.0530824214220047,-0.00043902636389248073,0,0.05302158370614052,0.9977790117263794,-0.040332093834877014,0,0.002578974701464176,0.04025191813707352,0.9991859793663025,0,0,0.029040999710559845,0,1,-0.9804179668426514,0.11269494146108627,-0.16149429976940155,0,-0.03989806026220322,-0.9167331457138062,-0.397502601146698,0,-0.1928437054157257,-0.3832753598690033,0.9032778739929199,0,-0.0027550000231713057,0.0017800000496208668,-0.08414199948310852,1,0.9930599927902222,0.09611007571220398,-0.06778593361377716,0,-0.052957937121391296,0.8800420165061951,0.47193408012390137,0,0.10501205176115036,-0.46506890654563904,0.8790240287780762,0,0,0.5715429782867432,0,1,-0.049141768366098404,0.06757376343011856,-0.9965029954910278,0,0.998585045337677,-0.01699405536055565,-0.05039684846997261,0,-0.02034016139805317,-0.9975699782371521,-0.06664303690195084,0,0,0.6689299941062927,0,1,0.9998260140419006,0.018613027408719063,0.0011161800939589739,0,-0.018551969900727272,0.998993992805481,-0.04081890359520912,0,-0.0018748214934021235,0.040791112929582596,0.9991660714149475,0,0,0.03604099899530411,0,1
K0.200,-0.9956750273704529,0.06564982980489731,-0.06573816388845444,0,0.0660601556301117,0.9978070259094238,-0.004085824824869633,0,0.06532580405473709,-0.008410834707319736,-0.9978289604187012,0,0.0004239999398123473,1.2631759643554688,0.00012399999832268804,1,-0.9884279370307922,0.15158908069133759,0.005629264283925295,0,-0.15158292651176453,-0.9884430170059204,0.0014877583598718047,0,0.00578973488882184,0.0006172415451146662,0.999983012676239,0,-0.000526999996509403,-0.0033629999961704016,0,1,0.9998970031738281,0.009545203298330307,0.010763856582343578,0,-0.009526797570288181,0.9999529719352722,-0.0017593629891052842,0,-0.010780144482851028,0.0016566369449719787,0.9999409914016724,0,0,0.003971000202000141,0,1,0.9998959898948669,0.009481148794293404,0.010823930613696575,0,-0.009463850408792496,0.9999539852142334,-0.0016488035907968879,0,-0.01083906926214695,0.0015461964067071676,0.9999399781227112,0,0,0.004538999870419502,0,1,-0.9977530241012573,0.06201375275850296,0.025363311171531677,0,-0.06312624365091324,-0.9969580173492432,-0.04570729285478592,0,0.02245168946683407,-0.04720570519566536,0.998633086681366,0,0,0.005106000229716301,0,1,0.9826019406318665,0.177442267537117,-0.054839204996824265,0,-0.17503875494003296,0.9834889769554138,0.04593608155846596,0,0.06208479031920433,-0.03553791716694832,0.9974380135536194,0,-0.03586500138044357,0.09879399836063385,0,1,0.97051602602005,0.12931488454341888,-0.2034088522195816,0,0.2088358849287033,-0.02974776364862919,0.9774979948997498,0,0.12035413086414337,-0.9911569356918335,-0.055876296013593674,0,-0.0011109999613836408,0.014043999835848808,0.09459500014781952,1,0.9562540650367737,-0.28639695048332214,-0.05962960422039032,0,-0.003536989213898778,0.19250094890594482,-0.9812899231910706,0,0.29251739382743835,0.9385738968849182,0.1830669343471527,0,0,0.2016250044107437,0,1,0.9752169847488403,-0.2211591601371765,-0.006379913073033094,0,0.22118088603019714,0.9752290844917297,0.0029019040521234274,0,0.005580088123679161,-0.0042410958558321,0.9999750256538391,0,0,0.29689499735832214,0,1,0.9394489526748657,0.23348115384578705,0.2508450448513031,0,0.25745710730552673,0.00222917553037405,-0.9662869572639465,0,-0.22616897523403168,0.9723590612411499,-0.05801719054579735,0,-0.0016769999638199806,0.013956000097095966,-0.09459500014781952,1,-0.9890240430831909,0.045274943113327026,0.14064821600914001,0,0.14648406207561493,0.1758299469947815,0.9734609723091125,0,0.019343219697475433,0.9833790063858032,-0.18053209781646729,0,0,0.2016250044107437,0,1,0.9915869235992432,0.12936213612556458,0.0045180972665548325,0,-0.12936684489250183,0.9915969967842102,0.0007438830798491836,0,-0.0043839020654559135,-0.0013221169356256723,0.9999899864196777,0,0,0.29684099555015564,0,1,-0.9697510600090027,0.10196400433778763,0.2217811644077301,0,-0.00215899758040905,-0.9121240377426147,0.4099091589450836,0,0.2440878450870514,0.39703091979026794,0.8847531080245972,0,0.007644999772310257,0.0017800000496208668,0.08414199948310852,1,0.9865679740905762,0.12527695298194885,0.10482499748468399,0,-0.06022403761744499,0.8754798769950867,-0.4794882535934448,0,-0.15184101462364197,0.46673479676246643,0.871265172958374,0,0,0.5715829730033875,0,1,0.16091181337833405,-0.07090658694505692,-0.9844180941581726,0,0.9851491451263428,-0.04899847134947777,0.16456064581871033,0,-0.05990341305732727,-0.9962790608406067,0.061969127506017685,0,0,0.6687620282173157,0,1,0.9985899925231934,-0.05307704210281372,-0.0004420992045197636,0,0.05301595851778984,0.997776985168457,-0.040371160954236984,0,0.002583900699391961,0.04029083997011185,0.9991850256919861,0,0,0.029040999710559845,0,1,-0.9804009795188904,0.11244788020849228,-0.16176660358905792,0,-0.039565108716487885,-0.9167599081993103,-0.397474080324173,0,-0.19299638271331787,-0.38328391313552856,0.9032419919967651,0,-0.0027550000231713057,0.0017800000496208668,-0.08414199948310852,1,0.9930530190467834,0.09645289927721024,-0.06739576160907745,0,-0.0534491129219532,0.8800321221351624,0.471896767616272,0,0.10482624173164368,-0.4650162160396576,0.8790738582611084,0,0,0.5715429782867432,0,1,-0.049053143709897995,0.06768135726451874,-0.9964999556541443,0,0.9985819458961487,-0.017338642850518227,-0.05033329129219055,0,-0.02068462036550045,-0.9975559711456299,-0.06673483550548553,0,0,0.6689299941062927,0,1,0.9998260140419006,0.018617426976561546,0.0011129043996334076,0,-0.01855657435953617,0.9989959597587585,-0.04078488424420357,0,-0.0018710955046117306,0.040757112205028534,0.9991670250892639,0,0,0.03604099899530411,0,1
