0.833,30,25,25
B0,mixamorig_Hips,-1,-0.07102024555206299,0.015812646597623825,-0.9973499178886414,0,-0.060909878462553024,0.9979400038719177,0.02015933394432068,0,0.9956128597259521,0.06218010559678078,-0.06991070508956909,0,0.009785999543964863,1.1749550104141235,-0.013388000428676605,1
B1,mixamorig_Spine,0,-0.9918510317802429,0.1261781007051468,-0.017650259658694267,0,-0.12591491639614105,-0.9919230937957764,-0.015304592438042164,0,-0.019438793882727623,-0.012957436963915825,0.9997270107269287,0,-0.000526999996509403,-0.0033629999961704016,0,1
B2,mixamorig_Spine1,1,0.9957700371742249,0.055851683020591736,-0.07295823842287064,0,-0.05837829038500786,0.9977499842643738,-0.03296862170100212,0,0.07095272839069366,0.037088342010974884,0.9967900514602661,0,0,0.003971000202000141,0,1
B3,mixamorig_Spine2,2,0.9957700371742249,0.05591095611453056,-0.07291778922080994,0,-0.058442071080207825,0.9977430105209351,-0.03305217623710632,0,0.07090522348880768,0.03717382997274399,0.9967899918556213,0,0,0.004538999870419502,0,1
B4,mixamorig_Neck,3,-0.9856101274490356,-0.16877970099449158,-0.009254234842956066,0,0.16875632107257843,-0.9856520295143127,0.0032542922999709845,0,-0.009670721367001534,0.001645754324272275,0.9999520182609558,0,0,0.005106000229716301,0,1
B5,mixamorig_Head,4,0.9831749796867371,-0.17783594131469727,-0.04173813760280609,0,0.177760049700737,0.9840580224990845,-0.00555039569735527,0,0.042059797793626785,-0.0019623630214482546,0.9991130232810974,0,-0.03586500138044357,0.09879399836063385,0,1
B6,mixamorig_HeadTop_End,5,1,0,0,0,0,1,0,0,0,0,1,0,-0.026538999751210213,0.07310199737548828,0,1
B7,mixamorig_LeftShoulder,3,0.9870679974555969,0.11783410608768463,-0.10868193209171295,0,0.11120305210351944,-0.015016798861324787,0.9936840534210205,0,0.11545787751674652,-0.9929200410842896,-0.027926130220294,0,-0.0011109999613836408,0.014043999835848808,0.09459500014781952,1
B8,mixamorig_LeftArm,7,0.9643319249153137,-0.12574435770511627,0.23291900753974915,0,0.26399481296539307,0.39297375082969666,-0.8808401226997375,0,0.019229622557759285,0.9109119176864624,0.41215312480926514,0,0,0.2016250044107437,0,1
B9,mixamorig_LeftForeArm,8,0.6966310143470764,-0.7173601388931274,-0.01003610622137785,0,0.7174299359321594,0.6965670585632324,0.00941496528685093,0,0.00023690082889515907,-0.013758949004113674,0.999904990196228,0,0,0.29689499735832214,0,1
B10,mixamorig_LeftHand,9,1,0,0,0,0,1,0,0,0,0,1,0,0,0.4102889895439148,0,1
B11,mixamorig_RightShoulder,3,0.9660669565200806,0.22611521184444427,0.12484827637672424,0,0.13137966394424438,-0.014009746722877026,-0.9912330508232117,0,-0.2223837971687317,0.974000096321106,-0.04324129596352577,0,-0.0016769999638199806,0.013956000097095966,-0.09459500014781952,1
B12,mixamorig_RightArm,11,-0.9245070219039917,-0.3588970899581909,-0.12837539613246918,0,-0.190508633852005,0.14336520433425903,0.9711611270904541,0,-0.3301420211791992,0.9223009943962097,-0.20091500878334045,0,0,0.2016250044107437,0,1
B13,mixamorig_RightForeArm,12,0.9986829161643982,0.05111811310052872,0.0044779288582503796,0,-0.05111989006400108,0.998691976070404,0.00029323966009542346,0,-0.004457082599401474,-0.0005217647412791848,0.999989926815033,0,0,0.29684099555015564,0,1
B14,mixamorig_RightHand,13,1,0,0,0,0,1,0,0,0,0,1,0,0,0.41029301285743713,0,1
B15,mixamorig_LeftUpLeg,0,-0.9673711061477661,-0.2296810895204544,0.10695868730545044,0,0.24758103489875793,-0.9466110467910767,0.20647303760051727,0,0.05382532998919487,0.22621704638004303,0.9725890159606934,0,0.007644999772310257,0.0017800000496208668,0.08414199948310852,1
B16,mixamorig_LeftLeg,15,0.9522459506988525,0.30392104387283325,-0.029319876804947853,0,-0.27693504095077515,0.819252073764801,-0.5021278858184814,0,-0.12858688831329346,0.48626908659935,0.8642959594726562,0,0,0.5715829730033875,0,1
B17,mixamorig_LeftFoot,16,0.07118988037109375,0.020913347601890564,-0.9972440600395203,0,0.9010460376739502,-0.43018385767936707,0.05530121922492981,0,-0.42784133553504944,-0.9024989604949951,-0.04946864768862724,0,0,0.6687620282173157,0,1
B18,mixamorig_LeftToeBase,17,0.9955030083656311,-0.089283287525177,0.03166547045111656,0,0.08182381838560104,0.978843092918396,0.18753767013549805,0,-0.04773952066898346,-0.1841033697128296,0.9817469716072083,0,0,0.029040999710559845,0,1
B19,mixamorig_LeftToe_End,18,1,0,0,0,0,1,0,0,0,0,1,0,0,0.023948000743985176,0,1
B20,mixamorig_RightUpLeg,0,-0.7868627309799194,0.6130191087722778,-0.0710861012339592,0,-0.558310866355896,-0.7562090754508972,-0.34122878313064575,0,-0.26293593645095825,-0.22881227731704712,0.9372889399528503,0,-0.0027550000231713057,0.0017800000496208668,-0.08414199948310852,1
B21,mixamorig_RightLeg,20,0.8570119142532349,0.4992501735687256,-0.12759095430374146,0,-0.3942148983478546,0.7946791648864746,0.46160683035850525,0,0.3318510055541992,-0.34530413150787354,0.877860963344574,0,0,0.5715429782867432,0,1
B22,mixamorig_RightFoot,21,-0.1254698634147644,-0.1396317183971405,-0.9822220802307129,0,0.9584299921989441,-0.27278995513916016,-0.0836510881781578,0,-0.2562600374221802,-0.9518870115280151,0.16805419325828552,0,0,0.6689299941062927,0,1
B23,mixamorig_RightToeBase,22,0.9997910261154175,0.020425070077180862,2.3086056444299174e-7,0,-0.02041693404316902,0.9993929862976074,-0.02822694182395935,0,-0.0005767684779129922,0.02822106145322323,0.9996020197868347,0,0,0.03604099899530411,0,1
B24,mixamorig_RightToe_End,23,1,0,0,0,0,1,0,0,0,0,1,0,0,0.0251460000872612,0,1
@20,0,1,2,3,4,5,7,8,9,11,12,13,15,16,17,18,20,21,22,23
K0,-0.9973499774932861,0.015812769532203674,0.0710202232003212,0,0.02015947364270687,0.9979400038719177,0.06091023609042168,0,-0.0699106752872467,0.062180474400520325,-0.9956129193305969,0,-0.01338799949735403,1.1749550104141235,-0.009785999543964863,1,-0.9918510317802429,0.1261781007051468,-0.017650233581662178,0,-0.12591491639614105,-0.9919230937957764,-0.015304576605558395,0,-0.019438767805695534,-0.012957424856722355,0.9997270107269287,0,-0.000526999996509403,-0.0033629999961704016,0,1,0.9957700371742249,0.05585169792175293,-0.07295825332403183,0,-0.05837830528616905,0.9977499842643738,-0.03296864032745361,0,0.07095274329185486,0.037088360637426376,0.9967900514602661,0,0,0.003971000202000141,0,1,0.9957700371742249,0.05591094493865967,-0.07291778177022934,0,-0.05844205990433693,0.9977430105209351,-0.03305217623710632,0,0.07090521603822708,0.03717382624745369,0.9967899918556213,0,0,0.004538999870419502,0,1,-0.9856101274490356,-0.16877968609333038,-0.009254259057343006,0,0.16875630617141724,-0.9856520295143127,0.0032542706467211246,0,-0.009670741856098175,0.0016457290621474385,0.9999520182609558,0,0,0.005106000229716301,0,1,0.9831749796867371,-0.17783594131469727,-0.04173817113041878,0,0.177760049700737,0.9840580224990845,-0.0055503821931779385,0,0.04205983132123947,-0.0019623825792223215,0.9991130232810974,0,-0.03586500138044357,0.09879399836063385,0,1,0.9870679974555969,0.1178341880440712,-0.1086820438504219,0,0.11120318621397018,-0.015016798861324787,0.993683934211731,0,0.11545795202255249,-0.992919921875,-0.02792615443468094,0,-0.0011109999613836408,0.014043999835848808,0.09459500014781952,1,0.9643319845199585,-0.12574441730976105,0.23291875422000885,0,0.26399460434913635,0.3929738998413086,-0.8808401226997375,0,0.01922973059117794,0.9109118580818176,0.4121532738208771,0,0,0.2016250044107437,0,1,0.6966310143470764,-0.7173600792884827,-0.010036121122539043,0,0.7174299359321594,0.6965670585632324,0.009415009059011936,0,0.0002368785790167749,-0.013758990913629532,0.999904990196228,0,0,0.29689499735832214,0,1,0.9660669565200806,0.2261149138212204,0.12484855204820633,0,0.13137991726398468,-0.014009719714522362,-0.9912331104278564,0,-0.2223834991455078,0.9740002155303955,-0.043241288512945175,0,-0.0016769999638199806,0.013956000097095966,-0.09459500014781952,1,-0.9245068430900574,-0.3588973581790924,-0.1283753365278244,0,-0.19050858914852142,0.14336512982845306,0.9711611270904541,0,-0.3301423192024231,0.9223008751869202,-0.2009149044752121,0,0,0.2016250044107437,0,1,0.9986829161643982,0.05111811310052872,0.0044779228046536446,0,-0.05111989006400108,0.998691976070404,0.00029323759372346103,0,-0.004457077011466026,-0.0005217624129727483,0.999989926815033,0,0,0.29684099555015564,0,1,-0.9673711061477661,-0.22968104481697083,0.10695866495370865,0,0.24758099019527435,-0.9466110467910767,0.2064729928970337,0,0.05382533371448517,0.22621700167655945,0.9725890159606934,0,0.007644999772310257,0.0017800000496208668,0.08414199948310852,1,0.9522459506988525,0.30392101407051086,-0.029319878667593002,0,-0.27693501114845276,0.819252073764801,-0.5021278858184814,0,-0.12858687341213226,0.48626908659935,0.8642959594726562,0,0,0.5715829730033875,0,1,0.07119046151638031,0.020913423970341682,-0.9972439408302307,0,0.9010457992553711,-0.43018418550491333,0.05530165508389473,0,-0.4278416633605957,-0.902498722076416,-0.049468930810689926,0,0,0.6687620282173157,0,1,0.9955030083656311,-0.08928322792053223,0.03166548162698746,0,0.08182375878095627,0.978843092918396,0.18753764033317566,0,-0.04773952066898346,-0.1841033399105072,0.9817469716072083,0,0,0.029040999710559845,0,1,-0.7868629693984985,0.6130191087722778,-0.0710861086845398,0,-0.558310866355896,-0.7562093138694763,-0.341228723526001,0,-0.26293590664863586,-0.22881224751472473,0.9372889399528503,0,-0.0027550000231713057,0.0017800000496208668,-0.08414199948310852,1,0.8570119142532349,0.4992501437664032,-0.12759096920490265,0,-0.3942148685455322,0.7946791648864746,0.46160683035850525,0,0.3318510055541992,-0.34530413150787354,0.8778609037399292,0,0,0.5715429782867432,0,1,-0.12546981871128082,-0.13963192701339722,-0.9822220802307129,0,0.9584300518035889,-0.2727898955345154,-0.08365096151828766,0,-0.2562599182128906,-0.9518870711326599,0.16805429756641388,0,0,0.6689299941062927,0,1,0.9997910261154175,0.020425068214535713,0,0,-0.020416932180523872,0.9993929862976074,-0.0282269399613142,0,-0.0005767688271589577,0.02822105959057808,0.9996020197868347,0,0,0.03604099899530411,0,1
K0.033,-0.9970958828926086,0.013820449821650982,0.07489366084337234,0,0.016721736639738083,0.999127984046936,0.038251277059316635,0,-0.07429973781108856,0.039392560720443726,-0.9964578747749329,0,-0.008468952029943466,1.169293999671936,-0.0012159021571278572,1,-0.9920259714126587,0.1242920458316803,-0.02088226191699505,0,-0.12428893893957138,-0.992245078086853,-0.0014519060496240854,0,-0.020900782197713852,0.0011551056522876024,0.9997810125350952,0,-0.000526999996509403,-0.0033629999961704016,0,1,0.994825005531311,0.058207981288433075,-0.08327122777700424,0,-0.060561057180166245,0.997825026512146,-0.02601473778486252,0,0.0815758928656578,0.03092312254011631,0.9961869716644287,0,0,0.003971000202000141,0,1,0.9948269724845886,0.058320313692092896,-0.08317582309246063,0,-0.06067872419953346,0.9978160858154297,-0.026111969724297523,0,0.08147130161523819,0.031023887917399406,0.996192991733551,0,0,0.004538999870419502,0,1,-0.986090898513794,-0.1658351719379425,-0.01111199427396059,0,0.16577176749706268,-0.9861429333686829,0.006404080428183079,0,-0.012020043097436428,0.004472952336072922,0.9999179840087891,0,0,0.005106000229716301,0,1,0.9817519783973694,-0.18306514620780945,-0.0514792837202549,0,0.18362298607826233,0.982977032661438,0.006282040849328041,0,0.049452900886535645,-0.015620176680386066,0.9986540079116821,0,-0.03586500138044357,0.09879399836063385,0,1,0.9872121214866638,0.11793018877506256,-0.10725793242454529,0,0.10955216735601425,-0.01312821265310049,0.993894100189209,0,0.11580205708742142,-0.9929350018501282,-0.02587984874844551,0,-0.0011109999613836408,0.014043999835848808,0.09459500014781952,1,0.9555399417877197,-0.12572555243968964,0.2667142152786255,0,0.29485616087913513,0.40198493003845215,-0.8668719530105591,0,0.0017728675156831741,0.9069739580154419,0.4211840331554413,0,0,0.2016250044107437,0,1,0.6454059481620789,-0.7637650370597839,-0.010707233101129532,0,0.7638395428657532,0.6453283429145813,0.010023915208876133,0,-0.0007462354260496795,-0.014648091979324818,0.999891996383667,0,0,0.29689499735832214,0,1,0.9653099775314331,0.22660018503665924,0.1297256350517273,0,0.13566920161247253,-0.01078692078590393,-0.990695059299469,0,-0.22309240698814392,0.9739279747009277,-0.04115540161728859,0,-0.0016769999638199806,0.013956000097095966,-0.09459500014781952,1,-0.9062179923057556,-0.3914051353931427,-0.15990674495697021,0,-0.22731326520442963,0.1321256160736084,0.9648169279098511,0,-0.3565067648887634,0.9106839299201965,-0.2087063193321228,0,0,0.2016250044107437,0,1,0.999439001083374,0.033202752470970154,0.004472901113331318,0,-0.03320394083857536,0.9994490742683411,0.0001907934492919594,0,-0.004464098252356052,-0.0003392040962353349,0.9999899864196777,0,0,0.29684099555015564,0,1,-0.9588311910629272,-0.2575223445892334,0.11968698352575302,0,0.28010955452919006,-0.9269869327545166,0.24946677684783936,0,0.04670502245426178,0.27272215485572815,0.9609590172767639,0,0.007644999772310257,0.0017800000496208668,0.08414199948310852,1,0.9332594871520996,0.3542415201663971,-0.05950151011347771,0,-0.33626896142959595,0.8033595681190491,-0.49146443605422974,0,-0.12629593908786774,0.4786721467971802,0.8688629269599915,0,0,0.5715829730033875,0,1,0.10089635103940964,0.020255861803889275,-0.9946909546852112,0,0.9591965079307556,-0.2674049437046051,0.09185055643320084,0,-0.2641247808933258,-0.9633715748786926,-0.04640953987836838,0,0,0.6687620282173157,0,1,0.9904530048370361,-0.12715795636177063,0.053229961544275284,0,0.09716026484966278,0.9178754091262817,0.3847923278808594,0,-0.09778788685798645,-0.37594693899154663,0.9214673042297363,0,0,0.029040999710559845,0,1,-0.7736330628395081,0.6282356977462769,-0.08253399282693863,0,-0.575224757194519,-0.7509591579437256,-0.324308842420578,0,-0.2657221555709839,-0.20342053472995758,0.942344069480896,0,-0.0027550000231713057,0.0017800000496208668,-0.08414199948310852,1,0.7693297863006592,0.6276944279670715,-0.11887357383966446,0,-0.5271518230438232,0.728844404220581,0.4369179308414459,0,0.36089134216308594,-0.27346956729888916,0.8916120529174805,0,0,0.5715429782867432,0,1,-0.10863276571035385,-0.11624360829591751,-0.9872620701789856,0,0.980984091758728,-0.17321929335594177,-0.08754654228687286,0,-0.16083616018295288,-0.9779991507530212,0.13285045325756073,0,0,0.6689299941062927,0,1,0.9997910261154175,0.020434902980923653,-0.000010204237696598284,0,-0.020427096635103226,0.9993950128555298,-0.028157847002148628,0,-0.0005652044201269746,0.02815215289592743,0.9996029734611511,0,0,0.03604099899530411,0,1
K0.067,-0.9978199005126953,0.009853065013885498,0.06526010483503342,0,0.010878421366214752,0.9998229742050171,0.015375182963907719,0,-0.06509701907634735,0.016051582992076874,-0.9977498650550842,0,-0.003860042430460453,1.1685320138931274,0.008234912529587746,1,-0.9920840263366699,0.12335387617349625,-0.02353084273636341,0,-0.12357214838266373,-0.9923029541969299,0.008054914884269238,0,-0.022356117144227028,0.010898908600211143,0.9996910095214844,0,-0.000526999996509403,-0.0033629999961704016,0,1,0.9942759871482849,0.059852130711078644,-0.08850701153278351,0,-0.06175784021615982,0.9979110360145569,-0.01895030215382576,0,0.08718788623809814,0.024307824671268463,0.9958950281143188,0,0,0.003971000202000141,0,1,0.9942781329154968,0.05997365713119507,-0.08840470016002655,0,-0.06188231706619263,0.997901976108551,-0.019008103758096695,0,0.08707920461893082,0.024370022118091583,0.9959030151367188,0,0,0.004538999870419502,0,1,-0.9865530133247375,-0.16293415427207947,-0.012851162813603878,0,0.1628389209508896,-0.9866190552711487,0.008148103952407837,0,-0.014006806537508965,0.005945867393165827,0.9998840689659119,0,0,0.005106000229716301,0,1,0.980163037776947,-0.18842163681983948,-0.06146159768104553,0,0.1897052377462387,0.9817149639129639,0.015712445601820946,0,0.05737724527716637,-0.027060363441705704,0.9979860186576843,0,-0.03586500138044357,0.09879399836063385,0,1,0.9873780012130737,0.11800684779882431,-0.10563605278730392,0,0.10777786374092102,-0.011899856850504875,0.9941040277481079,0,0.11605396121740341,-0.9929410219192505,-0.02446816675364971,0,-0.0011109999613836408,0.014043999835848808,0.09459500014781952,1,0.9552931189537048,-0.10285671800374985,0.27719154953956604,0,0.29479649662971497,0.40296050906181335,-0.8664400577545166,0,-0.02257808856666088,0.9094190001487732,0.41526708006858826,0,0,0.2016250044107437,0,1,0.6131993532180786,-0.7898496389389038,-0.011130238883197308,0,0.7899268269538879,0.6131132245063782,0.010365686379373074,0,-0.0013632370391860604,-0.015148306265473366,0.9998840093612671,0,0,0.29689499735832214,0,1,0.9645319581031799,0.2270103543996811,0.13470299541950226,0,0.14020030200481415,-0.008192245848476887,-0.9900889992713928,0,-0.22365696728229523,0.9738580584526062,-0.03972861170768738,0,-0.0016769999638199806,0.013956000097095966,-0.09459500014781952,1,-0.8945478200912476,-0.41198021173477173,-0.17336729168891907,0,-0.24424342811107635,0.12570849061012268,0.9615309834480286,0,-0.3743382692337036,0.9024799466133118,-0.21307584643363953,0,0,0.2016250044107437,0,1,0.9998159408569336,0.018646301701664925,0.004470883868634701,0,-0.0186469666659832,0.9998260140419006,0.00010682666470529512,0,-0.004468115512281656,-0.00019017548765987158,0.9999899864196777,0,0,0.29684099555015564,0,1,-0.9724088907241821,-0.20143923163414001,0.1176607757806778,0,0.22795073688030243,-0.9277029037475586,0.2956426739692688,0,0.04960022494196892,0.3143065273761749,0.9480251669883728,0,0.007644999772310257,0.0017800000496208668,0.08414199948310852,1,0.852440595626831,0.5070130228996277,-0.12760242819786072,0,-0.5038411021232605,0.7314789891242981,-0.4594365656375885,0,-0.139601930975914,0.4559340476989746,0.8789969682693481,0,0,0.5715829730033875,0,1,0.13674266636371613,0.0006901994929648936,-0.9906060695648193,0,0.9895300269126892,-0.046697963029146194,0.13656163215637207,0,-0.04616502672433853,-0.9989089965820312,-0.007068614009767771,0,0,0.6687620282173157,0,1,0.989408016204834,-0.14144189655780792,0.03265301138162613,0,0.10200198739767075,0.8374646902084351,0.5368880033493042,0,-0.10328412801027298,-0.527870237827301,0.8430210947990417,0,0,0.029040999710559845,0,1,-0.7893751859664917,0.6051099300384521,-0.10358167439699173,0,-0.5559974908828735,-0.7761976718902588,-0.2972951829433441,0,-0.26029616594314575,-0.17708629369735718,0.9491508603096008,0,-0.0027550000231713057,0.0017800000496208668,-0.08414199948310852,1,0.7196281552314758,0.6862247586250305,-0.10597498714923859,0,-0.5923020839691162,0.6863157153129578,0.4220770001411438,0,0.36237215995788574,-0.24096941947937012,0.9003448486328125,0,0,0.5715429782867432,0,1,-0.08373646438121796,-0.10838152468204498,-0.9905761480331421,0,0.9906250238418579,-0.11673261225223541,-0.07096856832504272,0,-0.10794084519147873,-0.9872320890426636,0.11714021116495132,0,0,0.6689299941062927,0,1,0.9997910261154175,0.020425068214535713,0,0,-0.020416930317878723,0.9993929862976074,-0.028226438909769058,0,-0.0005767635884694755,0.028220560401678085,0.9996020197868347,0,0,0.03604099899530411,0,1
K0.100,-0.998918890953064,0.004309898242354393,0.04629529267549515,0,0.003970948979258537,0.9999650120735168,-0.007410919293761253,0,-0.04632555693387985,-0.007219063118100166,-0.9988998770713806,0,-0.000632999639492482,1.1734050512313843,0.017537007108330727,1,-0.9920350313186646,0.1237340122461319,-0.023590359836816788,0,-0.12402298301458359,-0.9922159910202026,0.011202240362763405,0,-0.02202063798904419,0.01403876394033432,0.9996590614318848,0,-0.000526999996509403,-0.0033629999961704016,0,1,0.9946840405464172,0.06088462471961975,-0.0830460637807846,0,-0.06210038438439369,0.9979959726333618,-0.012133647687733173,0,0.08214091509580612,0.017226343974471092,0.9964719414710999,0,0,0.003971000202000141,0,1,0.9946829676628113,0.06091706082224846,-0.08303524553775787,0,-0.06212593615055084,0.997995913028717,-0.01205071248114109,0,0.08213473856449127,0.017145279794931412,0.9964740872383118,0,0,0.004538999870419502,0,1,-0.9869508743286133,-0.16042399406433105,-0.013852696865797043,0,0.16035199165344238,-0.9870408773422241,0.00617191893979907,0,-0.01466329861432314,0.0038700723089277744,0.9998850226402283,0,0,0.005106000229716301,0,1,0.9781230092048645,-0.19604496657848358,-0.06958815455436707,0,0.19771303236484528,0.9800969958305359,0.01788489893078804,0,0.06469683349132538,-0.03125208243727684,0.9974150061607361,0,-0.03586500138044357,0.09879399836063385,0,1,0.9875279664993286,0.11802642792463303,-0.10420524328947067,0,0.10634642094373703,-0.011974303983151913,0.9942569732666016,0,0.11610076576471329,-0.9929380416870117,-0.0243766400963068,0,-0.0011109999613836408,0.014043999835848808,0.09459500014781952,1,0.9701679348945618,-0.037157006561756134,0.2395671308040619,0,0.235325887799263,0.38183701038360596,-0.8937690258026123,0,-0.05826584994792938,0.9234829545021057,0.37919026613235474,0,0,0.2016250044107437,0,1,0.6274847388267517,-0.7785521149635315,-0.010942772030830383,0,0.778627872467041,0.6274022459983826,0.010216775350272655,0,-0.0010887724347412586,-0.014931224286556244,0.9998880624771118,0,0,0.29689499735832214,0,1,0.9636217951774597,0.22736427187919617,0.14048928022384644,0,0.1457572728395462,-0.006460924167186022,-0.989298939704895,0,-0.22402368485927582,0.9737880229949951,-0.03936590999364853,0,-0.0016769999638199806,0.013956000097095966,-0.09459500014781952,1,-0.9026318788528442,-0.4054759740829468,-0.14437948167324066,0,-0.2161199003458023,0.13688023388385773,0.9667239189147949,0,-0.3722204864025116,0.9037988185882568,-0.21118369698524475,0,0,0.2016250044107437,0,1,0.9998649954795837,0.015795735642313957,0.004469991195946932,0,-0.015796296298503876,0.999875009059906,0.00009020153811434284,0,-0.00446800934150815,-0.00016079873603302985,0.9999899864196777,0,0,0.29684099555015564,0,1,-0.9890440702438354,-0.10912977904081345,0.09940832108259201,0,0.13635997474193573,-0.9333488941192627,0.33206337690353394,0,0.056544650346040726,0.34198063611984253,0.9380041360855103,0,0.007644999772310257,0.0017800000496208668,0.08414199948310852,1,0.7173010110855103,0.6691779494285583,-0.19411420822143555,0,-0.677672266960144,0.6052578091621399,-0.417639821767807,0,-0.16198617219924927,0.43111905455589294,0.8876349329948425,0,0,0.5715829730033875,0,1,0.15396811068058014,0.04869074001908302,-0.9868749976158142,0,0.9836770296096802,0.08658921718597412,0.15774135291576385,0,0.093133345246315,-0.9950540065765381,-0.03456401452422142,0,0,0.6687620282173157,0,1,0.9867910146713257,-0.14980383217334747,0.061668749898672104,0,0.10109211504459381,0.8668761253356934,0.4881657063961029,0,-0.12658816576004028,-0.4754829406738281,0.8705689311027527,0,0,0.029040999710559845,0,1,-0.8117530941963196,0.5714248418807983,-0.12054017186164856,0,-0.5284520387649536,-0.8065829277038574,-0.2648819088935852,0,-0.2485858052968979,-0.15131904184818268,0.9567170739173889,0,-0.0027550000231713057,0.0017800000496208668,-0.08414199948310852,1,0.6809029579162598,0.725534200668335,-0.09985589981079102,0,-0.6360619068145752,0.653424084186554,0.41044220328330994,0,0.3630381226539612,-0.21595679223537445,0.9064030647277832,0,0,0.5715429782867432,0,1,-0.05285017937421799,-0.0866747498512268,-0.9948340058326721,0,0.9797620177268982,-0.19710485637187958,-0.03487681597471237,0,-0.19306378066539764,-0.9765440225601196,0.09533775597810745,0,0,0.6689299941062927,0,1,0.9997910261154175,0.020425062626600266,0,0,-0.02041693590581417,0.9993929862976074,-0.028225932270288467,0,-0.0005762585788033903,0.02822006493806839,0.9996020197868347,0,0,0.03604099899530411,0,1
K0.133,-0.999538004398346,0.0008161154109984636,0.030397048220038414,0,0.00008465279097435996,0.9997109174728394,-0.024057138711214066,0,-0.0304078571498394,-0.024043424054980278,-0.9992479681968689,0,0.0002619971928652376,1.1831401586532593,0.026009073480963707,1,-0.9921029210090637,0.12314392626285553,-0.02380167506635189,0,-0.12347105145454407,-0.9922659397125244,0.012792102061212063,0,-0.022042326629161835,0.015629904344677925,0.9996349811553955,0,-0.000526999996509403,-0.0033629999961704016,0,1,0.9952430129051208,0.06298207491636276,-0.07432890683412552,0,-0.0637989416718483,0.9979249835014343,-0.008665071800351143,0,0.07362892478704453,0.013365957885980606,0.9971960186958313,0,0,0.003971000202000141,0,1,0.9952409863471985,0.06293600797653198,-0.07439063489437103,0,-0.0637420117855072,0.9979299306869507,-0.008508351631462574,0,0.07370119541883469,0.013209676370024681,0.9971929788589478,0,0,0.004538999870419502,0,1,-0.98714280128479,-0.15931132435798645,-0.01295061968266964,0,0.15929466485977173,-0.9872279167175293,0.0023168560583144426,0,-0.013154320418834686,0.00022410362726077437,0.9999129772186279,0,0,0.005106000229716301,0,1,0.9771900177001953,-0.2016621232032776,-0.06657750904560089,0,0.2027147263288498,0.9791930317878723,0.009382187388837337,0,0.06330016255378723,-0.02266440913081169,0.9977369904518127,0,-0.03586500138044357,0.09879399836063385,0,1,0.9875010251998901,0.11803597211837769,-0.10444407910108566,0,0.1065409854054451,-0.011578936129808426,0.994240939617157,0,0.11614690721035004,-0.9929419755935669,-0.024009890854358673,0,-0.0011109999613836408,0.014043999835848808,0.09459500014781952,1,0.9810692071914673,0.018510442227125168,0.19277207553386688,0,0.17404162883758545,0.35227546095848083,-0.9195712208747864,0,-0.08493050187826157,0.935712993144989,0.34238487482070923,0,0,0.2016250044107437,0,1,0.669861912727356,-0.7424122095108032,-0.010385946370661259,0,0.7424853444099426,0.6697916388511658,0.00974305160343647,0,-0.0002769404964055866,-0.014237925410270691,0.9998990893363953,0,0,0.29689499735832214,0,1,0.9630759954452515,0.22752109169960022,0.14394192397594452,0,0.14912505447864532,-0.005664127878844738,-0.9888020753860474,0,-0.22415806353092194,0.9737571477890015,-0.03938408941030502,0,-0.0016769999638199806,0.013956000097095966,-0.09459500014781952,1,-0.9218780398368835,-0.3777226209640503,-0.08641398698091507,0,-0.15680305659770966,0.15972526371479034,0.9746280312538147,0,-0.3543365001678467,0.9120380878448486,-0.2064751237630844,0,0,0.2016250044107437,0,1,0.9995250105857849,0.030504297465085983,0.004472215194255114,0,-0.030505388975143433,0.999535083770752,0.00017533116624690592,0,-0.004464784171432257,-0.0003116742882411927,0.9999899864196777,0,0,0.29684099555015564,0,1,-0.9976941347122192,0.012457326985895634,0.0667203813791275,0,0.01204325444996357,-0.9349230527877808,0.35464611649513245,0,0.06679635494947433,0.35463184118270874,0.9326170086860657,0,0.007644999772310257,0.0017800000496208668,0.08414199948310852,1,0.5620379447937012,0.7923457622528076,-0.23727887868881226,0,-0.8050270676612854,0.4581885039806366,-0.3768225610256195,0,-0.18985532224178314,0.40280449390411377,0.8953791260719299,0,0,0.5715829730033875,0,1,0.1535114198923111,0.0940266102552414,-0.9836630821228027,0,0.9747901558876038,0.14871151745319366,0.16634182631969452,0,0.16192257404327393,-0.9844000935554504,-0.0688273161649704,0,0,0.6687620282173157,0,1,0.9924980401992798,-0.11310349404811859,0.046415988355875015,0,0.09286581724882126,0.9443778991699219,0.3154795467853546,0,-0.07951609045267105,-0.30880245566368103,0.9477969408035278,0,0,0.029040999710559845,0,1,-0.8469672203063965,0.5175154209136963,-0.12175340950489044,0,-0.4819260239601135,-0.8440553545951843,-0.2351980358362198,0,-0.2244851142168045,-0.1405288279056549,0.964290976524353,0,-0.0027550000231713057,0.0017800000496208668,-0.08414199948310852,1,0.6749703288078308,0.7312716841697693,-0.09826591610908508,0,-0.6422288417816162,0.6478363275527954,0.40969395637512207,0,0.3632581830024719,-0.2134222686290741,0.9069149494171143,0,0,0.5715429782867432,0,1,-0.0392180010676384,-0.0698641836643219,-0.9967849254608154,0,0.9659137725830078,-0.2580977976322174,-0.019913461059331894,0,-0.25587692856788635,-0.9635897278785706,0.07760492712259293,0,0,0.6689299941062927,0,1,0.9997910261154175,0.02043539099395275,-0.000011151657417940442,0,-0.020427610725164413,0.9993950128555298,-0.02815181389451027,0,-0.0005641486495733261,0.0281461700797081,0.9996040463447571,0,0,0.03604099899530411,0,1
K0.167,-0.999617874622345,0.0032477278728038073,0.02746409736573696,0,0.0024607894010841846,0.9995870590209961,-0.02863870933651924,0,-0.027545735239982605,-0.028560156002640724,-0.9992119669914246,0,0.00009800021507544443,1.197226881980896,0.032468944787979126,1,-0.9921990036964417,0.12232892215251923,-0.02401370368897915,0,-0.12266808748245239,-0.99235999584198,0.01319359615445137,0,-0.022216295823454857,0.016036396846175194,0.999625027179718,0,-0.000526999996509403,-0.0033629999961704016,0,1,0.9957180023193359,0.06401126086711884,-0.06669870764017105,0,-0.06482872366905212,0.9978449940681458,-0.010162257589399815,0,0.0659044086933136,0.01444272045046091,0.9977210164070129,0,0,0.003971000202000141,0,1,0.9957159757614136,0.06395121663808823,-0.06677493453025818,0,-0.06476177275180817,0.9978500604629517,-0.010042761452496052,0,0.06598919630050659,0.014324217103421688,0.9977179765701294,0,0,0.004538999870419502,0,1,-0.9871209263801575,-0.15963155031204224,-0.010492254048585892,0,0.15963643789291382,-0.9871758222579956,0.0003764110733754933,0,-0.010417786426842213,-0.0013033827999606729,0.9999449849128723,0,0,0.005106000229716301,0,1,0.9791749119758606,-0.19652317464351654,-0.05095001310110092,0,0.1964499056339264,0.9804919958114624,-0.006488482002168894,0,0.05123120918869972,-0.0036557663697749376,0.9986799955368042,0,-0.03586500138044357,0.09879399836063385,0,1,0.9874410629272461,0.1180654913187027,-0.10498170554637909,0,0.10695348680019379,-0.010472996160387993,0.9942090511322021,0,0.11628229916095734,-0.9929509162902832,-0.02296897955238819,0,-0.0011109999613836408,0.014043999835848808,0.09459500014781952,1,0.9875489473342896,0.04304569587111473,0.15130828320980072,0,0.12887626886367798,0.33018630743026733,-0.9350758790969849,0,-0.09021099656820297,0.9429340958595276,0.3205278813838959,0,0,0.2016250044107437,0,1,0.734865665435791,-0.6781454682350159,-0.009533824399113655,0,0.6782116889953613,0.7348122596740723,0.00889985915273428,0,0.0009701733360998333,-0.013006158173084259,0.9999149441719055,0,0,0.29689499735832214,0,1,0.9638480544090271,0.2270245999097824,0.13948595523834229,0,0.14519862830638885,-0.008575594052672386,-0.9893649816513062,0,-0.2234140783548355,0.9738509654998779,-0.0412292405962944,0,-0.0016769999638199806,0.013956000097095966,-0.09459500014781952,1,-0.9418928623199463,-0.33554914593696594,-0.015654807910323143,0,-0.08079981803894043,0.1810787320137024,0.9801440238952637,0,-0.3260514438152313,0.9244548082351685,-0.1976688802242279,0,0,0.2016250044107437,0,1,0.9981750249862671,0.060219183564186096,0.0044809808023273945,0,-0.06022133678197861,0.9981849789619446,0.000345888314768672,0,-0.004452019464224577,-0.0006151078268885612,0.9999900460243225,0,0,0.29684099555015564,0,1,-0.9892652630805969,0.1428857147693634,0.030624082311987877,0,-0.12295413017272949,-0.9271361827850342,0.35397812724113464,0,0.07897111773490906,0.3464129567146301,0.9347519874572754,0,0.007644999772310257,0.0017800000496208668,0.08414199948310852,1,0.44228583574295044,0.8672306537628174,-0.2286808043718338,0,-0.8696224689483643,0.35229623317718506,-0.3458952009677887,0,-0.21940751373767853,0.3518505096435547,0.9099788665771484,0,0,0.5715829730033875,0,1,0.14239396154880524,0.13002808392047882,-0.9812319874763489,0,0.9806101322174072,0.11631819605827332,0.15771763026714325,0,0.1346428543329239,-0.9846640229225159,-0.11094383895397186,0,0,0.6687620282173157,0,1,0.9972000122070312,-0.07249521464109421,0.018357571214437485,0,0.07061832398176193,0.9936278462409973,0.08784756064414978,0,-0.024609113112092018,-0.086305171251297,0.995964765548706,0,0,0.029040999710559845,0,1,-0.8858306407928467,0.4509226977825165,-0.10941832512617111,0,-0.4212954044342041,-0.8804308772087097,-0.21760405600070953,0,-0.1944580376148224,-0.14666302502155304,0.9698850512504578,0,-0.0027550000231713057,0.0017800000496208668,-0.08414199948310852,1,0.6942678093910217,0.7122671604156494,-0.10328185558319092,0,-0.6200562119483948,0.6647988557815552,0.41662096977233887,0,0.3654070496559143,-0.2252059280872345,0.9031939506530762,0,0,0.5715429782867432,0,1,-0.040213730186223984,-0.052351128309965134,-0.9978188872337341,0,0.9523642659187317,-0.30413809418678284,-0.02242511324584484,0,-0.3023005425930023,-0.9511880874633789,0.062087904661893845,0,0,0.6689299941062927,0,1,0.9997889995574951,0.020552998408675194,-0.00013496707833837718,0,-0.020548997446894646,0.9994149804115295,-0.027337010949850082,0,-0.00042696919990703464,0.027334002777934074,0.9996259808540344,0,0,0.03604099899530411,0,1
K0.200,-0.9993779063224792,0.01115434244275093,0.03344983980059624,0,0.010439240373671055,0.9997149705886841,-0.021477296948432922,0,-0.03367988020181656,-0.021114757284522057,-0.9992098212242126,0,0.00022199629165697843,1.2134629487991333,0.03589099645614624,1,-0.9921801090240479,0.12255969643592834,-0.023618927225470543,0,-0.12282729893922806,-0.9923750162124634,0.01022996474057436,0,-0.02218506671488285,0.013051025569438934,0.999669075012207,0,-0.000526999996509403,-0.0033629999961704016,0,1,0.9962419867515564,0.06277763843536377,-0.05967910215258598,0,-0.06377335637807846,0.9978529810905457,-0.014927097596228123,0,0.0586138479411602,0.01867692731320858,0.9981060028076172,0,0,0.003971000202000141,0,1,0.9962409734725952,0.06275299191474915,-0.05971960723400116,0,-0.06374699622392654,0.997855007648468,-0.014886020682752132,0,0.058657340705394745,0.018637003377079964,0.9981039762496948,0,0,0.004538999870419502,0,1,-0.9869730472564697,-0.1607007533311844,-0.007681054063141346,0,0.16069024801254272,-0.9870030283927917,0.0019770197104662657,0,-0.007898936979472637,0.0007169950986281037,0.9999690055847168,0,0,0.005106000229716301,0,1,0.9828980565071106,-0.18171584606170654,-0.029846137389540672,0,0.18112708628177643,0.983227014541626,-0.021391911432147026,0,0.03323279321193695,0.015620131976902485,0.9993260502815247,0,-0.03586500138044357,0.09879399836063385,0,1,0.9876310229301453,0.11807987093925476,-0.10316263884305954,0,0.10516687482595444,-0.010854046791791916,0.9943950176239014,0,0.11629834026098251,-0.9929450154304504,-0.023137889802455902,0,-0.0011109999613836408,0.014043999835848808,0.09459500014781952,1,0.9919959902763367,0.042826153337955475,0.11878295242786407,0,0.09907112270593643,0.3192479610443115,-0.9424780011177063,0,-0.07828397303819656,0.9467030167579651,0.3124500513076782,0,0,0.2016250044107437,0,1,0.8164891004562378,-0.5772988200187683,-0.008461985737085342,0,0.5773555636405945,0.8164583444595337,0.00757638830691576,0,0.0025350158102810383,-0.011071601882576942,0.99993497133255,0,0,0.29689499735832214,0,1,0.9656680226325989,0.2258128821849823,0.12842729687690735,0,0.13542884588241577,-0.015726575627923012,-0.9906619787216187,0,-0.22168467938899994,0.9740440845489502,-0.04576826095581055,0,-0.0016769999638199806,0.013956000097095966,-0.09459500014781952,1,-0.9556090831756592,-0.2893349230289459,0.055637918412685394,0,-0.0010408589150756598,0.19215017557144165,0.9813650250434875,0,-0.2946341633796692,0.9377439618110657,-0.18392175436019897,0,0,0.2016250044107437,0,1,0.9952099919319153,0.0976603627204895,0.004497179761528969,0,-0.09766378253698349,0.9952189922332764,0.0005617400165647268,0,-0.004420819692313671,-0.0009982610354200006,0.9999899864196777,0,0,0.29684099555015564,0,1,-0.9661819338798523,0.257776141166687,0.006581851281225681,0,-0.24103723466396332,-0.9119219779968262,0.33211392164230347,0,0.09161317348480225,0.3192959725856781,0.9432160258293152,0,0.007644999772310257,0.0017800000496208668,0.08414199948310852,1,0.40113839507102966,0.8989309072494507,-0.17609992623329163,0,-0.883475124835968,0.32888391613960266,-0.3336280584335327,0,-0.24199211597442627,0.28941094875335693,0.9261110424995422,0,0,0.5715829730033875,0,1,0.13230948150157928,0.14696809649467468,-0.9802520871162415,0,0.989914059638977,0.030928945168852806,0.13825075328350067,0,0.050636664032936096,-0.98865807056427,-0.1413937211036682,0,0,0.6687620282173157,0,1,0.9970820546150208,-0.07380783557891846,0.0194998886436224,0,0.07161420583724976,0.9928039312362671,0.09597338736057281,0,-0.02644316293299198,-0.0942969024181366,0.9951930046081543,0,0,0.029040999710559845,0,1,-0.9225010275840759,0.3732537031173706,-0.09835197776556015,0,-0.3464169502258301,-0.9129759669303894,-0.21556910872459412,0,-0.17025499045848846,-0.16479195654392242,0.9715229272842407,0,-0.0027550000231713057,0.0017800000496208668,-0.08414199948310852,1,0.731680154800415,0.6721448302268982,-0.11342698335647583,0,-0.5748569965362549,0.6978700160980225,0.427219957113266,0,0.36631104350090027,-0.24738411605358124,0.897005021572113,0,0,0.5715429782867432,0,1,-0.04233798757195473,-0.03733087331056595,-0.9984059929847717,0,0.941093921661377,-0.33704012632369995,-0.027305571362376213,0,-0.3354836702346802,-0.9407501816749573,0.049401506781578064,0,0,0.6689299941062927,0,1,0.9997900128364563,0.02047671191394329,-0.00005481701737153344,0,-0.02047029137611389,0.9994019865989685,-0.027865856885910034,0,-0.0005158171989023685,0.02786114625632763,0.999612033367157,0,0,0.03604099899530411,0,1
