0.600,30,17,25
B0,mixamorig_Hips,-1,0.11496131122112274,0.1325749307870865,-0.9844829440116882,0,0.021273165941238403,0.9904980063438416,0.135869100689888,0,0.9931420683860779,-0.03656278923153877,0.11104874312877655,0,0.0006360000115819275,1.196619987487793,0.016743000596761703,1
B1,mixamorig_Spine,0,-0.9649538993835449,-0.07831218838691711,0.25046098232269287,0,0.08581973612308502,-0.9961259365081787,0.019177820533514023,0,0.24798895418643951,0.04000023379921913,0.9679369330406189,0,-0.000526999996509403,-0.0033629999961704016,0,1
B2,mixamorig_Spine1,1,0.9978579878807068,-0.059585005044937134,0.026999007910490036,0,0.05882798507809639,0.997874915599823,0.028016148135066032,0,-0.02861098386347294,-0.026367846876382828,0.9992430210113525,0,0,0.003971000202000141,0,1
B3,mixamorig_Spine2,2,0.9978920817375183,-0.05882152542471886,0.027408534660935402,0,0.058116454631090164,0.9979749321937561,0.025848176330327988,0,-0.028873465955257416,-0.0242008063942194,0.9992899894714355,0,0,0.004538999870419502,0,1
B4,mixamorig_Neck,3,-0.9723030924797058,-0.22967413067817688,0.043326303362846375,0,0.23181194067001343,-0.9712991118431091,0.053297292441129684,0,0.02984178252518177,0.061864662915468216,0.9976380467414856,0,0,0.005106000229716301,0,1
B5,mixamorig_Head,4,0.9345129728317261,-0.3364810049533844,0.11603985726833344,0,0.3382270336151123,0.9410520792007446,0.0048998091369867325,0,-0.11084820330142975,0.03466887027025223,0.993232011795044,0,-0.03586500138044357,0.09879399836063385,0,1
B6,mixamorig_HeadTop_End,5,1,0,0,0,0,1,0,0,0,0,1,0,-0.026538999751210213,0.07310199737548828,0,1
B7,mixamorig_LeftShoulder,3,0.9763671159744263,0.14932982623577118,-0.15623265504837036,0,0.17605140805244446,-0.13025236129760742,0.9757258296012878,0,0.12535521388053894,-0.9801709651947021,-0.15346375107765198,0,-0.0011109999613836408,0.014043999835848808,0.09459500014781952,1
B8,mixamorig_LeftArm,7,0.42435422539711,-0.15258117020130157,-0.8925479650497437,0,-0.8324282169342041,0.3221810758113861,-0.4508477449417114,0,0.35635292530059814,0.9343010783195496,0.009706015698611736,0,0,0.2016250044107437,0,1
B9,mixamorig_LeftForeArm,8,0.30253106355667114,-0.9530180096626282,-0.015207041054964066,0,0.9531109929084778,0.30236101150512695,0.012507329694926739,0,-0.007321697659790516,-0.018277863040566444,0.9998060464859009,0,0,0.29689499735832214,0,1
B10,mixamorig_LeftHand,9,1,0,0,0,0,1,0,0,0,0,1,0,0,0.4102889895439148,0,1
B11,mixamorig_RightShoulder,3,0.9712719321250916,0.22666628658771515,0.07248281687498093,0,0.10737013071775436,-0.14558202028274536,-0.9835029244422913,0,-0.21237468719482422,0.9630310535430908,-0.16573688387870789,0,-0.0016769999638199806,0.013956000097095966,-0.09459500014781952,1
B12,mixamorig_RightArm,11,-0.9467328786849976,0.10747700929641724,0.30355408787727356,0,0.3201238811016083,0.41624709963798523,0.8510339260101318,0,-0.0348869152367115,0.9028769731521606,-0.4284808039665222,0,0,0.2016250044107437,0,1
B13,mixamorig_RightForeArm,12,-0.0425431914627552,0.9990400075912476,0.010467620566487312,0,-0.9990749359130859,-0.04260491207242012,0.005748279858380556,0,0.006188738159835339,-0.010213393718004227,0.9999290704727173,0,0,0.29684099555015564,0,1
B14,mixamorig_RightHand,13,1,0,0,0,0,1,0,0,0,0,1,0,0,0.41029301285743713,0,1
B15,mixamorig_LeftUpLeg,0,-0.6428199410438538,0.7647320032119751,0.04436081647872925,0,-0.6878718733787537,-0.6017559766769409,0.405860960483551,0,0.3370690941810608,0.2303808629512787,0.9128580093383789,0,0.007644999772310257,0.0017800000496208668,0.08414199948310852,1
B16,mixamorig_LeftLeg,15,-0.5885272026062012,0.8076777458190918,0.03595215082168579,0,-0.8066131472587585,-0.5835707187652588,-0.09392315149307251,0,-0.05487896874547005,-0.0842757448554039,0.9949300289154053,0,0,0.5715829730033875,0,1
B17,mixamorig_LeftFoot,16,0.144492045044899,0.19034117460250854,-0.9710260033607483,0,0.9894319772720337,-0.01578875258564949,0.14413602650165558,0,0.012103766202926636,-0.981590986251831,-0.1906110793352127,0,0,0.6687620282173157,0,1
B18,mixamorig_LeftToeBase,17,0.9985430240631104,-0.05396777391433716,1.9173153020801692e-7,0,0.05393621698021889,0.9979590177536011,-0.03417588397860527,0,0.0018442051950842142,0.034126102924346924,0.999415934085846,0,0,0.029040999710559845,0,1
B19,mixamorig_LeftToe_End,18,1,0,0,0,0,1,0,0,0,0,1,0,0,0.023948000743985176,0,1
B20,mixamorig_RightUpLeg,0,-0.9944688677787781,-0.0808129757642746,-0.06708306074142456,0,0.09407097846269608,-0.969402015209198,-0.2267397940158844,0,-0.0467069186270237,-0.23179617524147034,0.9716419577598572,0,-0.0027550000231713057,0.0017800000496208668,-0.08414199948310852,1
B21,mixamorig_RightLeg,20,0.9181870818138123,0.3698159158229828,0.1420144885778427,0,-0.39352425932884216,0.8103069067001343,0.4342130422592163,0,0.045503582805395126,-0.4545750319957733,0.8895450234413147,0,0,0.5715429782867432,0,1
B22,mixamorig_RightFoot,21,0.09246893972158432,-0.13984516263008118,-0.9858459234237671,0,0.9942209720611572,-0.04125816375017166,0.09910708665847778,0,-0.054533831775188446,-0.989313006401062,0.13522188365459442,0,0,0.6689299941062927,0,1
B23,mixamorig_RightToeBase,22,0.9918169975280762,0.1142970398068428,-0.05687882378697395,0,-0.07240190356969833,0.8705151081085205,0.48678678274154663,0,0.10515213757753372,-0.478685200214386,0.8716668486595154,0,0,0.03604099899530411,0,1
B24,mixamorig_RightToe_End,23,1,0,0,0,0,1,0,0,0,0,1,0,0,0.0251460000872612,0,1
@20,0,1,2,3,4,5,7,8,9,11,12,13,15,16,17,18,20,21,22,23
K0,-0.9844828844070435,0.1325751096010208,-0.11496132612228394,0,0.13586926460266113,0.9904980063438416,-0.02127310447394848,0,0.11104876548051834,-0.03656275197863579,-0.9931420087814331,0,0.016742998734116554,1.196619987487793,-0.0006359994295053184,1,-0.9649538993835449,-0.0783122256398201,0.25046101212501526,0,0.085819773375988,-0.9961259365081787,0.019177787005901337,0,0.2479889839887619,0.04000021144747734,0.9679369330406189,0,-0.000526999996509403,-0.0033629999961704016,0,1,0.9978579878807068,-0.05958500877022743,0.026999011635780334,0,0.05882798880338669,0.997874915599823,0.02801614999771118,0,-0.028610987588763237,-0.026367848739027977,0.9992430210113525,0,0,0.003971000202000141,0,1,0.9978920817375183,-0.058821532875299454,0.027408534660935402,0,0.05811646208167076,0.9979749321937561,0.025848183780908585,0,-0.028873467817902565,-0.024200813844799995,0.9992899894714355,0,0,0.004538999870419502,0,1,-0.9723030924797058,-0.22967413067817688,0.04332626610994339,0,0.23181192576885223,-0.9712991118431091,0.053297318518161774,0,0.029841739684343338,0.06186467781662941,0.9976380467414856,0,0,0.005106000229716301,0,1,0.9345129728317261,-0.3364810049533844,0.11603982746601105,0,0.3382270336151123,0.9410520792007446,0.004899834748357534,0,-0.11084818094968796,0.03466883674263954,0.993232011795044,0,-0.03586500138044357,0.09879399836063385,0,1,0.9763670563697815,0.14933018386363983,-0.15623237192630768,0,0.17605116963386536,-0.13025234639644623,0.9757258892059326,0,0.12535561621189117,-0.9801709651947021,-0.15346376597881317,0,-0.0011109999613836408,0.014043999835848808,0.09459500014781952,1,0.42435404658317566,-0.15258146822452545,-0.8925479650497437,0,-0.8324283361434937,0.3221808075904846,-0.45084765553474426,0,0.3563528060913086,0.9343010783195496,0.009705597534775734,0,0,0.2016250044107437,0,1,0.30253106355667114,-0.9530180096626282,-0.015206800773739815,0,0.9531109929084778,0.30236101150512695,0.012507359497249126,0,-0.007321799639612436,-0.018277643248438835,0.9998060464859009,0,0,0.29689499735832214,0,1,0.971271812915802,0.22666648030281067,0.07248314470052719,0,0.10737046599388123,-0.14558182656764984,-0.9835028648376465,0,-0.21237485110759735,0.9630309343338013,-0.16573677957057953,0,-0.0016769999638199806,0.013956000097095966,-0.09459500014781952,1,-0.9467328786849976,0.10747706145048141,0.30355411767959595,0,0.32012394070625305,0.41624706983566284,0.8510339260101318,0,-0.034886885434389114,0.9028769731521606,-0.4284808337688446,0,0,0.2016250044107437,0,1,-0.0425431914627552,0.9990400671958923,0.010467328131198883,0,-0.9990750551223755,-0.04260490462183952,0.005747882183641195,0,0.006188327446579933,-0.01021311804652214,0.9999290704727173,0,0,0.29684099555015564,0,1,-0.6428200006484985,0.7647320628166199,0.044360820204019547,0,-0.6878719329833984,-0.6017559766769409,0.4058610498905182,0,0.33706918358802795,0.23038092255592346,0.9128579497337341,0,0.007644999772310257,0.0017800000496208668,0.08414199948310852,1,-0.5885272026062012,0.8076778054237366,0.035952091217041016,0,-0.8066132068634033,-0.5835707187652588,-0.09392324835062027,0,-0.054879091680049896,-0.0842757523059845,0.9949300289154053,0,0,0.5715829730033875,0,1,0.14449231326580048,0.19034123420715332,-0.9710259437561035,0,0.9894318580627441,-0.015788743272423744,0.1441362500190735,0,0.012103794142603874,-0.9815909266471863,-0.1906110942363739,0,0,0.6687620282173157,0,1,0.9985430240631104,-0.053967781364917755,0,0,0.053936224430799484,0.9979590177536011,-0.03417588770389557,0,0.001844198675826192,0.03412610664963722,0.999415934085846,0,0,0.029040999710559845,0,1,-0.9944688677787781,-0.08081299066543579,-0.06708307564258575,0,0.09407100081443787,-0.969402015209198,-0.2267398089170456,0,-0.046706926077604294,-0.23179619014263153,0.9716419577598572,0,-0.0027550000231713057,0.0017800000496208668,-0.08414199948310852,1,0.918187141418457,0.36981579661369324,0.1420145034790039,0,-0.3935241997241974,0.810306966304779,0.43421298265457153,0,0.04550350829958916,-0.45457497239112854,0.8895450830459595,0,0,0.5715429782867432,0,1,0.09246916323900223,-0.1398453265428543,-0.9858458638191223,0,0.9942209124565125,-0.04125792160630226,0.09910725057125092,0,-0.05453367531299591,-0.9893129467964172,0.13522210717201233,0,0,0.6689299941062927,0,1,0.9918169975280762,0.11429706960916519,-0.05687882751226425,0,-0.07240193337202072,0.8705151081085205,0.48678678274154663,0,0.10515215992927551,-0.478685200214386,0.8716668486595154,0,0,0.03604099899530411,0,1
K0.035,-0.9861553311347961,0.1438530683517456,-0.08248022198677063,0,0.1448003649711609,0.9894447922706604,-0.0055893766693770885,0,0.08080562949180603,-0.017455171793699265,-0.9965768456459045,0,0.020332636311650276,1.2161238193511963,0.0010374430567026138,1,-0.962837815284729,0.0024478670675307512,0.2700681686401367,0,-0.0009029314387589693,-0.999982476234436,0.005844626110047102,0,0.27007776498794556,0.005383573938161135,0.9628230929374695,0,-0.000526999996509403,-0.0033629999961704016,0,1,0.9989286065101624,-0.03398793935775757,0.031414732336997986,0,0.03319409862160683,0.9991242289543152,0.025454336777329445,0,-0.03225238248705864,-0.024384301155805588,0.9991827607154846,0,0,0.003971000202000141,0,1,0.998900830745697,-0.03453770652413368,0.03168441355228424,0,0.033807504922151566,0.9991567134857178,0.023299815133213997,0,-0.032462410628795624,-0.022203030064702034,0.9992259740829468,0,0,0.004538999870419502,0,1,-0.9661211967468262,-0.25220051407814026,0.05482339859008789,0,0.2548740804195404,-0.9657389521598816,0.04887336120009422,0,0.04061918333172798,0.06119062379002571,0.9972996115684509,0,0,0.005106000229716301,0,1,0.9372609853744507,-0.30115827918052673,0.17562907934188843,0,0.30488455295562744,0.9523700475692749,0.006022688467055559,0,-0.1690777689218521,0.04790179058909416,0.9844384789466858,0,-0.03586500138044357,0.09879399836063385,0,1,0.9771389365196228,0.14812755584716797,-0.15250730514526367,0,0.17441657185554504,-0.14834126830101013,0.9734340310096741,0,0.12156925350427628,-0.9777799248695374,-0.17078590393066406,0,-0.0011109999613836408,0.014043999835848808,0.09459500014781952,1,0.30978748202323914,-0.08592282980680466,-0.9469160437583923,0,-0.8793315291404724,0.35293927788734436,-0.31970253586769104,0,0.36167341470718384,0.9316924214363098,0.03378148749470711,0,0,0.2016250044107437,0,1,0.1467035412788391,-0.9890296459197998,-0.01725180260837078,0,0.9891267418861389,0.14649152755737305,0.012979961931705475,0,-0.01031032856553793,-0.018968431279063225,0.9997668266296387,0,0,0.29689499735832214,0,1,0.9725228548049927,0.22463658452033997,0.06113690137863159,0,0.09949066489934921,-0.16360309720039368,-0.981497049331665,0,-0.2104778289794922,0.9606102705001831,-0.18145689368247986,0,-0.0016769999638199806,0.013956000097095966,-0.09459500014781952,1,-0.9580996036529541,0.11629807949066162,0.26176321506500244,0,0.28551822900772095,0.46083006262779236,0.8403061628341675,0,-0.022902365773916245,0.8798353672027588,-0.4747263491153717,0,0,0.2016250044107437,0,1,-0.3850732743740082,0.9228015542030334,0.012438943609595299,0,-0.922834575176239,-0.3851586580276489,0.005310791078954935,0,0.009691781364381313,-0.009434050880372524,0.999908447265625,0,0,0.29684099555015564,0,1,-0.5258359909057617,0.8476510047912598,-0.07059990614652634,0,-0.8087636232376099,-0.4725494980812073,0.35014164447784424,0,0.263435959815979,0.24121570587158203,0.9340327978134155,0,0.007644999772310257,0.0017800000496208668,0.08414199948310852,1,-0.20559582114219666,0.9770336151123047,-0.05600249767303467,0,-0.9403128623962402,-0.21307818591594696,-0.265347957611084,0,-0.2711867392063141,-0.0018945683259516954,0.9625252485275269,0,0,0.5715829730033875,0,1,0.1226060688495636,0.28085142374038696,-0.9518880248069763,0,0.9895131587982178,0.03920556977391243,0.13901983201503754,0,0.07636326551437378,-0.9589504599571228,-0.2730993628501892,0,0,0.6687620282173157,0,1,0.9985436797142029,-0.053955499082803726,-0.000014022242794453632,0,0.05392333120107651,0.9979573488235474,-0.034262027591466904,0,0.0018626172095537186,0.034211352467536926,0.9994127750396729,0,0,0.029040999710559845,0,1,-0.910945475101471,-0.40816617012023926,-0.059821926057338715,0,0.4102364778518677,-0.881054162979126,-0.23547524213790894,0,0.04340668022632599,-0.23904629051685333,0.9700371623039246,0,-0.0027550000231713057,0.0017800000496208668,-0.08414199948310852,1,0.9971464276313782,0.050861623138189316,0.05578647926449776,0,-0.07069297134876251,0.8883775472640991,0.4536390006542206,0,-0.026486625894904137,-0.4562879502773285,0.8894375562667847,0,0,0.5715429782867432,0,1,-0.05664767697453499,-0.09403770416975021,-0.9939556121826172,0,0.9098482728004456,0.4050240218639374,-0.09017331898212433,0,0.41105586290359497,-0.9094574451446533,0.06261637061834335,0,0,0.6689299941062927,0,1,0.991150438785553,0.11929434537887573,-0.05822521820664406,0,-0.07336822152137756,0.8578393459320068,0.508652925491333,0,0.11062729358673096,-0.4998796582221985,0.8590002059936523,0,0,0.03604099899530411,0,1
K0.071,-0.9840255379676819,0.1710248440504074,-0.049434591084718704,0,0.17242418229579926,0.9846914410591125,-0.02555139921605587,0,0.0443078987300396,-0.03366696089506149,-0.9984505772590637,0,0.02665746957063675,1.237415075302124,0.005034780595451593,1,-0.9592485427856445,0.08741743862628937,0.2687007784843445,0,-0.08002953231334686,-0.9960547089576721,0.03834876790642738,0,0.27099302411079407,0.015282006934285164,0.9624601006507874,0,-0.000526999996509403,-0.0033629999961704016,0,1,0.9993205666542053,-0.008359459228813648,0.03588790073990822,0,0.007861632853746414,0.9998709559440613,0.013990510255098343,0,-0.03600025177001953,-0.013698878698050976,0.9992581009864807,0,0,0.003971000202000141,0,1,0.9993042945861816,-0.00948905199766159,0.03606283664703369,0,0.009025799110531807,0.9998747110366821,0.012986854650080204,0,-0.03618156164884567,-0.012652326375246048,0.9992650151252747,0,0,0.004538999870419502,0,1,-0.9688124060630798,-0.23995976150035858,0.06181839853525162,0,0.24290966987609863,-0.968977153301239,0.04559110850095749,0,0.04896057769656181,0.05918550863862038,0.9970455169677734,0,0,0.005106000229716301,0,1,0.9377950429916382,-0.27479228377342224,0.212201327085495,0,0.2795547544956207,0.9600974917411804,0.007833569310605526,0,-0.20588667690753937,0.051975637674331665,0.9771946668624878,0,-0.03586500138044357,0.09879399836063385,0,1,0.977180004119873,0.14795327186584473,-0.15240922570228577,0,0.1751079112291336,-0.15496788918972015,0.9722766280174255,0,0.12023305147886276,-0.9767780303955078,-0.17733943462371826,0,-0.0011109999613836408,0.014043999835848808,0.09459500014781952,1,0.3276658058166504,-0.040285658091306686,-0.9439343810081482,0,-0.8901354074478149,0.3217284381389618,-0.32272157073020935,0,0.31669166684150696,0.9459744691848755,0.0695597305893898,0,0,0.2016250044107437,0,1,0.14182960987091064,-0.989739179611206,-0.017315760254859924,0,0.9898362159729004,0.14161625504493713,0.012989772483706474,0,-0.010404298081994057,-0.018982108682394028,0.9997655153274536,0,0,0.29689499735832214,0,1,0.9729089140892029,0.22394298017024994,0.057435303926467896,0,0.09630262106657028,-0.16670696437358856,-0.9812921285629272,0,-0.21017858386039734,0.9602388143539429,-0.18375693261623383,0,-0.0016769999638199806,0.013956000097095966,-0.09459500014781952,1,-0.9728788137435913,0.13859844207763672,0.18519510328769684,0,0.22772431373596191,0.43335166573524475,0.8719794750213623,0,0.04060037061572075,0.8905032873153687,-0.45316052436828613,0,0,0.2016250044107437,0,1,-0.5220445990562439,0.8528151512145996,0.01322681549936533,0,-0.852846086025238,-0.5221396684646606,0.004907606635242701,0,0.011091524735093117,-0.00871844682842493,0.9999001622200012,0,0,0.29684099555015564,0,1,-0.5693818926811218,0.8091168999671936,-0.14537861943244934,0,-0.7976080775260925,-0.500907301902771,0.3360261917114258,0,0.19906316697597504,0.3072822093963623,0.9305654168128967,0,0.007644999772310257,0.0017800000496208668,0.08414199948310852,1,0.29598554968833923,0.9546456933021545,-0.0323069766163826,0,-0.8585649132728577,0.25106778740882874,-0.44702452421188354,0,-0.41863903403282166,0.16005055606365204,0.8939383029937744,0,0,0.5715829730033875,0,1,0.13775676488876343,0.21172520518302917,-0.9675719738006592,0,0.9885414242744446,-0.09025866538286209,0.12099174410104752,0,-0.06171479448676109,-0.973152756690979,-0.2217329442501068,0,0,0.6687620282173157,0,1,0.9985204339027405,-0.054381947964429855,0.00046131722046993673,0,0.054369714111089706,0.998030424118042,-0.03128257393836975,0,0.0012407992035150528,0.0312613844871521,0.9995108246803284,0,0,0.029040999710559845,0,1,-0.9458091259002686,-0.31241053342819214,-0.08856860548257828,0,0.3241215646266937,-0.9248512387275696,-0.19898578524589539,0,-0.019747529178857803,-0.21690954267978668,0.9759916663169861,0,-0.0027550000231713057,0.0017800000496208668,-0.08414199948310852,1,0.8685634732246399,0.48588263988494873,0.09755253046751022,0,-0.48446720838546753,0.7910264134407043,0.37358880043029785,0,0.10435358434915543,-0.3717462718486786,0.922450065612793,0,0,0.5715429782867432,0,1,-0.14295488595962524,-0.005447907838970423,-0.9897139072418213,0,0.8773227334022522,0.4621640741825104,-0.12926502525806427,0,0.45811453461647034,-0.8867776989936829,-0.06128905713558197,0,0,0.6689299941062927,0,1,0.9998610019683838,0.015914177522063255,0.0049078878946602345,0,-0.015590384602546692,0.998067319393158,-0.06014874950051308,0,-0.005855623632669449,0.060063913464546204,0.9981772899627686,0,0,0.03604099899530411,0,1
K0.106,-0.984709620475769,0.1725633591413498,-0.02383253164589405,0,0.17351539433002472,0.9837387800216675,-0.046366430819034576,0,0.015443842858076096,-0.049792807549238205,-0.998639702796936,0,0.03179458528757095,1.2408051490783691,0.009480472654104233,1,-0.9624133706092834,0.10395603626966476,0.25090405344963074,0,-0.090084508061409,-0.9937322735786438,0.06618434190750122,0,0.2562118470668793,0.04109414666891098,0.9657465219497681,0,-0.000526999996509403,-0.0033629999961704016,0,1,0.9993035793304443,0.00021995110728312284,0.037302687764167786,0,-0.0003473550605122,0.9999940395355225,0.003408959601074457,0,-0.03730173408985138,-0.003419544780626893,0.9992982149124146,0,0,0.003971000202000141,0,1,0.9993108510971069,0.0005134970415383577,0.037114910781383514,0,-0.0006439766730181873,0.9999939203262329,0.003503684652969241,0,-0.03711286187171936,-0.003525169100612402,0.9993045926094055,0,0,0.004538999870419502,0,1,-0.975202739238739,-0.21206922829151154,0.06329841166734695,0,0.21544353663921356,-0.975115954875946,0.052276451140642166,0,0.05063706636428833,0.06461737304925919,0.996624767780304,0,0,0.005106000229716301,0,1,0.93598473072052,-0.27375656366348267,0.221334770321846,0,0.27994662523269653,0.9600090384483337,0.0035377023741602898,0,-0.21345199644565582,0.05865073204040527,0.9751917123794556,0,-0.03586500138044357,0.09879399836063385,0,1,0.9746671319007874,0.15118463337421417,-0.16482621431350708,0,0.18411420285701752,-0.12391600757837296,0.9750625491142273,0,0.12698988616466522,-0.9807083010673523,-0.1486121118068695,0,-0.0011109999613836408,0.014043999835848808,0.09459500014781952,1,0.46077075600624084,-0.00642950227484107,-0.8874958753585815,0,-0.8557643294334412,0.2618754506111145,-0.4461934566497803,0,0.23528209328651428,0.9650800228118896,0.11516240239143372,0,0,0.2016250044107437,0,1,0.21798278391361237,-0.9758157730102539,-0.01631629653275013,0,0.9759116172790527,0.21779005229473114,0.01280671451240778,0,-0.008943472988903522,-0.018714919686317444,0.9997851252555847,0,0,0.29689499735832214,0,1,0.9722760319709778,0.22490549087524414,0.06401067227125168,0,0.10257331281900406,-0.16420254111289978,-0.9810789227485657,0,-0.21013936400413513,0.9604455232620239,-0.18271954357624054,0,-0.0016769999638199806,0.013956000097095966,-0.09459500014781952,1,-0.9793683886528015,0.1840391755104065,0.08347027748823166,0,0.1435161530971527,0.34263280034065247,0.9284423589706421,0,0.14227016270160675,0.9212667942047119,-0.36197635531425476,0,0,0.2016250044107437,0,1,-0.4785873293876648,0.8779433965682983,0.012977313250303268,0,-0.8779748678207397,-0.4786791503429413,0.005052163265645504,0,0.010647492483258247,-0.008975861594080925,0.9999030232429504,0,0,0.29684099555015564,0,1,-0.6736621260643005,0.7245923280715942,-0.1454162895679474,0,-0.7229475975036621,-0.6052736639976501,0.3331521451473236,0,0.15338276326656342,0.32956016063690186,0.931591808795929,0,0.007644999772310257,0.0017800000496208668,0.08414199948310852,1,0.7413145899772644,0.6711130738258362,-0.007753781508654356,0,-0.5710685849189758,0.6246511340141296,-0.532627284526825,0,-0.3526095449924469,0.399272084236145,0.8463141322135925,0,0,0.5715829730033875,0,1,0.13267521560192108,0.0841265395283699,-0.9875831007957458,0,0.9786760807037354,-0.16875971853733063,0.11710289865732193,0,-0.15681275725364685,-0.9820602536201477,-0.10472279042005539,0,0,0.6687620282173157,0,1,0.9985017776489258,-0.054706890136003494,0.0008224766934290528,0,0.05470775067806244,0.9980812668800354,-0.029013855382800102,0,0.0007663590949960053,0.029015373438596725,0.9995784759521484,0,0,0.029040999710559845,0,1,-0.9592262506484985,-0.2517739534378052,-0.12843242287635803,0,0.2710516154766083,-0.9482208490371704,-0.1655541956424713,0,-0.08010006695985794,-0.19361573457717896,0.9778020977973938,0,-0.0027550000231713057,0.0017800000496208668,-0.08414199948310852,1,0.5965032577514648,0.7765951156616211,0.20268923044204712,0,-0.7992605566978455,0.551710307598114,0.23832540214061737,0,0.07325664907693863,-0.30416354537010193,0.9497992992401123,0,0,0.5715429782867432,0,1,-0.10659345239400864,0.03833772614598274,-0.9935632944107056,0,0.9015340209007263,0.42518842220306396,-0.0803137943148613,0,0.4193727970123291,-0.9042924642562866,-0.07988513261079788,0,0,0.6689299941062927,0,1,0.9997720718383789,0.021334955468773842,-0.0009529818780720234,0,-0.021350722759962082,0.9995322227478027,-0.0219088327139616,0,0.000485111988382414,0.021924179047346115,0.9997596144676208,0,0,0.03604099899530411,0,1
K0.141,-0.9895121455192566,0.13986405730247498,0.03610003739595413,0,0.1381913125514984,0.9893690943717957,-0.0452965684235096,0,-0.04205162450671196,-0.03983280435204506,-0.9983206987380981,0,0.030982811003923416,1.2293058633804321,0.01146705076098442,1,-0.9823270440101624,0.03810780122876167,0.18325281143188477,0,-0.031337033957242966,-0.9987200498580933,0.039703670889139175,0,0.18453121185302734,0.033259376883506775,0.9822633862495422,0,-0.000526999996509403,-0.0033629999961704016,0,1,0.9995915293693542,-0.007725796662271023,0.027511395514011383,0,0.007425510324537754,0.999911904335022,0.011000503785908222,0,-0.027593953534960747,-0.010791721753776073,0.9995605945587158,0,0,0.003971000202000141,0,1,0.9996007084846497,-0.007304496131837368,0.027309169992804527,0,0.007010938134044409,0.9999169111251831,0.010829707607626915,0,-0.02738599292933941,-0.010633915662765503,0.9995683431625366,0,0,0.004538999870419502,0,1,-0.9787653088569641,-0.19654631614685059,0.058210339397192,0,0.20053106546401978,-0.9769555926322937,0.07311110198497772,0,0.042499199509620667,0.08323159068822861,0.9956239461898804,0,0,0.005106000229716301,0,1,0.9334419369697571,-0.2950134575366974,0.2040918469429016,0,0.30223333835601807,0.9532235860824585,-0.004426848143339157,0,-0.19323919713497162,0.06581556797027588,0.9789418578147888,0,-0.03586500138044357,0.09879399836063385,0,1,0.9696329236030579,0.1566571444272995,-0.18780449032783508,0,0.20014332234859467,-0.06696949154138565,0.9774755835533142,0,0.14055135846138,-0.9853802919387817,-0.09628970921039581,0,-0.0011109999613836408,0.014043999835848808,0.09459500014781952,1,0.6283428072929382,0.016163531690835953,-0.7777685523033142,0,-0.7622856497764587,0.21233032643795013,-0.6114218831062317,0,0.1552610546350479,0.9770638942718506,0.14573737978935242,0,0,0.2016250044107437,0,1,0.21536073088645935,-0.9763978123664856,-0.016350828111171722,0,0.9764934182167053,0.21516722440719604,0.01281434390693903,0,-0.008993731811642647,-0.018726177513599396,0.9997842907905579,0,0,0.29689499735832214,0,1,0.9715433716773987,0.22591395676136017,0.07117372006177902,0,0.10942626744508743,-0.1615978628396988,-0.9807714819908142,0,-0.2100684940814972,0.9606505632400513,-0.1817202866077423,0,-0.0016769999638199806,0.013956000097095966,-0.09459500014781952,1,-0.9709383845329285,0.22856616973876953,-0.07096530497074127,0,-0.010421711951494217,0.25585758686065674,0.9666587114334106,0,0.23910245299339294,0.9393055438995361,-0.24603986740112305,0,0,0.2016250044107437,0,1,-0.360527902841568,0.9326668977737427,0.012297592125833035,0,-0.9327008128166199,-0.36061176657676697,0.005366872064769268,0,0.0094401640817523,-0.009535069577395916,0.9999102354049683,0,0,0.29684099555015564,0,1,-0.7829980850219727,0.6184888482093811,-0.0662228986620903,0,-0.6056008338928223,-0.7336894273757935,0.30813512206077576,0,0.14199107885360718,0.2813738286495209,0.949034571647644,0,0.007644999772310257,0.0017800000496208668,0.08414199948310852,1,0.9379813075065613,0.3466131389141083,-0.007092106621712446,0,-0.29171884059906006,0.7780460715293884,-0.5563670992851257,0,-0.18732614815235138,0.5239307284355164,0.8309061527252197,0,0,0.5715829730033875,0,1,0.13221566379070282,0.012985151261091232,-0.9911360144615173,0,0.9765114784240723,-0.1733284890651703,0.1279938966035843,0,-0.17013013362884521,-0.9847785234451294,-0.035596832633018494,0,0,0.6687620282173157,0,1,0.9984499216079712,-0.0556236132979393,0.0018305580597370863,0,0.05565086007118225,0.998193621635437,-0.022649573162198067,0,-0.0005674001877196133,0.022716330364346504,0.9997415542602539,0,0,0.029040999710559845,0,1,-0.9765080213546753,-0.16473405063152313,-0.13890287280082703,0,0.1823059767484665,-0.9752618670463562,-0.1250111162662506,0,-0.11487320065498352,-0.14739730954170227,0.9823840260505676,0,-0.0027550000231713057,0.0017800000496208668,-0.08414199948310852,1,0.15808571875095367,0.9837186932563782,0.08547326177358627,0,-0.9795646071434021,0.14533771574497223,0.13903459906578064,0,0.12434843182563782,-0.10570596158504486,0.9865917563438416,0,0,0.5715429782867432,0,1,-0.10585907846689224,0.02514888532459736,-0.9940631985664368,0,0.9087042808532715,0.40839406847953796,-0.08643708378076553,0,0.4037957489490509,-0.9124595522880554,-0.06608512252569199,0,0,0.6689299941062927,0,1,0.9997972846031189,0.020131930708885193,0.0003088514495175332,0,-0.020113367587327957,0.9993396997451782,-0.030266564339399338,0,-0.0009179715416394174,0.03025420568883419,0.999541699886322,0,0,0.03604099899530411,0,1
K0.176,-0.9866118431091309,0.11444682627916336,0.11618714779615402,0,0.1138012558221817,0.9934287667274475,-0.012196658179163933,0,-0.11681945621967316,0.0011888667941093445,-0.9931522607803345,0,0.026682578027248383,1.2009010314941406,0.008399037644267082,1,-0.9960821866989136,-0.04497916251420975,0.07613876461982727,0,0.04261587932705879,-0.9985669851303101,-0.032385412603616714,0,0.07748627662658691,-0.029013795778155327,0.9965710043907166,0,-0.000526999996509403,-0.0033629999961704016,0,1,0.9995406270027161,-0.029351159930229187,0.00760049931704998,0,0.0290700551122427,0.9989724159240723,0.03477390110492706,0,-0.008613341487944126,-0.034536972641944885,0.9993665218353271,0,0,0.003971000202000141,0,1,0.9994962215423584,-0.030739793553948402,0.007898334413766861,0,0.030457565560936928,0.9989692568778992,0.033663757145404816,0,-0.008925006724894047,-0.03340622037649155,0.9994019269943237,0,0,0.004538999870419502,0,1,-0.9786506295204163,-0.19991901516914368,0.04769724979996681,0,0.20358693599700928,-0.9747698903083801,0.0915246531367302,0,0.028196316212415695,0.0992811769247055,0.9946597218513489,0,0,0.005106000229716301,0,1,0.9278236627578735,-0.3333785831928253,0.1673373281955719,0,0.3401699662208557,0.9402765035629272,-0.012846662662923336,0,-0.15306052565574646,0.0688425600528717,0.9858160018920898,0,-0.03586500138044357,0.09879399836063385,0,1,0.964359700679779,0.1613360494375229,-0.2097150981426239,0,0.21653640270233154,-0.02572624385356903,0.9759354591369629,0,0.15205849707126617,-0.9865644574165344,-0.05974452197551727,0,-0.0011109999613836408,0.014043999835848808,0.09459500014781952,1,0.7838465571403503,0.0005765077657997608,-0.6209542751312256,0,-0.6075253486633301,0.20755919814109802,-0.7667021155357361,0,0.12844273447990417,0.9782220721244812,0.1630447655916214,0,0,0.2016250044107437,0,1,0.08312840014696121,-0.9963746666908264,-0.018085984513163567,0,0.9964720606803894,0.08289916813373566,0.013076173141598701,0,-0.01152945775538683,-0.019109182059764862,0.9997510313987732,0,0,0.29689499735832214,0,1,0.9702678322792053,0.2274255007505417,0.08281322568655014,0,0.11959391832351685,-0.15302467346191406,-0.9809592962265015,0,-0.2104226052761078,0.9616968035697937,-0.17567355930805206,0,-0.0016769999638199806,0.013956000097095966,-0.09459500014781952,1,-0.937237024307251,0.22414594888687134,-0.2671036124229431,0,-0.21918173134326935,0.2170581817626953,0.9512336850166321,0,0.27119219303131104,0.9500758051872253,-0.15430618822574615,0,0,0.2016250044107437,0,1,-0.1627764254808426,0.9865995645523071,0.011159440502524376,0,-0.986635148525238,-0.16284650564193726,0.005677034612745047,0,0.007418238557875156,-0.010086211375892162,0.9999217391014099,0,0,0.29684099555015564,0,1,-0.8303385972976685,0.5570061206817627,0.01679001748561859,0,-0.5385279059410095,-0.809810221195221,0.23279981315135956,0,0.14326760172843933,0.18426072597503662,0.9723796248435974,0,0.007644999772310257,0.0017800000496208668,0.08414199948310852,1,0.9328702688217163,0.3598640263080597,-0.0158659890294075,0,-0.3086419403553009,0.7758256196975708,-0.5503045916557312,0,-0.18572551012039185,0.5182594060897827,0.8348132967948914,0,0,0.5715829730033875,0,1,0.14009277522563934,0.05489267408847809,-0.9886158108711243,0,0.9837510585784912,-0.12094692885875702,0.13268782198429108,0,-0.11228644847869873,-0.9911400079727173,-0.07094444334506989,0,0,0.6687620282173157,0,1,0.9982733726501465,-0.058532167226076126,0.004947924055159092,0,0.05854610353708267,0.9982808828353882,-0.0027233802247792482,0,-0.0047800131142139435,0.0030083595775067806,0.9999840259552002,0,0,0.029040999710559845,0,1,-0.984862744808197,-0.026690291240811348,-0.1712702512741089,0,0.059385210275650024,-0.9802320599555969,-0.18872861564159393,0,-0.1628473550081253,-0.19604268670082092,0.9669787883758545,0,-0.0027550000231713057,0.0017800000496208668,-0.08414199948310852,1,-0.2980433702468872,0.9538856148719788,-0.03566677123308182,0,-0.948115885257721,-0.29149505496025085,0.1269170641899109,0,0.1106676459312439,0.07164300233125687,0.9912721514701843,0,0,0.5715429782867432,0,1,-0.03963552042841911,-0.07672291994094849,-0.9962645769119263,0,0.9516898393630981,0.3009333312511444,-0.061037175357341766,0,0.30449211597442627,-0.9505537748336792,0.06108873710036278,0,0,0.6689299941062927,0,1,0.9997965097427368,0.020157109946012497,0.000282219989458099,0,-0.02013949304819107,0.9993439316749573,-0.030091825872659683,0,-0.0008885997231118381,0.0300800409168005,0.9995472431182861,0,0,0.03604099899530411,0,1
K0.212,-0.9781235456466675,0.12127925455570221,0.16901293396949768,0,0.1278379261493683,0.9913873672485352,0.028439220041036606,0,-0.16410818696022034,0.04942333325743675,-0.9852032661437988,0,0.009786169975996017,1.179909586906433,0.002089116256684065,1,-0.9951192140579224,-0.09341293573379517,-0.0318090058863163,0,0.09605103731155396,-0.9908168315887451,-0.09516555070877075,0,-0.02262720838189125,-0.09775637090206146,0.994953453540802,0,-0.000526999996509403,-0.0033629999961704016,0,1,0.9985177516937256,-0.05300287529826164,-0.0123873520642519,0,0.05362823233008385,0.996918261051178,0.05725252628326416,0,0.009314628317952156,-0.05783197283744812,0.9982829689979553,0,0,0.003971000202000141,0,1,0.998496949672699,-0.05339839309453964,-0.012332108803093433,0,0.05401875078678131,0.9969051480293274,0.057121168822050095,0,0.009243758395314217,-0.05770144984126091,0.9982907772064209,0,0,0.004538999870419502,0,1,-0.9782907366752625,-0.20461128652095795,0.03288257122039795,0,0.20679208636283875,-0.9742144346237183,0.0902457982301712,0,0.013569360598921776,0.09508644789457321,0.9953765273094177,0,0,0.005106000229716301,0,1,0.9209153652191162,-0.3726250231266022,0.11430104076862335,0,0.3770847022533417,0.9259750843048096,-0.019436737522482872,0,-0.09859732538461685,0.06100078672170639,0.9932562112808228,0,-0.03586500138044357,0.09879399836063385,0,1,0.9643580317497253,0.16164347529411316,-0.2094859778881073,0,0.21567845344543457,-0.021563144400715828,0.976226270198822,0,0.1532835066318512,-0.9866137504577637,-0.05565763637423515,0,-0.0011109999613836408,0.014043999835848808,0.09459500014781952,1,0.9274846315383911,-0.04999678581953049,-0.3705029785633087,0,-0.348224937915802,0.2451268434524536,-0.904793918132782,0,0.136057049036026,0.9682011008262634,0.2099413275718689,0,0,0.2016250044107437,0,1,-0.11774250864982605,-0.9928282499313354,-0.020721783861517906,0,0.9929247498512268,-0.11802589893341064,0.013029806315898895,0,-0.015382060781121254,-0.01904100365936756,0.9997000098228455,0,0,0.29689499735832214,0,1,0.969179630279541,0.2286529690027237,0.09170137345790863,0,0.12696178257465363,-0.144590362906456,-0.9813129901885986,0,-0.2111208140850067,0.9627103209495544,-0.16916409134864807,0,-0.0016769999638199806,0.013956000097095966,-0.09459500014781952,1,-0.8855948448181152,0.14860640466213226,-0.44004252552986145,0,-0.4075494706630707,0.20577988028526306,0.8896956443786621,0,0.22276629507541656,0.9672486782073975,-0.12167307734489441,0,0,0.2016250044107437,0,1,0.06317126005887985,0.9979538321495056,0.009859834797680378,0,-0.9979895949363708,0.06311678886413574,0.005741826258599758,0,0.0051077562384307384,-0.01020272821187973,0.9999345541000366,0,0,0.29684099555015564,0,1,-0.8408927917480469,0.5410318374633789,0.013548837043344975,0,-0.5294925570487976,-0.8276216387748718,0.18622806668281555,0,0.11196862161159515,0.14942382276058197,0.9824132323265076,0,0.007644999772310257,0.0017800000496208668,0.08414199948310852,1,0.80856853723526,0.577609121799469,-0.11218437552452087,0,-0.5412406325340271,0.6553255319595337,-0.526884138584137,0,-0.23081578314304352,0.4867406487464905,0.8425010442733765,0,0,0.5715829730033875,0,1,0.12201634794473648,0.19144999980926514,-0.9738890528678894,0,0.9726946353912354,-0.21824374794960022,0.07896367460489273,0,-0.19742751121520996,-0.956930935382843,-0.21285155415534973,0,0,0.6687620282173157,0,1,0.9984021186828613,-0.05644543468952179,0.002723679644986987,0,0.0564836822450161,0.9982592463493347,-0.016979211941361427,0,-0.0017605387838557363,0.017105916514992714,0.9998519420623779,0,0,0.029040999710559845,0,1,-0.948071300983429,0.258633017539978,-0.1851227879524231,0,-0.18796545267105103,-0.9251288175582886,-0.3298579454421997,0,-0.2565745413303375,-0.2779320776462555,0.925701916217804,0,-0.0027550000231713057,0.0017800000496208668,-0.08414199948310852,1,-0.6412227749824524,0.7589156031608582,-0.11349404603242874,0,-0.7672944068908691,-0.6359801292419434,0.08239565789699554,0,-0.009648594073951244,0.13991722464561462,0.9901160001754761,0,0,0.5715429782867432,0,1,0.03594643622636795,-0.2131548672914505,-0.976357102394104,0,0.9865712523460388,0.16332952678203583,0.0006650033756159246,0,0.1593261957168579,-0.9632694721221924,0.2161634862422943,0,0,0.6689299941062927,0,1,0.9998047351837158,0.019741211086511612,0.0007235725061036646,0,-0.019706595689058304,0.9992610216140747,-0.032997194677591324,0,-0.0013744424795731902,0.03297649323940277,0.9994550943374634,0,0,0.03604099899530411,0,1
