2.700,30,80,25
B0,mixamorig_Hips,-1,-0.7657979726791382,-0.13245469331741333,0.6292931437492371,0,-0.10975318402051926,0.9911209940910339,0.07505225390195847,0,-0.6336469650268555,-0.011592064052820206,-0.7735361456871033,0,0.01705300062894821,1.0720059871673584,-0.0020759999752044678,1
B1,mixamorig_Spine,0,0.9829469919204712,-0.17255805432796478,-0.06354700773954391,0,0.17234794795513153,0.984997034072876,-0.008816772140562534,0,0.0641150251030922,-0.0022857768926769495,0.9979400038719177,0,-0.00032900000223889947,0.02092999964952469,0,1
B2,mixamorig_Spine1,1,0.9895380139350891,-0.10573116689920425,-0.09815651178359985,0,0.09881677478551865,0.9924370050430298,-0.07282815128564835,0,0.10511443763971329,0.06236676871776581,0.9925029277801514,0,0,0.024421000853180885,0,1
B3,mixamorig_Spine2,2,0.9887440204620361,0.10028016567230225,-0.11103804409503937,0,-0.10644882917404175,0.9930049777030945,-0.051081039011478424,0,0.10513897985219955,0.06232597678899765,0.9925029873847961,0,0,0.02790999971330166,0,1
B4,mixamorig_Neck,3,0.9851210117340088,-0.055383723229169846,-0.16269508004188538,0,0.05537829548120499,0.9984549880027771,-0.004571926314383745,0,0.1626969277858734,-0.004505875054746866,0.9866660237312317,0,0,0.03139900043606758,0,1
B5,mixamorig_Head,4,0.9169910550117493,0.06648151576519012,-0.3933298885822296,0,-0.09628065675497055,0.9937490224838257,-0.05649850144982338,0,0.3871151804924011,0.08967868983745575,0.9176599979400635,0,-0.023510999977588654,0.0403669998049736,0,1
B6,mixamorig_HeadTop_End,5,1,0,0,0,0,1,0,0,0,0,1,0,-0.04750100150704384,0.08155599981546402,0,1
B7,mixamorig_LeftShoulder,3,-0.9623778462409973,-0.01776016131043434,-0.271133154630661,0,0.26462477445602417,-0.28771886229515076,-0.9204300045967102,0,-0.061663150787353516,-0.9575498700141907,0.2815941572189331,0,-0.0006360000115819275,0.010482000187039375,-0.10084500163793564,1
B8,mixamorig_LeftArm,7,-0.9687078595161438,0.024114137515425682,-0.24702736735343933,0,-0.10996288061141968,0.8505651354789734,0.5142448544502258,0,0.2225136011838913,0.5253171920776367,-0.8212980628013611,0,0,0.0864349976181984,0,1
B9,mixamorig_LeftForeArm,8,0.8333179950714111,-0.41170310974121094,0.3688909113407135,0,0.48371392488479614,0.8660960793495178,-0.126088947057724,0,-0.26758402585983276,0.28351014852523804,0.920880913734436,0,0,0.40308600664138794,0,1
B10,mixamorig_LeftHand,9,1,0,0,0,0,1,0,0,0,0,1,0,0,0.38683998584747314,0,1
B11,mixamorig_RightShoulder,3,0.9061539769172668,0.0810079351067543,-0.41511690616607666,0,0.4219961166381836,-0.23895861208438873,0.8745390772819519,0,-0.02835114300251007,-0.9676448702812195,-0.250718355178833,0,-0.00002099999983329326,0.010471999645233154,0.10084500163793564,1
B12,mixamorig_RightArm,11,0.7979349493980408,0.5995510816574097,-0.06195595860481262,0,-0.4142169952392578,0.6201232075691223,0.6662368178367615,0,0.4378630816936493,-0.5059501528739929,0.7431617975234985,0,0,0.0864349976181984,0,1
B13,mixamorig_RightForeArm,12,0.6667270660400391,-0.6948847770690918,-0.26946234703063965,0,0.7377951145172119,0.6665489077568054,0.10663209855556488,0,0.10551285743713379,-0.26990261673927307,0.9570891261100769,0,0,0.4029160141944885,0,1
B14,mixamorig_RightHand,13,1,0,0,0,0,1,0,0,0,0,1,0,0,0.3869189918041229,0,1
B15,mixamorig_LeftUpLeg,0,-0.3223447799682617,-0.8489801287651062,0.418721079826355,0,0.36979398131370544,-0.5201180577278137,-0.7698889970779419,0,0.8714048862457275,-0.09332915395498276,0.4816051125526428,0,0.009538000449538231,-0.011606999672949314,-0.0782100036740303,1
B16,mixamorig_LeftLeg,15,0.5204310417175293,-0.44116589426994324,-0.7311109900474548,0,0.8165339231491089,0.5076301693916321,0.27492478489875793,0,0.2498467117547989,-0.7400569915771484,0.6244140267372131,0,0,0.5694820284843445,0,1
B17,mixamorig_LeftFoot,16,-0.348105251789093,-0.05064603313803673,0.9360858798027039,0,-0.8612381219863892,0.4116617739200592,-0.2979988157749176,0,-0.37025830149650574,-0.9099279046058655,-0.1869199126958847,0,0,0.6416530013084412,0,1
B18,mixamorig_LeftToeBase,17,0.9885199666023254,-0.08743604272603989,-0.12322120368480682,0,0.13070684671401978,0.9039710164070129,0.40712693333625793,0,0.07579083740711212,-0.4185590147972107,0.9050219655036926,0,0,0.06554599851369858,0,1
B19,mixamorig_LeftToe_End,18,1,0,0,0,0,1,0,0,0,0,1,0,0,0.024198999628424644,0,1
B20,mixamorig_RightUpLeg,0,-0.7763749361038208,-0.6302240490913391,-0.007669874466955662,0,0.5056308507919312,-0.6300609111785889,0.5893730521202087,0,-0.37626996636390686,0.4536968469619751,0.8078252077102661,0,0.0064690001308918,-0.011606999672949314,0.0782100036740303,1
B21,mixamorig_RightLeg,20,0.48814624547958374,-0.748465895652771,0.4489009380340576,0,0.8727021813392639,0.4246216416358948,-0.24101412296295166,0,-0.01022221241146326,0.5094068646430969,0.8604651093482971,0,0,0.569284975528717,0,1
B22,mixamorig_RightFoot,21,0.020281068980693817,0.241019606590271,0.9703080654144287,0,-0.9965500235557556,-0.0732521116733551,0.03902502730488777,0,0.08048289269208908,-0.9677518606185913,0.2387024313211441,0,0,0.6393370032310486,0,1
B23,mixamorig_RightToeBase,22,0.9967130422592163,0.056931108236312866,0.057634882628917694,0,-0.07560195028781891,0.9092890024185181,0.40924200415611267,0,-0.02910815179347992,-0.4122540056705475,0.9106040000915527,0,0,0.06334199756383896,0,1
B24,mixamorig_RightToe_End,23,1,0,0,0,0,1,0,0,0,0,1,0,0,0.02422199957072735,0,1
@20,0,1,2,3,4,5,7,8,9,11,12,13,15,16,17,18,20,21,22,23
K0,0.6292930841445923,-0.13245472311973572,0.7657979726791382,0,0.0750521793961525,0.9911209940910339,0.10975328087806702,0,-0.773536205291748,-0.011592183262109756,0.6336469054222107,0,-0.002075999276712537,1.0720059871673584,-0.017052998766303062,1,0.9829469919204712,-0.1725580394268036,-0.06354699283838272,0,0.17234793305397034,0.984997034072876,-0.008816773071885109,0,0.0641150176525116,-0.0022857727017253637,0.9979400038719177,0,-0.00032900000223889947,0.02092999964952469,0,1,0.9895380139350891,-0.10573119670152664,-0.09815652668476105,0,0.09881680458784103,0.9924370050430298,-0.07282818853855133,0,0.10511446744203568,0.062366802245378494,0.9925029277801514,0,0,0.024421000853180885,0,1,0.9887440204620361,0.10028017312288284,-0.11103803664445877,0,-0.10644883662462234,0.9930049777030945,-0.051081035286188126,0,0.10513897240161896,0.06232597306370735,0.9925029873847961,0,0,0.02790999971330166,0,1,0.9851210117340088,-0.05538371577858925,-0.16269508004188538,0,0.05537828803062439,0.9984549880027771,-0.004571899771690369,0,0.1626969277858734,-0.0045058997347950935,0.9866660237312317,0,0,0.03139900043606758,0,1,0.9169910550117493,0.06648144870996475,-0.3933298587799072,0,-0.0962805524468422,0.9937490224838257,-0.05649842694401741,0,0.38711515069007874,0.0896785780787468,0.9176599979400635,0,-0.023510999977588654,0.0403669998049736,0,1,-0.9623780250549316,-0.01776033267378807,-0.27113306522369385,0,0.2646247148513794,-0.2877190113067627,-0.920430064201355,0,-0.06166297569870949,-0.9575499296188354,0.2815942168235779,0,-0.0006360000115819275,0.010482000187039375,-0.10084500163793564,1,-0.968707799911499,0.024114001542329788,-0.2470274269580841,0,-0.10996301472187042,0.8505651950836182,0.514244794845581,0,0.2225135713815689,0.5253171920776367,-0.8212980628013611,0,0,0.0864349976181984,0,1,0.8333179950714111,-0.41170310974121094,0.3688909113407135,0,0.48371392488479614,0.8660960793495178,-0.12608890235424042,0,-0.26758405566215515,0.28351014852523804,0.920880913734436,0,0,0.40308600664138794,0,1,0.9061539769172668,0.08100824058055878,-0.41511690616607666,0,0.42199617624282837,-0.23895874619483948,0.8745390176773071,0,-0.028350917622447014,-0.9676448702812195,-0.2507185935974121,0,-0.00002099999983329326,0.010471999645233154,0.10084500163793564,1,0.7979350090026855,0.5995510220527649,-0.061955954879522324,0,-0.4142169654369354,0.6201232671737671,0.6662368178367615,0,0.4378630220890045,-0.5059501528739929,0.7431617975234985,0,0,0.0864349976181984,0,1,0.6667270660400391,-0.6948847770690918,-0.26946231722831726,0,0.7377951145172119,0.6665487885475159,0.10663226991891861,0,0.10551267862319946,-0.26990270614624023,0.9570891261100769,0,0,0.4029160141944885,0,1,-0.32234472036361694,-0.8489800691604614,0.41872110962867737,0,0.3697940409183502,-0.5201180577278137,-0.7698888778686523,0,0.8714048266410828,-0.0933290645480156,0.4816051721572876,0,0.009538000449538231,-0.011606999672949314,-0.0782100036740303,1,0.520430862903595,-0.44116589426994324,-0.7311111688613892,0,0.8165341019630432,0.5076299905776978,0.27492472529411316,0,0.24984680116176605,-0.7400571703910828,0.6244139075279236,0,0,0.5694820284843445,0,1,-0.34810540080070496,-0.050645943731069565,0.9360857605934143,0,-0.8612380623817444,0.41166168451309204,-0.2979990541934967,0,-0.3702581822872162,-0.9099279046058655,-0.18691983819007874,0,0,0.6416530013084412,0,1,0.9885199666023254,-0.08743610233068466,-0.12322118878364563,0,0.13070689141750336,0.9039710164070129,0.40712693333625793,0,0.07579080015420914,-0.4185590147972107,0.9050219655036926,0,0,0.06554599851369858,0,1,-0.7763749361038208,-0.6302241086959839,-0.007669918239116669,0,0.5056309103965759,-0.6300609707832336,0.5893731713294983,0,-0.3762700855731964,0.4536968767642975,0.8078251481056213,0,0.0064690001308918,-0.011606999672949314,0.0782100036740303,1,0.48814627528190613,-0.748465895652771,0.44890087842941284,0,0.8727021217346191,0.4246216416358948,-0.24101418256759644,0,-0.010222123004496098,0.5094068050384521,0.8604651093482971,0,0,0.569284975528717,0,1,0.02028067223727703,0.24101971089839935,0.9703081250190735,0,-0.9965500235557556,-0.07325275987386703,0.03902483358979225,0,0.08048342168331146,-0.9677518606185913,0.23870247602462769,0,0,0.6393370032310486,0,1,0.9967130422592163,0.05693108215928078,0.057634856551885605,0,-0.07560191303491592,0.9092890024185181,0.4092419743537903,0,-0.029108140617609024,-0.4122539758682251,0.9106040000915527,0,0,0.06334199756383896,0,1
K0.034,0.641578733921051,-0.13584904372692108,0.754932165145874,0,0.07063976675271988,0.9904741048812866,0.11820133030414581,0,-0.7637978196144104,-0.022507216781377792,0.645063042640686,0,-0.010493983514606953,1.0670217275619507,-0.012455439195036888,1,0.9831013679504395,-0.1712249368429184,-0.0647624135017395,0,0.17093390226364136,0.9852311015129089,-0.010048478841781616,0,0.06552650034427643,-0.0011914189672097564,0.997850239276886,0,-0.00032900000223889947,0.02092999964952469,0,1,0.9896265864372253,-0.10315538197755814,-0.09999551624059677,0,0.09599558264017105,0.9926304221153259,-0.0739571824669838,0,0.10688760131597519,0.06359082460403442,0.9922353029251099,0,0,0.024421000853180885,0,1,0.9882381558418274,0.10290071368217468,-0.11312408000230789,0,-0.10928941518068314,0.9926596283912659,-0.0517890565097332,0,0.106964610517025,0.06354320049285889,0.9922303557395935,0,0,0.02790999971330166,0,1,0.9846567511558533,-0.0517885684967041,-0.16663989424705505,0,0.05101628974080086,0.9986579418182373,-0.008914598263800144,0,0.166877880692482,0.00027646907255984843,0.9859771132469177,0,0,0.03139900043606758,0,1,0.916124165058136,0.06670615822076797,-0.395306795835495,0,-0.097580187022686,0.9935075044631958,-0.05849254131317139,0,0.38883838057518005,0.09216051548719406,0.9166852831840515,0,-0.023510999977588654,0.0403669998049736,0,1,-0.963707685470581,-0.018904559314250946,-0.2662898600101471,0,0.2598906457424164,-0.2944679856300354,-0.9196438193321228,0,-0.06102842092514038,-0.9554747343063354,0.2886942923069,0,-0.0006360000115819275,0.010482000187039375,-0.10084500163793564,1,-0.9693401455879211,0.02964841015636921,-0.24392788112163544,0,-0.10434725880622864,0.8490743041038513,0.5178648829460144,0,0.222466841340065,0.5274406671524048,-0.8199483156204224,0,0,0.0864349976181984,0,1,0.8314213156700134,-0.4136870205402374,0.3709469139575958,0,0.48652446269989014,0.8644760847091675,-0.1263907253742218,0,-0.268388569355011,0.2855587303638458,0.9200128316879272,0,0,0.40308600664138794,0,1,0.9117401242256165,0.07572326064109802,-0.40372759103775024,0,0.4100211560726166,-0.22699366509914398,0.8833779096603394,0,-0.02475135028362274,-0.9709480404853821,-0.23800739645957947,0,-0.00002099999983329326,0.010471999645233154,0.10084500163793564,1,0.7991496324539185,0.5969206690788269,-0.07103867828845978,0,-0.4017576277256012,0.6182619333267212,0.6755317449569702,0,0.447159081697464,-0.5113102793693542,0.733900785446167,0,0,0.0864349976181984,0,1,0.6641662120819092,-0.6968810558319092,-0.2706274092197418,0,0.7401207089424133,0.663966178894043,0.10663257539272308,0,0.10537729412317276,-0.27111881971359253,0.9567604064941406,0,0,0.4029160141944885,0,1,-0.316873162984848,-0.850009560585022,0.4208044707775116,0,0.3741886615753174,-0.5197153091430664,-0.7680351138114929,0,0.8715360164642334,-0.08590947836637497,0.4827479124069214,0,0.009538000449538231,-0.011606999672949314,-0.0782100036740303,1,0.5258325934410095,-0.43391793966293335,-0.7315844297409058,0,0.8132742643356323,0.5084335207939148,0.2829853892326355,0,0.24916955828666687,-0.743781566619873,0.620245099067688,0,0,0.5694820284843445,0,1,-0.3399924337863922,-0.0494057834148407,0.939129114151001,0,-0.8581249713897705,0.42484644055366516,-0.28831616044044495,0,-0.38474127650260925,-0.9039157032966614,-0.18684092164039612,0,0,0.6416530013084412,0,1,0.9885199666023254,-0.08743632584810257,-0.12322017550468445,0,0.13070668280124664,0.9039710164070129,0.4071270525455475,0,0.07578979432582855,-0.4185590147972107,0.9050220847129822,0,0,0.06554599851369858,0,1,-0.7684201002120972,-0.6399460434913635,0.0005767885595560074,0,0.5172631144523621,-0.6205764412879944,0.5893425941467285,0,-0.3767891526222229,0.4531605839729309,0.807883083820343,0,0.0064690001308918,-0.011606999672949314,0.0782100036740303,1,0.46291157603263855,-0.7685648202896118,0.4416118264198303,0,0.8864026665687561,0.40032491087913513,-0.2324448525905609,0,0.0018607054371386766,0.4990474283695221,0.8665730953216553,0,0,0.569284975528717,0,1,0.021306954324245453,0.2408941090106964,0.9703177213668823,0,-0.9947987794876099,-0.09158481657505035,0.04458162933588028,0,0.09960582107305527,-0.9662203788757324,0.23768971860408783,0,0,0.6393370032310486,0,1,0.9967129826545715,0.05693161115050316,0.05763499066233635,0,-0.07560239732265472,0.9092878699302673,0.4092422127723694,0,-0.02910800836980343,-0.41225481033325195,0.9106041193008423,0,0,0.06334199756383896,0,1
K0.067,0.6432749629020691,-0.14162006974220276,0.7524231672286987,0,0.06609481573104858,0.9893472194671631,0.12970663607120514,0,-0.7627771496772766,-0.033705778419971466,0.6457829475402832,0,-0.01932193525135517,1.063055396080017,-0.008706728927791119,1,0.9832171201705933,-0.17033174633979797,-0.06535982340574265,0,0.16991186141967773,0.9853861927986145,-0.011969367042183876,0,0.06644342094659805,0.0006630783318541944,0.9977898597717285,0,-0.00032900000223889947,0.02092999964952469,0,1,0.9897528886795044,-0.10136914998292923,-0.10056131333112717,0,0.09405580908060074,0.9927390217781067,-0.07499006390571594,0,0.10743281990289688,0.06476325541734695,0.992100715637207,0,0,0.024421000853180885,0,1,0.9879341125488281,0.10485496371984482,-0.1139763742685318,0,-0.1113940104842186,0.992383599281311,-0.05258631706237793,0,0.10759442299604416,0.06464815139770508,0.99209064245224,0,0,0.02790999971330166,0,1,0.9838370084762573,-0.042469143867492676,-0.1739571988582611,0,0.04025779664516449,0.9990577697753906,-0.016222475096583366,0,0.1744822859764099,0.00895713921636343,0.9846199154853821,0,0,0.03139900043606758,0,1,0.9148963689804077,0.06689698994159698,-0.3981066346168518,0,-0.09771136194467545,0.9935465455055237,-0.05759890004992485,0,0.39168447256088257,0.09159661829471588,0.9155292510986328,0,-0.023510999977588654,0.0403669998049736,0,1,-0.9652669429779053,-0.020136462524533272,-0.2604876160621643,0,0.2542572617530823,-0.3017679452896118,-0.9188520312309265,0,-0.06010441109538078,-0.9531688690185547,0.2964065968990326,0,-0.0006360000115819275,0.010482000187039375,-0.10084500163793564,1,-0.9696541428565979,0.03662349283695221,-0.241723895072937,0,-0.09718427062034607,0.8495041131973267,0.518554151058197,0,0.22433657944202423,0.526309609413147,-0.8201654553413391,0,0,0.0864349976181984,0,1,0.8297345638275146,-0.4166976809501648,0.37135279178619385,0,0.49014100432395935,0.8622506260871887,-0.12761208415031433,0,-0.2670237123966217,0.2878996431827545,0.9196805953979492,0,0,0.40308600664138794,0,1,0.9170249700546265,0.06939194351434708,-0.39274635910987854,0,0.3982650935649872,-0.21170642971992493,0.8925055265426636,0,-0.021214228123426437,-0.974867045879364,-0.22177648544311523,0,-0.00002099999983329326,0.010471999645233154,0.10084500163793564,1,0.8031235933303833,0.5903552174568176,-0.08046230673789978,0,-0.3845546543598175,0.6167612075805664,0.686821699142456,0,0.4550943672657013,-0.5206600427627563,0.7223586440086365,0,0,0.0864349976181984,0,1,0.6629390716552734,-0.6977153420448303,-0.2714877724647522,0,0.7411669492721558,0.6628432869911194,0.10634949058294296,0,0.1057521402835846,-0.27172091603279114,0.9565479755401611,0,0,0.4029160141944885,0,1,-0.3161899149417877,-0.8496072888374329,0.4221283495426178,0,0.37573596835136414,-0.5207192897796631,-0.7665984630584717,0,0.8711180686950684,-0.0837818905711174,0.48387426137924194,0,0.009538000449538231,-0.011606999672949314,-0.0782100036740303,1,0.5367773771286011,-0.4326445758342743,-0.7243548035621643,0,0.8075973987579346,0.5119927525520325,0.2926592230796814,0,0.24424682557582855,-0.7420793175697327,0.624228298664093,0,0,0.5694820284843445,0,1,-0.3342423737049103,-0.053765684366226196,0.9409526586532593,0,-0.856122612953186,0.4348173141479492,-0.27926400303840637,0,-0.3941272795200348,-0.898911714553833,-0.19136421382427216,0,0,0.6416530013084412,0,1,0.9885199666023254,-0.0874369814991951,-0.12321937829256058,0,0.13070695102214813,0.9039710164070129,0.4071269929409027,0,0.07578879594802856,-0.41855883598327637,0.905022144317627,0,0,0.06554599851369858,0,1,-0.7567287683486938,-0.653576135635376,0.014131065458059311,0,0.5354703664779663,-0.607292890548706,0.5869133472442627,0,-0.37501075863838196,0.4517008364200592,0.8095263838768005,0,0.0064690001308918,-0.011606999672949314,0.0782100036740303,1,0.4403216540813446,-0.7839076519012451,0.4377293884754181,0,0.8977777361869812,0.3786463141441345,-0.2249956727027893,0,0.010631203651428223,0.492053359746933,0.8704996705055237,0,0,0.569284975528717,0,1,0.022012224420905113,0.2376035749912262,0.9711125493049622,0,-0.99341881275177,-0.10401307046413422,0.047966886311769485,0,0.11240547150373459,-0.9657772183418274,0.23375025391578674,0,0,0.6393370032310486,0,1,0.9967129230499268,0.05693209916353226,0.057635094970464706,0,-0.07560289651155472,0.9092879295349121,0.4092422127723694,0,-0.02910790406167507,-0.41225478053092957,0.9106041193008423,0,0,0.06334199756383896,0,1
K0.101,0.6362917423248291,-0.1494159698486328,0.7568402886390686,0,0.06112373247742653,0.9877443909645081,0.14361317455768585,0,-0.7690227627754211,-0.045118968933820724,0.6376263499259949,0,-0.028434673324227333,1.060014247894287,-0.005767975002527237,1,0.9832125902175903,-0.17027981579303741,-0.06555689126253128,0,0.16966699063777924,0.985389232635498,-0.01484477799385786,0,0.06712683290243149,0.0034727323800325394,0.9977381229400635,0,-0.00032900000223889947,0.02092999964952469,0,1,0.9897834062576294,-0.10122724622488022,-0.10040821135044098,0,0.09376227855682373,0.9926531314849854,-0.0764797106385231,0,0.10741233080625534,0.06628382951021194,0.9920026659965515,0,0,0.024421000853180885,0,1,0.9878614544868469,0.10525551438331604,-0.11423807591199875,0,-0.11195767670869827,0.992249608039856,-0.05391307175159454,0,0.10767806321382523,0.06604849547147751,0.9919895529747009,0,0,0.02790999971330166,0,1,0.9826801419258118,-0.0297962948679924,-0.18289878964424133,0,0.026415450498461723,0.9994322061538696,-0.020893732085824013,0,0.18341763317584991,0.015700509771704674,0.9829099178314209,0,0,0.03139900043606758,0,1,0.9127222299575806,0.06367892771959305,-0.40358778834342957,0,-0.09661649912595749,0.9934033751487732,-0.06175895780324936,0,0.3969928026199341,0.09536202996969223,0.9128538966178894,0,-0.023510999977588654,0.0403669998049736,0,1,-0.9660938382148743,-0.020937005057930946,-0.2573409676551819,0,0.25120681524276733,-0.30648210644721985,-0.9181302189826965,0,-0.05964750796556473,-0.9516459703445435,0.301349937915802,0,-0.0006360000115819275,0.010482000187039375,-0.10084500163793564,1,-0.9698771834373474,0.04577630013227463,-0.23925596475601196,0,-0.08764707297086716,0.8508275151252747,0.5180837512016296,0,0.2272813320159912,0.5234473347663879,-0.8211853504180908,0,0,0.0864349976181984,0,1,0.8283565640449524,-0.41891422867774963,0.37193503975868225,0,0.49234268069267273,0.8611437082290649,-0.1266079545021057,0,-0.2672518789768219,0.2879962921142578,0.9195842146873474,0,0,0.40308600664138794,0,1,0.9221703410148621,0.06331444531679153,-0.38156574964523315,0,0.3863905072212219,-0.1952473372220993,0.9014328718185425,0,-0.017425954341888428,-0.9787086248397827,-0.2045155167579651,0,-0.00002099999983329326,0.010471999645233154,0.10084500163793564,1,0.8091827034950256,0.580542802810669,-0.09051870554685593,0,-0.3638204336166382,0.6160424947738647,0.6986604928970337,0,0.461365669965744,-0.5324113965034485,0.7097042202949524,0,0,0.0864349976181984,0,1,0.6634832620620728,-0.6963717937469482,-0.27359867095947266,0,0.7400351166725159,0.6646450161933899,0.10292768478393555,0,0.11017005145549774,-0.27076345682144165,0.9563205242156982,0,0,0.4029160141944885,0,1,-0.31937164068222046,-0.8479471802711487,0.42307066917419434,0,0.37486618757247925,-0.5230821371078491,-0.7654144763946533,0,0.8703312873840332,-0.08585672080516815,0.4849240779876709,0,0.009538000449538231,-0.011606999672949314,-0.0782100036740303,1,0.5519338846206665,-0.43629416823387146,-0.7106451392173767,0,0.7998605966567993,0.5179502964019775,0.3032335937023163,0,0.23577997088432312,-0.7357822060585022,0.6348490715026855,0,0,0.5694820284843445,0,1,-0.3304046392440796,-0.06259286403656006,0.9417617917060852,0,-0.855182945728302,0.44205376505851746,-0.2706491947174072,0,-0.3993682563304901,-0.8948017954826355,-0.19958476722240448,0,0,0.6416530013084412,0,1,0.9885200262069702,-0.08743490278720856,-0.12322241067886353,0,0.13070598244667053,0.9039720892906189,0.40712374448776245,0,0.0757928118109703,-0.41855597496032715,0.9050229787826538,0,0,0.06554599851369858,0,1,-0.7416764497756958,-0.6700001955032349,0.03189229220151901,0,0.558589518070221,-0.5906267762184143,0.5823554992675781,0,-0.37134161591529846,0.44973379373550415,0.8123085498809814,0,0.0064690001308918,-0.011606999672949314,0.0782100036740303,1,0.4204142391681671,-0.7952213287353516,0.4368923008441925,0,0.9071765542030334,0.35948795080184937,-0.21862933039665222,0,0.016801204532384872,0.48825347423553467,0.872540295124054,0,0,0.569284975528717,0,1,0.02255653589963913,0.23141814768314362,0.972592830657959,0,-0.9925527572631836,-0.1113060936331749,0.04950353503227234,0,0.11971155554056168,-0.9664663672447205,0.22718407213687897,0,0,0.6393370032310486,0,1,0.9967129230499268,0.05693209171295166,0.05763508379459381,0,-0.07560287415981293,0.9092880487442017,0.40924185514450073,0,-0.029107915237545967,-0.4122542440891266,0.9106038808822632,0,0,0.06334199756383896,0,1
K0.135,0.6222055554389954,-0.158834308385849,0.7665717601776123,0,0.055784475058317184,0.9857077598571777,0.1589607149362564,0,-0.7808638215065002,-0.05614343658089638,0.6221731305122375,0,-0.037526074796915054,1.0575162172317505,-0.003642438678070903,1,0.9830986857414246,-0.1707875281572342,-0.06594349443912506,0,0.16994427144527435,0.985285222530365,-0.018234262242913246,0,0.06808733940124512,0.006719361990690231,0.9976571202278137,0,-0.00032900000223889947,0.02092999964952469,0,1,0.9896687269210815,-0.10227905958890915,-0.10047433525323868,0,0.09459184855222702,0.9924151301383972,-0.07851441949605942,0,0.10774267464876175,0.06819923967123032,0.9918373823165894,0,0,0.024421000853180885,0,1,0.9878696799278259,0.10452315956354141,-0.11484286934137344,0,-0.11145520210266113,0.9922087788581848,-0.05567968636751175,0,0.10812823474407196,0.06780407577753067,0.9918221235275269,0,0,0.02790999971330166,0,1,0.9806259274482727,-0.013802170753479004,-0.19540522992610931,0,0.008664269931614399,0.9995948672294617,-0.02712399885058403,0,0.19570034742355347,0.02490544132888317,0.9803478121757507,0,0,0.03139900043606758,0,1,0.9099297523498535,0.057414766401052475,-0.4107704162597656,0,-0.09272196888923645,0.9934660792350769,-0.0665355995297432,0,0.40426647663116455,0.09863020479679108,0.9093083143234253,0,-0.023510999977588654,0.0403669998049736,0,1,-0.9675005078315735,-0.021716970950365067,-0.2519359588623047,0,0.24599242210388184,-0.3116166591644287,-0.917814314365387,0,-0.05857527628540993,-0.9499598741531372,0.30683135986328125,0,-0.0006360000115819275,0.010482000187039375,-0.10084500163793564,1,-0.969611406326294,0.05088033527135849,-0.23930193483829498,0,-0.08195223659276962,0.8540765643119812,0.5136502981185913,0,0.23051677644252777,0.5176522731781006,-0.8239521980285645,0,0,0.0864349976181984,0,1,0.8309680223464966,-0.4165384769439697,0.3687666654586792,0,0.489505797624588,0.8624210357666016,-0.12889479100704193,0,-0.2643424868583679,0.2876209020614624,0.9205423593521118,0,0,0.40308600664138794,0,1,0.9278894662857056,0.057618398219347,-0.3683771789073944,0,0.3726118505001068,-0.179037407040596,0.910552442073822,0,-0.013488739728927612,-0.9821532368659973,-0.1875961273908615,0,-0.00002099999983329326,0.010471999645233154,0.10084500163793564,1,0.8155392408370972,0.5697330236434937,-0.1014910489320755,0,-0.34150931239128113,0.6153982877731323,0.7103924751281738,0,0.4671911299228668,-0.54469233751297,0.6964500546455383,0,0,0.0864349976181984,0,1,0.662446141242981,-0.6955451369285583,-0.2781773805618286,0,0.7396321296691895,0.666180431842804,0.09565093368291855,0,0.11878668516874313,-0.2691122591495514,0.9557552933692932,0,0,0.4029160141944885,0,1,-0.3241232931613922,-0.8451781868934631,0.4249909520149231,0,0.36902540922164917,-0.5266125798225403,-0.7658321261405945,0,0.8710712790489197,-0.0913916602730751,0.48258018493652344,0,0.009538000449538231,-0.011606999672949314,-0.0782100036740303,1,0.5707607865333557,-0.44071707129478455,-0.6928210854530334,0,0.7899765372276306,0.5248849987983704,0.31690993905067444,0,0.22398391366004944,-0.7281926870346069,0.647740364074707,0,0,0.5694820284843445,0,1,-0.327457457780838,-0.07237135618925095,0.9420901536941528,0,-0.8544118404388428,0.4483921527862549,-0.2625361680984497,0,-0.4034256339073181,-0.8909021019935608,-0.20866426825523376,0,0,0.6416530013084412,0,1,0.9885200262069702,-0.08743300288915634,-0.12322483211755753,0,0.13070493936538696,0.903974175453186,0.40711984038352966,0,0.07579631358385086,-0.4185519516468048,0.9050240516662598,0,0,0.06554599851369858,0,1,-0.7235177755355835,-0.6883050799369812,0.05252901092171669,0,0.5851536989212036,-0.5711576342582703,0.5756522417068481,0,-0.3662215769290924,0.44723159074783325,0.8160057663917542,0,0.0064690001308918,-0.011606999672949314,0.0782100036740303,1,0.40266451239585876,-0.8032485842704773,0.43892335891723633,0,0.9151093363761902,0.342311292886734,-0.21306906640529633,0,0.020899001508951187,0.4874580502510071,0.8728964924812317,0,0,0.569284975528717,0,1,0.022989710792899132,0.22289812564849854,0.9745702743530273,0,-0.9921888113021851,-0.11447082459926605,0.049586452543735504,0,0.1226125955581665,-0.9680979251861572,0.21852537989616394,0,0,0.6393370032310486,0,1,0.9967129826545715,0.05693162605166435,0.05763499438762665,0,-0.07560241222381592,0.9092878699302673,0.409242182970047,0,-0.02910800650715828,-0.41225478053092957,0.9106041193008423,0,0,0.06334199756383896,0,1
K0.169,0.6027472615242004,-0.16938132047653198,0.7797471880912781,0,0.04935961961746216,0.983253002166748,0.17543289065361023,0,-0.7964040040969849,-0.06725369393825531,0.6010137796401978,0,-0.0466233491897583,1.0556517839431763,-0.0022382582537829876,1,0.9831003546714783,-0.170840322971344,-0.06577830761671066,0,0.16974666714668274,0.9852439165115356,-0.02191275730729103,0,0.06855129450559616,0.01037679798901081,0.9975937604904175,0,-0.00032900000223889947,0.02092999964952469,0,1,0.9897161722183228,-0.10223685950040817,-0.10004769265651703,0,0.09445605427026749,0.9923374652862549,-0.07964983582496643,0,0.10742425918579102,0.06938064098358154,0.9917895793914795,0,0,0.024421000853180885,0,1,0.9878273010253906,0.104950912296772,-0.11481624841690063,0,-0.11198669672012329,0.9920942783355713,-0.05663237348198891,0,0.10796497017145157,0.0688009262084961,0.991771399974823,0,0,0.02790999971330166,0,1,0.977878212928772,-0.004407358821481466,-0.2091280072927475,0,-0.00399549538269639,0.999201774597168,-0.03974096104502678,0,0.20913632214069366,0.03969740495085716,0.9770804047584534,0,0,0.03139900043606758,0,1,0.9074622988700867,0.05398673936724663,-0.4166495203971863,0,-0.09104681760072708,0.9934130907058716,-0.06957986205816269,0,0.41014885902404785,0.10107574611902237,0.9064005017280579,0,-0.023510999977588654,0.0403669998049736,0,1,-0.9688053131103516,-0.02265075221657753,-0.2467852532863617,0,0.24102547764778137,-0.317746639251709,-0.9170303344726562,0,-0.05764373764395714,-0.9479050636291504,0.313293993473053,0,-0.0006360000115819275,0.010482000187039375,-0.10084500163793564,1,-0.9691200852394104,0.05232229083776474,-0.24097475409507751,0,-0.07973025739192963,0.8582516312599182,0.5069986581802368,0,0.23334422707557678,0.5105553865432739,-0.8275769352912903,0,0,0.0864349976181984,0,1,0.8366692662239075,-0.40920841693878174,0.36405059695243835,0,0.480835497379303,0.8670504689216614,-0.13046520948410034,0,-0.2622627913951874,0.2842046916484833,0.9221965074539185,0,0,0.40308600664138794,0,1,0.9331024289131165,0.050966374576091766,-0.3559810519218445,0,0.359488308429718,-0.15803802013397217,0.9196692109107971,0,-0.009386315941810608,-0.9861170053482056,-0.16578753292560577,0,-0.00002099999983329326,0.010471999645233154,0.10084500163793564,1,0.8163217306137085,0.5676136016845703,-0.1069294661283493,0,-0.32687708735466003,0.606621503829956,0.7246810793876648,0,0.4762042462825775,-0.5566197037696838,0.6807377338409424,0,0,0.0864349976181984,0,1,0.6574684977531433,-0.6976484060287476,-0.28464552760124207,0,0.7426232099533081,0.6638799905776978,0.08816766738891602,0,0.127460315823555,-0.269351601600647,0.9545692801475525,0,0,0.4029160141944885,0,1,-0.3314383924007416,-0.8412624001502991,0.42711421847343445,0,0.36195117235183716,-0.5314398407936096,-0.7658745050430298,0,0.8712867498397827,-0.09924569725990295,0.480635404586792,0,0.009538000449538231,-0.011606999672949314,-0.0782100036740303,1,0.5908493399620056,-0.4467831254005432,-0.6717758774757385,0,0.7787891030311584,0.5332836508750916,0.33029600977897644,0,0.21067635715007782,-0.71832674741745,0.6630399227142334,0,0,0.5694820284843445,0,1,-0.32743826508522034,-0.0847192332148552,0.9410667419433594,0,-0.8538781404495239,0.45298048853874207,-0.25632214546203613,0,-0.4045693576335907,-0.8874858617782593,-0.22066298127174377,0,0,0.6416530013084412,0,1,0.9885200262069702,-0.08743210881948471,-0.12322644889354706,0,0.1307046115398407,0.9039760231971741,0.40711715817451477,0,0.07579857110977173,-0.4185493290424347,0.9050253033638,0,0,0.06554599851369858,0,1,-0.7029090523719788,-0.7073166370391846,0.07498501986265182,0,0.6134026646614075,-0.5494362711906433,0.5673243999481201,0,-0.360078364610672,0.44477322697639465,0.8200731873512268,0,0.0064690001308918,-0.011606999672949314,0.0782100036740303,1,0.3872676193714142,-0.8084900379180908,0.44313284754753113,0,0.9216703772544861,0.3272932767868042,-0.20833420753479004,0,0.023401733487844467,0.48910361528396606,0.8719116449356079,0,0,0.569284975528717,0,1,0.023408643901348114,0.21248973906040192,0.9768826365470886,0,-0.9922904372215271,-0.11401811987161636,0.04857882857322693,0,0.12170493602752686,-0.9704889059066772,0.208182692527771,0,0,0.6393370032310486,0,1,0.9967129230499268,0.05693204700946808,0.057635072618722916,0,-0.07560282945632935,0.9092881083488464,0.40924185514450073,0,-0.029107926413416862,-0.4122542142868042,0.9106038808822632,0,0,0.06334199756383896,0,1
K0.202,0.5795035362243652,-0.180557981133461,0.794717013835907,0,0.042246025055646896,0.9804930090904236,0.19196029007434845,0,-0.8138746023178101,-0.07766807079315186,0.5758271813392639,0,-0.055452171713113785,1.054348111152649,-0.0015682019293308258,1,0.9832050204277039,-0.17063909769058228,-0.06473333388566971,0,0.16929568350315094,0.9852290153503418,-0.02574005164206028,0,0.06816942244768143,0.014348678290843964,0.9975706934928894,0,-0.00032900000223889947,0.02092999964952469,0,1,0.9899722337722778,-0.10164778679609299,-0.09809117764234543,0,0.09386450797319412,0.9922884106636047,-0.08095192909240723,0,0.10556331276893616,0.07093288004398346,0.9918790459632874,0,0,0.024421000853180885,0,1,0.9878895878791809,0.10596095770597458,-0.11334415525197983,0,-0.11304943263530731,0.9918925166130066,-0.05803985148668289,0,0.10627526044845581,0.0701504573225975,0.9918590784072876,0,0,0.02790999971330166,0,1,0.9749575257301331,0.0032176116947084665,-0.22236604988574982,0,-0.015530564822256565,0.9984394907951355,-0.05364600569009781,0,0.2218465358018875,0.05575607344508171,0.9734865427017212,0,0,0.03139900043606758,0,1,0.9054331183433533,0.048308372497558594,-0.4217309057712555,0,-0.08819492161273956,0.9932318329811096,-0.07557706534862518,0,0.41522568464279175,0.10562451928853989,0.9035657644271851,0,-0.023510999977588654,0.0403669998049736,0,1,-0.9693819284439087,-0.023239625617861748,-0.2444571554660797,0,0.23878423869609833,-0.3214443027973175,-0.916327714920044,0,-0.057284172624349594,-0.9466431140899658,0.31715112924575806,0,-0.0006360000115819275,0.010482000187039375,-0.10084500163793564,1,-0.9687553644180298,0.057242728769779205,-0.2413218915462494,0,-0.0740039125084877,0.8619633316993713,0.5015409588813782,0,0.23672014474868774,0.5037291646003723,-0.8307952284812927,0,0,0.0864349976181984,0,1,0.8392153382301331,-0.40566501021385193,0.362151563167572,0,0.47683054208755493,0.8691153526306152,-0.13141965866088867,0,-0.2614390254020691,0.2829742133617401,0.9228079915046692,0,0,0.40308600664138794,0,1,0.9389340877532959,0.04356648772954941,-0.3413275480270386,0,0.34405824542045593,-0.13371993601322174,0.9293780326843262,0,-0.005152585916221142,-0.9900611042976379,-0.140543594956398,0,-0.00002099999983329326,0.010471999645233154,0.10084500163793564,1,0.8134629130363464,0.5711363554000854,-0.10991720855236053,0,-0.3169509470462799,0.5937650799751282,0.7395839095115662,0,0.4876682460308075,-0.5667857527732849,0.6640280485153198,0,0,0.0864349976181984,0,1,0.6482445001602173,-0.7024968266487122,-0.29372963309288025,0,0.748719334602356,0.6582814455032349,0.07800565659999847,0,0.13855807483196259,-0.27048784494400024,0.9527004957199097,0,0,0.4029160141944885,0,1,-0.3395463526248932,-0.8363611698150635,0.43035823106765747,0,0.352599173784256,-0.5373568534851074,-0.7661073803901672,0,0.8719993829727173,-0.1083851307630539,0.4773583710193634,0,0.009538000449538231,-0.011606999672949314,-0.0782100036740303,1,0.6115067601203918,-0.451880544424057,-0.6495107412338257,0,0.7663447260856628,0.542538583278656,0.3440471589565277,0,0.19691631197929382,-0.7081357836723328,0.6780617833137512,0,0,0.5694820284843445,0,1,-0.32953524589538574,-0.09738455712795258,0.939107358455658,0,-0.8529924154281616,0.45710211992263794,-0.2519162595272064,0,-0.4047352969646454,-0.8840669989585876,-0.23369958996772766,0,0,0.6416530013084412,0,1,0.988519012928009,-0.08742821961641312,-0.12323345988988876,0,0.13070356845855713,0.9039782285690308,0.4071114957332611,0,0.0758073627948761,-0.41854462027549744,0.9050271511077881,0,0,0.06554599851369858,0,1,-0.680699348449707,-0.7260512709617615,0.09746024757623672,0,0.6416317820549011,-0.5267084240913391,0.557571530342102,0,-0.35349252820014954,0.4420723617076874,0.8243879675865173,0,0.0064690001308918,-0.011606999672949314,0.0782100036740303,1,0.37446796894073486,-0.8112279176712036,0.44909170269966125,0,0.926914393901825,0.3146772086620331,-0.20446789264678955,0,0.024551132693886757,0.49283647537231445,0.8697757124900818,0,0,0.569284975528717,0,1,0.023800944909453392,0.2008047252893448,0.9793421030044556,0,-0.9927837252616882,-0.11042237281799316,0.04676865041255951,0,0.11753261834383011,-0.9733876585960388,0.196727454662323,0,0,0.6393370032310486,0,1,0.9967130422592163,0.05693112313747406,0.05763483792543411,0,-0.07560187578201294,0.9092881083488464,0.40924179553985596,0,-0.029108094051480293,-0.4122541844844818,0.9106038808822632,0,0,0.06334199756383896,0,1
