4.567,30,136,25
B0,mixamorig_Hips,-1,0.005797829944640398,0.003752008778974414,0.9999759793281555,0,0.06463982164859772,0.9979000687599182,-0.004118998534977436,0,-0.9978920221328735,0.06466218084096909,0.005543128587305546,0,0.0033400000538676977,1.0911250114440918,-0.01659099943935871,1
B1,mixamorig_Spine,0,0.9629079699516296,-0.2689460217952728,-0.021822912618517876,0,0.2697179317474365,0.9616850018501282,0.04913167655467987,0,0.007773000746965408,-0.05319533124566078,0.998553991317749,0,-0.00032900000223889947,0.02092999964952469,0,1
B2,mixamorig_Spine1,1,0.9389470815658569,-0.34397009015083313,-0.007953100837767124,0,0.3440559506416321,0.9388149976730347,0.015846049413084984,0,0.0020159243140369654,-0.01761491969227791,0.9998430609703064,0,0,0.024421000853180885,0,1
B3,mixamorig_Spine2,2,0.9759280681610107,-0.2180076539516449,-0.006086964160203934,0,0.2180793285369873,0.9757968783378601,0.016190150752663612,0,0.0024100628215819597,-0.017127854749560356,0.9998499751091003,0,0,0.02790999971330166,0,1
B4,mixamorig_Neck,3,0.9975889921188354,-0.06753397732973099,0.01597674749791622,0,0.06750701367855072,0.9977160096168518,0.0022209398448467255,0,-0.016090253368020058,-0.0011370431166142225,0.9998700022697449,0,0,0.03139900043606758,0,1
B5,mixamorig_Head,4,0.9276589751243591,0.36963891983032227,-0.053059931844472885,0,-0.37129008769989014,0.9281719326972961,-0.02529408410191536,0,0.039899084717035294,0.0431649349629879,0.9982709288597107,0,-0.023510999977588654,0.0403669998049736,0,1
B6,mixamorig_HeadTop_End,5,1,0,0,0,0,1,0,0,0,0,1,0,-0.04750100150704384,0.08155599981546402,0,1
B7,mixamorig_LeftShoulder,3,-0.8908201456069946,0.3449150323867798,-0.29575860500335693,0,0.2401513010263443,-0.1951502114534378,-0.9509168863296509,0,-0.38570302724838257,-0.9181230664253235,0.09101192653179169,0,-0.0006360000115819275,0.010482000187039375,-0.10084500163793564,1
B8,mixamorig_LeftArm,7,-0.770112156867981,-0.39436981081962585,-0.5013990998268127,0,-0.5356371402740479,0.82663893699646,0.17251570522785187,0,0.34644076228141785,0.4014241099357605,-0.8478431105613708,0,0,0.0864349976181984,0,1
B9,mixamorig_LeftForeArm,8,0.6377906203269958,-0.7675713300704956,0.06369978189468384,0,0.729404628276825,0.5753691792488098,-0.37002620100975037,0,0.24737057089805603,0.28246214985847473,0.9268350601196289,0,0,0.40308600664138794,0,1
B10,mixamorig_LeftHand,9,1,0,0,0,0,1,0,0,0,0,1,0,0,0.38683998584747314,0,1
B11,mixamorig_RightShoulder,3,0.9214611649513245,-0.3064008057117462,-0.2388068288564682,0,0.1903630942106247,-0.17971810698509216,0.9651229381561279,0,-0.338632196187973,-0.9347829222679138,-0.10727579146623611,0,-0.00002099999983329326,0.010471999645233154,0.10084500163793564,1
B12,mixamorig_RightArm,11,0.8568839430809021,-0.26715776324272156,-0.4408811330795288,0,0.4399001896381378,0.8248329162597656,0.3551589846611023,0,0.26876986026763916,-0.49827390909194946,0.8243091702461243,0,0,0.0864349976181984,0,1
B13,mixamorig_RightForeArm,12,0.39750105142593384,-0.8525230884552002,-0.339406818151474,0,0.9172020554542542,0.38006606698036194,0.11954289674758911,0,0.02708396129310131,-0.35882318019866943,0.9330129623413086,0,0,0.4029160141944885,0,1
B14,mixamorig_RightHand,13,1,0,0,0,0,1,0,0,0,0,1,0,0,0.3869189918041229,0,1
B15,mixamorig_LeftUpLeg,0,-0.7802731394767761,-0.6254379153251648,0.0005367713165469468,0,0.46194303035736084,-0.5768811106681824,-0.6736598610877991,0,0.4216422736644745,-0.5253909826278687,0.739041805267334,0,0.009538000449538231,-0.011606999672949314,-0.0782100036740303,1
B16,mixamorig_LeftLeg,15,0.6232951879501343,-0.5692958235740662,-0.5361019968986511,0,0.7795731425285339,0.39853963255882263,0.48314914107322693,0,-0.061396852135658264,-0.7190748453140259,0.6922152042388916,0,0,0.5694820284843445,0,1
B17,mixamorig_LeftFoot,16,-0.13513584434986115,-0.005469812545925379,0.9908120632171631,0,-0.9717100262641907,0.19621889293193817,-0.13144725561141968,0,-0.19369708001613617,-0.9805450439453125,-0.031831324100494385,0,0,0.6416530013084412,0,1
B18,mixamorig_LeftToeBase,17,0.9671029448509216,-0.2135401964187622,-0.1382453739643097,0,0.2527986764907837,0.8673440217971802,0.4287272095680237,0,0.02835582010447979,-0.449571818113327,0.892794132232666,0,0,0.06554599851369858,0,1
B19,mixamorig_LeftToe_End,18,1,0,0,0,0,1,0,0,0,0,1,0,0,0.024198999628424644,0,1
B20,mixamorig_RightUpLeg,0,-0.701418936252594,-0.6787390112876892,-0.21754299104213715,0,0.4759981632232666,-0.6732550859451294,0.5658207535743713,0,-0.5305061936378479,0.2933271825313568,0.7953118085861206,0,0.0064690001308918,-0.011606999672949314,0.0782100036740303,1
B21,mixamorig_RightLeg,20,0.5376770496368408,-0.6669961214065552,0.5157698392868042,0,0.8428870439529419,0.44050607085227966,-0.3090238571166992,0,-0.02108205109834671,0.6008911728858948,0.7990529537200928,0,0,0.569284975528717,0,1
B22,mixamorig_RightFoot,21,0.12817786633968353,0.06950678676366806,0.9893120527267456,0,-0.9716880321502686,0.20843921601772308,0.11125001311302185,0,-0.19847875833511353,-0.9755620360374451,0.09425612539052963,0,0,0.6393370032310486,0,1
B23,mixamorig_RightToeBase,22,0.9662990570068359,0.254977822303772,-0.035396210849285126,0,-0.2060462236404419,0.8485219478607178,0.48739707469940186,0,0.15430986881256104,-0.4636779725551605,0.8724629878997803,0,0,0.06334199756383896,0,1
B24,mixamorig_RightToe_End,23,1,0,0,0,0,1,0,0,0,0,1,0,0,0.02422199957072735,0,1
@20,0,1,2,3,4,5,7,8,9,11,12,13,15,16,17,18,20,21,22,23
K0,0.9999759197235107,0.00375182693824172,-0.0057977898977696896,0,-0.0041188145987689495,0.9979000687599182,-0.06463982164859772,0,0.00554310018196702,0.06466218829154968,0.9978919625282288,0,-0.016590997576713562,1.0911250114440918,-0.003340000519528985,1,0.9629079699516296,-0.2689460515975952,-0.021822955459356308,0,0.2697179615497589,0.9616850018501282,0.049131669104099274,0,0.007773043587803841,-0.05319533497095108,0.998553991317749,0,-0.00032900000223889947,0.02092999964952469,0,1,0.9389470815658569,-0.34397009015083313,-0.007953090593218803,0,0.3440559506416321,0.9388149976730347,0.015846066176891327,0,0.0020159094128757715,-0.017614932730793953,0.9998430609703064,0,0,0.024421000853180885,0,1,0.9759280681610107,-0.2180076539516449,-0.006086950656026602,0,0.2180793285369873,0.9757968783378601,0.016190148890018463,0,0.002410049783065915,-0.01712784916162491,0.9998499751091003,0,0,0.02790999971330166,0,1,0.9975889921188354,-0.06753397732973099,0.01597674749791622,0,0.06750701367855072,0.9977160096168518,0.0022209484595805407,0,-0.016090255230665207,-0.0011370517313480377,0.9998700022697449,0,0,0.03139900043606758,0,1,0.9276589751243591,0.36963891983032227,-0.05305991694331169,0,-0.37129008769989014,0.9281719326972961,-0.025294074788689613,0,0.0398990772664547,0.043164923787117004,0.9982709288597107,0,-0.023510999977588654,0.0403669998049736,0,1,-0.8908201456069946,0.34491533041000366,-0.29575860500335693,0,0.2401513308286667,-0.19515013694763184,-0.9509169459342957,0,-0.38570326566696167,-0.9181230068206787,0.09101168066263199,0,-0.0006360000115819275,0.010482000187039375,-0.10084500163793564,1,-0.7701119780540466,-0.39436978101730347,-0.5013992190361023,0,-0.5356371998786926,0.8266388773918152,0.17251576483249664,0,0.34644073247909546,0.40142422914505005,-0.8478429317474365,0,0,0.0864349976181984,0,1,0.6377906203269958,-0.7675713300704956,0.06369958817958832,0,0.729404628276825,0.5753692388534546,-0.3700260818004608,0,0.24737058579921722,0.28246191143989563,0.9268351197242737,0,0,0.40308600664138794,0,1,0.9214611053466797,-0.3064006268978119,-0.23880714178085327,0,0.19036336243152618,-0.17971833050251007,0.9651228785514832,0,-0.33863213658332825,-0.9347829818725586,-0.10727594792842865,0,-0.00002099999983329326,0.010471999645233154,0.10084500163793564,1,0.8568839430809021,-0.26715776324272156,-0.4408811926841736,0,0.4399002492427826,0.8248328566551208,0.3551590144634247,0,0.26876986026763916,-0.49827396869659424,0.8243091106414795,0,0,0.0864349976181984,0,1,0.39750102162361145,-0.8525230288505554,-0.33940690755844116,0,0.9172020554542542,0.3800660967826843,0.11954277753829956,0,0.027084102854132652,-0.3588232100009918,0.9330129027366638,0,0,0.4029160141944885,0,1,-0.7802729606628418,-0.6254379153251648,0.0005366920377127826,0,0.4619430601596832,-0.576880931854248,-0.6736598610877991,0,0.4216422736644745,-0.5253909826278687,0.739041805267334,0,0.009538000449538231,-0.011606999672949314,-0.0782100036740303,1,0.6232951879501343,-0.5692958831787109,-0.5361019372940063,0,0.7795731425285339,0.39853960275650024,0.4831492006778717,0,-0.06139695271849632,-0.7190749049186707,0.6922152042388916,0,0,0.5694820284843445,0,1,-0.13513553142547607,-0.005469935480505228,0.9908121228218079,0,-0.9717100858688354,0.19621886312961578,-0.13144691288471222,0,-0.19369705021381378,-0.9805450439453125,-0.03183138370513916,0,0,0.6416530013084412,0,1,0.9671029448509216,-0.21354028582572937,-0.13824529945850372,0,0.25279873609542847,0.8673440217971802,0.4287272095680237,0,0.028355717658996582,-0.449571818113327,0.892794132232666,0,0,0.06554599851369858,0,1,-0.701418936252594,-0.6787388920783997,-0.21754294633865356,0,0.4759981334209442,-0.6732550263404846,0.5658207535743713,0,-0.5305061340332031,0.2933272123336792,0.7953118681907654,0,0.0064690001308918,-0.011606999672949314,0.0782100036740303,1,0.5376770496368408,-0.6669960618019104,0.515769898891449,0,0.8428870439529419,0.44050610065460205,-0.30902382731437683,0,-0.021082142367959023,0.6008912324905396,0.7990529537200928,0,0,0.569284975528717,0,1,0.12817752361297607,0.06950674206018448,0.9893121123313904,0,-0.9716880321502686,0.20843911170959473,0.11124970763921738,0,-0.19847868382930756,-0.9755620956420898,0.09425600618124008,0,0,0.6393370032310486,0,1,0.9662991166114807,0.2549777925014496,-0.03539616987109184,0,-0.2060462087392807,0.8485219478607178,0.48739704489707947,0,0.15430980920791626,-0.4636779725551605,0.8724629878997803,0,0,0.06334199756383896,0,1
K0.034,0.9999758005142212,0.0035728802904486656,-0.005971812643110752,0,-0.003953480161726475,0.9978787899017334,-0.06498627364635468,0,0.00572695629671216,0.06500831246376038,0.9978686571121216,0,-0.016360539942979813,1.0910584926605225,-0.0033842213451862335,1,0.9629484415054321,-0.26881471276283264,-0.02166742831468582,0,0.2695789933204651,0.9617214798927307,0.0491880401968956,0,0.007615561597049236,-0.05320663005113602,0.9985549449920654,0,-0.00032900000223889947,0.02092999964952469,0,1,0.9390320777893066,-0.34374311566352844,-0.007707471027970314,0,0.34382516145706177,0.938899040222168,0.015932103618979454,0,0.0017599847633391619,-0.017610765993595123,0.9998430013656616,0,0,0.024421000853180885,0,1,0.9759827852249146,-0.21776577830314636,-0.006015809718519449,0,0.2178361862897873,0.9758505821228027,0.016205552965402603,0,0.002341517247259617,-0.01712680608034134,0.9998509287834167,0,0,0.02790999971330166,0,1,0.9975708723068237,-0.06785333156585693,0.015743594616651535,0,0.06783202290534973,0.9976948499679565,0.0018845548620447516,0,-0.015835179015994072,-0.0008120571146719158,0.9998740553855896,0,0,0.03139900043606758,0,1,0.9274851083755493,0.36983874440193176,-0.054691512137651443,0,-0.37156105041503906,0.9280637502670288,-0.025294585153460503,0,0.04140229895710945,0.043781593441963196,0.9981831908226013,0,-0.023510999977588654,0.0403669998049736,0,1,-0.8907457590103149,0.34483596682548523,-0.2960760295391083,0,0.2400810420513153,-0.19614404439926147,-0.9507310390472412,0,-0.38591939210891724,-0.9179409146308899,0.09192568808794022,0,-0.0006360000115819275,0.010482000187039375,-0.10084500163793564,1,-0.7699042558670044,-0.3951220214366913,-0.5011245012283325,0,-0.5356541872024536,0.8269584774971008,0.17092151939868927,0,0.3468741476535797,0.4000225365161896,-0.8483273983001709,0,0,0.0864349976181984,0,1,0.6376667618751526,-0.7677127122879028,0.06323624402284622,0,0.7294049263000488,0.575369119644165,-0.370027095079422,0,0.24769018590450287,0.28207865357398987,0.9268665909767151,0,0,0.40308600664138794,0,1,0.9214591383934021,-0.3065086305141449,-0.23867455124855042,0,0.19037050008773804,-0.17928031086921692,0.9652038216590881,0,-0.3386329412460327,-0.9348325133323669,-0.10684928297996521,0,-0.00002099999983329326,0.010471999645233154,0.10084500163793564,1,0.8573861718177795,-0.26654136180877686,-0.44027796387672424,0,0.43917614221572876,0.8249272108078003,0.3558349907398224,0,0.2683526575565338,-0.4984477758407593,0.8243401646614075,0,0,0.0864349976181984,0,1,0.3969610333442688,-0.8527499437332153,-0.339469850063324,0,0.9174359440803528,0.37955838441848755,0.11935647577047348,0,0.027067366987466812,-0.35882171988487244,0.9330134391784668,0,0,0.4029160141944885,0,1,-0.7803756594657898,-0.6253098249435425,-0.0007237123791128397,0,0.46262651681900024,-0.5765702724456787,-0.6734562516212463,0,0.4207015037536621,-0.525883674621582,0.7392264008522034,0,0.009538000449538231,-0.011606999672949314,-0.0782100036740303,1,0.6229604482650757,-0.5699465870857239,-0.5357995629310608,0,0.7797959446907043,0.39821359515190125,0.4830566346645355,0,-0.06195385009050369,-0.7187397480010986,0.6925135850906372,0,0,0.5694820284843445,0,1,-0.13531288504600525,-0.005853158421814442,0.9907857179641724,0,-0.9718407988548279,0.19548453390598297,-0.13157065212726593,0,-0.1929132044315338,-0.9806889295578003,-0.032139964401721954,0,0,0.6416530013084412,0,1,0.9671029448509216,-0.21354028582572937,-0.13824529945850372,0,0.25279873609542847,0.8673440217971802,0.4287272095680237,0,0.028355717658996582,-0.449571818113327,0.892794132232666,0,0,0.06554599851369858,0,1,-0.7015721797943115,-0.678539514541626,-0.21767088770866394,0,0.4757620692253113,-0.6734229326248169,0.5658206343650818,0,-0.5305156111717224,0.29340410232543945,0.7952772378921509,0,0.0064690001308918,-0.011606999672949314,0.0782100036740303,1,0.5377841591835022,-0.6672492623329163,0.5153321623802185,0,0.8428404927253723,0.4401445686817169,-0.30966463685035706,0,-0.02019711397588253,0.600875198841095,0.7990869879722595,0,0,0.569284975528717,0,1,0.12815579771995544,0.0692720115184784,0.9893320798873901,0,-0.9717576503753662,0.20807981491088867,0.1113097071647644,0,-0.19814936816692352,-0.9756558537483215,0.09398224204778671,0,0,0.6393370032310486,0,1,0.9662990570068359,0.25497788190841675,-0.03539612889289856,0,-0.20604610443115234,0.8485211133956909,0.48739683628082275,0,0.15430986881256104,-0.46367818117141724,0.8724628686904907,0,0,0.06334199756383896,0,1
K0.067,0.9999728798866272,0.0031661444809287786,-0.0066259135492146015,0,-0.0035931344609707594,0.9978485703468323,-0.06545639038085938,0,0.006404418032616377,0.06547847390174866,0.9978334307670593,0,-0.016161205247044563,1.0909947156906128,-0.003414044389501214,1,0.9630122184753418,-0.2685993015766144,-0.021472090855240822,0,0.26935476064682007,0.9617771506309509,0.04933217912912369,0,0.007400780916213989,-0.053291115909814835,0.9985519647598267,0,-0.00032900000223889947,0.02092999964952469,0,1,0.939178466796875,-0.34335801005363464,-0.006941970903426409,0,0.343426913022995,0.939039409160614,0.016201011836528778,0,0.0009560378384776413,-0.017599718645215034,0.999845027923584,0,0,0.024421000853180885,0,1,0.9760748744010925,-0.2173570990562439,-0.005762213375419378,0,0.2174234688282013,0.9759418964385986,0.016261786222457886,0,0.002088970970362425,-0.017125561833381653,0.9998509883880615,0,0,0.02790999971330166,0,1,0.9975495934486389,-0.06821821630001068,0.015534612350165844,0,0.06820184737443924,0.9976705312728882,0.0015820815460756421,0,-0.015606344677507877,-0.0005187153583392501,0.9998780488967896,0,0,0.03139900043606758,0,1,0.927226185798645,0.37018680572509766,-0.05667472258210182,0,-0.37199968099594116,0.927886962890625,-0.025343667715787888,0,0.043205853551626205,0.0445823036134243,0.9980707168579102,0,-0.023510999977588654,0.0403669998049736,0,1,-0.8906819224357605,0.3447674810886383,-0.2963448464870453,0,0.24002237617969513,-0.19698329269886017,-0.9505717754364014,0,-0.3861014246940613,-0.9177869558334351,0.09269759804010391,0,-0.0006360000115819275,0.010482000187039375,-0.10084500163793564,1,-0.7698168754577637,-0.3960973620414734,-0.500487744808197,0,-0.5356698036193848,0.8273053765296936,0.16918323934078217,0,0.34704336524009705,0.3983364701271057,-0.8490514159202576,0,0,0.0864349976181984,0,1,0.6372280716896057,-0.7682066559791565,0.06163551285862923,0,0.729400634765625,0.5753466486930847,-0.37006911635398865,0,0.24882768094539642,0.2807753384113312,0.9269571304321289,0,0,0.40308600664138794,0,1,0.9214569330215454,-0.30665892362594604,-0.2384914606809616,0,0.19037996232509613,-0.1786745935678482,0.9653138518333435,0,-0.33863434195518494,-0.9348987936973572,-0.10625918954610825,0,-0.00002099999983329326,0.010471999645233154,0.10084500163793564,1,0.8578363656997681,-0.26597505807876587,-0.4397430121898651,0,0.43840718269348145,0.8252220153808594,0.356101393699646,0,0.268171489238739,-0.4982631206512451,0.8245106935501099,0,0,0.0864349976181984,0,1,0.3969399631023407,-0.8527786135673523,-0.3394216299057007,0,0.9174391627311707,0.37962600588798523,0.11911830306053162,0,0.027271747589111328,-0.35868164896965027,0.9330615997314453,0,0,0.4029160141944885,0,1,-0.7806136012077332,-0.6250074505805969,-0.0029800112824887037,0,0.4638008773326874,-0.5760626792907715,-0.6730827689170837,0,0.4189649820327759,-0.5267995595932007,0.7395612001419067,0,0.009538000449538231,-0.011606999672949314,-0.0782100036740303,1,0.6230325102806091,-0.5704197883605957,-0.5352122783660889,0,0.7796629071235657,0.39785540103912354,0.4835665225982666,0,-0.06289882212877274,-0.7185629606246948,0.6926121115684509,0,0,0.5694820284843445,0,1,-0.13578660786151886,-0.0061792959459125996,0.9907185435295105,0,-0.971917986869812,0.19481247663497925,-0.13199470937252045,0,-0.19218893349170685,-0.9808213114738464,-0.03245876356959343,0,0,0.6416530013084412,0,1,0.9671029448509216,-0.21354028582572937,-0.13824529945850372,0,0.25279873609542847,0.8673440217971802,0.4287272095680237,0,0.028355717658996582,-0.449571818113327,0.892794132232666,0,0,0.06554599851369858,0,1,-0.7017146348953247,-0.6783614754676819,-0.21776695549488068,0,0.47560083866119385,-0.6735917329788208,0.5657545924186707,0,-0.5304718613624573,0.2934279441833496,0.7952979803085327,0,0.0064690001308918,-0.011606999672949314,0.0782100036740303,1,0.5379317402839661,-0.6674272418022156,0.5149471163749695,0,0.842765212059021,0.43983983993530273,-0.31030189990997314,0,-0.019390346482396126,0.6009009480476379,0.7990885376930237,0,0,0.569284975528717,0,1,0.1281161904335022,0.06917888671159744,0.9893439412117004,0,-0.9718538522720337,0.20761549472808838,0.11133398860692978,0,-0.19770118594169617,-0.9757615327835083,0.09383068233728409,0,0,0.6393370032310486,0,1,0.9662991166114807,0.2549777925014496,-0.03539616987109184,0,-0.2060462087392807,0.8485219478607178,0.48739704489707947,0,0.15430980920791626,-0.4636779725551605,0.8724629878997803,0,0,0.06334199756383896,0,1
K0.101,0.9999719262123108,0.002720610471442342,-0.007012964226305485,0,-0.003177482867613435,0.9978156089782715,-0.0659814178943634,0,0.0068181362003088,0.06600186973810196,0.9977964162826538,0,-0.01596987247467041,1.090981364250183,-0.00341660319827497,1,0.9630321860313416,-0.26853784918785095,-0.021342692896723747,0,0.26928743720054626,0.9617891311645508,0.04946350306272507,0,0.007244350854307413,-0.0533822737634182,0.9985479712486267,0,-0.00032900000223889947,0.02092999964952469,0,1,0.9392821788787842,-0.3430843949317932,-0.006528839003294706,0,0.3431459367275238,0.9391370415687561,0.016478894278407097,0,0.00047782310866750777,-0.017718680202960968,0.9998428821563721,0,0,0.024421000853180885,0,1,0.9761403799057007,-0.21707098186016083,-0.005413130857050419,0,0.21713188290596008,0.9760022163391113,0.016522986814379692,0,0.0016965678660199046,-0.017304129898548126,0.9998489618301392,0,0,0.02790999971330166,0,1,0.9975203275680542,-0.06866476684808731,0.015436486341059208,0,0.06865068525075912,0.9976393580436707,0.0014399458887055516,0,-0.015498929657042027,-0.000376650074031204,0.9998800754547119,0,0,0.03139900043606758,0,1,0.9270340800285339,0.3704559803009033,-0.058059412986040115,0,-0.37234553694725037,0.9277390241622925,-0.02567242458462715,0,0.04435347393155098,0.04541736841201782,0.9979832172393799,0,-0.023510999977588654,0.0403669998049736,0,1,-0.8906207084655762,0.34471654891967773,-0.2965887784957886,0,0.23996585607528687,-0.19774922728538513,-0.9504269361495972,0,-0.3862783908843994,-0.917641818523407,0.09339941293001175,0,-0.0006360000115819275,0.010482000187039375,-0.10084500163793564,1,-0.7697309255599976,-0.3975686728954315,-0.4994528889656067,0,-0.5359296798706055,0.8275360465049744,0.16722151637077332,0,0.34683337807655334,0.3963874280452728,-0.8500493764877319,0,0,0.0864349976181984,0,1,0.636676549911499,-0.7688078880310059,0.05981152504682541,0,0.7293717265129089,0.5752061009407043,-0.37034475803375244,0,0.25031986832618713,0.27941450476646423,0.9269664883613586,0,0,0.40308600664138794,0,1,0.9214572310447693,-0.3066540062427521,-0.23849675059318542,0,0.19037967920303345,-0.1786925494670868,0.9653108716011047,0,-0.33863383531570435,-0.9348971247673035,-0.10627680271863937,0,-0.00002099999983329326,0.010471999645233154,0.10084500163793564,1,0.8584686517715454,-0.26446059346199036,-0.4394229054450989,0,0.43656274676322937,0.8264647722244263,0.35548457503318787,0,0.26915574073791504,-0.4970077574253082,0.8249472975730896,0,0,0.0864349976181984,0,1,0.3961721658706665,-0.8533055782318115,-0.3389943242073059,0,0.9177817702293396,0.378839373588562,0.11898082494735718,0,0.026897411793470383,-0.35825997591018677,0.9332346320152283,0,0,0.4029160141944885,0,1,-0.7808523178100586,-0.6246941089630127,-0.005163499619811773,0,0.464955598115921,-0.5756230354309082,-0.6726626753807068,0,0.41723600029945374,-0.527650773525238,0.7399312853813171,0,0.009538000449538231,-0.011606999672949314,-0.0782100036740303,1,0.623065173625946,-0.5707312822341919,-0.5348422527313232,0,0.7795813679695129,0.3975450396537781,0.4839530885219574,0,-0.06358330696821213,-0.718487024307251,0.6926277279853821,0,0,0.5694820284843445,0,1,-0.1365228146314621,-0.006493786349892616,0.990615725517273,0,-0.9719831347465515,0.19402223825454712,-0.13268311321735382,0,-0.19133973121643066,-0.9809755682945251,-0.03280026093125343,0,0,0.6416530013084412,0,1,0.9671029448509216,-0.21354028582572937,-0.13824529945850372,0,0.25279873609542847,0.8673440217971802,0.4287272095680237,0,0.028355717658996582,-0.449571818113327,0.892794132232666,0,0,0.06554599851369858,0,1,-0.7021000385284424,-0.6780440807342529,-0.21751388907432556,0,0.4754568934440613,-0.6737827658653259,0.5656471252441406,0,-0.5300909876823425,0.2937224805355072,0.7954439520835876,0,0.0064690001308918,-0.011606999672949314,0.0782100036740303,1,0.5384746789932251,-0.667317807674408,0.5145213603973389,0,0.8424336910247803,0.4399048089981079,-0.31111031770706177,0,-0.018731005489826202,0.6009752750396729,0.7990487217903137,0,0,0.569284975528717,0,1,0.12807400524616241,0.06938383728265762,0.9893341064453125,0,-0.9719102382659912,0.20738235116004944,0.11127429455518723,0,-0.19744998216629028,-0.9757962822914124,0.09399524331092834,0,0,0.6393370032310486,0,1,0.9662991166114807,0.2549777925014496,-0.035396166145801544,0,-0.2060462087392807,0.8485219478607178,0.48739707469940186,0,0.15430980920791626,-0.4636779725551605,0.8724629878997803,0,0,0.06334199756383896,0,1
K0.134,0.9999668002128601,0.00234781950712204,-0.007749863900244236,0,-0.002856461564078927,0.997796893119812,-0.0662880390882492,0,0.007577158510684967,0.06630799174308777,0.9977705478668213,0,-0.015781937167048454,1.0910427570343018,-0.0033974703401327133,1,0.9630399942398071,-0.268526166677475,-0.021143047139048576,0,0.26926538348197937,0.9617927074432373,0.04951215535402298,0,0.007039918564260006,-0.05337528884410858,0.9985498189926147,0,-0.00032900000223889947,0.02092999964952469,0,1,0.9393787384033203,-0.3428271412849426,-0.0061189173720777035,0,0.3428817391395569,0.9392277002334595,0.01684284582734108,0,-0.000027127967769047245,-0.017919860780239105,0.9998389482498169,0,0,0.024421000853180885,0,1,0.9762024879455566,-0.21680311858654022,-0.005079218652099371,0,0.21685872972011566,0.9760574102401733,0.0168814305216074,0,0.0012976611033082008,-0.017581161111593246,0.9998449683189392,0,0,0.02790999971330166,0,1,0.9974899291992188,-0.06911158561706543,0.015401971526443958,0,0.06909840553998947,0.9976089000701904,0.0013874549185857177,0,-0.0154610276222229,-0.00031972062424756587,0.9998800158500671,0,0,0.03139900043606758,0,1,0.9266345500946045,0.3713899552822113,-0.05846882238984108,0,-0.3733215928077698,0.9273324012756348,-0.026180323213338852,0,0.04449690878391266,0.04608725383877754,0.9979459047317505,0,-0.023510999977588654,0.0403669998049736,0,1,-0.8906131386756897,0.34459951519966125,-0.2967478334903717,0,0.23995141685009003,-0.19821682572364807,-0.9503329992294312,0,-0.3863047659397125,-0.917584240436554,0.09384725242853165,0,-0.0006360000115819275,0.010482000187039375,-0.10084500163793564,1,-0.7697380185127258,-0.3992408215999603,-0.49810606241226196,0,-0.5364106893539429,0.8275426626205444,0.1656411588191986,0,0.34607356786727905,0.39469000697135925,-0.851148784160614,0,0,0.0864349976181984,0,1,0.6360185742378235,-0.7695292830467224,0.057497140020132065,0,0.7293705344200134,0.5751492977142334,-0.37043601274490356,0,0.25199154019355774,0.2775404751300812,0.9270763397216797,0,0,0.40308600664138794,0,1,0.9214550256729126,-0.30676692724227905,-0.23835842311382294,0,0.1903863549232483,-0.17823684215545654,0.9653932452201843,0,-0.3386352062225342,-0.9349473714828491,-0.10583308339118958,0,-0.00002099999983329326,0.010471999645233154,0.10084500163793564,1,0.8590818047523499,-0.26251688599586487,-0.43938907980918884,0,0.4346057176589966,0.8275819420814514,0.35528331995010376,0,0.27036261558532715,-0.4961785078048706,0.8250520825386047,0,0,0.0864349976181984,0,1,0.39602014422416687,-0.8536337018013,-0.33834636211395264,0,0.9178555607795715,0.37868741154670715,0.11889872699975967,0,0.026631569489836693,-0.35763949155807495,0.9334805607795715,0,0,0.4029160141944885,0,1,-0.7812344431877136,-0.6241940259933472,-0.007344001904129982,0,0.4660263657569885,-0.5753653645515442,-0.6721419095993042,0,0.41532158851623535,-0.5285229682922363,0.7403861880302429,0,0.009538000449538231,-0.011606999672949314,-0.0782100036740303,1,0.6234816312789917,-0.5705733299255371,-0.5345237255096436,0,0.779236376285553,0.39776840806007385,0.4843255579471588,0,-0.06372666358947754,-0.718488872051239,0.6926132440567017,0,0,0.5694820284843445,0,1,-0.13759073615074158,-0.007239782251417637,0.9904628992080688,0,-0.9719424843788147,0.19359350204467773,-0.13360284268856049,0,-0.1907798796892166,-0.9810550212860107,-0.03367336094379425,0,0,0.6416530013084412,0,1,0.9671029448509216,-0.21354028582572937,-0.13824529945850372,0,0.25279873609542847,0.8673440217971802,0.4287272095680237,0,0.028355717658996582,-0.449571818113327,0.892794132232666,0,0,0.06554599851369858,0,1,-0.7027643918991089,-0.6775067448616028,-0.21704120934009552,0,0.4750763773918152,-0.6740099191665649,0.5656965374946594,0,-0.5295512676239014,0.2944403290748596,0.7955377697944641,0,0.0064690001308918,-0.011606999672949314,0.0782100036740303,1,0.5393177270889282,-0.6672166585922241,0.5137686729431152,0,0.8419176936149597,0.4399879574775696,-0.3123853802680969,0,-0.01762327365577221,0.6010258197784424,0.7990347743034363,0,0,0.569284975528717,0,1,0.12804244458675385,0.06939291208982468,0.9893380403518677,0,-0.9719656705856323,0.20713071525096893,0.11126577854156494,0,-0.19720113277435303,-0.9758487939834595,0.09396898746490479,0,0,0.6393370032310486,0,1,0.9662990570068359,0.25497788190841675,-0.03539612144231796,0,-0.20604610443115234,0.8485211730003357,0.48739761114120483,0,0.15430986881256104,-0.4636783301830292,0.8724618554115295,0,0,0.06334199756383896,0,1
K0.168,0.9999637603759766,0.0021880099084228277,-0.008163364604115486,0,-0.002729143016040325,0.9977579712867737,-0.06687740236520767,0,0.007998731918632984,0.06689726561307907,0.997727632522583,0,-0.01561279408633709,1.0911409854888916,-0.0033474781084805727,1,0.963038444519043,-0.26854005455970764,-0.02104388177394867,0,0.26927483081817627,0.9617821574211121,0.049656227231025696,0,0.00690494803711772,-0.053487468510866165,0.9985447525978088,0,-0.00032900000223889947,0.02092999964952469,0,1,0.9394002556800842,-0.3427724242210388,-0.005918500479310751,0,0.34282341599464417,0.9392462372779846,0.017011243849992752,0,-0.00027205643709748983,-0.018009357154369354,0.9998379945755005,0,0,0.024421000853180885,0,1,0.9762156009674072,-0.21674677729606628,-0.00492052873596549,0,0.21679967641830444,0.9760665893554688,0.017060918733477592,0,0.0011048647575080395,-0.017721904441714287,0.9998419880867004,0,0,0.02790999971330166,0,1,0.9974534511566162,-0.06964482367038727,0.015366863459348679,0,0.06963244080543518,0.9975714683532715,0.0013386666541919112,0,-0.01542278379201889,-0.0002652255352586508,0.9998811483383179,0,0,0.03139900043606758,0,1,0.9264745116233826,0.371817409992218,-0.05827741324901581,0,-0.37376919388771057,0.9271338582038879,-0.02682226523756981,0,0.04405798017978668,0.04663245379924774,0.9979398250579834,0,-0.023510999977588654,0.0403669998049736,0,1,-0.8906065821647644,0.34456151723861694,-0.2968112528324127,0,0.23994378745555878,-0.19840575754642487,-0.9502958655357361,0,-0.3863244652748108,-0.9175577759742737,0.09402617067098618,0,-0.0006360000115819275,0.010482000187039375,-0.10084500163793564,1,-0.7699844837188721,-0.40072208642959595,-0.4965350031852722,0,-0.5367450714111328,0.8275598287582397,0.16446740925312042,0,0.34500652551651,0.39314985275268555,-0.8522934317588806,0,0,0.0864349976181984,0,1,0.635272204875946,-0.7702344059944153,0.05629419535398483,0,0.7296347618103027,0.5746995210647583,-0.3706125319004059,0,0.25310617685317993,0.2765139639377594,0.9270800948143005,0,0,0.40308600664138794,0,1,0.9214512705802917,-0.3068639934062958,-0.23824673891067505,0,0.19039936363697052,-0.17784620821475983,0.9654626250267029,0,-0.3386373221874237,-0.934989869594574,-0.10545004904270172,0,-0.00002099999983329326,0.010471999645233154,0.10084500163793564,1,0.8595549464225769,-0.26073890924453735,-0.4395240843296051,0,0.43290263414382935,0.8285624384880066,0.3550775349140167,0,0.2715905010700226,-0.495479553937912,0.8250691294670105,0,0,0.0864349976181984,0,1,0.3963204622268677,-0.8532872200012207,-0.33886778354644775,0,0.9177161455154419,0.3790191411972046,0.11891808360815048,0,0.026966072618961334,-0.3581140637397766,0.9332885146141052,0,0,0.4029160141944885,0,1,-0.7817670702934265,-0.6234964728355408,-0.00959630124270916,0,0.4669530391693115,-0.5751480460166931,-0.6716841459274292,0,0.41327354311943054,-0.5295817255973816,0.7407757043838501,0,0.009538000449538231,-0.011606999672949314,-0.0782100036740303,1,0.6237596869468689,-0.5705562233924866,-0.5342183113098145,0,0.7789906859397888,0.3978211581707001,0.4846774935722351,0,-0.06401240080595016,-0.7184732556343079,0.6926026940345764,0,0,0.5694820284843445,0,1,-0.1388556957244873,-0.007813548669219017,0.9902817010879517,0,-0.9719212055206299,0.19289593398571014,-0.13475926220417023,0,-0.1899682879447937,-0.9811875820159912,-0.034378811717033386,0,0,0.6416530013084412,0,1,0.9671029448509216,-0.21354028582572937,-0.13824529945850372,0,0.25279873609542847,0.8673440217971802,0.4287272095680237,0,0.028355717658996582,-0.449571818113327,0.892794132232666,0,0,0.06554599851369858,0,1,-0.7030889391899109,-0.6770155429840088,-0.21752074360847473,0,0.4746081531047821,-0.6745575666427612,0.565436601638794,0,-0.5295397639274597,0.2943151891231537,0.7955913543701172,0,0.0064690001308918,-0.011606999672949314,0.0782100036740303,1,0.539821982383728,-0.6669977903366089,0.5135230422019958,0,0.841600239276886,0.4402387738227844,-0.3128896653652191,0,-0.017376000061631203,0.6010856628417969,0.798995852470398,0,0,0.569284975528717,0,1,0.12805457413196564,0.06934294104576111,0.9893403649330139,0,-0.9719817042350769,0.20703858137130737,0.11129643768072128,0,-0.19711384177207947,-0.9758719205856323,0.09391222149133682,0,0,0.6393370032310486,0,1,0.9662990570068359,0.25497788190841675,-0.03539612889289856,0,-0.20604610443115234,0.8485211133956909,0.48739683628082275,0,0.15430986881256104,-0.46367818117141724,0.8724628686904907,0,0,0.06334199756383896,0,1
K0.201,0.9999599456787109,0.0022151763550937176,-0.008644122630357742,0,-0.0027920834254473448,0.9977286458015442,-0.06730888038873672,0,0.00847538560628891,0.06733031570911407,0.9976946115493774,0,-0.015552175231277943,1.0913349390029907,-0.0033637061715126038,1,0.9630221724510193,-0.2686011791229248,-0.021035607904195786,0,0.26933643221855164,0.9617577195167542,0.049806613475084305,0,0.006853042170405388,-0.05363050475716591,0.9985377192497253,0,-0.00032900000223889947,0.02092999964952469,0,1,0.9392924904823303,-0.34306949377059937,-0.005805396009236574,0,0.34311845898628235,0.9391374588012695,0.017080072313547134,0,-0.00040758735849522054,-0.018035100772976875,0.9998369812965393,0,0,0.024421000853180885,0,1,0.9761486053466797,-0.21705429255962372,-0.004700429737567902,0,0.21710346639156342,0.9759982824325562,0.01714986376464367,0,0.0008651586249470711,-0.01776128076016903,0.9998417496681213,0,0,0.02790999971330166,0,1,0.9974106550216675,-0.07026998698711395,0.015272872522473335,0,0.07026001811027527,0.9975277781486511,0.0011899294331669807,0,-0.01531874667853117,-0.00011377607734175399,0.9998829960823059,0,0,0.03139900043606758,0,1,0.9261372089385986,0.3726920485496521,-0.05804787948727608,0,-0.374663770198822,0.9267527461051941,-0.027506522834300995,0,0.043544571846723557,0.04722325876355171,0.9979345202445984,0,-0.023510999977588654,0.0403669998049736,0,1,-0.8905990123748779,0.34457775950431824,-0.2968141734600067,0,0.23994126915931702,-0.19841518998146057,-0.9502947330474854,0,-0.3863430321216583,-0.9175499677658081,0.09403002262115479,0,-0.0006360000115819275,0.010482000187039375,-0.10084500163793564,1,-0.7702775597572327,-0.40184152126312256,-0.4951733648777008,0,-0.5369328260421753,0.8276052474975586,0.16362176835536957,0,0.3440581262111664,0.39190906286239624,-0.8532477617263794,0,0,0.0864349976181984,0,1,0.6342809796333313,-0.7711012363433838,0.055596962571144104,0,0.7301312685012817,0.5738327503204346,-0.3709771931171417,0,0.25415757298469543,0.2758967876434326,0.9269761443138123,0,0,0.40308600664138794,0,1,0.9214059710502625,-0.3067578375339508,-0.23856115341186523,0,0.19056907296180725,-0.17832201719284058,0.9653422236442566,0,-0.3386666774749756,-0.9349337220191956,-0.10584833472967148,0,-0.00002099999983329326,0.010471999645233154,0.10084500163793564,1,0.8600809574127197,-0.25908342003822327,-0.43947404623031616,0,0.43088191747665405,0.8301258683204651,0.35388094186782837,0,0.2731339633464813,-0.4937274754047394,0.8256095051765442,0,0,0.0864349976181984,0,1,0.3961009681224823,-0.8531209826469421,-0.33954229950904846,0,0.9178048968315125,0.37880241870880127,0.11892222613096237,0,0.02716442570090294,-0.3587389290332794,0.9330428838729858,0,0,0.4029160141944885,0,1,-0.7825512290000916,-0.6224763989448547,-0.011728553101420403,0,0.4676347076892853,-0.5752455592155457,-0.6711269617080688,0,0.4110136330127716,-0.5306755304336548,0.7412500977516174,0,0.009538000449538231,-0.011606999672949314,-0.0782100036740303,1,0.6244621872901917,-0.570350170135498,-0.5336179137229919,0,0.7784021496772766,0.39818936586380005,0.4853198528289795,0,-0.06432126462459564,-0.7184334397315979,0.6926162242889404,0,0,0.5694820284843445,0,1,-0.14006154239177704,-0.0083158565685153,0.9901074171066284,0,-0.9718433618545532,0.19251425564289093,-0.13586094975471497,0,-0.18948021531105042,-0.981259286403656,-0.035045601427555084,0,0,0.6416530013084412,0,1,0.9671029448509216,-0.21354025602340698,-0.13824528455734253,0,0.2527987062931061,0.8673440217971802,0.4287272095680237,0,0.02835572324693203,-0.449571818113327,0.892794132232666,0,0,0.06554599851369858,0,1,-0.7034308314323425,-0.6764660477638245,-0.2181245982646942,0,0.47405654191970825,-0.675184428691864,0.5651509761810303,0,-0.529580295085907,0.294141560792923,0.7956295609474182,0,0.0064690001308918,-0.011606999672949314,0.0782100036740303,1,0.5403262972831726,-0.6667250394821167,0.5133468508720398,0,0.8412701487541199,0.44084256887435913,-0.3129260838031769,0,-0.017669500783085823,0.6009453535079956,0.7990944385528564,0,0,0.569284975528717,0,1,0.12808136641979218,0.06956762820482254,0.989321231842041,0,-0.971971333026886,0.20709864795207977,0.11127230525016785,0,-0.19714607298374176,-0.9758434891700745,0.09414318948984146,0,0,0.6393370032310486,0,1,0.9662990570068359,0.25497788190841675,-0.03539612144231796,0,-0.20604610443115234,0.8485211730003357,0.48739761114120483,0,0.15430986881256104,-0.46367835998535156,0.8724619150161743,0,0,0.06334199756383896,0,1
