4.567,30,136,25
B0,mixamorig_Hips,-1,-0.008656797930598259,-0.00411815894767642,-0.9999539256095886,0,0.039712101221084595,0.9992009997367859,-0.004458856303244829,0,0.9991739392280579,-0.0397489033639431,-0.008486345410346985,0,-0.0018309999722987413,2.2553679943084717,-0.008856000378727913,1
B1,mixamorig_Spine,0,0.9816570281982422,0.19038288295269012,-0.010212702676653862,0,-0.19059309363365173,0.9813029170036316,-0.02680615335702896,0,0.004918318707495928,0.02826090343296528,0.9995880126953125,0,0.002976000076159835,0.030446000397205353,0,1
B2,mixamorig_Spine1,1,0.9389530420303345,0.3439818024635315,-0.0066322688944637775,0,-0.34404516220092773,0.9388089179992676,-0.016441911458969116,0,0.0005707149975933135,0.01771998591721058,0.9998429417610168,0,0,0.03568999841809273,0,1
B3,mixamorig_Spine2,2,0.9759330153465271,0.2180188149213791,-0.004745038226246834,0,-0.2180681675672531,0.9757919311523438,-0.016632776707410812,0,0.0010039112530648708,0.01726720854640007,0.9998499751091003,0,0,0.04078799858689308,0,1
B4,mixamorig_Neck,3,0.9887439608573914,0.14876022934913635,0.01597672700881958,0,-0.14874376356601715,0.9888730645179749,-0.002220693277195096,0,-0.01612931489944458,-0.00018074121908284724,0.9998700022697449,0,0,0.045885998755693436,0,1
B5,mixamorig_Head,4,0.9276589751243591,-0.36963891983032227,-0.053059931844472885,0,0.37129008769989014,0.9281719326972961,0.02529408410191536,0,0.039899084717035294,-0.0431649349629879,0.9982709288597107,0,-0.001601999974809587,0.062467001378536224,0,1
B6,mixamorig_HeadTop_End,5,1,0,0,0,0,1,0,0,0,0,1,0,-0.0012880000285804272,0.05023699998855591,0,1
B7,mixamorig_LeftShoulder,3,-0.8543009757995605,-0.42425891757011414,-0.3002897799015045,0,-0.31336909532546997,-0.040525175631046295,0.9487658739089966,0,-0.4146920144557953,0.9046339392662048,-0.09832897782325745,0,0.003725999966263771,0.010320000350475311,0.12139900028705597,1
B8,mixamorig_LeftArm,7,0.8019309043884277,-0.3458029329776764,0.48716220259666443,0,0.5341070294380188,0.7803219556808472,-0.3253111243247986,0,-0.2676498591899872,0.5210738182067871,0.8104601502418518,0,0,0.24822799861431122,0,1
B9,mixamorig_LeftForeArm,8,-0.0012750271707773209,0.4459289312362671,0.8950680494308472,0,0.7664239406585693,0.5753690600395203,-0.2855610251426697,0,-0.642333984375,0.6856370568275452,-0.34250402450561523,0,0,0.5594030022621155,0,1
B10,mixamorig_LeftHand,9,1,0,0,0,0,1,0,0,0,0,1,0,0,0.8106949925422668,0,1
B11,mixamorig_RightShoulder,3,-0.8910109400749207,-0.3879038393497467,0.23586022853851318,0,-0.25007879734039307,-0.014225957915186882,-0.9681210517883301,0,0.3788931369781494,-0.9215898513793945,-0.0843309611082077,0,0.0032309999223798513,0.010270999744534492,-0.12139900028705597,1
B12,mixamorig_RightArm,11,0.8721349239349365,-0.23103198409080505,-0.43128323554992676,0,0.44563692808151245,0.7389669418334961,0.5053072571754456,0,0.20196190476417542,-0.6328917741775513,0.7474352121353149,0,0,0.24822799861431122,0,1
B13,mixamorig_RightForeArm,12,0.20304889976978302,-0.5843659043312073,0.7856770753860474,0,0.9239169955253601,0.380064994096756,0.043906986713409424,0,-0.3242659568786621,0.7169848680496216,0.617077112197876,0,0,0.5594459772109985,0,1
B14,mixamorig_RightHand,13,1,0,0,0,0,1,0,0,0,0,1,0,0,0.8111339807510376,0,1
B15,mixamorig_LeftUpLeg,0,-0.8237059712409973,0.5654219388961792,0.042496372014284134,0,-0.4047621488571167,-0.6388307213783264,0.6542650461196899,0,0.39708372950553894,0.5217210054397583,0.7550700902938843,0,0.0047969999723136425,-0.01693600043654442,0.16455799341201782,1
B16,mixamorig_LeftLeg,15,0.6791509389877319,0.6934061646461487,-0.2407127320766449,0,-0.6943410634994507,0.500588059425354,-0.517012894153595,0,-0.23800189793109894,0.5182663202285767,0.8214347958564758,0,0,1.1665350198745728,0,1
B17,mixamorig_LeftFoot,16,-0.2115751951932907,-0.01621301844716072,-0.977226972579956,0,0.9594960808753967,-0.19374503195285797,-0.20452192425727844,0,-0.18601706624031067,-0.9809179306030273,0.056547973304986954,0,0,1.3350930213928223,0,1
B18,mixamorig_LeftToeBase,17,0.9607700109481812,-0.27667000889778137,0.019334841519594193,0,0.27663296461105347,0.9609650373458862,0.004630127921700478,0,-0.019861115142703056,0.0009001664584502578,0.9998019933700562,0,0,0.07030999660491943,0,1
B19,mixamorig_LeftToe_End,18,1,0,0,0,0,1,0,0,0,0,1,0,0,0.04929399862885475,0,1
B20,mixamorig_RightUpLeg,0,-0.7388951778411865,0.6379498839378357,-0.21691973507404327,0,-0.43553078174591064,-0.6978069543838501,-0.5686634182929993,0,-0.5141469836235046,-0.3257075250148773,0.7934531569480896,0,0.01054100040346384,-0.01693600043654442,-0.16455799341201782,1
B21,mixamorig_RightLeg,20,0.612932026386261,0.7357779741287231,0.28800302743911743,0,-0.7839289903640747,0.5206831693649292,0.3381488621234894,0,0.09884416311979294,-0.43303611874580383,0.8959409594535828,0,0,1.1666710376739502,0,1
B22,mixamorig_RightFoot,21,0.1283637285232544,0.06960197538137436,-0.9892821311950684,0,0.9705829620361328,-0.2137022763490677,0.11090222001075745,0,-0.20369276404380798,-0.9744160771369934,-0.09498614072799683,0,0,1.3349970579147339,0,1
B23,mixamorig_RightToeBase,22,0.9514249563217163,0.23429487645626068,-0.1997421830892563,0,-0.22800704836845398,0.9721469283103943,0.054257120937108994,0,0.2068907767534256,-0.00607894454151392,0.9783450365066528,0,0,0.07106699794530869,0,1
B24,mixamorig_RightToe_End,23,1,0,0,0,0,1,0,0,0,0,1,0,0,0.049796998500823975,0,1
@20,0,1,2,3,4,5,7,8,9,11,12,13,15,16,17,18,20,21,22,23
K0,-0.9999538660049438,-0.0041180565021932125,0.00865658838301897,0,-0.004458744078874588,0.9992009997367859,-0.03971194103360176,0,-0.00848614051938057,-0.039748743176460266,-0.9991738796234131,0,-0.008856000378727913,2.2553679943084717,0.001830999506637454,1,0.9816570281982422,0.19038288295269012,-0.010212688706815243,0,-0.19059309363365173,0.9813029170036316,-0.026806125417351723,0,0.004918309859931469,0.02826087363064289,0.9995880126953125,0,0.002976000076159835,0.030446000397205353,0,1,0.9389530420303345,0.3439818322658539,-0.006632286589592695,0,-0.3440451920032501,0.9388089179992676,-0.016441961750388145,0,0.0005707135424017906,0.017720039933919907,0.9998429417610168,0,0,0.03568999841809273,0,1,0.9759330153465271,0.21801882982254028,-0.00474506476894021,0,-0.2180681824684143,0.9757919311523438,-0.01663278229534626,0,0.0010039355838671327,0.017267219722270966,0.9998499751091003,0,0,0.04078799858689308,0,1,0.9887439608573914,0.14876024425029755,0.01597670465707779,0,-0.14874377846717834,0.9888730049133301,-0.0022207158617675304,0,-0.016129296272993088,-0.00018071589875034988,0.9998700022697449,0,0,0.045885998755693436,0,1,0.9276589751243591,-0.36963891983032227,-0.05305991694331169,0,0.37129008769989014,0.9281719326972961,0.025294074788689613,0,0.0398990772664547,-0.043164923787117004,0.9982709288597107,0,-0.001601999974809587,0.062467001378536224,0,1,-0.8543009757995605,-0.4242587685585022,-0.3002898395061493,0,-0.31336915493011475,-0.04052514210343361,0.9487658739089966,0,-0.41469189524650574,0.9046339988708496,-0.09832894802093506,0,0.003725999966263771,0.010320000350475311,0.12139900028705597,1,0.8019309043884277,-0.3458029329776764,0.48716217279434204,0,0.5341070294380188,0.7803219556808472,-0.3253111243247986,0,-0.2676497995853424,0.5210738182067871,0.8104601502418518,0,0,0.24822799861431122,0,1,-0.0012751922477036715,0.44592899084091187,0.8950679898262024,0,0.7664240002632141,0.5753690600395203,-0.2855609655380249,0,-0.642333984375,0.6856369972229004,-0.3425041735172272,0,0,0.5594030022621155,0,1,-0.8910109400749207,-0.3879040479660034,0.23586034774780273,0,-0.2500789165496826,-0.014226066879928112,-0.9681211113929749,0,0.37889334559440613,-0.9215897917747498,-0.08433107286691666,0,0.0032309999223798513,0.010270999744534492,-0.12139900028705597,1,0.8721349239349365,-0.23103202879428864,-0.431283175945282,0,0.44563692808151245,0.7389669418334961,0.5053071975708008,0,0.20196181535720825,-0.6328917741775513,0.7474352121353149,0,0,0.24822799861431122,0,1,0.2030489444732666,-0.5843659043312073,0.7856770753860474,0,0.9239169955253601,0.380064994096756,0.043906934559345245,0,-0.32426589727401733,0.7169848084449768,0.617077112197876,0,0,0.5594459772109985,0,1,-0.8237061500549316,0.5654218792915344,0.042496368288993835,0,-0.4047621786594391,-0.6388309001922607,0.6542649865150452,0,0.3970836400985718,0.5217210650444031,0.755070149898529,0,0.0047969999723136425,-0.01693600043654442,0.16455799341201782,1,0.6791510581970215,0.6934059858322144,-0.2407127320766449,0,-0.6943410038948059,0.5005881786346436,-0.5170127749443054,0,-0.2380017340183258,0.5182662606239319,0.8214348554611206,0,0,1.1665350198745728,0,1,-0.21157516539096832,-0.016212912276387215,-0.977226972579956,0,0.9594960808753967,-0.19374488294124603,-0.20452193915843964,0,-0.1860169619321823,-0.9809179902076721,0.0565478578209877,0,0,1.3350930213928223,0,1,0.9607700109481812,-0.27667003870010376,0.019334862008690834,0,0.27663299441337585,0.9609649777412415,0.004630150739103556,0,-0.019861139357089996,0.0009001505095511675,0.9998019933700562,0,0,0.07030999660491943,0,1,-0.7388949990272522,0.63795006275177,-0.21691977977752686,0,-0.4355308413505554,-0.6978068351745605,-0.5686635375022888,0,-0.514147162437439,-0.32570749521255493,0.7934530973434448,0,0.01054100040346384,-0.01693600043654442,-0.16455799341201782,1,0.6129319667816162,0.7357780337333679,0.2880030870437622,0,-0.7839290499687195,0.5206831097602844,0.338148832321167,0,0.09884411096572876,-0.4330361783504486,0.8959409594535828,0,0,1.1666710376739502,0,1,0.12836338579654694,0.06960198283195496,-0.9892821907997131,0,0.9705829620361328,-0.21370236575603485,0.11090189218521118,0,-0.20369286835193634,-0.9744160771369934,-0.09498610347509384,0,0,1.3349970579147339,0,1,0.9514249563217163,0.23429489135742188,-0.19974221289157867,0,-0.22800707817077637,0.9721469283103943,0.054257091134786606,0,0.2068907767534256,-0.006078906822949648,0.9783450365066528,0,0,0.07106699794530869,0,1
K0.034,-0.9999528527259827,-0.003936791326850653,0.008836700581014156,0,-0.004287507385015488,0.9991899132728577,-0.04002649337053299,0,-0.008671966381371021,-0.04006250575184822,-0.9991598129272461,0,-0.008390098810195923,2.2552683353424072,0.0017445358680561185,1,0.9816852807998657,0.19024552404880524,-0.01004510372877121,0,-0.19045114517211914,0.9813302755355835,-0.02681814506649971,0,0.004755532834678888,0.028240079060196877,0.9995899796485901,0,0.002976000076159835,0.030446000397205353,0,1,0.9390381574630737,0.3437541127204895,-0.0063809300772845745,0,-0.3438131511211395,0.9388929605484009,-0.016507714986801147,0,0.0003164155059494078,0.017695212736725807,0.9998430013656616,0,0,0.03568999841809273,0,1,0.9759877324104309,0.21777699887752533,-0.004672257695347071,0,-0.21782498061656952,0.9758456349372864,-0.01664247363805771,0,0.0009350541513413191,0.017260590568184853,0.9998509287834167,0,0,0.04078799858689308,0,1,0.9887006282806396,0.14907675981521606,0.015743805095553398,0,-0.14906558394432068,0.9888256192207336,-0.0018844520673155785,0,-0.01584879495203495,-0.0004837003070861101,0.9998740553855896,0,0,0.045885998755693436,0,1,0.9274851083755493,-0.36983874440193176,-0.05469151586294174,0,0.37156105041503906,0.9280637502670288,0.025294583290815353,0,0.04140230268239975,-0.043781597167253494,0.9981831908226013,0,-0.001601999974809587,0.062467001378536224,0,1,-0.8542314171791077,-0.42416810989379883,-0.30061542987823486,0,-0.313259482383728,-0.04152925685048103,0.9487587809562683,0,-0.41491779685020447,0.904630720615387,-0.09739898145198822,0,0.003725999966263771,0.010320000350475311,0.12139900028705597,1,0.8017795085906982,-0.3464454710483551,0.4869552254676819,0,0.5341070890426636,0.7809459567070007,-0.323809951543808,0,-0.26810312271118164,0.5197102427482605,0.8111851811408997,0,0,0.24822799861431122,0,1,-0.0009538158192299306,0.4455861449241638,0.8952383399009705,0,0.7664236426353455,0.5753691792488098,-0.28556135296821594,0,-0.6423349380493164,0.6858596801757812,-0.34205663204193115,0,0,0.5594030022621155,0,1,-0.8910008668899536,-0.38801002502441406,0.2357245683670044,0,-0.25012147426605225,-0.013788845390081406,-0.9681158661842346,0,0.37888890504837036,-0.9215515851974487,-0.08476365357637405,0,0.0032309999223798513,0.010270999744534492,-0.12139900028705597,1,0.8726071715354919,-0.2305617332458496,-0.4305782616138458,0,0.4449184834957123,0.738929808139801,0.5059942007064819,0,0.20150426030158997,-0.633106529712677,0.7473767995834351,0,0,0.24822799861431122,0,1,0.2028815597295761,-0.5844281315803528,0.7856742143630981,0,0.9241347312927246,0.3795587718486786,0.043701253831386566,0,-0.3237496018409729,0.7172024250030518,0.6170956492424011,0,0,0.5594459772109985,0,1,-0.8237915635108948,0.5653908848762512,0.041241779923439026,0,-0.4055074155330658,-0.6385475993156433,0.6540799736976624,0,0.3961455821990967,0.5221015810966492,0.7553001642227173,0,0.0047969999723136425,-0.01693600043654442,0.16455799341201782,1,0.6786433458328247,0.6940312385559082,-0.24034129083156586,0,-0.6946884393692017,0.5003160834312439,-0.5168097019195557,0,-0.23843547701835632,0.5176917314529419,0.8216716051101685,0,0,1.1665350198745728,0,1,-0.21137550473213196,-0.01657472550868988,-0.9772647619247437,0,0.959408164024353,-0.19450843334197998,-0.20421430468559265,0,-0.18670131266117096,-0.9807611107826233,0.05701618269085884,0,0,1.3350930213928223,0,1,0.9607700109481812,-0.27667003870010376,0.0193354282528162,0,0.27663299441337585,0.9609649777412415,0.004629720468074083,0,-0.01986156590282917,0.0009007205371744931,0.9998019933700562,0,0,0.07030999660491943,0,1,-0.7390412092208862,0.637742280960083,-0.21703195571899414,0,-0.43531113862991333,-0.6979691982269287,-0.5686331987380981,0,-0.5141231417655945,-0.32576701045036316,0.7934444546699524,0,0.01054100040346384,-0.01693600043654442,-0.16455799341201782,1,0.6128517985343933,0.7360374331474304,0.2875094711780548,0,-0.7838801741600037,0.5203673839569092,0.33874547481536865,0,0.09971883147954941,-0.43297386169433594,0.895873486995697,0,0,1.1666710376739502,0,1,0.128371924161911,0.06936419010162354,-0.9892970323562622,0,0.9705032706260681,-0.2140543907880783,0.11092490702867508,0,-0.2040690928697586,-0.9743553996086121,-0.09479673206806183,0,0,1.3349970579147339,0,1,0.9514249563217163,0.23429489135742188,-0.19974221289157867,0,-0.22800707817077637,0.9721469283103943,0.054257091134786606,0,0.2068907767534256,-0.006078906822949648,0.9783450365066528,0,0,0.07106699794530869,0,1
K0.067,-0.9999488592147827,-0.003529620124027133,0.009509780444204807,0,-0.003911792766302824,0.9991727471351624,-0.0404733307659626,0,-0.009359057992696762,-0.04050847515463829,-0.9991355538368225,0,-0.007993401028215885,2.25518798828125,0.0016820731107145548,1,0.9817302227020264,0.19002199172973633,-0.009820741601288319,0,-0.19022202491760254,0.9813721776008606,-0.02692473493516445,0,0.004521511495113373,0.028300942853093147,0.9995889663696289,0,0.002976000076159835,0.030446000397205353,0,1,0.9391834735870361,0.3433699309825897,-0.0055963522754609585,0,-0.3434149920940399,0.9390343427658081,-0.016713609918951988,0,-0.00048378430074080825,0.01761903613805771,0.999845027923584,0,0,0.03568999841809273,0,1,0.9760798811912537,0.21736787259578705,-0.004415125586092472,0,-0.21741166710853577,0.9759378433227539,-0.01667824387550354,0,0.0006835733074694872,0.01723918691277504,0.9998509883880615,0,0,0.04078799858689308,0,1,0.9886490702629089,0.14943869411945343,0.01553444191813469,0,-0.14943228662014008,0.9887710809707642,-0.0015816218219697475,0,-0.015596354380249977,-0.0007576779462397099,0.9998780488967896,0,0,0.045885998755693436,0,1,0.9272271990776062,-0.37018701434135437,-0.05667524412274361,0,0.3719995319843292,0.9278870224952698,0.02534358575940132,0,0.04320632666349411,-0.044582393020391464,0.9980707168579102,0,-0.001601999974809587,0.062467001378536224,0,1,-0.8541732430458069,-0.4240896999835968,-0.3008909225463867,0,-0.3131670653820038,-0.04237747564911842,0.9487517476081848,0,-0.41510695219039917,0.9046277403831482,-0.09661317616701126,0,0.003725999966263771,0.010320000350475311,0.12139900028705597,1,0.8017217516899109,-0.3473498225212097,0.4864051938056946,0,0.5341044664382935,0.7816250324249268,-0.3221713900566101,0,-0.2682804465293884,0.518083393573761,0.8121674060821533,0,0,0.24822799861431122,0,1,0.00019456888549029827,0.44442474842071533,0.895816445350647,0,0.7664239406585693,0.5753471851348877,-0.2856026589870453,0,-0.6423346400260925,0.6866310834884644,-0.340505987405777,0,0,0.5594030022621155,0,1,-0.8909856677055359,-0.3881572484970093,0.2355363517999649,0,-0.25018060207366943,-0.01318405382335186,-0.9681090116500854,0,0.3788842260837555,-0.9214988350868225,-0.08536253124475479,0,0.0032309999223798513,0.010270999744534492,-0.12139900028705597,1,0.8730474710464478,-0.2301008105278015,-0.429932564496994,0,0.4441524147987366,0.7391687035560608,0.5063185095787048,0,0.20128831267356873,-0.6329953074455261,0.7475288510322571,0,0,0.24822799861431122,0,1,0.20307481288909912,-0.584301769733429,0.7857175469398499,0,0.9241185188293457,0.37962615489959717,0.0434647798538208,0,-0.3236754238605499,0.7172694206237793,0.6170565485954285,0,0,0.5594459772109985,0,1,-0.8240439295768738,0.5651836395263672,0.03896842896938324,0,-0.4067232310771942,-0.6380837559700012,0.6537774205207825,0,0.39436957240104675,0.5228921175003052,0.7556825876235962,0,0.0047969999723136425,-0.01693600043654442,0.16455799341201782,1,0.6784182786941528,0.6944735050201416,-0.23969845473766327,0,-0.6946051716804504,0.5000381469726562,-0.5171897411346436,0,-0.2393161654472351,0.5173666477203369,0.8216198086738586,0,0,1.1665350198745728,0,1,-0.21085390448570251,-0.016864415258169174,-0.9773723483085632,0,0.9594014286994934,-0.19517530500888824,-0.20360922813415527,0,-0.18732509016990662,-0.9806236028671265,0.05733320489525795,0,0,1.3350930213928223,0,1,0.9607700109481812,-0.27667003870010376,0.019334932789206505,0,0.27663299441337585,0.9609649777412415,0.004629650618880987,0,-0.019861068576574326,0.0009006505715660751,0.9998019933700562,0,0,0.07030999660491943,0,1,-0.739192545413971,0.6375357508659363,-0.21712136268615723,0,-0.43514978885650635,-0.6981550455093384,-0.5685268044471741,0,-0.5140409469604492,-0.3257707357406616,0.7934954166412354,0,0.01054100040346384,-0.01693600043654442,-0.16455799341201782,1,0.6128593683242798,0.736212432384491,0.2870445251464844,0,-0.7837709784507751,0.5201378464698792,0.3393530249595642,0,0.10053315758705139,-0.4329528510570526,0.8957932591438293,0,0,1.1666710376739502,0,1,0.12839491665363312,0.06926684081554413,-0.9893007278442383,0,0.9704074859619141,-0.2144867181777954,0.11092540621757507,0,-0.20450842380523682,-0.9742672443389893,-0.0947560966014862,0,0,1.3349970579147339,0,1,0.9514249563217163,0.23429489135742188,-0.19974221289157867,0,-0.22800707817077637,0.9721469283103943,0.054257091134786606,0,0.2068907767534256,-0.006078906822949648,0.9783450365066528,0,0,0.07106699794530869,0,1
K0.101,-0.9999458193778992,-0.0030827908776700497,0.009912766516208649,0,-0.003486622590571642,0.999153733253479,-0.04098285734653473,0,-0.009778037667274475,-0.04101521149277687,-0.9991105198860168,0,-0.00760966120287776,2.2551934719085693,0.0016874629072844982,1,0.981745183467865,0.18995662033557892,-0.009664542973041534,0,-0.19015246629714966,0.9813820719718933,-0.027031049132347107,0,0.004349883645772934,0.02837534248828888,0.9995880126953125,0,0.002976000076159835,0.030446000397205353,0,1,0.9392863512039185,0.3430970013141632,-0.005161328706890345,0,-0.34313422441482544,0.9391329884529114,-0.016956686973571777,0,-0.0009706149576231837,0.01769820973277092,0.9998428821563721,0,0,0.03568999841809273,0,1,0.9761444330215454,0.217082679271698,-0.004045778885483742,0,-0.2171202301979065,0.9759981632232666,-0.016909843310713768,0,0.00027783893165178597,0.017384883016347885,0.9998489618301392,0,0,0.04078799858689308,0,1,0.9885835647583008,0.1498817801475525,0.015436436049640179,0,-0.14987750351428986,0.9887035489082336,-0.001439848099835217,0,-0.015477867797017097,-0.0008901642868295312,0.9998800754547119,0,0,0.045885998755693436,0,1,0.9270340800285339,-0.3704559803009033,-0.05805940181016922,0,0.37234553694725037,0.9277390241622925,0.0256724264472723,0,0.044353462755680084,-0.04541736841201782,0.9979832172393799,0,-0.001601999974809587,0.062467001378536224,0,1,-0.8541153073310852,-0.4240289628505707,-0.3011413812637329,0,-0.31308233737945557,-0.04315248504281044,0.9487447738647461,0,-0.4152904450893402,0.9046198129653931,-0.09589885175228119,0,0.003725999966263771,0.010320000350475311,0.12139900028705597,1,0.8016284704208374,-0.3487902283668518,0.48552802205085754,0,0.5343440175056458,0.7822341322898865,-0.32028985023498535,0,-0.26808273792266846,0.5161926746368408,0.813435435295105,0,0,0.24822799861431122,0,1,0.001716360915452242,0.4432316720485687,0.8964053392410278,0,0.766426682472229,0.575206458568573,-0.2858808636665344,0,-0.6423296332359314,0.6875196695327759,-0.3387173116207123,0,0,0.5594030022621155,0,1,-0.8909865021705627,-0.3881526291370392,0.23554177582263947,0,-0.25017884373664856,-0.013201756402850151,-0.9681099057197571,0,0.37888380885124207,-0.9215000867843628,-0.08534479886293411,0,0.0032309999223798513,0.010270999744534492,-0.12139900028705597,1,0.8737668395042419,-0.2285899966955185,-0.4292756915092468,0,0.4423081576824188,0.740511953830719,0.5059698820114136,0,0.20222415030002594,-0.6319719552993774,0.7481421232223511,0,0,0.24822799861431122,0,1,0.20252493023872375,-0.5840452313423157,0.7860503196716309,0,0.9244487285614014,0.3788389563560486,0.04329898580908775,0,-0.3230751156806946,0.7178942561149597,0.6166443824768066,0,0,0.5594459772109985,0,1,-0.8243054747581482,0.5649518370628357,0.036749787628650665,0,-0.40789729356765747,-0.6376587152481079,0.6534604430198669,0,0.3926074504852295,0.5236607789993286,0.7560677528381348,0,0.0047969999723136425,-0.01693600043654442,0.16455799341201782,1,0.6782516837120056,0.6947663426399231,-0.23932062089443207,0,-0.6945531368255615,0.49978208541870117,-0.5175068974494934,0,-0.23993831872940063,0.5172210335731506,0.8215304613113403,0,0,1.1665350198745728,0,1,-0.21006092429161072,-0.01711752451956272,-0.9775378704071045,0,0.9594277739524841,-0.19594737887382507,-0.20273806154727936,0,-0.18807578086853027,-0.9804651141166687,0.05758395418524742,0,0,1.3350930213928223,0,1,0.9607712030410767,-0.2766697108745575,0.01933494210243225,0,0.2766323387622833,0.9609649181365967,0.004629642236977816,0,-0.01986105926334858,0.0009006420150399208,0.9998019933700562,0,0,0.07030999660491943,0,1,-0.7395792603492737,0.6371732354164124,-0.2168721705675125,0,-0.43499526381492615,-0.6983668208122253,-0.5683861374855042,0,-0.5136166214942932,-0.32602816820144653,0.793664813041687,0,0.01054100040346384,-0.01693600043654442,-0.16455799341201782,1,0.6132546067237854,0.7360919117927551,0.2865103781223297,0,-0.7833635210990906,0.5202547311782837,0.3401131331920624,0,0.10129605233669281,-0.4330172836780548,0.8956752419471741,0,0,1.1666710376739502,0,1,0.12842890620231628,0.069472536444664,-0.9892820119857788,0,0.9703658223152161,-0.21469059586524963,0.110896535217762,0,-0.2046852707862854,-0.9742078185081482,-0.09498628228902817,0,0,1.3349970579147339,0,1,0.9514249563217163,0.23429489135742188,-0.19974222779273987,0,-0.22800707817077637,0.9721469283103943,0.054257094860076904,0,0.2068907916545868,-0.006078904960304499,0.9783450365066528,0,0,0.07106699794530869,0,1
K0.134,-0.9999397397041321,-0.0027072825469076633,0.010664110071957111,0,-0.00314569054171443,0.9991413354873657,-0.041310809552669525,0,-0.01054310705512762,-0.04134185239672661,-0.9990891218185425,0,-0.007229614071547985,2.2553086280822754,0.0017112065106630325,1,0.9817500114440918,0.1899392306804657,-0.009451346471905708,0,-0.1901293396949768,0.981384813785553,-0.027085870504379272,0,0.004130740649998188,0.02838854491710663,0.9995879530906677,0,0.002976000076159835,0.030446000397205353,0,1,0.9393817186355591,0.34283921122550964,-0.004723358433693647,0,-0.3428688049316406,0.9392247796058655,-0.017286475747823715,0,-0.0014901862014085054,0.01785808429121971,0.9998389482498169,0,0,0.03568999841809273,0,1,0.9762054681777954,0.216814786195755,-0.0036840743850916624,0,-0.2168460488319397,0.9760533571243286,-0.0172395259141922,0,-0.0001419310283381492,0.01762821152806282,0.9998449683189392,0,0,0.04078799858689308,0,1,0.9885167479515076,0.15032406151294708,0.01540165301412344,0,-0.15032066404819489,0.9886365532875061,-0.0013876925222575665,0,-0.0154352318495512,-0.0009434287785552442,0.9998800158500671,0,0,0.045885998755693436,0,1,0.9266346096992493,-0.3713899850845337,-0.05846833810210228,0,0.3733215928077698,0.9273324012756348,0.026180416345596313,0,0.04449642449617386,-0.04608715698122978,0.9979458451271057,0,-0.001601999974809587,0.062467001378536224,0,1,-0.8541166186332703,-0.4239100515842438,-0.3013042211532593,0,-0.3130350708961487,-0.0436190702021122,0.9487389326095581,0,-0.415322870016098,0.9046530723571777,-0.09544292092323303,0,0.003725999966263771,0.010320000350475311,0.12139900028705597,1,0.8015701770782471,-0.35051804780960083,0.4843790531158447,0,0.5348096489906311,0.7825502753257751,-0.3187369406223297,0,-0.2673279941082001,0.5145408511161804,0.8147297501564026,0,0,0.24822799861431122,0,1,0.003411374520510435,0.44156473875045776,0.8972222208976746,0,0.7664358615875244,0.575149655342102,-0.28597187995910645,0,-0.6423120498657227,0.6886388063430786,-0.3364689350128174,0,0,0.5594030022621155,0,1,-0.8909757137298584,-0.3882632255554199,0.23540008068084717,0,-0.2502230405807495,-0.012746715918183327,-0.9681038856506348,0,0.3788798451423645,-0.9214599132537842,-0.08579542487859726,0,0.0032309999223798513,0.010270999744534492,-0.12139900028705597,1,0.8744858503341675,-0.22663365304470062,-0.4288497567176819,0,0.4403539001941681,0.7416515946388245,0.506004810333252,0,0.20337936282157898,-0.6313396096229553,0.7483627200126648,0,0,0.24822799861431122,0,1,0.20226234197616577,-0.5835421681404114,0.7864915728569031,0,0.9245157837867737,0.37868738174438477,0.04321131110191345,0,-0.32304999232292175,0.7183836102485657,0.6160880327224731,0,0,0.5594459772109985,0,1,-0.8247016072273254,0.5645154118537903,0.03450196608901024,0,-0.40896597504615784,-0.6373734474182129,0.6530715823173523,0,0.39065954089164734,0.5244788527488708,0.7565102577209473,0,0.0047969999723136425,-0.01693600043654442,0.16455799341201782,1,0.6785614490509033,0.6945915222167969,-0.23894864320755005,0,-0.6941626667976379,0.5000085234642029,-0.5178115367889404,0,-0.24019134044647217,0.5172366499900818,0.8214467763900757,0,0,1.1665350198745728,0,1,-0.20897042751312256,-0.017787858843803406,-0.9777601957321167,0,0.9596006274223328,-0.19636157155036926,-0.20151697099208832,0,-0.18840982019901276,-0.9803697466850281,0.05810292437672615,0,0,1.3350930213928223,0,1,0.9607700109481812,-0.27667003870010376,0.0193349476903677,0,0.27663299441337585,0.9609649777412415,0.004629652481526136,0,-0.01986108347773552,0.0009006526088342071,0.9998019933700562,0,0,0.07030999660491943,0,1,-0.7402112483978271,0.6365938782691956,-0.21641714870929718,0,-0.4346315562725067,-0.6986016035079956,-0.5683759450912476,0,-0.5130138397216797,-0.32665643095970154,0.793796181678772,0,0.01054100040346384,-0.01693600043654442,-0.16455799341201782,1,0.6137780547142029,0.7359933853149414,0.2856387495994568,0,-0.7827886343002319,0.5203473567962646,0.3412921130657196,0,0.10255738347768784,-0.43307259678840637,0.8955054879188538,0,0,1.1666710376739502,0,1,0.12844008207321167,0.06949296593666077,-0.9892792105674744,0,0.9703136682510376,-0.21493485569953918,0.11087942868471146,0,-0.2049252837896347,-0.974152684211731,-0.09503624588251114,0,0,1.3349970579147339,0,1,0.9514250755310059,0.23429492115974426,-0.19974273443222046,0,-0.22800704836845398,0.9721469283103943,0.05425714701414108,0,0.206891268491745,-0.006078852340579033,0.9783449172973633,0,0,0.07106699794530869,0,1
K0.168,-0.9999356865882874,-0.00254637748003006,0.011085551232099533,0,-0.0030086562037467957,0.9991183280944824,-0.04188598692417145,0,-0.010969111695885658,-0.0419166274368763,-0.9990610480308533,0,-0.006882405374199152,2.255509614944458,0.0018158602761104703,1,0.981748640537262,0.1899518221616745,-0.009329854510724545,0,-0.19013915956020355,0.9813804030418396,-0.027209041640162468,0,0.0039877272211015224,0.028486402705311775,0.9995858669281006,0,0.002976000076159835,0.030446000397205353,0,1,0.939403235912323,0.3427852392196655,-0.004509224556386471,0,-0.3428105115890503,0.9392431378364563,-0.01743733510375023,0,-0.001742002321407199,0.017926491796970367,0.9998380541801453,0,0,0.03568999841809273,0,1,0.976218581199646,0.21675913035869598,-0.00351148028858006,0,-0.21678733825683594,0.9760636687278748,-0.017405536025762558,0,-0.00034538054023869336,0.01775285042822361,0.9998419880867004,0,0,0.04078799858689308,0,1,0.9884365797042847,0.150852769613266,0.015366582199931145,0,-0.1508501172065735,0.9885556101799011,-0.0013388596707955003,0,-0.015392699278891087,-0.00099467346444726,0.9998811483383179,0,0,0.045885998755693436,0,1,0.9264745116233826,-0.371817409992218,-0.05827741697430611,0,0.37376919388771057,0.9271338582038879,0.026822267100214958,0,0.04405798390507698,-0.04663245379924774,0.9979398250579834,0,-0.001601999974809587,0.062467001378536224,0,1,-0.8541135787963867,-0.423870325088501,-0.30136945843696594,0,-0.3130159378051758,-0.043808482587337494,0.9487369060516357,0,-0.4153439998626709,0.904662549495697,-0.09526066482067108,0,0.003725999966263771,0.010320000350475311,0.12139900028705597,1,0.8017151951789856,-0.3521198332309723,0.4829745590686798,0,0.5351331830024719,0.7827969193458557,-0.3175863027572632,0,-0.26624250411987305,0.5130693316459656,0.8160109519958496,0,0,0.24822799861431122,0,1,0.0046255202032625675,0.44072073698043823,0.8976322412490845,0,0.7667190432548523,0.5746986865997314,-0.2861172556877136,0,-0.6419658660888672,0.6895552277565002,-0.33525073528289795,0,0,0.5594030022621155,0,1,-0.8909647464752197,-0.3883587419986725,0.23528559505939484,0,-0.25026795268058777,-0.012358319014310837,-0.968097448348999,0,0.3788769543170929,-0.9214254021644592,-0.08618292957544327,0,0.0032309999223798513,0.010270999744534492,-0.12139900028705597,1,0.8750635385513306,-0.2248142957687378,-0.42862915992736816,0,0.4386531412601471,0.7426571846008301,0.5060071349143982,0,0.2045668363571167,-0.6308078169822693,0.7484875917434692,0,0,0.24822799861431122,0,1,0.20263811945915222,-0.5839008092880249,0.7861284613609314,0,0.9243783354759216,0.37901780009269714,0.04324297606945038,0,-0.3232061266899109,0.7179170250892639,0.6165483593940735,0,0,0.5594459772109985,0,1,-0.8252325654029846,0.5638744831085205,0.03220462426543236,0,-0.40987130999565125,-0.637128472328186,0.652742326259613,0,0.38858312368392944,0.5254642963409424,0.7568948268890381,0,0.0047969999723136425,-0.01693600043654442,0.16455799341201782,1,0.6787261962890625,0.6945351958274841,-0.2386450469493866,0,-0.6938914656639099,0.5000698566436768,-0.5181174874305725,0,-0.2405114471912384,0.5172532200813293,0.8213418126106262,0,0,1.1665350198745728,0,1,-0.2076447755098343,-0.018261117860674858,-0.9780335426330566,0,0.959762692451477,-0.19703267514705658,-0.2000868320465088,0,-0.18905077874660492,-0.9802272319793701,0.05843912065029144,0,0,1.3350930213928223,0,1,0.9607700109481812,-0.27667003870010376,0.019335413351655006,0,0.27663299441337585,0.9609649777412415,0.004629718605428934,0,-0.019861551001667976,0.0009007184999063611,0.9998019933700562,0,0,0.07030999660491943,0,1,-0.7405287027359009,0.6360682845115662,-0.21687576174736023,0,-0.43413758277893066,-0.699135422706604,-0.5680972933769226,0,-0.5129740238189697,-0.3265382945537567,0.7938706874847412,0,0.01054100040346384,-0.01693600043654442,-0.16455799341201782,1,0.6142253875732422,0.7357319593429565,0.28535300493240356,0,-0.7823903560638428,0.5206078886985779,0.3418087363243103,0,0.10292255878448486,-0.4332050085067749,0.8954001069068909,0,0,1.1666710376739502,0,1,0.12841057777404785,0.06943435221910477,-0.9892874956130981,0,0.9703027606010437,-0.21499790251255035,0.11085641384124756,0,-0.20499739050865173,-0.974142849445343,-0.09498024731874466,0,0,1.3349970579147339,0,1,0.9514250755310059,0.23429492115974426,-0.19974273443222046,0,-0.22800704836845398,0.9721469283103943,0.05425714701414108,0,0.206891268491745,-0.006078852340579033,0.9783449172973633,0,0,0.07106699794530869,0,1
K0.201,-0.9999300837516785,-0.0025722356513142586,0.011574255302548409,0,-0.0030597345903515816,0.9991000890731812,-0.04230105131864548,0,-0.011455032974481583,-0.04233351722359657,-0.9990382194519043,0,-0.006755955051630735,2.2558841705322266,0.001778984908014536,1,0.9817368984222412,0.19001474976539612,-0.009296649135649204,0,-0.19020146131515503,0.9813638925552368,-0.02734232507646084,0,0.0039279526099562645,0.02861122228205204,0.999582827091217,0,0.002976000076159835,0.030446000397205353,0,1,0.9392954111099243,0.343082457780838,-0.004391463473439217,0,-0.3431054651737213,0.939134418964386,-0.01749688945710659,0,-0.0018786994041875005,0.017941461876034737,0.9998369812965393,0,0,0.03568999841809273,0,1,0.9761515855789185,0.21706731617450714,-0.0032843572553247213,0,-0.217091366648674,0.9759953022003174,-0.01747651770710945,0,-0.0005880631506443024,0.017772719264030457,0.9998417496681213,0,0,0.04078799858689308,0,1,0.9883430600166321,0.15147234499454498,0.015273092314600945,0,-0.15147201716899872,0.9884609580039978,-0.0011896862415596843,0,-0.015277070924639702,-0.0011376285692676902,0.9998829960823059,0,0,0.045885998755693436,0,1,0.9261381030082703,-0.3726922571659088,-0.05804789811372757,0,0.3746636211872101,0.9267528057098389,0.02750653214752674,0,0.04354454576969147,-0.04722324758768082,0.9979345202445984,0,-0.001601999974809587,0.062467001378536224,0,1,-0.8541046977043152,-0.42388540506362915,-0.30137237906455994,0,-0.3130161166191101,-0.04381922632455826,0.9487363696098328,0,-0.4153617024421692,0.9046552777290344,-0.09525672346353531,0,0.003725999966263771,0.010320000350475311,0.12139900028705597,1,0.8019182682037354,-0.35335618257522583,0.4817330539226532,0,0.5353119969367981,0.783007800579071,-0.31676432490348816,0,-0.2652701735496521,0.5118966698646545,0.8170642256736755,0,0,0.24822799861431122,0,1,0.005857186391949654,0.440311461687088,0.8978257179260254,0,0.7672532200813293,0.5738328099250793,-0.2864242494106293,0,-0.6413176655769348,0.6905372142791748,-0.3344692885875702,0,0,0.5594030022621155,0,1,-0.8909286260604858,-0.3882504999637604,0.23560263216495514,0,-0.2503998875617981,-0.012848366051912308,-0.9680572152137756,0,0.378875732421875,-0.9214646220207214,-0.0857708752155304,0,0.0032309999223798513,0.010270999744534492,-0.12139900028705597,1,0.8757213354110718,-0.2230742871761322,-0.42819300293922424,0,0.4366300106048584,0.7444291710853577,0.5051535964012146,0,0.2060726135969162,-0.6293357014656067,0.749313473701477,0,0,0.24822799861431122,0,1,0.2027330994606018,-0.5844525694847107,0.7856938242912292,0,0.9244668483734131,0.378802627325058,0.04323843494057655,0,-0.32289353013038635,0.7175818085670471,0.6171026825904846,0,0,0.5594459772109985,0,1,-0.8259952664375305,0.5628778338432312,0.030015546828508377,0,-0.41050663590431213,-0.6371815204620361,0.6522908806800842,0,0.38628536462783813,0.5264674425125122,0.7573739290237427,0,0.0047969999723136425,-0.01693600043654442,0.16455799341201782,1,0.6792483925819397,0.6942422986030579,-0.23801028728485107,0,-0.6932147145271301,0.5004198551177979,-0.5186848640441895,0,-0.24098777770996094,0.5173077583312988,0.8211678266525269,0,0,1.1665350198745728,0,1,-0.20638830959796906,-0.018674375489354134,-0.9782918691635132,0,0.9599672555923462,-0.19738136231899261,-0.19875462353229523,0,-0.18938495218753815,-0.9801488518714905,0.058663979172706604,0,0,1.3350930213928223,0,1,0.9607700109481812,-0.27667003870010376,0.019334934651851654,0,0.27663299441337585,0.9609649777412415,0.004629628267139196,0,-0.019861066713929176,0.0009006725740619004,0.9998019933700562,0,0,0.07030999660491943,0,1,-0.7408496141433716,0.635493814945221,-0.21746274828910828,0,-0.4335502088069916,-0.6997296214103699,-0.5678136944770813,0,-0.5130073428153992,-0.32638368010520935,0.7939131259918213,0,0.01054100040346384,-0.01693600043654442,-0.16455799341201782,1,0.6147730946540833,0.7353553175926208,0.2851423919200897,0,-0.7819786071777344,0.5211895704269409,0.34186384081840515,0,0.10277819633483887,-0.43314412236213684,0.8954458832740784,0,0,1.1666710376739502,0,1,0.1283663809299469,0.06964591145515442,-0.9892785549163818,0,0.9703294634819031,-0.2149176299571991,0.11077725142240524,0,-0.2048981934785843,-0.9741460680961609,-0.09516767412424088,0,0,1.3349970579147339,0,1,0.9514250755310059,0.23429492115974426,-0.19974273443222046,0,-0.22800704836845398,0.9721469283103943,0.05425714701414108,0,0.206891268491745,-0.006078852340579033,0.9783449172973633,0,0,0.07106699794530869,0,1
