3.133,30,94,25
B0,mixamorig_Hips,-1,-0.7665198445320129,-0.13831408321857452,0.627149224281311,0,-0.11949483305215836,0.9901970624923706,0.07233214378356934,0,-0.6310057044029236,-0.019497070461511612,-0.7755333185195923,0,0.016291005536913872,1.071761965751648,-0.010849947109818459,1
B1,mixamorig_Spine,0,0.9828559756278992,-0.17328503727912903,-0.06298502534627914,0,0.17295195162296295,0.984872043132782,-0.010744279250502586,0,0.06389398872852325,-0.00033330352744087577,0.9979569911956787,0,-0.00032900000223889947,0.02092999964952469,0,1
B2,mixamorig_Spine1,1,0.9894789457321167,-0.10695641487836838,-0.09742903709411621,0,0.10000157356262207,0.9922549724578857,-0.07368012517690659,0,0.10455497354269028,0.06316185742616653,0.992510974407196,0,0,0.024421000853180885,0,1
B3,mixamorig_Spine2,2,0.9891510009765625,0.09903071075677872,-0.10850196331739426,0,-0.10520929843187332,0.9930490255355835,-0.0527690127491951,0,0.10252206027507782,0.06361197680234909,0.9926949143409729,0,0,0.02790999971330166,0,1
B4,mixamorig_Neck,3,0.9854140281677246,-0.04589017853140831,-0.16387203335762024,0,0.04484892636537552,0.9989429712295532,-0.010049985721707344,0,0.16415992379188538,0.0025539102498441935,0.9864299893379211,0,0,0.03139900043606758,0,1
B5,mixamorig_Head,4,0.9170819520950317,0.0716952234506607,-0.39219900965690613,0,-0.10029572248458862,0.9935500025749207,-0.052898164838552475,0,0.38587698340415955,0.08784788846969604,0.9183580279350281,0,-0.023510999977588654,0.0403669998049736,0,1
B6,mixamorig_HeadTop_End,5,1,0,0,0,0,1,0,0,0,0,1,0,-0.04750100150704384,0.08155599981546402,0,1
B7,mixamorig_LeftShoulder,3,-0.9602570533752441,-0.018859758973121643,-0.27847760915756226,0,0.2715512216091156,-0.29382893443107605,-0.916473925113678,0,-0.06454034149646759,-0.955672025680542,0.2872729003429413,0,-0.0006360000115819275,0.010482000187039375,-0.10084500163793564,1
B8,mixamorig_LeftArm,7,-0.9672309756278992,0.023784881457686424,-0.2527802884578705,0,-0.11126284301280975,0.8552079200744629,0.5062019228935242,0,0.2282196432352066,0.5177391171455383,-0.8245370984077454,0,0,0.0864349976181984,0,1
B9,mixamorig_LeftForeArm,8,0.8362681269645691,-0.3998648226261139,0.37518593668937683,0,0.4738492965698242,0.8713198900222778,-0.12754981219768524,0,-0.2759040296077728,0.28444719314575195,0.918131947517395,0,0,0.40308600664138794,0,1
B10,mixamorig_LeftHand,9,1,0,0,0,0,1,0,0,0,0,1,0,0,0.38683998584747314,0,1
B11,mixamorig_RightShoulder,3,0.9065740704536438,0.08147108554840088,-0.4141089618206024,0,0.4211251437664032,-0.23943018913269043,0.8748288750648499,0,-0.027876928448677063,-0.9674890637397766,-0.25137078762054443,0,-0.00002099999983329326,0.010471999645233154,0.10084500163793564,1
B12,mixamorig_RightArm,11,0.7998509407043457,0.5971521139144897,-0.06039293110370636,0,-0.41270697116851807,0.6202589869499207,0.6670470833778381,0,0.435788094997406,-0.5086139440536499,0.7425639629364014,0,0,0.0864349976181984,0,1
B13,mixamorig_RightForeArm,12,0.6706497073173523,-0.6975302696228027,-0.25234901905059814,0,0.7354778051376343,0.6695262789726257,0.10395584255456924,0,0.09644199162721634,-0.2553151547908783,0.9620358943939209,0,0,0.4029160141944885,0,1
B14,mixamorig_RightHand,13,1,0,0,0,0,1,0,0,0,0,1,0,0,0.3869189918041229,0,1
B15,mixamorig_LeftUpLeg,0,-0.30931568145751953,-0.8469970226287842,0.4323422312736511,0,0.36527299880981445,-0.525583803653717,-0.7683340907096863,0,0.8780087828636169,-0.07973485440015793,0.4719564914703369,0,0.009538000449538231,-0.011606999672949314,-0.0782100036740303,1
B16,mixamorig_LeftLeg,15,0.5260009169578552,-0.42635637521743774,-0.73589688539505,0,0.8085588216781616,0.5190080404281616,0.2772403359413147,0,0.26373329758644104,-0.7408447861671448,0.6177330613136292,0,0,0.5694820284843445,0,1
B17,mixamorig_LeftFoot,16,-0.3523472845554352,-0.051816556602716446,0.9344339370727539,0,-0.8540328145027161,0.4261280596256256,-0.2984005808830261,0,-0.3827264606952667,-0.903177797794342,-0.19439814984798431,0,0,0.6416530013084412,0,1
B18,mixamorig_LeftToeBase,17,0.9884210228919983,-0.08752872049808502,-0.12394890934228897,0,0.13112026453018188,0.9037999510765076,0.4073740243911743,0,0.07636804133653641,-0.4189089834690094,0.9048110842704773,0,0,0.06554599851369858,0,1
B19,mixamorig_LeftToe_End,18,1,0,0,0,0,1,0,0,0,0,1,0,0,0.024198999628424644,0,1
B20,mixamorig_RightUpLeg,0,-0.7658247947692871,-0.6430491805076599,0.0005229472299106419,0,0.5206906199455261,-0.6196269989013672,0.5873191952705383,0,-0.37735095620155334,0.4500557482242584,0.8093551397323608,0,0.0064690001308918,-0.011606999672949314,0.0782100036740303,1
B21,mixamorig_RightLeg,20,0.477463960647583,-0.7557377815246582,0.44820454716682434,0,0.878629207611084,0.4142429232597351,-0.23751378059387207,0,-0.006167452782392502,0.5072101950645447,0.8617998957633972,0,0,0.569284975528717,0,1
B22,mixamorig_RightFoot,21,0.022307980805635452,0.2354496568441391,0.9716299772262573,0,-0.9963439702987671,-0.07492970675230026,0.04103264957666397,0,0.08246521651744843,-0.9689940810203552,0.23291762173175812,0,0,0.6393370032310486,0,1
B23,mixamorig_RightToeBase,22,0.9967089295387268,0.05692734941840172,0.05770980566740036,0,-0.07563463598489761,0.9092128872871399,0.40940427780151367,0,-0.029164191335439682,-0.41242170333862305,0.9105260968208313,0,0,0.06334199756383896,0,1
B24,mixamorig_RightToe_End,23,1,0,0,0,0,1,0,0,0,0,1,0,0,0.02422199957072735,0,1
@20,0,1,2,3,4,5,7,8,9,11,12,13,15,16,17,18,20,21,22,23
K0,0.6292930841445923,-0.13245472311973572,0.7657979726791382,0,0.0750521793961525,0.9911209940910339,0.10975328087806702,0,-0.773536205291748,-0.011592183262109756,0.6336469054222107,0,-0.002075999276712537,1.0720059871673584,-0.017052998766303062,1,0.9829469919204712,-0.1725580394268036,-0.06354699283838272,0,0.17234793305397034,0.984997034072876,-0.008816773071885109,0,0.0641150176525116,-0.0022857727017253637,0.9979400038719177,0,-0.00032900000223889947,0.02092999964952469,0,1,0.9895380139350891,-0.10573117434978485,-0.09815603494644165,0,0.09881681948900223,0.9924370050430298,-0.07282816618680954,0,0.10511396825313568,0.062366828322410583,0.9925029873847961,0,0,0.024421000853180885,0,1,0.9887440204620361,0.10028017312288284,-0.11103803664445877,0,-0.10644883662462234,0.9930049777030945,-0.051081035286188126,0,0.10513897240161896,0.06232597306370735,0.9925029873847961,0,0,0.02790999971330166,0,1,0.985120952129364,-0.05537908896803856,-0.16269509494304657,0,0.055373914539813995,0.9984549880027771,-0.004570032004266977,0,0.16269691288471222,-0.004507032223045826,0.9866660237312317,0,0,0.03139900043606758,0,1,0.9169901013374329,0.06647863239049911,-0.39333078265190125,0,-0.0962783545255661,0.9937499761581421,-0.05649992451071739,0,0.3871162235736847,0.08967906981706619,0.9176589250564575,0,-0.023510999977588654,0.0403669998049736,0,1,-0.9623770713806152,-0.01775960624217987,-0.2711348235607147,0,0.2646263837814331,-0.28771892189979553,-0.9204298853874207,0,-0.0616641566157341,-0.957550048828125,0.28159379959106445,0,-0.0006360000115819275,0.010482000187039375,-0.10084500163793564,1,-0.9687081575393677,0.024115538224577904,-0.24702762067317963,0,-0.10996153950691223,0.8505651354789734,0.5142439603805542,0,0.22251443564891815,0.525316059589386,-0.8212978839874268,0,0,0.0864349976181984,0,1,0.8333181142807007,-0.411703884601593,0.36889100074768066,0,0.48371508717536926,0.8660959601402283,-0.12609001994132996,0,-0.2675830125808716,0.2835109829902649,0.9208800196647644,0,0,0.40308600664138794,0,1,0.9061529636383057,0.08100591599941254,-0.41511911153793335,0,0.42199787497520447,-0.23895525932312012,0.8745388984680176,0,-0.028352128341794014,-0.967646062374115,-0.250714510679245,0,-0.00002099999983329326,0.010471999645233154,0.10084500163793564,1,0.7979339361190796,0.5995519757270813,-0.06195629760622978,0,-0.41421598196029663,0.6201209425926208,0.6662390828132629,0,0.4378657341003418,-0.5059519410133362,0.7431602478027344,0,0,0.0864349976181984,0,1,0.6667276620864868,-0.6948843598365784,-0.26946279406547546,0,0.7377946376800537,0.6665493845939636,0.10663218796253204,0,0.10551322996616364,-0.26990288496017456,0.9570890069007874,0,0,0.4029160141944885,0,1,-0.3223429024219513,-0.8489811420440674,0.4187198281288147,0,0.3697948455810547,-0.5201162695884705,-0.7698898911476135,0,0.8714051842689514,-0.09332812577486038,0.48160475492477417,0,0.009538000449538231,-0.011606999672949314,-0.0782100036740303,1,0.5204291343688965,-0.4411671459674835,-0.7311118245124817,0,0.816536009311676,0.5076278448104858,0.27492430806159973,0,0.24984519183635712,-0.7400578260421753,0.6244131922721863,0,0,0.5694820284843445,0,1,-0.3481050431728363,-0.05064522475004196,0.9360860586166382,0,-0.8612388372421265,0.4116611182689667,-0.29799923300743103,0,-0.3702581524848938,-0.9099289774894714,-0.18691904842853546,0,0,0.6416530013084412,0,1,0.988520085811615,-0.08743473142385483,-0.12322189658880234,0,0.13070528209209442,0.9039749503135681,0.40711909532546997,0,0.07579310983419418,-0.41855093836784363,0.9050250053405762,0,0,0.06554599851369858,0,1,-0.7763729691505432,-0.6302271485328674,-0.007668855134397745,0,0.5056338310241699,-0.630059003829956,0.5893720984458923,0,-0.3762701451778412,0.4536949396133423,0.8078250288963318,0,0.0064690001308918,-0.011606999672949314,0.0782100036740303,1,0.4881371557712555,-0.7484710216522217,0.44890186190605164,0,0.8727070093154907,0.4246131181716919,-0.2410106360912323,0,-0.010220137424767017,0.509406328201294,0.8604658246040344,0,0,0.569284975528717,0,1,0.02027996815741062,0.24101772904396057,0.9703090786933899,0,-0.9965490698814392,-0.07325571775436401,0.039024610072374344,0,0.08048629760742188,-0.9677520990371704,0.23870036005973816,0,0,0.6393370032310486,0,1,0.9967129230499268,0.05693211406469345,0.05763508751988411,0,-0.07560289651155472,0.9092881083488464,0.40924182534217834,0,-0.02910791151225567,-0.4122542142868042,0.9106038808822632,0,0,0.06334199756383896,0,1
K0.033,0.5901463031768799,-0.11310694366693497,0.7993334531784058,0,0.06352103501558304,0.993573009967804,0.09369468688964844,0,-0.804793119430542,-0.004519078880548477,0.5935377478599548,0,0.004165086429566145,1.069767951965332,-0.016873987391591072,1,0.9828010201454163,-0.17361906170845032,-0.06291882693767548,0,0.17358200252056122,0.9848010540008545,-0.006097656674683094,0,0.06302116066217422,-0.004928790498524904,0.9980000257492065,0,-0.00032900000223889947,0.02092999964952469,0,1,0.9890899658203125,-0.10818319767713547,-0.09998421370983124,0,0.10116393864154816,0.9922019839286804,-0.0728050246834755,0,0.10708089172840118,0.06189596652984619,0.9923220276832581,0,0,0.024421000853180885,0,1,0.9884490370750427,0.09770198911428452,-0.11585793644189835,0,-0.10390487313270569,0.9933920502662659,-0.048751942813396454,0,0.11032917350530624,0.060227010399103165,0.9920690059661865,0,0,0.02790999971330166,0,1,0.9850800037384033,-0.06101817637681961,-0.16091807186603546,0,0.061223920434713364,0.9981170296669006,-0.0036839742679148912,0,0.16083985567092896,-0.006223026663064957,0.9869610071182251,0,0,0.03139900043606758,0,1,0.9185452461242676,0.05902856960892677,-0.3908834755420685,0,-0.0896562784910202,0.99413001537323,-0.06055838614702225,0,0.3850143849849701,0.09067078679800034,0.9184458255767822,0,-0.023510999977588654,0.0403669998049736,0,1,-0.9674789905548096,-0.01615622267127037,-0.25243592262268066,0,0.24654047191143036,-0.2834949791431427,-0.9267401695251465,0,-0.05659174546599388,-0.9588380455970764,0.2782588005065918,0,-0.0006360000115819275,0.010482000187039375,-0.10084500163793564,1,-0.9729852080345154,0.023016059771180153,-0.22971723973751068,0,-0.10041670501232147,0.8537759184837341,0.5108650922775269,0,0.20788514614105225,0.5201316475868225,-0.8284001350402832,0,0,0.0864349976181984,0,1,0.8289870619773865,-0.4233679175376892,0.3654309809207916,0,0.4957202672958374,0.8587498068809509,-0.12965120375156403,0,-0.2589237689971924,0.288630872964859,0.921765148639679,0,0,0.40308600664138794,0,1,0.9016820788383484,0.08611790090799332,-0.42373791337013245,0,0.431257039308548,-0.25031426548957825,0.8668099641799927,0,-0.0314197838306427,-0.9643270969390869,-0.26284289360046387,0,-0.00002099999983329326,0.010471999645233154,0.10084500163793564,1,0.8333864808082581,0.5478842854499817,-0.07272905856370926,0,-0.3761177659034729,0.658626139163971,0.6517260670661926,0,0.404971718788147,-0.5157849788665771,0.7549591064453125,0,0,0.0864349976181984,0,1,0.6630532145500183,-0.6960286498069763,-0.2755063474178314,0,0.7419081330299377,0.6600238680839539,0.11806992441415787,0,0.09966081380844116,-0.282687246799469,0.9540209174156189,0,0,0.4029160141944885,0,1,-0.35878050327301025,-0.8451360464096069,0.39625856280326843,0,0.3484421968460083,-0.5150986313819885,-0.7831102013587952,0,0.8659467697143555,-0.14289140701293945,0.4792882800102234,0,0.009538000449538231,-0.011606999672949314,-0.0782100036740303,1,0.5009615421295166,-0.4720958173274994,-0.7253708839416504,0,0.8364505767822266,0.4793121814727783,0.2657237946987152,0,0.22223225235939026,-0.7398549318313599,0.6350023746490479,0,0,0.5694820284843445,0,1,-0.3552183508872986,-0.04638764262199402,0.9336320161819458,0,-0.8752604722976685,0.3672090768814087,-0.3147648870944977,0,-0.32823702692985535,-0.9289814233779907,-0.17104072868824005,0,0,0.6416530013084412,0,1,0.991998016834259,-0.08281739801168442,-0.09529202431440353,0,0.11476781964302063,0.9060550332069397,0.40729886293411255,0,0.0526084266602993,-0.41497641801834106,0.9083102345466614,0,0,0.06554599851369858,0,1,-0.7801552414894104,-0.6255657076835632,0.005087457597255707,0,0.5116633176803589,-0.633384108543396,0.5805385708808899,0,-0.3599426746368408,0.45551326870918274,0.8142169117927551,0,0.0064690001308918,-0.011606999672949314,0.0782100036740303,1,0.48567938804626465,-0.7369582653045654,0.47011426091194153,0,0.8737808465957642,0.42464637756347656,-0.23702897131443024,0,-0.024951867759227753,0.5258969664573669,0.850182056427002,0,0,0.569284975528717,0,1,0.011680892668664455,0.22985412180423737,0.9731550216674805,0,-0.997530996799469,-0.06471573561429977,0.02725899964570999,0,0.06924405694007874,-0.9710710048675537,0.22853076457977295,0,0,0.6393370032310486,0,1,0.9966529607772827,0.05687705799937248,0.058720167726278305,0,-0.07607795298099518,0.9081931710243225,0.41157859563827515,0,-0.029919885098934174,-0.4146684408187866,0.9094808101654053,0,0,0.06334199756383896,0,1
K0.067,0.5517553687095642,-0.09326697885990143,0.828774631023407,0,0.05361609160900116,0.995638906955719,0.0763503834605217,0,-0.8322806358337402,0.002308926312252879,0.5543493032455444,0,0.012665917165577412,1.0656440258026123,-0.01570000872015953,1,0.9822790622711182,-0.1764138787984848,-0.06329888850450516,0,0.1767960637807846,0.9842470288276672,0.00044588668970391154,0,0.06222311407327652,-0.011628985404968262,0.9979950189590454,0,-0.00032900000223889947,0.02092999964952469,0,1,0.987887978553772,-0.11464590579271317,-0.10456296801567078,0,0.10738197714090347,0.9915599822998047,-0.07265409082174301,0,0.1120099350810051,0.060545921325683594,0.9918609857559204,0,0,0.024421000853180885,0,1,0.9885269999504089,0.09092589467763901,-0.1206078827381134,0,-0.09711223095655441,0.994189977645874,-0.04643514007329941,0,0.11568502336740494,0.05761490762233734,0.9916139245033264,0,0,0.02790999971330166,0,1,0.9855379462242126,-0.0658169835805893,-0.15615037083625793,0,0.0664249062538147,0.997791051864624,-0.0013277600519359112,0,0.15589269995689392,-0.00906371045857668,0.9877320528030396,0,0,0.03139900043606758,0,1,0.9218989610671997,0.04949969798326492,-0.3842562735080719,0,-0.08307946473360062,0.9939910173416138,-0.0712769404053688,0,0.378418892621994,0.09763389080762863,0.9204710721969604,0,-0.023510999977588654,0.0403669998049736,0,1,-0.9736787676811218,-0.013840120285749435,-0.2275034636259079,0,0.2222941666841507,-0.2781447470188141,-0.9344630241394043,0,-0.05034584179520607,-0.9604398608207703,0.27390044927597046,0,-0.0006360000115819275,0.010482000187039375,-0.10084500163793564,1,-0.9798080325126648,0.031153935939073563,-0.19750134646892548,0,-0.07383427768945694,0.8615928292274475,0.5022012591362,0,0.18581122159957886,0.5066429376602173,-0.8418950438499451,0,0,0.0864349976181984,0,1,0.8260661959648132,-0.4373275935649872,0.35547104477882385,0,0.5089561343193054,0.8497738838195801,-0.13728787004947662,0,-0.24203020334243774,0.2943280041217804,0.9245499968528748,0,0,0.40308600664138794,0,1,0.8956850171089172,0.08734423667192459,-0.43602702021598816,0,0.4432472288608551,-0.2542566657066345,0.859584391117096,0,-0.035783033818006516,-0.9631839990615845,-0.2664487957954407,0,-0.00002099999983329326,0.010471999645233154,0.10084500163793564,1,0.866132915019989,0.4929371774196625,-0.08262163400650024,0,-0.33077284693717957,0.6892417669296265,0.6446208953857422,0,0.37470364570617676,-0.5309980511665344,0.7600247263908386,0,0,0.0864349976181984,0,1,0.6706810593605042,-0.6844490766525269,-0.28586092591285706,0,0.7340052127838135,0.6679458022117615,0.12281664460897446,0,0.10687790811061859,-0.2921942472457886,0.9503679275512695,0,0,0.4029160141944885,0,1,-0.3959128260612488,-0.8522158265113831,0.34202662110328674,0,0.363221138715744,-0.48741835355758667,-0.7940366864204407,0,0.843400239944458,-0.19013792276382446,0.5025177001953125,0,0.009538000449538231,-0.011606999672949314,-0.0782100036740303,1,0.4499044418334961,-0.5528095364570618,-0.7014179825782776,0,0.8804833889007568,0.40598997473716736,0.24478736519813538,0,0.1494479477405548,-0.7277181148529053,0.6693966388702393,0,0,0.5694820284843445,0,1,-0.37721356749534607,-0.05845586210489273,0.9242790937423706,0,-0.8890448212623596,0.3024316132068634,-0.3437066972255707,0,-0.2594395577907562,-0.9513766765594482,-0.16605116426944733,0,0,0.6416530013084412,0,1,0.9933199286460876,-0.040849361568689346,-0.10792382061481476,0,0.07837740331888199,0.9252519011497498,0.3711681663990021,0,0.08469473570585251,-0.37714752554893494,0.9222727417945862,0,0,0.06554599851369858,0,1,-0.7892512083053589,-0.6128226518630981,0.039129823446273804,0,0.5258042216300964,-0.6415156126022339,0.5585580468177795,0,-0.31719455122947693,0.46141713857650757,0.8285416960716248,0,0.0064690001308918,-0.011606999672949314,0.0782100036740303,1,0.47841787338256836,-0.7380450963973999,0.47582197189331055,0,0.8775469660758972,0.4216151535511017,-0.2283693104982376,0,-0.032066911458969116,0.5268118381500244,0.8493770956993103,0,0,0.569284975528717,0,1,0.007290154229849577,0.23454216122627258,0.9720789790153503,0,-0.9971489310264587,-0.0713113322854042,0.024684064090251923,0,0.07510970532894135,-0.9694871306419373,0.23335357010364532,0,0,0.6393370032310486,0,1,0.9964849352836609,0.056698817759752274,0.06167607381939888,0,-0.07737115770578384,0.9051739573478699,0.4179399907588959,0,-0.03213087096810341,-0.4212428629398346,0.9063790440559387,0,0,0.06334199756383896,0,1
K0.100,0.512087345123291,-0.07322137802839279,0.8558066487312317,0,0.04367200657725334,0.997291088104248,0.05919460207223892,0,-0.8578221797943115,0.00706198625266552,0.5138975381851196,0,0.021991001442074776,1.0616689920425415,-0.013750998303294182,1,0.9815170764923096,-0.18060491979122162,-0.06329312175512314,0,0.18140405416488647,0.9833829998970032,0.007068003993481398,0,0.060964882373809814,-0.01841900125145912,0.997969925403595,0,-0.00032900000223889947,0.02092999964952469,0,1,0.986134946346283,-0.12377119809389114,-0.11053726077079773,0,0.11623178422451019,0.9905909895896912,-0.0722508653998375,0,0.11843973398208618,0.05840113013982773,0.991241991519928,0,0,0.024421000853180885,0,1,0.9887969493865967,0.08127414435148239,-0.1252012401819229,0,-0.08737184852361679,0.9952040314674377,-0.04399844631552696,0,0.12102476507425308,0.054444555193185806,0.9911550879478455,0,0,0.02790999971330166,0,1,0.9863130450248718,-0.07014034688472748,-0.14922179281711578,0,0.07124163210391998,0.9974570274353027,0.002041064901277423,0,0.14869920909404755,-0.012643937021493912,0.9888020157814026,0,0,0.03139900043606758,0,1,0.9264159202575684,0.038742389529943466,-0.37450215220451355,0,-0.0764906033873558,0.9933149814605713,-0.08645803481340408,0,0.3686489164829254,0.10874196887016296,0.9231860041618347,0,-0.023510999977588654,0.0403669998049736,0,1,-0.982672929763794,-0.009984984062612057,-0.18507780134677887,0,0.18087098002433777,-0.2697826325893402,-0.9457820653915405,0,-0.040487173944711685,-0.9628699421882629,0.2669142484664917,0,-0.0006360000115819275,0.010482000187039375,-0.10084500163793564,1,-0.9879360198974609,0.03447100892663002,-0.15097835659980774,0,-0.044985994696617126,0.8689930438995361,0.49277493357658386,0,0.1481856256723404,0.4936221241950989,-0.8569589853286743,0,0,0.0864349976181984,0,1,0.8233421444892883,-0.4537888169288635,0.34085899591445923,0,0.5234361886978149,0.8392878770828247,-0.14700382947921753,0,-0.21936997771263123,0.29945215582847595,0.9285499453544617,0,0,0.40308600664138794,0,1,0.8855628967285156,0.08857248723506927,-0.45599615573883057,0,0.46251940727233887,-0.259115993976593,0.8479008078575134,0,-0.043055225163698196,-0.9617769122123718,-0.2704301178455353,0,-0.00002099999983329326,0.010471999645233154,0.10084500163793564,1,0.8984880447387695,0.43239495158195496,-0.07585983723402023,0,-0.2939280569553375,0.7208781838417053,0.6276477575302124,0,0.3260771632194519,-0.5416362285614014,0.7747927904129028,0,0,0.0864349976181984,0,1,0.6768820285797119,-0.6742029786109924,-0.29543405771255493,0,0.7268350124359131,0.6756249070167542,0.12345648556947708,0,0.11636792868375778,-0.2982974648475647,0.9473532438278198,0,0,0.4029160141944885,0,1,-0.41432878375053406,-0.8604971766471863,0.29643750190734863,0,0.37410664558410645,-0.45794403553009033,-0.8064311146736145,0,0.8296843767166138,-0.22322864830493927,0.5116576552391052,0,0.009538000449538231,-0.011606999672949314,-0.0782100036740303,1,0.3822232186794281,-0.6597859263420105,-0.6469830870628357,0,0.9223321080207825,0.3153151869773865,0.2233385443687439,0,0.056647974997758865,-0.6820984482765198,0.7290624976158142,0,0,0.5694820284843445,0,1,-0.3260311484336853,-0.11597581207752228,0.9382179975509644,0,-0.9306750893592834,0.2136201113462448,-0.2970038056373596,0,-0.1659768968820572,-0.970008134841919,-0.1775825470685959,0,0,0.6416530013084412,0,1,0.9766209721565247,0.011388706043362617,-0.21466723084449768,0,0.05155370756983757,0.9570460319519043,0.28531578183174133,0,0.20869576930999756,-0.28971222043037415,0.9340839982032776,0,0,0.06554599851369858,0,1,-0.7995929718017578,-0.5941509008407593,0.087389275431633,0,0.5428041219711304,-0.6527659893035889,0.5284498929977417,0,-0.2569342255592346,0.4699801504611969,0.844454824924469,0,0.0064690001308918,-0.011606999672949314,0.0782100036740303,1,0.4714110791683197,-0.7450079321861267,0.4719479978084564,0,0.8812079429626465,0.41931968927383423,-0.2182755172252655,0,-0.03528003767132759,0.5187814831733704,0.8541783690452576,0,0,0.569284975528717,0,1,0.004714928101748228,0.25000467896461487,0.9682328104972839,0,-0.9961210489273071,-0.08390861004590988,0.026516541838645935,0,0.08787231892347336,-0.964601993560791,0.2486392855644226,0,0,0.6393370032310486,0,1,0.996222972869873,0.05636110529303551,0.06604817509651184,0,-0.07928389310836792,0.900606095790863,0.42734378576278687,0,-0.03539782017469406,-0.43096619844436646,0.901672899723053,0,0,0.06334199756383896,0,1
K0.133,0.46772944927215576,-0.053193822503089905,0.8822691440582275,0,0.037519700825214386,0.9984830021858215,0.04030975326895714,0,-0.8830742239952087,0.014248407445847988,0.46901533007621765,0,0.032718122005462646,1.056061863899231,-0.012053989805281162,1,0.980597972869873,-0.1853269636631012,-0.0638817772269249,0,0.18669112026691437,0.9822880029678345,0.01603710651397705,0,0.05977822467684746,-0.027652127668261528,0.9978289604187012,0,-0.00032900000223889947,0.02092999964952469,0,1,0.9840729832649231,-0.13422012329101562,-0.11655212938785553,0,0.1264800876379013,0.989391028881073,-0.07147493213415146,0,0.12490898370742798,0.055595025420188904,0.9906089901924133,0,0,0.024421000853180885,0,1,0.989093005657196,0.07007355988025665,-0.12955200672149658,0,-0.0759912058711052,0.9962530136108398,-0.041306816041469574,0,0.12617208063602448,0.05070110782980919,0.9907119870185852,0,0,0.02790999971330166,0,1,0.9872170090675354,-0.07434172183275223,-0.14098019897937775,0,0.075938381254673,0.997094988822937,0.0059718117117881775,0,0.14012663066387177,-0.01660127379000187,0.9899940490722656,0,0,0.03139900043606758,0,1,0.9314960241317749,0.027568913996219635,-0.36270594596862793,0,-0.06982792168855667,0.9921309947967529,-0.10392015427350998,0,0.35698679089546204,0.1221281886100769,0.9260910749435425,0,-0.023510999977588654,0.0403669998049736,0,1,-0.9893079996109009,-0.006771333981305361,-0.14568060636520386,0,0.1423742026090622,-0.26125991344451904,-0.9547109603881836,0,-0.0315958596765995,-0.9652450680732727,0.25943082571029663,0,-0.0006360000115819275,0.010482000187039375,-0.10084500163793564,1,-0.9940629601478577,0.0485943965613842,-0.09734933823347092,0,-0.00438378332182765,0.8761081099510193,0.48209574818611145,0,0.10871562361717224,0.4796600043773651,-0.870693027973175,0,0,0.0864349976181984,0,1,0.8196418285369873,-0.4728192687034607,0.32346391677856445,0,0.5392051935195923,0.8274469375610352,-0.1568097621202469,0,-0.19350659847259521,0.30294132232666016,0.9331570267677307,0,0,0.40308600664138794,0,1,0.8716426491737366,0.09061320126056671,-0.4816936254501343,0,0.4873124063014984,-0.2656661570072174,0.831834614276886,0,-0.052594467997550964,-0.9597970843315125,-0.2757226824760437,0,-0.00002099999983329326,0.010471999645233154,0.10084500163793564,1,0.9260803461074829,0.37273603677749634,-0.058675263077020645,0,-0.2593526542186737,0.74173903465271,0.6185140609741211,0,0.27406421303749084,-0.5575761795043945,0.7835801839828491,0,0,0.0864349976181984,0,1,0.6712082028388977,-0.680400013923645,-0.2941697835922241,0,0.7276237607002258,0.6805443167686462,0.0861567035317421,0,0.14157457649707794,-0.2718740403652191,0.9518622159957886,0,0,0.4029160141944885,0,1,-0.42270129919052124,-0.8687338829040527,0.2581186294555664,0,0.387753427028656,-0.4307936131954193,-0.8149009943008423,0,0.81912761926651,-0.24437323212623596,0.518951416015625,0,0.009538000449538231,-0.011606999672949314,-0.0782100036740303,1,0.2919313609600067,-0.732705295085907,-0.6147509217262268,0,0.9563683867454529,0.21581174433231354,0.19693751633167267,0,-0.01162668690085411,-0.6454210877418518,0.7637389898300171,0,0,0.5694820284843445,0,1,-0.2793637812137604,-0.15183503925800323,0.9481041431427002,0,-0.9574229121208191,0.11889225244522095,-0.26306942105293274,0,-0.07277917116880417,-0.9812291264533997,-0.17858466506004333,0,0,0.6416530013084412,0,1,0.9775010943412781,0.00598871149122715,-0.21084533631801605,0,0.05330879986286163,0.9601319432258606,0.27441611886024475,0,0.20408278703689575,-0.27948203682899475,0.9382110238075256,0,0,0.06554599851369858,0,1,-0.8050101399421692,-0.5759345889091492,0.142330601811409,0,0.5622243285179138,-0.6640328168869019,0.49291473627090454,0,-0.18937437236309052,0.4768228828907013,0.8583572506904602,0,0.0064690001308918,-0.011606999672949314,0.0782100036740303,1,0.4622139632701874,-0.7517029047012329,0.4704262614250183,0,0.8858811855316162,0.41514289379119873,-0.20705163478851318,0,-0.039652831852436066,0.512444257736206,0.8578048944473267,0,0,0.569284975528717,0,1,0.0007632949855178595,0.28102800250053406,0.9596996903419495,0,-0.9954119920730591,-0.09160532057285309,0.027616437524557114,0,0.09567456692457199,-0.9553177952766418,0.2796687185764313,0,0,0.6393370032310486,0,1,0.9958849549293518,0.05583786964416504,0.07138442248106003,0,-0.08162715286016464,0.8948668241500854,0.43880435824394226,0,-0.03937768191099167,-0.44282591342926025,0.8957430124282837,0,0,0.06334199756383896,0,1
K0.167,0.4156236946582794,-0.03317651525139809,0.9089316129684448,0,0.037049904465675354,0.9991229772567749,0.019526878371834755,0,-0.908781886100769,0.025559987872838974,0.4164881706237793,0,0.04435088485479355,1.0486481189727783,-0.011275005526840687,1,0.979651927947998,-0.18993617594242096,-0.06484981626272202,0,0.19200171530246735,0.9810180068016052,0.02720201201736927,0,0.05845217779278755,-0.03909977152943611,0.9975240230560303,0,-0.00032900000223889947,0.02092999964952469,0,1,0.9820210337638855,-0.14467446506023407,-0.12125784903764725,0,0.13690033555030823,0.9880938529968262,-0.07020524889230728,0,0.12997104227542877,0.052342794835567474,0.9901350140571594,0,0,0.024421000853180885,0,1,0.9893020391464233,0.05865135416388512,-0.13357406854629517,0,-0.06428086757659912,0.9971989989280701,-0.038226883858442307,0,0.13095784187316895,0.04640418291091919,0.9903010129928589,0,0,0.02790999971330166,0,1,0.9880809187889099,-0.07874700427055359,-0.13226710259914398,0,0.08077090978622437,0.9966830015182495,0.009997877292335033,0,0.13104107975959778,-0.020562047138810158,0.9911640286445618,0,0,0.03139900043606758,0,1,0.9365991353988647,0.016702156513929367,-0.3500036299228668,0,-0.06305701285600662,0.99058997631073,-0.12146777659654617,0,0.34468165040016174,0.13583692908287048,0.9288398027420044,0,-0.023510999977588654,0.0403669998049736,0,1,-0.9943689107894897,-0.003945044241845608,-0.1058993861079216,0,0.10347233712673187,-0.2519463896751404,-0.9621938467025757,0,-0.022885063663125038,-0.9677330851554871,0.25093576312065125,0,-0.0006360000115819275,0.010482000187039375,-0.10084500163793564,1,-0.9971009492874146,0.06476404517889023,-0.039936378598213196,0,0.03819939121603966,0.8800258040428162,0.47338739037513733,0,0.06580357253551483,0.4704897701740265,-0.8799490928649902,0,0,0.0864349976181984,0,1,0.813962996006012,-0.4942837655544281,0.3052012026309967,0,0.5563489198684692,0.8144571185112,-0.16472572088241577,0,-0.16715219616889954,0.3038792610168457,0.9379330277442932,0,0,0.40308600664138794,0,1,0.8569033741950989,0.0951726958155632,-0.5066143870353699,0,0.5116894841194153,-0.2759620249271393,0.8136452436447144,0,-0.06236957758665085,-0.9564449787139893,-0.285171777009964,0,-0.00002099999983329326,0.010471999645233154,0.10084500163793564,1,0.9527127742767334,0.2986738681793213,-0.05596603453159332,0,-0.20207436382770538,0.7602651119232178,0.6173837184906006,0,0.22694545984268188,-0.576880156993866,0.7846687436103821,0,0,0.0864349976181984,0,1,0.6849666237831116,-0.6705694198608398,-0.28488174080848694,0,0.7042268514633179,0.7096050977706909,0.02293039858341217,0,0.18677693605422974,-0.2163277268409729,0.9582878351211548,0,0,0.4029160141944885,0,1,-0.4415965974330902,-0.8707050681114197,0.2164824903011322,0,0.4140735864639282,-0.4118308126926422,-0.8117501735687256,0,0.7959491014480591,-0.268826425075531,0.5423990488052368,0,0.009538000449538231,-0.011606999672949314,-0.0782100036740303,1,0.19335806369781494,-0.7745552062988281,-0.6022264957427979,0,0.9786468148231506,0.10863195359706879,0.1744987964630127,0,-0.06973791867494583,-0.6231075525283813,0.7790206074714661,0,0,0.5694820284843445,0,1,-0.27098384499549866,-0.10763143748044968,0.9565469026565552,0,-0.9612869620323181,0.08182264119386673,-0.26311999559402466,0,-0.04994718357920647,-0.9908179044723511,-0.12563732266426086,0,0,0.6416530013084412,0,1,0.9925349354743958,-0.00770303001627326,-0.12171359360218048,0,0.047863900661468506,0.9425342082977295,0.3306633532047272,0,0.11217213422060013,-0.3340206742286682,0.9358669519424438,0,0,0.06554599851369858,0,1,-0.8032680153846741,-0.5628991723060608,0.19469238817691803,0,0.5823877453804016,-0.6737678647041321,0.4548202455043793,0,-0.12484047561883926,0.4787290394306183,0.8690418601036072,0,0.0064690001308918,-0.011606999672949314,0.0782100036740303,1,0.4516259729862213,-0.7564530372619629,0.4730890095233917,0,0.8910879492759705,0.4089880585670471,-0.19670329988002777,0,-0.04469090327620506,0.5103998184204102,0.8587751388549805,0,0,0.569284975528717,0,1,-0.006355158984661102,0.30737411975860596,0.9515672922134399,0,-0.994767963886261,-0.09897049516439438,0.025325648486614227,0,0.10196156054735184,-0.9464279413223267,0.3063949644565582,0,0,0.6393370032310486,0,1,0.9954889416694641,0.055110059678554535,0.0772307813167572,0,-0.08419591933488846,0.8883649706840515,0.45135200023651123,0,-0.043735112994909286,-0.455818772315979,0.8889981508255005,0,0,0.06334199756383896,0,1
K0.200,0.35294660925865173,-0.013027875684201717,0.9355531334877014,0,0.048991017043590546,0.9987890124320984,-0.004573889542371035,0,-0.9343599677085876,0.047448012977838516,0.3531571924686432,0,0.05696200206875801,1.0363810062408447,-0.012821003794670105,1,0.9788700342178345,-0.1934010535478592,-0.06640981882810593,0,0.19658595323562622,0.979439914226532,0.04528534412384033,0,0.056286174803972244,-0.05738368257880211,0.9967640042304993,0,-0.00032900000223889947,0.02092999964952469,0,1,0.9803709983825684,-0.15384714305400848,-0.12330473214387894,0,0.1462758183479309,0.9868819713592529,-0.06832180172204971,0,0.1321982592344284,0.048944178968667984,0.9900139570236206,0,0,0.024421000853180885,0,1,0.9893660545349121,0.04833702743053436,-0.13718093931674957,0,-0.053557973355054855,0.9979640245437622,-0.03462451323866844,0,0.13522806763648987,0.04160346835851669,0.9899410605430603,0,0,0.02790999971330166,0,1,0.988756000995636,-0.08367172628641129,-0.1239367425441742,0,0.08601627498865128,0.9961999654769897,0.013679116033017635,0,0.1223212331533432,-0.024185888469219208,0.9921959638595581,0,0,0.03139900043606758,0,1,0.9412659406661987,0.006688567344099283,-0.3375991880893707,0,-0.05614641308784485,0.9889860153198242,-0.13694880902767181,0,0.3329647481441498,0.14786018431186676,0.9312740564346313,0,-0.023510999977588654,0.0403669998049736,0,1,-0.9976199865341187,-0.0017610888462513685,-0.06893458962440491,0,0.06730689108371735,-0.24225711822509766,-0.9678750038146973,0,-0.014995376579463482,-0.9702110290527344,0.241798996925354,0,-0.0006360000115819275,0.010482000187039375,-0.10084500163793564,1,-0.9967200756072998,0.0793088972568512,0.016074005514383316,0,0.07757814973592758,0.8799930810928345,0.46860888600349426,0,0.023019853979349136,0.4683191776275635,-0.8832600116729736,0,0,0.0864349976181984,0,1,0.8055301904678345,-0.5178497433662415,0.28801488876342773,0,0.5749981999397278,0.8005568385124207,-0.16877704858779907,0,-0.14317108690738678,0.30156296491622925,0.9426350593566895,0,0,0.40308600664138794,0,1,0.8396772742271423,0.10113932937383652,-0.5335856080055237,0,0.5377904772758484,-0.291721910238266,0.7909993529319763,0,-0.07565746456384659,-0.9511410593986511,-0.29934391379356384,0,-0.00002099999983329326,0.010471999645233154,0.10084500163793564,1,0.9755539894104004,0.21002109348773956,-0.06469515711069107,0,-0.12956082820892334,0.7874440550804138,0.6026149988174438,0,0.17750579118728638,-0.5795018672943115,0.7954051494598389,0,0,0.0864349976181984,0,1,0.7207741141319275,-0.639086902141571,-0.2684272229671478,0,0.6573341488838196,0.7530819177627563,-0.02792307548224926,0,0.21999281644821167,-0.15632006525993347,0.9628950357437134,0,0,0.4029160141944885,0,1,-0.5042248964309692,-0.8551839590072632,0.12007278949022293,0,0.5012108087539673,-0.4030326306819916,-0.7657361626625061,0,0.7032390832901001,-0.3259217143058777,0.631847083568573,0,0.009538000449538231,-0.011606999672949314,-0.0782100036740303,1,0.06664124131202698,-0.7527329921722412,-0.6549440026283264,0,0.9853370785713196,-0.05367964133620262,0.16195358335971832,0,-0.1570649892091751,-0.6561335325241089,0.738118588924408,0,0,0.5694820284843445,0,1,-0.2720409631729126,0.06266063451766968,0.9602429866790771,0,-0.9415478110313416,0.1887183040380478,-0.2790593206882477,0,-0.1987013816833496,-0.9800298810005188,0.007658899296075106,0,0,0.6416530013084412,0,1,0.9995800256729126,0.0035217315889894962,-0.028768103569746017,0,0.010927706025540829,0.8735388517379761,0.48663222789764404,0,0.026843829080462456,-0.48674196004867554,0.8731330037117004,0,0,0.06554599851369858,0,1,-0.7909280061721802,-0.5647140741348267,0.23565195500850677,0,0.6074110865592957,-0.6779481172561646,0.41404974460601807,0,-0.07405992597341537,0.4706212282180786,0.8792218565940857,0,0.0064690001308918,-0.011606999672949314,0.0782100036740303,1,0.434227854013443,-0.7570401430130005,0.48819810152053833,0,0.8993109464645386,0.395509272813797,-0.1865829974412918,0,-0.05183602124452591,0.5200610160827637,0.852554976940155,0,0,0.569284975528717,0,1,-0.018623322248458862,0.3272016942501068,0.9447710514068604,0,-0.9946590065956116,-0.10201161354780197,0.015722837299108505,0,0.10152218490839005,-0.9394319653511047,0.32735389471054077,0,0,0.6393370032310486,0,1,0.9950609803199768,0.05421794578433037,0.08314769715070724,0,-0.08680806308984756,0.8815540671348572,0.464032918214798,0,-0.04814029857516289,-0.46895909309387207,0.8819068670272827,0,0,0.06334199756383896,0,1
