2.700,30,80,25
B0,mixamorig_Hips,-1,0.7604798078536987,0.13198423385620117,-0.6358070373535156,0,-0.11669757962226868,0.9909629821777344,0.06612910330295563,0,0.6387898325920105,0.023907314985990524,0.7690102458000183,0,0.015153000131249428,2.200550079345703,0.003456000005826354,1
B1,mixamorig_Spine,0,0.9942070245742798,0.0925520658493042,-0.0546487532556057,0,-0.09191393852233887,0.9956669807434082,0.014081764966249466,0,0.05571525916457176,-0.008977207355201244,0.9984059929847717,0,0.002976000076159835,0.030446000397205353,0,1
B2,mixamorig_Spine1,1,0.9889950156211853,0.10544925183057785,-0.10377474129199982,0,-0.09909876435995102,0.9929800033569336,0.06457073241472244,0,0.10985526442527771,-0.05357621982693672,0.9925029873847961,0,0,0.03568999841809273,0,1
B3,mixamorig_Spine2,2,0.9882700443267822,-0.1006680577993393,-0.11483757942914963,0,0.10606096684932709,0.9934790730476379,0.04184403643012047,0,0.10987641662359238,-0.05353301391005516,0.9925029277801514,0,0,0.04078799858689308,0,1
B4,mixamorig_Neck,3,0.9773099422454834,0.13563233613967896,-0.16269415616989136,0,-0.13671568036079407,0.990600049495697,0.0045717679895460606,0,0.16178487241268158,0.017774803563952446,0.9866660833358765,0,0,0.045885998755693436,0,1
B5,mixamorig_Head,4,0.9169909358024597,-0.06648103147745132,-0.39333024621009827,0,0.09627993404865265,0.9937490224838257,0.05649799481034279,0,0.3871157169342041,-0.08967800438404083,0.917660117149353,0,-0.001601999974809587,0.062467001378536224,0,1
B6,mixamorig_HeadTop_End,5,1,0,0,0,0,1,0,0,0,0,1,0,-0.0012880000285804272,0.05023699998855591,0,1
B7,mixamorig_LeftShoulder,3,-0.9582770466804504,-0.06893427670001984,-0.27740514278411865,0,-0.26826488971710205,-0.11817631125450134,0.9560690522193909,0,-0.09868863224983215,0.9905970692634583,0.09475288540124893,0,0.003725999966263771,0.010320000350475311,0.12139900028705597,1
B8,mixamorig_LeftArm,7,0.9861910343170166,0.0008533240761607885,0.1656118482351303,0,0.11169330030679703,0.734912097454071,-0.6689017415046692,0,-0.12228085845708847,0.6781620979309082,0.7246679067611694,0,0,0.24822799861431122,0,1
B9,mixamorig_LeftForeArm,8,-0.5350451469421387,0.36789095401763916,0.760515034198761,0,0.4948340058326721,0.866096019744873,-0.07083411514759064,0,-0.6847379207611084,0.3384290635585785,-0.6454450488090515,0,0,0.5594030022621155,0,1
B10,mixamorig_LeftHand,9,1,0,0,0,0,1,0,0,0,0,1,0,0,0.8106949925422668,0,1
B11,mixamorig_RightShoulder,3,-0.9104790091514587,-0.001272902823984623,0.41355380415916443,0,-0.4121251404285431,-0.08031310141086578,-0.9075809121131897,0,0.03436904773116112,-0.9967689514160156,0.07259881496429443,0,0.0032309999223798513,0.010270999744534492,-0.12139900028705597,1
B12,mixamorig_RightArm,11,0.8332691192626953,0.5435968041419983,0.10081706196069717,0,-0.4069840908050537,0.47968995571136475,0.7773419618606567,0,0.37420016527175903,-0.6887668967247009,0.6209469437599182,0,0,0.24822799861431122,0,1
B13,mixamorig_RightForeArm,12,0.35711726546287537,-0.4546540081501007,0.8159399628639221,0,0.7440550923347473,0.6665489077568054,0.04575611278414726,0,-0.5646671056747437,0.5907639861106873,0.5763238072395325,0,0,0.5594459772109985,0,1
B14,mixamorig_RightHand,13,1,0,0,0,0,1,0,0,0,0,1,0,0,0.8111339807510376,0,1
B15,mixamorig_LeftUpLeg,0,-0.37388214468955994,0.8013178706169128,0.4670141339302063,0,-0.3287200629711151,-0.5853328704833984,0.7411661744117737,0,0.8672690391540527,0.12359194457530975,0.4822550415992737,0,0.0047969999723136425,-0.01693600043654442,0.16455799341201782,1
B16,mixamorig_LeftLeg,15,0.6786102056503296,0.5643707513809204,-0.47007808089256287,0,-0.7291930913925171,0.5944439172744751,-0.33898869156837463,0,0.08811976760625839,0.5728189945220947,0.8149310350418091,0,0,1.1665350198745728,0,1
B17,mixamorig_LeftFoot,16,0.0022654137574136257,-0.05330291762948036,-0.9985759258270264,0,0.999422013759613,0.033998288214206696,0.0004525252734310925,0,0.03392570838332176,-0.9979990124702454,0.05334910377860069,0,0,1.3350930213928223,0,1
B18,mixamorig_LeftToeBase,17,0.987617015838623,-0.15549103915691376,-0.020877646282315254,0,0.15472592413425446,0.9873620271682739,-0.034294962882995605,0,0.025946354493498802,0.030639978125691414,0.9991940259933472,0,0,0.07030999660491943,0,1
B19,mixamorig_LeftToe_End,18,1,0,0,0,0,1,0,0,0,0,1,0,0,0.04929399862885475,0,1
B20,mixamorig_RightUpLeg,0,-0.7986011505126953,0.6016678810119629,-0.015244098380208015,0,-0.4808291494846344,-0.6530349254608154,-0.5851050615310669,0,-0.3619939982891083,-0.4599359333515167,0.8108141422271729,0,0.01054100040346384,-0.01693600043654442,-0.16455799341201782,1
B21,mixamorig_RightLeg,20,0.5424649119377136,0.8064880967140198,0.23517677187919617,0,-0.835892915725708,0.49027004837989807,0.24681702256202698,0,0.08375485241413116,-0.3304721713066101,0.9400919675827026,0,0,1.1666710376739502,0,1
B22,mixamorig_RightFoot,21,0.19226719439029694,0.24184833467006683,-0.9510738849639893,0,0.8770849704742432,-0.4770609736442566,0.0559980683028698,0,-0.4401770830154419,-0.844939112663269,-0.30384472012519836,0,0,1.3349970579147339,0,1
B23,mixamorig_RightToeBase,22,0.9948959946632385,0.09694379568099976,-0.028007008135318756,0,-0.09815619140863419,0.9941179156303406,-0.045761238783597946,0,0.0234060101211071,0.048276759684085846,0.9985600709915161,0,0,0.07106699794530869,0,1
B24,mixamorig_RightToe_End,23,1,0,0,0,0,1,0,0,0,0,1,0,0,0.049796998500823975,0,1
@20,0,1,2,3,4,5,7,8,9,11,12,13,15,16,17,18,20,21,22,23
K0,-0.6358070373535156,0.13198436796665192,-0.760479748249054,0,0.06612923741340637,0.9909629821777344,0.11669762432575226,0,0.7690102458000183,0.0239072497934103,-0.6387898325920105,0,0.0034560002386569977,2.200550079345703,-0.015152999199926853,1,0.9942070245742798,0.0925520658493042,-0.0546487458050251,0,-0.09191393852233887,0.9956669807434082,0.01408177800476551,0,0.055715255439281464,-0.008977222256362438,0.9984059929847717,0,0.002976000076159835,0.030446000397205353,0,1,0.9889950156211853,0.10544924437999725,-0.10377474129199982,0,-0.09909875690937042,0.9929800033569336,0.06457075476646423,0,0.10985526442527771,-0.05357624590396881,0.9925029873847961,0,0,0.03568999841809273,0,1,0.9882700443267822,-0.1006680503487587,-0.11483757942914963,0,0.1060609519481659,0.9934790730476379,0.04184401407837868,0,0.10987641662359238,-0.05353299155831337,0.9925029277801514,0,0,0.04078799858689308,0,1,0.9773099422454834,0.13563232123851776,-0.16269415616989136,0,-0.13671565055847168,0.990600049495697,0.004571784753352404,0,0.16178487241268158,0.017774783074855804,0.9866660833358765,0,0,0.045885998755693436,0,1,0.9169909358024597,-0.06648105382919312,-0.39333027601242065,0,0.09627996385097504,0.9937490224838257,0.05649798735976219,0,0.3871157467365265,-0.08967801183462143,0.917660117149353,0,-0.001601999974809587,0.062467001378536224,0,1,-0.9582768678665161,-0.06893417984247208,-0.27740541100502014,0,-0.2682651877403259,-0.11817616969347,0.9560689330101013,0,-0.09868854284286499,0.9905970096588135,0.09475284814834595,0,0.003725999966263771,0.010320000350475311,0.12139900028705597,1,0.9861909747123718,0.0008533778018318117,0.16561201214790344,0,0.111693374812603,0.7349120378494263,-0.668901801109314,0,-0.12228100001811981,0.678162157535553,0.7246677875518799,0,0,0.24822799861431122,0,1,-0.5350451469421387,0.36789095401763916,0.760515034198761,0,0.4948340356349945,0.8660959601402283,-0.07083409279584885,0,-0.6847379207611084,0.3384290933609009,-0.6454451084136963,0,0,0.5594030022621155,0,1,-0.9104790091514587,-0.001273090485483408,0.41355374455451965,0,-0.4121250808238983,-0.08031313121318817,-0.9075809121131897,0,0.03436923027038574,-0.9967689514160156,0.07259878516197205,0,0.0032309999223798513,0.010270999744534492,-0.12139900028705597,1,0.8332691192626953,0.5435968041419983,0.10081718116998672,0,-0.4069841504096985,0.4796898663043976,0.7773420214653015,0,0.37420013546943665,-0.6887670159339905,0.6209468841552734,0,0,0.24822799861431122,0,1,0.35711729526519775,-0.45465391874313354,0.8159399628639221,0,0.7440550327301025,0.6665489673614502,0.04575603827834129,0,-0.5646671056747437,0.590764045715332,0.5763238072395325,0,0,0.5594459772109985,0,1,-0.37388211488723755,0.8013178706169128,0.4670140743255615,0,-0.3287201523780823,-0.5853327512741089,0.7411661148071289,0,0.8672689199447632,0.12359191477298737,0.4822551906108856,0,0.0047969999723136425,-0.01693600043654442,0.16455799341201782,1,0.67861008644104,0.5643707513809204,-0.4700782299041748,0,-0.7291932106018066,0.5944437980651855,-0.3389888107776642,0,0.0881197601556778,0.572819173336029,0.8149309158325195,0,0,1.1665350198745728,0,1,0.002265057759359479,-0.05330229923129082,-0.9985759854316711,0,0.999422013759613,0.03399776667356491,0.0004522217786870897,0,0.03392520919442177,-0.9979990720748901,0.053348470479249954,0,0,1.3350930213928223,0,1,0.987617015838623,-0.15549105405807495,-0.020877644419670105,0,0.15472593903541565,0.9873620271682739,-0.03429499268531799,0,0.02594635635614395,0.030640006065368652,0.9991940259933472,0,0,0.07030999660491943,0,1,-0.7986012101173401,0.6016678810119629,-0.015244039706885815,0,-0.4808291792869568,-0.6530349254608154,-0.5851050615310669,0,-0.3619939684867859,-0.4599359929561615,0.8108141422271729,0,0.01054100040346384,-0.01693600043654442,-0.16455799341201782,1,0.5424649119377136,0.8064880967140198,0.23517674207687378,0,-0.835892915725708,0.49027007818222046,0.24681690335273743,0,0.083754763007164,-0.33047211170196533,0.9400919675827026,0,0,1.1666710376739502,0,1,0.19226738810539246,0.24184824526309967,-0.9510738253593445,0,0.8770848512649536,-0.47706112265586853,0.05599818378686905,0,-0.44017723202705383,-0.8449389934539795,-0.303844690322876,0,0,1.3349970579147339,0,1,0.9948959946632385,0.09694379568099976,-0.02800699882209301,0,-0.09815619140863419,0.9941179156303406,-0.045761242508888245,0,0.023406000807881355,0.048276763409376144,0.9985600709915161,0,0,0.07106699794530869,0,1
K0.034,-0.648204505443573,0.13529977202415466,-0.7493489980697632,0,0.06269454210996628,0.9902291297912598,0.12455995380878448,0,0.7588809132575989,0.033760275691747665,-0.650354266166687,0,-0.013269755057990551,2.190554141998291,-0.006177053786814213,1,0.9942724704742432,0.09113401174545288,-0.05581863224506378,0,-0.09048359096050262,0.9957980513572693,0.014076401479542255,0,0.056866955012083054,-0.00894511304795742,0.9983412623405457,0,0.002976000076159835,0.030446000397205353,0,1,0.9890634417533875,0.10286269336938858,-0.10570026189088821,0,-0.09628728032112122,0.9931926131248474,0.06554608792066574,0,0.11172302067279816,-0.054651666432619095,0.9922353029251099,0,0,0.03568999841809273,0,1,0.9877480864524841,-0.10330360382795334,-0.11697441339492798,0,0.10888749361038208,0.9931507706642151,0.042379941791296005,0,0.11179512739181519,-0.054597705602645874,0.9922302961349487,0,0,0.04078799858689308,0,1,0.9771411418914795,0.13201147317886353,-0.16663995385169983,0,-0.13238494098186493,0.991158664226532,0.008914698846638203,0,0.16634328663349152,0.013349687680602074,0.9859771132469177,0,0,0.045885998755693436,0,1,0.916124165058136,-0.06670615822076797,-0.395306795835495,0,0.097580187022686,0.9935075044631958,0.05849254131317139,0,0.38883838057518005,-0.09216051548719406,0.9166852831840515,0,-0.001601999974809587,0.062467001378536224,0,1,-0.9597233533859253,-0.06785739213228226,-0.2726278603076935,0,-0.26294830441474915,-0.12478183954954147,0.9567071199417114,0,-0.09893861413002014,0.9898609519004822,0.10191291570663452,0,0.003725999966263771,0.010320000350475311,0.12139900028705597,1,0.9868216514587402,0.005447383504360914,0.16172143816947937,0,0.10611826181411743,0.7327141165733337,-0.6722124814987183,0,-0.12215733528137207,0.6805152297019958,0.7224798202514648,0,0,0.24822799861431122,0,1,-0.5352591276168823,0.3703286945819855,0.7591794729232788,0,0.49766111373901367,0.8644759654998779,-0.07081668078899384,0,-0.6825180649757385,0.3399089276790619,-0.6470171213150024,0,0,0.5594030022621155,0,1,-0.9155963659286499,-0.006972855888307095,0.4020371437072754,0,-0.40071743726730347,-0.06694533675909042,-0.9137520790100098,0,0.033286016434431076,-0.9977321624755859,0.05850090831518173,0,0.0032309999223798513,0.010270999744534492,-0.12139900028705597,1,0.8351585865020752,0.5424976944923401,0.09058275073766708,0,-0.39446568489074707,0.476026713848114,0.7859994769096375,0,0.3832833468914032,-0.6921663880348206,0.6115548610687256,0,0,0.24822799861431122,0,1,0.3562164306640625,-0.4563825726509094,0.8153678178787231,0,0.7463735342025757,0.6639661192893982,0.04556475952267647,0,-0.5621713399887085,0.5923377871513367,0.5771472454071045,0,0,0.5594459772109985,0,1,-0.36941230297088623,0.8023561239242554,0.4687846601009369,0,-0.33306553959846497,-0.5852731466293335,0.7392712235450745,0,0.867526113986969,0.11695989221334457,0.4834444522857666,0,0.0047969999723136425,-0.01693600043654442,0.16455799341201782,1,0.6839514970779419,0.5573962330818176,-0.4706588685512543,0,-0.72440105676651,0.5952489376068115,-0.3477374315261841,0,0.08633165806531906,0.5787814259529114,0.8108999729156494,0,0,1.1665350198745728,0,1,-0.0067420415580272675,-0.05270379036664963,-0.9985876083374023,0,0.9987606406211853,0.048886045813560486,-0.009323393926024437,0,0.04930830001831055,-0.9974125027656555,0.05230892449617386,0,0,1.3350930213928223,0,1,0.9876170754432678,-0.15549102425575256,-0.02087620459496975,0,0.15472596883773804,0.9873620271682739,-0.03429386392235756,0,0.025944756343960762,0.03063911199569702,0.9991939663887024,0,0,0.07030999660491943,0,1,-0.7901816964149475,0.612820565700531,-0.008011733181774616,0,-0.49405089020729065,-0.6446646451950073,-0.5833703279495239,0,-0.3626663088798523,-0.4570104479789734,0.8121670484542847,0,0.01054100040346384,-0.01693600043654442,-0.16455799341201782,1,0.5148265361785889,0.8268346786499023,0.22648948431015015,0,-0.8526713848114014,0.46645843982696533,0.23530390858650208,0,0.08890951424837112,-0.31426188349723816,0.9451636672019958,0,0,1.1666710376739502,0,1,0.19110137224197388,0.24255865812301636,-0.9511284828186035,0,0.868396520614624,-0.4934787452220917,0.04863087832927704,0,-0.4575663208961487,-0.835250973701477,-0.304941862821579,0,0,1.3349970579147339,0,1,0.9948959350585938,0.09694428741931915,-0.028007011860609055,0,-0.09815669059753418,0.9941179752349854,-0.04576123133301735,0,0.02340599149465561,0.048276759684085846,0.9985600709915161,0,0,0.07106699794530869,0,1
K0.067,-0.6498985290527344,0.14099957048892975,-0.7468270063400269,0,0.05894405394792557,0.9890316724777222,0.13543348014354706,0,0.7577319741249084,0.04399702697992325,-0.6510815620422363,0,-0.030908919870853424,2.182269811630249,0.0012271911837160587,1,0.9943143725395203,0.09015589207410812,-0.05665828287601471,0,-0.08944641053676605,0.9958798885345459,0.014941935427486897,0,0.05777197331190109,-0.00978910457342863,0.9982823133468628,0,0.002976000076159835,0.030446000397205353,0,1,0.989178478717804,0.10107748210430145,-0.10634832829236984,0,-0.09434743970632553,0.9933143258094788,0.06652907282114029,0,0.11236181110143661,-0.05577538162469864,0.9921006560325623,0,0,0.03568999841809273,0,1,0.9874318838119507,-0.10526061058044434,-0.11788949370384216,0,0.11098837107419968,0.9928869605064392,0.04310449957847595,0,0.1125136986374855,-0.055647097527980804,0.9920905828475952,0,0,0.04078799858689308,0,1,0.9770845174789429,0.12265609204769135,-0.17395758628845215,0,-0.12169492244720459,0.9924352169036865,0.016222363337874413,0,0.17463141679763794,0.00531913572922349,0.9846197366714478,0,0,0.045885998755693436,0,1,0.9148963689804077,-0.06689698994159698,-0.3981066346168518,0,0.09771136194467545,0.9935465455055237,0.05759890004992485,0,0.39168447256088257,-0.09159661829471588,0.9155292510986328,0,-0.001601999974809587,0.062467001378536224,0,1,-0.961412787437439,-0.06670922040939331,-0.26689809560775757,0,-0.25664985179901123,-0.13189268112182617,0.95746248960495,0,-0.09907357394695282,0.9890170097351074,0.10968250036239624,0,0.003725999966263771,0.010320000350475311,0.12139900028705597,1,0.9873380064964294,0.011942718178033829,0.15818174183368683,0,0.09896133095026016,0.7329604029655457,-0.6730347871780396,0,-0.12397871911525726,0.6801661849021912,0.7224972248077393,0,0,0.24822799861431122,0,1,-0.5335180759429932,0.3732798099517822,0.7589608430862427,0,0.5013912320137024,0.8622507452964783,-0.0716235488653183,0,-0.6811498403549194,0.3423236906528473,-0.6471853256225586,0,0,0.5594030022621155,0,1,-0.9203295707702637,-0.013681257143616676,0.39090466499328613,0,-0.3898153007030487,-0.050226904451847076,-0.9195227026939392,0,0.03221415355801582,-0.9986440539360046,0.040892187505960464,0,0.0032309999223798513,0.010270999744534492,-0.12139900028705597,1,0.8396673798561096,0.5373271107673645,0.07898402214050293,0,-0.37718665599823,0.4723174571990967,0.7966464161872864,0,0.39075449109077454,-0.6987103223800659,0.5992627143859863,0,0,0.24822799861431122,0,1,0.3561929762363434,-0.4571956992149353,0.8149224519729614,0,0.7473930716514587,0.6628428101539612,0.04519786313176155,0,-0.560829758644104,0.5929682850837708,0.5778049230575562,0,0,0.5594459772109985,0,1,-0.36886823177337646,0.8020299673080444,0.4697708785533905,0,-0.3351392149925232,-0.5861781239509583,0.7376154661178589,0,0.8669587969779968,0.11464426666498184,0.4850141108036041,0,0.0047969999723136425,-0.01693600043654442,0.16455799341201782,1,0.6919603943824768,0.5550066828727722,-0.4616910219192505,0,-0.7176587581634521,0.5983185768127441,-0.35634365677833557,0,0.07846518605947495,0.5779122710227966,0.8123182058334351,0,0,1.1665350198745728,0,1,-0.012193650007247925,-0.05729011446237564,-0.9982829689979553,0,0.9981030821800232,0.05955864489078522,-0.015609467402100563,0,0.06035059690475464,-0.9965792298316956,0.056455206125974655,0,0,1.3350930213928223,0,1,0.9876169562339783,-0.1554909646511078,-0.020874833688139915,0,0.15472598373889923,0.9873620271682739,-0.034292787313461304,0,0.02594323828816414,0.030638262629508972,0.9991940259933472,0,0,0.07030999660491943,0,1,-0.7783735394477844,0.6277831792831421,0.0048406231217086315,0,-0.5136035680770874,-0.6323330402374268,-0.5799710154533386,0,-0.36103495955467224,-0.45392000675201416,0.8146224617958069,0,0.01054100040346384,-0.01693600043654442,-0.16455799341201782,1,0.4904194474220276,0.8427788019180298,0.2218398004770279,0,-0.8666719198226929,0.4449251592159271,0.22565516829490662,0,0.09147530049085617,-0.30292809009552,0.9486128687858582,0,0,1.1666710376739502,0,1,0.19080576300621033,0.24000976979732513,-0.9518340826034546,0,0.8619482517242432,-0.504953920841217,0.04546043276786804,0,-0.4697214961051941,-0.8291059732437134,-0.303224116563797,0,0,1.3349970579147339,0,1,0.9948959946632385,0.09694381058216095,-0.02800697647035122,0,-0.09815619885921478,0.9941179156303406,-0.045760754495859146,0,0.023406025022268295,0.04827626794576645,0.9985600113868713,0,0,0.07106699794530869,0,1
K0.101,-0.6427899599075317,0.14873944222927094,-0.7514634728431702,0,0.054705191403627396,0.987376868724823,0.14864054322242737,0,0.7640864253044128,0.054435696452856064,-0.6428128480911255,0,-0.04914291203022003,2.175586223602295,0.007093560416251421,1,0.9942837953567505,0.09001978486776352,-0.057412102818489075,0,-0.08919274061918259,0.9958725571632385,0.016814040020108223,0,0.05868872255086899,-0.011597181670367718,0.9982088804244995,0,0.002976000076159835,0.030446000397205353,0,1,0.9891947507858276,0.10094352066516876,-0.10631769895553589,0,-0.0940450131893158,0.9932407140731812,0.06802616268396378,0,0.1124659851193428,-0.05729253217577934,0.9920027256011963,0,0,0.03568999841809273,0,1,0.9873457551002502,-0.10565731674432755,-0.11825858801603317,0,0.11155586689710617,0.9927653670310974,0.044405147433280945,0,0.11271132528781891,-0.05703568458557129,0.9919895529747009,0,0,0.04078799858689308,0,1,0.9769669771194458,0.10993115603923798,-0.18289868533611298,0,-0.10792943835258484,0.9939394593238831,0.020893655717372894,0,0.1840869039297104,-0.0006722580874338746,0.9829098582267761,0,0,0.045885998755693436,0,1,0.9127224683761597,-0.06367892771959305,-0.40358835458755493,0,0.09661649167537689,0.9934033751487732,0.06175893172621727,0,0.3969931900501251,-0.09536202996969223,0.9128537774085999,0,-0.001601999974809587,0.062467001378536224,0,1,-0.9623211026191711,-0.06594771146774292,-0.26379677653312683,0,-0.2531823515892029,-0.13654133677482605,0.9577346444129944,0,-0.09917958080768585,0.9884369373321533,0.11469985544681549,0,0.003725999966263771,0.010320000350475311,0.12139900028705597,1,0.9878801703453064,0.02068307250738144,0.15383651852607727,0,0.08941508084535599,0.7342959046363831,-0.6729149222373962,0,-0.1268794685602188,0.6785145401954651,0.7235469222068787,0,0,0.24822799861431122,0,1,-0.5334097146987915,0.3738662600517273,0.7587478756904602,0,0.5034658312797546,0.8611438274383545,-0.0703778937458992,0,-0.6797034740447998,0.34446364641189575,-0.6475719213485718,0,0,0.5594030022621155,0,1,-0.9249464273452759,-0.020122764632105827,0.37956488132476807,0,-0.3788399398326874,-0.032364893704652786,-0.924895703792572,0,0.030896060168743134,-0.9992734789848328,0.022312592715024948,0,0.0032309999223798513,0.010270999744534492,-0.12139900028705597,1,0.8460987210273743,0.5289244651794434,0.06599447876214981,0,-0.3563704788684845,0.46926164627075195,0.8079561591148376,0,0.3963792324066162,-0.7071293592453003,0.585534930229187,0,0,0.24822799861431122,0,1,0.3605043888092041,-0.455898255109787,0.8137521147727966,0,0.7459838390350342,0.6646451950073242,0.04188022390007973,0,-0.5599502325057983,0.5919486880302429,0.5797008872032166,0,0,0.5594459772109985,0,1,-0.3714348375797272,0.8005574345588684,0.47025975584983826,0,-0.3352389931678772,-0.5879648923873901,0.7361467480659485,0,0.8658236861228943,0.11578112840652466,0.48676857352256775,0,0.0047969999723136425,-0.01693600043654442,0.16455799341201782,1,0.7018151879310608,0.5563918948173523,-0.44484031200408936,0,-0.7093294858932495,0.6033519506454468,-0.3644411265850067,0,0.0656232088804245,0.5713089108467102,0.818107008934021,0,0,1.1665350198745728,0,1,-0.014774926006793976,-0.06597227603197098,-0.9977118372917175,0,0.9975935220718384,0.06662711501121521,-0.019178852438926697,0,0.06773986667394638,-0.9955942034721375,0.06482915580272675,0,0,1.3350930213928223,0,1,0.9876170754432678,-0.15549102425575256,-0.02087620459496975,0,0.15472596883773804,0.9873620271682739,-0.03429385647177696,0,0.025944754481315613,0.030639104545116425,0.9991939663887024,0,0,0.07030999660491943,0,1,-0.7634981870651245,0.6454301476478577,0.02213669940829277,0,-0.5378468036651611,-0.6165133714675903,-0.5750066637992859,0,-0.35747918486595154,-0.4509228467941284,0.8178495764732361,0,0.01054100040346384,-0.01693600043654442,-0.16455799341201782,1,0.46918219327926636,0.8550493121147156,0.22081291675567627,0,-0.8782734274864197,0.42568543553352356,0.2177780568599701,0,0.0922142043709755,-0.29611194133758545,0.9506918787956238,0,0,1.1666710376739502,0,1,0.19115354120731354,0.23446553945541382,-0.9531455636024475,0,0.857621431350708,-0.5122212171554565,0.04599412903189659,0,-0.47743695974349976,-0.8262292742729187,-0.2989952862262726,0,0,1.3349970579147339,0,1,0.9948959350585938,0.09694429486989975,-0.028007011860609055,0,-0.09815669804811478,0.9941179752349854,-0.045761220157146454,0,0.02340599149465561,0.04827675223350525,0.9985600709915161,0,0,0.07106699794530869,0,1
K0.135,-0.6284262537956238,0.15812991559505463,-0.7616262435913086,0,0.05012234300374985,0.9853162169456482,0.1632162183523178,0,0.7762523889541626,0.06439490616321564,-0.6271247267723083,0,-0.0674973577260971,2.1701467037200928,0.01141017209738493,1,0.9941731691360474,0.09044312685728073,-0.05864647775888443,0,-0.08946263045072556,0.9958057999610901,0.019139008596539497,0,0.06013156473636627,-0.013780836015939713,0.9980958104133606,0,0.002976000076159835,0.030446000397205353,0,1,0.9890612363815308,0.10200429707765579,-0.10654968023300171,0,-0.09486660361289978,0.9930225014686584,0.07004887610673904,0,0.11295156925916672,-0.05917465314269066,0.9918373227119446,0,0,0.03568999841809273,0,1,0.9873341917991638,-0.10492199659347534,-0.11900549381971359,0,0.1110554113984108,0.992743194103241,0.04611722007393837,0,0.11330325901508331,-0.058749351650476456,0.9918221235275269,0,0,0.04078799858689308,0,1,0.9762241244316101,0.09382230788469315,-0.19540564715862274,0,-0.09025045484304428,0.9955500364303589,0.027123749256134033,0,0.1970808058977127,-0.008843407034873962,0.9803469777107239,0,0,0.045885998755693436,0,1,0.9099297523498535,-0.057414863258600235,-0.4107704162597656,0,0.09272187203168869,0.9934660792350769,0.06653513759374619,0,0.40426650643348694,-0.09862973541021347,0.9093081951141357,0,-0.001601999974809587,0.062467001378536224,0,1,-0.9638198614120483,-0.06525161117315292,-0.25844502449035645,0,-0.24744778871536255,-0.14144912362098694,0.9585204720497131,0,-0.09910181909799576,0.9877926111221313,0.12018506228923798,0,0.003725999966263771,0.010320000350475311,0.12139900028705597,1,0.9879609942436218,0.02624618448317051,0.15246286988258362,0,0.08366494625806808,0.7383130788803101,-0.6692489385604858,0,-0.13013052940368652,0.6739475131034851,0.7272285223007202,0,0,0.24822799861431122,0,1,-0.5313515067100525,0.37297236919403076,0.7606295347213745,0,0.5009049773216248,0.8624209761619568,-0.07296920567750931,0,-0.683198094367981,0.3422307074069977,-0.6450721621513367,0,0,0.5594030022621155,0,1,-0.9301598072052002,-0.026226751506328583,0.3662188649177551,0,-0.36594703793525696,-0.014668953604996204,-0.9305198192596436,0,0.02977653592824936,-0.9995485544204712,0.004046779591590166,0,0.0032309999223798513,0.010270999744534492,-0.12139900028705597,1,0.8527783155441284,0.5196916460990906,0.051856689155101776,0,-0.3339773118495941,0.4662947654724121,0.8191630244255066,0,0.4015319049358368,-0.7158836722373962,0.5712115168571472,0,0,0.24822799861431122,0,1,0.36830320954322815,-0.4540810286998749,0.8112719058990479,0,0.7449851632118225,0.6661794781684875,0.034660447388887405,0,-0.5561919212341309,0.5916205644607544,0.5836403369903564,0,0,0.5594459772109985,0,1,-0.37526142597198486,0.7977243661880493,0.4720325767993927,0,-0.33045101165771484,-0.590923547744751,0.735942006111145,0,0.8660148978233337,0.12018708884716034,0.4853599965572357,0,0.0047969999723136425,-0.01693600043654442,0.16455799341201782,1,0.7140105366706848,0.5579632520675659,-0.42292526364326477,0,-0.698449969291687,0.6095380187034607,-0.37500908970832825,0,0.048547737300395966,0.5631523728370667,0.8249256014823914,0,0,1.1665350198745728,0,1,-0.016180504113435745,-0.07560648769140244,-0.9970064759254456,0,0.9971122741699219,0.07276924699544907,-0.021700544282794,0,0.07419217377901077,-0.9944790601730347,0.07421072572469711,0,0,1.3350930213928223,0,1,0.9876170754432678,-0.15549100935459137,-0.020875757560133934,0,0.15472596883773804,0.9873620271682739,-0.034293387085199356,0,0.025944240391254425,0.030638711526989937,0.9991940259933472,0,0,0.07030999660491943,0,1,-0.745880663394928,0.6647308468818665,0.042380254715681076,0,-0.5652246475219727,-0.5979971289634705,-0.5682617425918579,0,-0.3523975610733032,-0.44780945777893066,0.8217560052871704,0,0.01054100040346384,-0.01693600043654442,-0.16455799341201782,1,0.45093804597854614,0.8642319440841675,0.22306492924690247,0,-0.88783860206604,0.40866199135780334,0.2115143984556198,0,0.09163932502269745,-0.2934255301952362,0.9515796899795532,0,0,1.1666710376739502,0,1,0.19196587800979614,0.22637581825256348,-0.9549360275268555,0,0.8552039861679077,-0.5159108638763428,0.04961618781089783,0,-0.481430321931839,-0.8261904120445251,-0.29263508319854736,0,0,1.3349970579147339,0,1,0.9948959350585938,0.09694431722164154,-0.028006987646222115,0,-0.09815671294927597,0.9941180348396301,-0.045760735869407654,0,0.0234060138463974,0.04827626049518585,0.9985600113868713,0,0,0.07106699794530869,0,1
K0.169,-0.6084863543510437,0.16869230568408966,-0.7754272818565369,0,0.04480498284101486,0.9828886389732361,0.17866604030132294,0,0.7922986745834351,0.07397288829088211,-0.6056329011917114,0,-0.08575906604528427,2.166064739227295,0.014239107258617878,1,0.99411940574646,0.09036576747894287,-0.05967528745532036,0,-0.08923231065273285,0.9957806468009949,0.021397599950432777,0,0.06135708466172218,-0.015946798026561737,0.9979880452156067,0,0.002976000076159835,0.030446000397205353,0,1,0.9891008734703064,0.10197166353464127,-0.10621687024831772,0,-0.09472130239009857,0.9929535984992981,0.07121478766202927,0,0.11273025721311569,-0.0603775829076767,0.9917896389961243,0,0,0.03568999841809273,0,1,0.9872828722000122,-0.1053449884057045,-0.11905672401189804,0,0.11159255355596542,0.9926387071609497,0.04706922173500061,0,0.11322186142206192,-0.05975650995969772,0.9917713403701782,0,0,0.04078799858689308,0,1,0.9742535948753357,0.08423485606908798,-0.20912760496139526,0,-0.07760113477706909,0.9961918592453003,0.03974084183573723,0,0.21167884767055511,-0.02248912863433361,0.9770805239677429,0,0,0.045885998755693436,0,1,0.9074622988700867,-0.05398673936724663,-0.4166495203971863,0,0.09104681760072708,0.9934130907058716,0.06957986205816269,0,0.41014885902404785,-0.10107574611902237,0.9064005017280579,0,-0.001601999974809587,0.062467001378536224,0,1,-0.9652290344238281,-0.06438643485307693,-0.2533542811870575,0,-0.2418951392173767,-0.14742308855056763,0.9590374231338501,0,-0.09909927099943161,0.9869759678840637,0.12672220170497894,0,0.003725999966263771,0.010320000350475311,0.12139900028705597,1,0.9877699017524719,0.02867824397981167,0.1532575488090515,0,0.08136221766471863,0.7436901926994324,-0.6635554432868958,0,-0.13300573825836182,0.6679093837738037,0.7322613596916199,0,0,0.24822799861431122,0,1,-0.5308952331542969,0.3680138885974884,0.7633581757545471,0,0.49246639013290405,0.8670497536659241,-0.07550620287656784,0,-0.6896567344665527,0.3358423113822937,-0.641546905040741,0,0,0.5594030022621155,0,1,-0.9347955584526062,-0.033227499574422836,0.3536297678947449,0,-0.3540554940700531,0.00776075990870595,-0.9351916909217834,0,0.02832964062690735,-0.9994174242019653,-0.019019106402993202,0,0.0032309999223798513,0.010270999744534492,-0.12139900028705597,1,0.8542377352714539,0.5179608464241028,0.04466398060321808,0,-0.3192760646343231,0.4548720717430115,0.8313572406768799,0,0.4102938771247864,-0.7244364023208618,0.553941011428833,0,0,0.24822799861431122,0,1,0.3749581575393677,-0.4549030065536499,0.8077555298805237,0,0.7473527789115906,0.6638800501823425,0.02695745974779129,0,-0.5485159754753113,0.5935705900192261,0.5889004468917847,0,0,0.5594459772109985,0,1,-0.38127484917640686,0.7938963770866394,0.4736637771129608,0,-0.3243847191333771,-0.5946800708770752,0.7356159090995789,0,0.8656809329986572,0.12682248651981354,0.48426416516304016,0,0.0047969999723136425,-0.01693600043654442,0.16455799341201782,1,0.7265938520431519,0.5604324340820312,-0.39746254682540894,0,-0.6864296793937683,0.6170386075973511,-0.38480889797210693,0,0.029590364545583725,0.552429735660553,0.8330338001251221,0,0,1.1665350198745728,0,1,-0.013994003646075726,-0.08745456486940384,-0.9960706830024719,0,0.9968301057815552,0.0768110379576683,-0.020748678594827652,0,0.07832369953393936,-0.9932028651237488,0.08610241115093231,0,0,1.3350930213928223,0,1,0.9876170754432678,-0.1554909646511078,-0.020876014605164528,0,0.15472590923309326,0.9873620271682739,-0.03429452329874039,0,0.025944672524929047,0.03063979558646679,0.9991940855979919,0,0,0.07030999660491943,0,1,-0.7261434197425842,0.6845294237136841,0.06430641561746597,0,-0.5940064787864685,-0.577505886554718,-0.5600389242172241,0,-0.3462255299091339,-0.44486671686172485,0.825966477394104,0,0.01054100040346384,-0.01693600043654442,-0.16455799341201782,1,0.4358183741569519,0.8707064390182495,0.22788642346858978,0,-0.8954975605010986,0.394101083278656,0.206804558634758,0,0.09025582671165466,-0.29420122504234314,0.9514726996421814,0,0,1.1666710376739502,0,1,0.1930738240480423,0.21628983318805695,-0.9570483565330505,0,0.8545241951942444,-0.5164182782173157,0.055681876838207245,0,-0.4821937680244446,-0.8285714983940125,-0.28453174233436584,0,0,1.3349970579147339,0,1,0.9948959946632385,0.09694474935531616,-0.02800699695944786,0,-0.0981571301817894,0.9941179752349854,-0.045760735869407654,0,0.023406000807881355,0.04827626794576645,0.9985600113868713,0,0,0.07106699794530869,0,1
K0.202,-0.584576427936554,0.17992213368415833,-0.7911376953125,0,0.038863666355609894,0.9801916480064392,0.1942005455493927,0,0.8104074597358704,0.08277855813503265,-0.5799893140792847,0,-0.10353424400091171,2.1631460189819336,0.015591070987284184,1,0.9941274523735046,0.09002422541379929,-0.060052353888750076,0,-0.08873134106397629,0.9957696795463562,0.023864738643169403,0,0.06194670498371124,-0.018396062776446342,0.9979097247123718,0,0.002976000076159835,0.030446000397205353,0,1,0.9893548488616943,0.10140793770551682,-0.10437361896038055,0,-0.09410525858402252,0.9929066300392151,0.07267279922962189,0,0.11100276559591293,-0.062077026814222336,0.9918791651725769,0,0,0.03568999841809273,0,1,0.9873397350311279,-0.10633351653814316,-0.1177048608660698,0,0.11267593502998352,0.9924432039260864,0.048591453582048416,0,0.11164841800928116,-0.061238739639520645,0.9918591976165771,0,0,0.04078799858689308,0,1,0.9719650149345398,0.0763966366648674,-0.22236619889736176,0,-0.06604208052158356,0.9963739514350891,0.05364583432674408,0,0.2256583571434021,-0.03745637089014053,0.9734865427017212,0,0,0.045885998755693436,0,1,0.9054330587387085,-0.048308368772268295,-0.4217309355735779,0,0.08819492161273956,0.9932318329811096,0.07557706534862518,0,0.41522568464279175,-0.10562451183795929,0.9035657048225403,0,-0.001601999974809587,0.062467001378536224,0,1,-0.9658647775650024,-0.06382135301828384,-0.2510615885257721,0,-0.23932257294654846,-0.15109406411647797,0.9591122269630432,0,-0.09914574772119522,0.9864574670791626,0.13066239655017853,0,0.003725999966263771,0.010320000350475311,0.12139900028705597,1,0.987766444683075,0.0342249721288681,0.15213999152183533,0,0.07556837797164917,0.7483592629432678,-0.6589752435684204,0,-0.1364087462425232,0.6624104380607605,0.7366176247596741,0,0,0.24822799861431122,0,1,-0.5307741165161133,0.3660263121128082,0.7643976211547852,0,0.4885936379432678,0.8691152930259705,-0.0769052803516388,0,-0.6924995183944702,0.3326607048511505,-0.6401424407958984,0,0,0.5594030022621155,0,1,-0.9399796724319458,-0.04101215675473213,0.3387567400932312,0,-0.34014835953712463,0.03362046182155609,-0.9397706985473633,0,0.02715286612510681,-0.9985928535461426,-0.04555276408791542,0,0.0032309999223798513,0.010270999744534492,-0.12139900028705597,1,0.8523077368736267,0.5214367508888245,0.04093459993600845,0,-0.30929189920425415,0.4393395185470581,0.8433970212936401,0,0.42179396748542786,-0.7314944267272949,0.5357285737991333,0,0,0.24822799861431122,0,1,0.3826259672641754,-0.4573589265346527,0.8027580976486206,0,0.752593994140625,0.6582819223403931,0.016330119222402573,0,-0.5359097123146057,0.5979025363922119,0.5960812568664551,0,0,0.5594459772109985,0,1,-0.3879718780517578,0.7889753580093384,0.4764411449432373,0,-0.31589633226394653,-0.5994504690170288,0.7354376316070557,0,0.8658447861671448,0.1348230540752411,0.481804221868515,0,0.0047969999723136425,-0.01693600043654442,0.16455799341201782,1,0.7396008968353271,0.5616965889930725,-0.37079426646232605,0,-0.6729711890220642,0.6253870725631714,-0.39496907591819763,0,0.010037140920758247,0.5416531562805176,0.8405421376228333,0,0,1.1665350198745728,0,1,-0.009448106400668621,-0.09954442828893661,-0.9949883222579956,0,0.9966016411781311,0.08048474043607712,-0.017515631392598152,0,0.08182494342327118,-0.9917727708816528,0.09844578802585602,0,0,1.3350930213928223,0,1,0.9876169562339783,-0.15549015998840332,-0.020881004631519318,0,0.1547248810529709,0.9873620271682739,-0.034297212958335876,0,0.025949997827410698,0.03064170852303505,0.9991939663887024,0,0,0.07030999660491943,0,1,-0.7049519419670105,0.7039756774902344,0.08637990057468414,0,-0.6226785778999329,-0.5559822916984558,-0.5505958795547485,0,-0.3395802676677704,-0.4419303834438324,0.8302910327911377,0,0.01054100040346384,-0.01693600043654442,-0.16455799341201782,1,0.42372024059295654,0.8748400807380676,0.23476795852184296,0,-0.901475191116333,0.38201332092285156,0.20348915457725525,0,0.0883360281586647,-0.29786017537117004,0.9505140781402588,0,0,1.1666710376739502,0,1,0.19439464807510376,0.20480839908123016,-0.9593042135238647,0,0.8553261756896973,-0.5141775012016296,0.06354920566082001,0,-0.48023712635040283,-0.8328715562820435,-0.27513134479522705,0,0,1.3349970579147339,0,1,0.9948959946632385,0.09694379568099976,-0.02800697833299637,0,-0.09815619140863419,0.9941179156303406,-0.045760780572891235,0,0.023406023159623146,0.04827629402279854,0.9985599517822266,0,0,0.07106699794530869,0,1
