3.133,30,94,25
B0,mixamorig_Hips,-1,0.760479748249054,0.13198456168174744,-0.6358070969581604,0,-0.11669759452342987,0.9909631013870239,0.06612961739301682,0,0.6387898921966553,0.02390693873167038,0.7690101861953735,0,0.015153000131249428,2.200551986694336,0.003456000005826354,1
B1,mixamorig_Spine,0,0.9942070245742798,0.0925520658493042,-0.054648254066705704,0,-0.09191394597291946,0.9956669807434082,0.014081764966249466,0,0.055714767426252365,-0.008977253921329975,0.9984059929847717,0,0.002976000076159835,0.030446000397205353,0,1
B2,mixamorig_Spine1,1,0.9889949560165405,0.10544927418231964,-0.10377523303031921,0,-0.09909875690937042,0.9929800033569336,0.06457077711820602,0,0.1098557710647583,-0.05357622355222702,0.9925030469894409,0,0,0.03568999841809273,0,1
B3,mixamorig_Spine2,2,0.9882700443267822,-0.1006680577993393,-0.11483757942914963,0,0.10606096684932709,0.9934790730476379,0.04184403643012047,0,0.10987641662359238,-0.05353301391005516,0.9925029277801514,0,0,0.04078799858689308,0,1
B4,mixamorig_Neck,3,0.9773100018501282,0.13562771677970886,-0.16269518435001373,0,-0.1367112696170807,0.9905999898910522,0.004570024088025093,0,0.16178582608699799,0.01777595281600952,0.9866660237312317,0,0,0.045885998755693436,0,1
B5,mixamorig_Head,4,0.9169901013374329,-0.06647864729166031,-0.39333075284957886,0,0.0962783470749855,0.9937499761581421,0.05649986118078232,0,0.3871162235736847,-0.08967901021242142,0.9176589250564575,0,-0.001601999974809587,0.062467001378536224,0,1
B6,mixamorig_HeadTop_End,5,1,0,0,0,0,1,0,0,0,0,1,0,-0.0012880000285804272,0.05023699998855591,0,1
B7,mixamorig_LeftShoulder,3,-0.9582758545875549,-0.06893417239189148,-0.2774069905281067,0,-0.2682670056819916,-0.11817678064107895,0.9560689926147461,0,-0.09868889302015305,0.9905968904495239,0.09475328028202057,0,0.003725999966263771,0.010320000350475311,0.12139900028705597,1
B8,mixamorig_LeftArm,7,0.9861909747123718,0.0008549671620130539,0.16561192274093628,0,0.11169203370809555,0.7349119186401367,-0.6689011454582214,0,-0.12228208035230637,0.6781618595123291,0.724668025970459,0,0,0.24822799861431122,0,1
B9,mixamorig_LeftForeArm,8,-0.5350449681282043,0.367891788482666,0.7605150938034058,0,0.4948342442512512,0.8660959601402283,-0.07083491235971451,0,-0.6847379803657532,0.33842870593070984,-0.6454451680183411,0,0,0.5594030022621155,0,1
B10,mixamorig_LeftHand,9,1,0,0,0,0,1,0,0,0,0,1,0,0,0.8106949925422668,0,1
B11,mixamorig_RightShoulder,3,-0.9104777574539185,-0.0012750839814543724,0.4135553240776062,0,-0.41212666034698486,-0.08031003922224045,-0.9075801372528076,0,0.034369900822639465,-0.9967689514160156,0.07259506732225418,0,0.0032309999223798513,0.010270999744534492,-0.12139900028705597,1
B12,mixamorig_RightArm,11,0.8332690596580505,0.5435978174209595,0.1008169949054718,0,-0.4069831967353821,0.47968727350234985,0.7773447036743164,0,0.37420228123664856,-0.6887680888175964,0.6209437251091003,0,0,0.24822799861431122,0,1
B13,mixamorig_RightForeArm,12,0.3571176528930664,-0.45465388894081116,0.81593918800354,0,0.7440549731254578,0.6665490865707397,0.04575582221150398,0,-0.5646668672561646,0.5907637476921082,0.5763242840766907,0,0,0.5594459772109985,0,1
B14,mixamorig_RightHand,13,1,0,0,0,0,1,0,0,0,0,1,0,0,0.8111339807510376,0,1
B15,mixamorig_LeftUpLeg,0,-0.3738829493522644,0.80131596326828,0.4670163094997406,0,-0.32872021198272705,-0.5853360295295715,0.741165041923523,0,0.867268979549408,0.12359125167131424,0.4822559058666229,0,0.0047969999723136425,-0.01693600043654442,0.16455799341201782,1
B16,mixamorig_LeftLeg,15,0.6786128282546997,0.5643680691719055,-0.4700782001018524,0,-0.7291908264160156,0.5944470167160034,-0.3389890789985657,0,0.0881219431757927,0.5728188753128052,0.8149310946464539,0,0,1.1665350198745728,0,1
B17,mixamorig_LeftFoot,16,0.0022649720776826143,-0.05330188199877739,-0.9985759854316711,0,0.999422013759613,0.03400082141160965,0.00045196907012723386,0,0.03392825275659561,-0.9979989528656006,0.05334806814789772,0,0,1.3350930213928223,0,1
B18,mixamorig_LeftToeBase,17,0.987617015838623,-0.155490905046463,-0.02087191864848137,0,0.1547260731458664,0.9873620271682739,-0.03429102152585983,0,0.025940081104636192,0.030636968091130257,0.9991940259933472,0,0,0.07030999660491943,0,1
B19,mixamorig_LeftToe_End,18,1,0,0,0,0,1,0,0,0,0,1,0,0,0.04929399862885475,0,1
B20,mixamorig_RightUpLeg,0,-0.798599123954773,0.6016709208488464,-0.015244020149111748,0,-0.48083212971687317,-0.6530338525772095,-0.5851041078567505,0,-0.36199501156806946,-0.4599338471889496,0.8108149766921997,0,0.01054100040346384,-0.01693600043654442,-0.16455799341201782,1
B21,mixamorig_RightLeg,20,0.5424587726593018,0.8064920902252197,0.23517723381519318,0,-0.8358968496322632,0.490264356136322,0.24681486189365387,0,0.0837552547454834,-0.3304709792137146,0.940092921257019,0,0,1.1666710376739502,0,1
B22,mixamorig_RightFoot,21,0.19226858019828796,0.24184706807136536,-0.9510750770568848,0,0.8770838975906372,-0.4770623743534088,0.05599934607744217,0,-0.44017866253852844,-0.8449391722679138,-0.3038442134857178,0,0,1.3349970579147339,0,1
B23,mixamorig_RightToeBase,22,0.9948959350585938,0.09694429486989975,-0.028006982058286667,0,-0.09815669059753418,0.9941180348396301,-0.04576074331998825,0,0.023406008258461952,0.04827626422047615,0.9985600113868713,0,0,0.07106699794530869,0,1
B24,mixamorig_RightToe_End,23,1,0,0,0,0,1,0,0,0,0,1,0,0,0.049796998500823975,0,1
@20,0,1,2,3,4,5,7,8,9,11,12,13,15,16,17,18,20,21,22,23
K0,-0.6358070373535156,0.13198453187942505,-0.760479748249054,0,0.06612973660230637,0.9909631013870239,0.11669743061065674,0,0.7690101861953735,0.023906752467155457,-0.6387898921966553,0,0.0034560002386569977,2.200551986694336,-0.015152999199926853,1,0.9942070245742798,0.0925520583987236,-0.05464824289083481,0,-0.09191393852233887,0.9956669807434082,0.014081754721701145,0,0.05571475625038147,-0.008977245539426804,0.9984059929847717,0,0.002976000076159835,0.030446000397205353,0,1,0.9889949560165405,0.10544925928115845,-0.10377523303031921,0,-0.09909874200820923,0.9929800033569336,0.06457077711820602,0,0.1098557710647583,-0.05357622355222702,0.9925030469894409,0,0,0.03568999841809273,0,1,0.9882700443267822,-0.1006680503487587,-0.11483757942914963,0,0.1060609519481659,0.9934790730476379,0.04184401407837868,0,0.10987641662359238,-0.05353299155831337,0.9925029277801514,0,0,0.04078799858689308,0,1,0.9773100018501282,0.13562771677970886,-0.16269519925117493,0,-0.13671128451824188,0.9905999898910522,0.004569989629089832,0,0.16178582608699799,0.017775988206267357,0.9866660237312317,0,0,0.045885998755693436,0,1,0.9169901013374329,-0.06647863239049911,-0.39333078265190125,0,0.0962783545255661,0.9937499761581421,0.05649992451071739,0,0.3871162235736847,-0.08967906981706619,0.9176589250564575,0,-0.001601999974809587,0.062467001378536224,0,1,-0.9582758545875549,-0.0689341202378273,-0.27740713953971863,0,-0.26826712489128113,-0.11817679554224014,0.9560689926147461,0,-0.09868885576725006,0.9905969500541687,0.09475326538085938,0,0.003725999966263771,0.010320000350475311,0.12139900028705597,1,0.9861909747123718,0.0008550017373636365,0.16561192274093628,0,0.11169200390577316,0.7349119186401367,-0.6689011454582214,0,-0.12228209525346756,0.6781618595123291,0.724668025970459,0,0,0.24822799861431122,0,1,-0.5350450277328491,0.36789172887802124,0.7605150938034058,0,0.4948342740535736,0.8660959601402283,-0.07083477824926376,0,-0.6847378611564636,0.338428795337677,-0.6454451084136963,0,0,0.5594030022621155,0,1,-0.9104778170585632,-0.00127473718021065,0.413555383682251,0,-0.412126749753952,-0.0803101509809494,-0.9075801372528076,0,0.03436962887644768,-0.9967690110206604,0.0725952759385109,0,0.0032309999223798513,0.010270999744534492,-0.12139900028705597,1,0.8332691192626953,0.5435977578163147,0.10081712901592255,0,-0.4069831967353821,0.4796871840953827,0.7773447632789612,0,0.374202162027359,-0.6887682676315308,0.6209436655044556,0,0,0.24822799861431122,0,1,0.3571176826953888,-0.45465394854545593,0.81593918800354,0,0.7440550327301025,0.666549026966095,0.04575580358505249,0,-0.5646668076515198,0.5907637476921082,0.5763243436813354,0,0,0.5594459772109985,0,1,-0.3738831877708435,0.8013157844543457,0.46701639890670776,0,-0.328720360994339,-0.5853362679481506,0.7411648035049438,0,0.8672688007354736,0.12359125167131424,0.4822561740875244,0,0.0047969999723136425,-0.01693600043654442,0.16455799341201782,1,0.6786128282546997,0.5643681287765503,-0.47007817029953003,0,-0.7291908860206604,0.5944470167160034,-0.33898910880088806,0,0.08812187612056732,0.5728188157081604,0.8149310946464539,0,0,1.1665350198745728,0,1,0.0022651467006653547,-0.053302206099033356,-0.9985759854316711,0,0.9994220733642578,0.0340007022023201,0.0004521744267549366,0,0.03392815962433815,-0.9979990124702454,0.0533483624458313,0,0,1.3350930213928223,0,1,0.987617015838623,-0.1554909199476242,-0.02087191864848137,0,0.1547260880470276,0.9873620271682739,-0.03429102525115013,0,0.02594008296728134,0.030636971816420555,0.9991940259933472,0,0,0.07030999660491943,0,1,-0.798599123954773,0.6016709208488464,-0.015244007110595703,0,-0.48083212971687317,-0.6530338525772095,-0.5851041078567505,0,-0.36199498176574707,-0.459933876991272,0.8108149766921997,0,0.01054100040346384,-0.01693600043654442,-0.16455799341201782,1,0.5424587726593018,0.806492030620575,0.23517729341983795,0,-0.8358968496322632,0.49026432633399963,0.24681493639945984,0,0.08375528454780579,-0.33047106862068176,0.940092921257019,0,0,1.1666710376739502,0,1,0.19226835668087006,0.2418471723794937,-0.95107501745224,0,0.8770837783813477,-0.4770624041557312,0.05599895492196083,0,-0.44017884135246277,-0.8449389934539795,-0.3038440942764282,0,0,1.3349970579147339,0,1,0.9948959350585938,0.09694429486989975,-0.028006987646222115,0,-0.09815669059753418,0.9941180348396301,-0.045760735869407654,0,0.0234060138463974,0.04827626049518585,0.9985600113868713,0,0,0.07106699794530869,0,1
K0.033,-0.5960156321525574,0.1126655861735344,-0.7950292229652405,0,0.05212898552417755,0.9934479594230652,0.10170404613018036,0,0.8012784123420715,0.01917313225567341,-0.5979834198951721,0,0.014144138433039188,2.1984689235687256,-0.013341955840587616,1,0.9940879940986633,0.09380792826414108,-0.05467064678668976,0,-0.09316913783550262,0.9955499768257141,0.014124044217169285,0,0.05575234815478325,-0.008946932852268219,0.9984050393104553,0,0.002976000076159835,0.030446000397205353,0,1,0.9885400533676147,0.10788320004940033,-0.10559489578008652,0,-0.1014639362692833,0.9927530288696289,0.06439904123544693,0,0.11177719384431839,-0.05294693633913994,0.9923220276832581,0,0,0.03568999841809273,0,1,0.9879770278930664,-0.09814559668302536,-0.11945222318172455,0,0.10346128046512604,0.9938629865646362,0.03912933170795441,0,0.11487887799739838,-0.05101761594414711,0.9920690655708313,0,0,0.04078799858689308,0,1,0.9768089056015015,0.14124427735805511,-0.16091807186603546,0,-0.14251381158828735,0.9897860884666443,0.0036842196714133024,0,0.15979482233524323,0.01933426782488823,0.9869610071182251,0,0,0.045885998755693436,0,1,0.9185450673103333,-0.05902855470776558,-0.3908839225769043,0,0.0896562859416008,0.99413001537323,0.06055835261940956,0,0.38501498103141785,-0.09067083895206451,0.9184460639953613,0,-0.001601999974809587,0.062467001378536224,0,1,-0.9633452296257019,-0.07098674774169922,-0.2587006092071533,0,-0.24998947978019714,-0.1122802197933197,0.9617161154747009,0,-0.09731614589691162,0.9911380410194397,0.09041865170001984,0,0.003725999966263771,0.010320000350475311,0.12139900028705597,1,0.9889709949493408,-0.0031312068458646536,0.14807778596878052,0,0.10210249572992325,0.7386650443077087,-0.666295051574707,0,-0.10729362815618515,0.6740658283233643,0.7308382391929626,0,0,0.24822799861431122,0,1,-0.5258825421333313,0.37547510862350464,0.7631950974464417,0,0.5071651339530945,0.8587498664855957,-0.07302174717187881,0,-0.6828110218048096,0.3486648499965668,-0.6420289874076843,0,0,0.5594030022621155,0,1,-0.9064506888389587,0.0041643776930868626,0.4222915470600128,0,-0.42082083225250244,-0.09286118298768997,-0.9023780226707458,0,0.03545665740966797,-0.995669960975647,0.0859266072511673,0,0.0032309999223798513,0.010270999744534492,-0.12139900028705597,1,0.8656303882598877,0.4941192865371704,0.08080877363681793,0,-0.3688436448574066,0.5201891660690308,0.7702969312667847,0,0.3385826349258423,-0.6965979933738708,0.6325441002845764,0,0,0.24822799861431122,0,1,0.3501089811325073,-0.4672428071498871,0.8118551969528198,0,0.7490931749343872,0.6600238680839539,0.05681696906685829,0,-0.5623908638954163,0.5882627367973328,0.5810883641242981,0,0,0.5594459772109985,0,1,-0.4077640771865845,0.796402096748352,0.44662249088287354,0,-0.3064420521259308,-0.5801270008087158,0.7546828389167786,0,0.8601287007331848,0.1708686500787735,0.4806061387062073,0,0.0047969999723136425,-0.01693600043654442,0.16455799341201782,1,0.6534343957901001,0.5993890166282654,-0.46233657002449036,0,-0.7539674639701843,0.5697965621948242,-0.32690152525901794,0,0.0674966499209404,0.5621958374977112,0.8242450952529907,0,0,1.1665350198745728,0,1,0.00955125130712986,-0.04855751246213913,-0.9987749457359314,0,0.9998350143432617,-0.014962892979383469,0.010288837365806103,0,-0.015444161370396614,-0.9987080097198486,0.04840657114982605,0,0,1.3350930213928223,0,1,0.9902680516242981,-0.13915041089057922,0.0025735872332006693,0,0.1391609013080597,0.989749014377594,-0.032097529619932175,0,0.0019191787578165531,0.03214329853653908,0.9994810223579407,0,0,0.07030999660491943,0,1,-0.803466260433197,0.5953488349914551,-0.0008972591604106128,0,-0.48480015993118286,-0.6551461815834045,-0.5794419050216675,0,-0.34555792808532715,-0.4651270806789398,0.8150129914283752,0,0.01054100040346384,-0.01693600043654442,-0.16455799341201782,1,0.5458940267562866,0.7968849539756775,0.2587921917438507,0,-0.8349440097808838,0.49167802929878235,0.24722573161125183,0,0.06976805627346039,-0.3510362207889557,0.9337588548660278,0,0,1.1666710376739502,0,1,0.20211204886436462,0.2292902171611786,-0.9521430134773254,0,0.8799948692321777,-0.46921518445014954,0.07380316406488419,0,-0.4298372268676758,-0.8527968525886536,-0.2966080904006958,0,0,1.3349970579147339,0,1,0.9948700070381165,0.0975278839468956,-0.026887061074376106,0,-0.09862914681434631,0.9941839575767517,-0.043236907571554184,0,0.02251388132572174,0.045666951686143875,0.9987030029296875,0,0,0.07106699794530869,0,1
K0.067,-0.5574547052383423,0.09276343137025833,-0.8250083327293396,0,0.03727426379919052,0.9955319762229919,0.08675090968608856,0,0.8293699622154236,0.01760813780128956,-0.5584219694137573,0,0.027908863499760628,2.1954779624938965,-0.009098039008677006,1,0.993791937828064,0.09705069661140442,-0.0543961226940155,0,-0.09648124128580093,0.9952499866485596,0.013004982843995094,0,0.05539988353848457,-0.0076760416850447655,0.9984349608421326,0,0.002976000076159835,0.030446000397205353,0,1,0.9873220324516296,0.1142982542514801,-0.11014577746391296,0,-0.10772863030433655,0.9921260476112366,0.06387383490800858,0,0.11657913774251938,-0.05119818076491356,0.9918609261512756,0,0,0.03568999841809273,0,1,0.9880620837211609,-0.09142796695232391,-0.12399682402610779,0,0.0966101586818695,0.9946549534797668,0.036432813853025436,0,0.1200030967593193,-0.04797724634408951,0.9916139245033264,0,0,0.04078799858689308,0,1,0.9768739938735962,0.1460653394460678,-0.1561506986618042,0,-0.14767159521579742,0.9890360236167908,0.0013278729747980833,0,0.15463241934776306,0.021761827170848846,0.98773193359375,0,0,0.045885998755693436,0,1,0.921899139881134,-0.04949971288442612,-0.38425585627555847,0,0.08307944238185883,0.9939910173416138,0.07127697765827179,0,0.37841829657554626,-0.09763385355472565,0.9204709529876709,0,-0.001601999974809587,0.062467001378536224,0,1,-0.9694867730140686,-0.07385018467903137,-0.23375648260116577,0,-0.2255624681711197,-0.10471402853727341,0.9685848951339722,0,-0.09600776433944702,0.9917568564414978,0.0848611518740654,0,0.003725999966263771,0.010320000350475311,0.12139900028705597,1,0.9935539960861206,-0.00020711924298666418,0.11335890740156174,0,0.07540716230869293,0.7478660345077515,-0.6595528721809387,0,-0.08464063704013824,0.6638492941856384,0.7430606484413147,0,0,0.24822799861431122,0,1,-0.5094260573387146,0.3841307461261749,0.770018994808197,0,0.5211760401725769,0.8497740030288696,-0.07911962270736694,0,-0.6847338676452637,0.36100953817367554,-0.6330962777137756,0,0,0.5594030022621155,0,1,-0.9005879759788513,0.005868725944310427,0.43463483452796936,0,-0.4330691397190094,-0.0979708582162857,-0.8960208892822266,0,0.037323035299777985,-0.9951719641685486,0.09077294170856476,0,0.0032309999223798513,0.010270999744534492,-0.12139900028705597,1,0.8954985737800598,0.4409447908401489,0.06041703745722771,0,-0.3234342336654663,0.5514947772026062,0.7689241170883179,0,0.30573317408561707,-0.7081109285354614,0.6364790201187134,0,0,0.24822799861431122,0,1,0.358624130487442,-0.4731047749519348,0.8047110438346863,0,0.7416063547134399,0.6679456233978271,0.06219667196273804,0,-0.5669289827346802,0.5744737982749939,0.5903991460800171,0,0,0.5594459772109985,0,1,-0.4421464502811432,0.8049641847610474,0.39565134048461914,0,-0.32527753710746765,-0.5549842715263367,0.7656289935112,0,0.835883378982544,0.20982345938682556,0.5072205662727356,0,0.0047969999723136425,-0.01693600043654442,0.16455799341201782,1,0.5834285616874695,0.6869392395019531,-0.43327346444129944,0,-0.8120334148406982,0.5029846429824829,-0.29598766565322876,0,0.014604353345930576,0.5245200395584106,0.8512730002403259,0,0,1.1665350198745728,0,1,0.035742390900850296,-0.05910518392920494,-0.9976121187210083,0,0.995366096496582,-0.08705847710371017,0.04081990569829941,0,-0.0892631858587265,-0.9944481253623962,0.05571954324841499,0,0,1.3350930213928223,0,1,0.9941709637641907,-0.10484128445386887,-0.025137722492218018,0,0.10272340476512909,0.991923987865448,-0.0743885189294815,0,0.03273370862007141,0.07137269526720047,0.9969120621681213,0,0,0.07030999660491943,0,1,-0.8137449026107788,0.5801560282707214,0.03518691658973694,0,-0.4962950050830841,-0.6620587706565857,-0.5615772008895874,0,-0.302506685256958,-0.47444388270378113,0.8266758322715759,0,0.01054100040346384,-0.01693600043654442,-0.16455799341201782,1,0.5445581674575806,0.7959798574447632,0.2643340826034546,0,-0.8364651799201965,0.4923068583011627,0.2407468557357788,0,0.06149620562791824,-0.352207213640213,0.9338999390602112,0,0,1.1666710376739502,0,1,0.20522695779800415,0.23221103847026825,-0.9507680535316467,0,0.8783829808235168,-0.472149133682251,0.07428697496652603,0,-0.4316539466381073,-0.8503840565681458,-0.3008680045604706,0,0,1.3349970579147339,0,1,0.9947930574417114,0.09909273684024811,-0.023821033537387848,0,-0.09991723299026489,0.9943320155143738,-0.03634965047240257,0,0.020084017887711525,0.03854048624634743,0.999055027961731,0,0,0.07106699794530869,0,1
K0.100,-0.5174359679222107,0.07263057678937912,-0.8526339530944824,0,0.021575218066573143,0.9971820116043091,0.07185041159391403,0,0.855449914932251,0.018782224506139755,-0.5175449252128601,0,0.04366999864578247,2.192399024963379,-0.0035019968636333942,1,0.9933570027351379,0.10174274444580078,-0.053759846836328506,0,-0.10121326148509979,0.9947860240936279,0.012488080188632011,0,0.05475015193223953,-0.00696391798555851,0.9984760284423828,0,0.002976000076159835,0.030446000397205353,0,1,0.9855509996414185,0.1233578622341156,-0.11606733500957489,0,-0.11664413660764694,0.9911749362945557,0.06298483163118362,0,0.1228126585483551,-0.04853616654872894,0.991241991519928,0,0,0.03568999841809273,0,1,0.9883430004119873,-0.08183617144823074,-0.12837578356266022,0,0.08680982887744904,0.9956570267677307,0.03362886235117912,0,0.12506622076034546,-0.04438113793730736,0.9911550283432007,0,0,0.04078799858689308,0,1,0.977293074131012,0.15043723583221436,-0.149221733212471,0,-0.1524447649717331,0.9883099794387817,-0.0020411380100995302,0,0.147170290350914,0.024742865934967995,0.9888020157814026,0,0,0.045885998755693436,0,1,0.9264159202575684,-0.038742389529943466,-0.37450215220451355,0,0.0764906033873558,0.9933149814605713,0.08645803481340408,0,0.3686489164829254,-0.10874196887016296,0.9231860041618347,0,-0.001601999974809587,0.062467001378536224,0,1,-0.9783858060836792,-0.07850335538387299,-0.1913091242313385,0,-0.18391333520412445,-0.09261929243803024,0.9785687923431396,0,-0.0945398360490799,0.9926019310951233,0.07617969810962677,0,0.003725999966263771,0.010320000350475311,0.12139900028705597,1,0.9978430867195129,-0.004834617022424936,0.06546074151992798,0,0.04643937945365906,0.7567950487136841,-0.6519999504089355,0,-0.046388231217861176,0.6536341309547424,0.7553879022598267,0,0,0.24822799861431122,0,1,-0.4876748323440552,0.39278364181518555,0.7796752452850342,0,0.5366583466529846,0.8392878174781799,-0.08714362978935242,0,-0.6886007189750671,0.3759216368198395,-0.6200903654098511,0,0,0.5594030022621155,0,1,-0.8906211853027344,0.007907639257609844,0.4546768069267273,0,-0.45293128490448,-0.10465774685144424,-0.8853818774223328,0,0.04058414325118065,-0.9944770336151123,0.09679193049669266,0,0.0032309999223798513,0.010270999744534492,-0.12139900028705597,1,0.9235769510269165,0.3792892396450043,0.05608973652124405,0,-0.2865907549858093,0.5857399702072144,0.7581380605697632,0,0.2546997368335724,-0.7162739634513855,0.6496770977973938,0,0,0.24822799861431122,0,1,0.36898189783096313,-0.4760759472846985,0.7982510924339294,0,0.7345131635665894,0.6756249070167542,0.06342203915119171,0,-0.569511890411377,0.5629241466522217,0.5989772081375122,0,0,0.5594459772109985,0,1,-0.45345062017440796,0.8174152374267578,0.35526779294013977,0,-0.3466854989528656,-0.5289757251739502,0.7745934128761292,0,0.8210920095443726,0.22807355225086212,0.523250162601471,0,0.0047969999723136425,-0.01693600043654442,0.16455799341201782,1,0.48656994104385376,0.7921839356422424,-0.3683662712574005,0,-0.872238039970398,0.41660183668136597,-0.25621116161346436,0,-0.04950430616736412,0.44596782326698303,0.8936790823936462,0,0,1.1665350198745728,0,1,-0.00830161850899458,-0.11884406954050064,-0.9928779602050781,0,0.9831529259681702,-0.18228015303611755,0.013597954995930195,0,-0.1825980246067047,-0.976037859916687,0.1183551624417305,0,0,1.3350930213928223,0,1,0.9850580096244812,-0.09987308084964752,-0.14030411839485168,0,0.07515692710876465,0.9823019504547119,-0.17156721651554108,0,0.1549558788537979,0.15845876932144165,0.9751300811767578,0,0,0.07030999660491943,0,1,-0.8246489763259888,0.5590839385986328,0.0859086662530899,0,-0.5112320184707642,-0.671677827835083,-0.536182165145874,0,-0.2420676350593567,-0.4860808253288269,0.8397191762924194,0,0.01054100040346384,-0.01693600043654442,-0.16455799341201782,1,0.5414861440658569,0.7994369864463806,0.260178804397583,0,-0.8388220071792603,0.49301889538764954,0.23089109361171722,0,0.056309789419174194,-0.34326794743537903,0.937548041343689,0,0,1.1666710376739502,0,1,0.20477384328842163,0.24601316452026367,-0.9473890066146851,0,0.8750638961791992,-0.47968021035194397,0.06458013504743576,0,-0.43855607509613037,-0.842249870300293,-0.31350305676460266,0,0,1.3349970579147339,0,1,0.9946659207344055,0.10133934020996094,-0.019243955612182617,0,-0.10182365775108337,0.9944589734077454,-0.02612292766571045,0,0.016490040346980095,0.027943069115281105,0.999472975730896,0,0,0.07106699794530869,0,1
K0.133,-0.4722514748573303,0.05253658443689346,-0.8798962235450745,0,0.009808950126171112,0.9984740018844604,0.05435199663043022,0,0.8814092874526978,0.017036961391568184,-0.4720463454723358,0,0.061965204775333405,2.1869120597839355,0.0017120403936132789,1,0.992796003818512,0.10696087777614594,-0.05400426685810089,0,-0.10662120580673218,0.994257926940918,0.009139864705502987,0,0.054671745747327805,-0.0033160194288939238,0.9984989762306213,0,0.002976000076159835,0.030446000397205353,0,1,0.9834790229797363,0.13373589515686035,-0.1219988688826561,0,-0.12696431577205658,0.989984929561615,0.06172006577253342,0,0.1290312111377716,-0.045210883021354675,0.9906089305877686,0,0,0.03568999841809273,0,1,0.9886600375175476,-0.07069564610719681,-0.13249239325523376,0,0.07536911964416504,0.9966859817504883,0.03059098683297634,0,0.12989069521427155,-0.040229931473731995,0.9907121062278748,0,0,0.04078799858689308,0,1,0.9778509736061096,0.15469814836978912,-0.14097987115383148,0,-0.15709592401981354,0.9875649809837341,-0.005971989594399929,0,0.13830295205116272,0.027987083420157433,0.9899939894676208,0,0,0.045885998755693436,0,1,0.9314960241317749,-0.027568913996219635,-0.36270594596862793,0,0.06982792168855667,0.9921309947967529,0.10392015427350998,0,0.35698679089546204,-0.1221281886100769,0.9260910749435425,0,-0.001601999974809587,0.062467001378536224,0,1,-0.9849652647972107,-0.08232320845127106,-0.15187515318393707,0,-0.14531077444553375,-0.0806247815489769,0.986095130443573,0,-0.09342346340417862,0.9933390021324158,0.06745006144046783,0,0.003725999966263771,0.010320000350475311,0.12139900028705597,1,0.9999629855155945,-0.0001838161697378382,0.008655406534671783,0,0.005708679091185331,0.765620231628418,-0.6432666778564453,0,-0.006508511491119862,0.6432921886444092,0.7655928730964661,0,0,0.24822799861431122,0,1,-0.4627428352832794,0.40041324496269226,0.7909100651741028,0,0.5534300804138184,0.8274469971656799,-0.0951119065284729,0,-0.6925202012062073,0.39370104670524597,-0.6044958829879761,0,0,0.5594030022621155,0,1,-0.8769398927688599,0.011064919643104076,0.48047301173210144,0,-0.4784943461418152,-0.11358936131000519,-0.8707126379013062,0,0.04494226723909378,-0.9934660196304321,0.10490559786558151,0,0.0032309999223798513,0.010270999744534492,-0.12139900028705597,1,0.946704089641571,0.3161586821079254,0.061596959829330444,0,-0.252003014087677,0.6078972816467285,0.7529640793800354,0,0.20061156153678894,-0.7283570766448975,0.6551720499992371,0,0,0.24822799861431122,0,1,0.39187899231910706,-0.4524664580821991,0.8010647892951965,0,0.7322387099266052,0.6805444359779358,0.026183338835835457,0,-0.5570073127746582,0.5763100385665894,0.5980046391487122,0,0,0.5594459772109985,0,1,-0.45720982551574707,0.8286612033843994,0.32292357087135315,0,-0.3661209046840668,-0.5062758326530457,0.7807949781417847,0,0.8105027079582214,0.23875802755355835,0.5348644256591797,0,0.0047969999723136425,-0.01693600043654442,0.16455799341201782,1,0.3799927830696106,0.8640906810760498,-0.3300805687904358,0,-0.9212834239006042,0.3216392695903778,-0.21859969198703766,0,-0.08272302895784378,0.3871636688709259,0.9182921051979065,0,0,1.1665350198745728,0,1,-0.04959799349308014,-0.15674833953380585,-0.986392080783844,0,0.9611619710922241,-0.27594897150993347,-0.004478112794458866,0,-0.271492063999176,-0.9483049511909485,0.16434712707996368,0,0,1.3350930213928223,0,1,0.9856861233711243,-0.10233984887599945,-0.13397803902626038,0,0.07697784900665283,0.9802061319351196,-0.18240413069725037,0,0.14999312162399292,0.16947965323925018,0.9740522503852844,0,0,0.07030999660491943,0,1,-0.8310942053794861,0.5374858379364014,0.14280152320861816,0,-0.5281251668930054,-0.6823180913925171,-0.5054948925971985,0,-0.17426027357578278,-0.4955308735370636,0.8509301543235779,0,0.01054100040346384,-0.01693600043654442,-0.16455799341201782,1,0.5373499989509583,0.8023658394813538,0.25973835587501526,0,-0.8419190049171448,0.49236395955085754,0.22079585492610931,0,0.04927322268486023,-0.33732300996780396,0.9400980472564697,0,0,1.1666710376739502,0,1,0.20311865210533142,0.2746610641479492,-0.9398421049118042,0,0.8754290342330933,-0.4808899760246277,0.04866160824894905,0,-0.43859565258026123,-0.8326500654220581,-0.3381243646144867,0,0,1.3349970579147339,0,1,0.9944869875907898,0.1039792075753212,-0.013596899807453156,0,-0.10416286438703537,0.99446702003479,-0.013586158864200115,0,0.01210898719727993,0.014927545562386513,0.9998149871826172,0,0,0.07106699794530869,0,1
K0.167,-0.41878923773765564,0.03245614096522331,-0.9075028300285339,0,0.0032392137218266726,0.9994080066680908,0.034248236566782,0,0.9080776572227478,0.01140320673584938,-0.4186466932296753,0,0.08189680427312851,2.179399013519287,0.005380967631936073,1,0.9921789765357971,0.11210721731185913,-0.054891183972358704,0,-0.11206568777561188,0.9936929941177368,0.003842788515612483,0,0.05497581139206886,0.0023386848624795675,0.9984850883483887,0,0.002976000076159835,0.030446000397205353,0,1,0.9814290404319763,0.1441284865140915,-0.12658515572547913,0,-0.137446328997612,0.9886859655380249,0.060070138424634933,0,0.13381077349185944,-0.04155591502785683,0.9901350736618042,0,0,0.03568999841809273,0,1,0.9888960123062134,-0.05933152884244919,-0.13624884188175201,0,0.06360070407390594,0.9976049661636353,0.027193255722522736,0,0.1343090832233429,-0.035556819289922714,0.9903010129928589,0,0,0.04078799858689308,0,1,0.978352963924408,0.1591588258743286,-0.1322672814130783,0,-0.1618780940771103,0.9867600202560425,-0.009997584857046604,0,0.1289248764514923,0.031192347407341003,0.9911640286445618,0,0,0.045885998755693436,0,1,0.9365991353988647,-0.016702156513929367,-0.3500036299228668,0,0.06305701285600662,0.99058997631073,0.12146777659654617,0,0.34468165040016174,-0.13583692908287048,0.9288398027420044,0,-0.001601999974809587,0.062467001378536224,0,1,-0.9900068640708923,-0.08563090115785599,-0.11204221099615097,0,-0.10640431195497513,-0.06780111789703369,0.9920089244842529,0,-0.09254316240549088,0.9940169453620911,0.058012139052152634,0,0.003725999966263771,0.010320000350475311,0.12139900028705597,1,0.9986500144004822,0.005279990844428539,-0.051665544509887695,0,-0.03697255253791809,0.7709160447120667,-0.6358630061149597,0,0.036472465842962265,0.6369152069091797,0.7700709700584412,0,0,0.24822799861431122,0,1,-0.43693801760673523,0.4060969054698944,0.8026031255722046,0,0.5713568925857544,0.8144570589065552,-0.10104741901159286,0,-0.6947206258773804,0.41442129015922546,-0.5878933668136597,0,0,0.5594030022621155,0,1,-0.8626439571380615,0.016796177253127098,0.5055319666862488,0,-0.5033775568008423,-0.12642626464366913,-0.8547672033309937,0,0.04955575615167618,-0.9918339848518372,0.11751583963632584,0,0.0032309999223798513,0.010270999744534492,-0.12139900028705597,1,0.9691116809844971,0.24160608649253845,0.04949285462498665,0,-0.1946631520986557,0.626154899597168,0.7550081014633179,0,0.15142421424388885,-0.7413208484649658,0.6538451313972473,0,0,0.24822799861431122,0,1,0.43968668580055237,-0.39639943838119507,0.8059419393539429,0,0.7037343978881836,0.7096046209335327,-0.034910403192043304,0,-0.5580620169639587,0.5825190544128418,0.5909639596939087,0,0,0.5594459772109985,0,1,-0.4765830338001251,0.830758810043335,0.2875903248786926,0,-0.39098790287971497,-0.4932928681373596,0.7770400643348694,0,0.7873992323875427,0.2578797936439514,0.5599117279052734,0,0.0047969999723136425,-0.01693600043654442,0.16455799341201782,1,0.2713310420513153,0.9106525182723999,-0.3115953207015991,0,-0.9567136764526367,0.2197771817445755,-0.19077792763710022,0,-0.10525094717741013,0.3498717248439789,0.9308667778968811,0,0,1.1665350198745728,0,1,-0.06559008359909058,-0.11593262851238251,-0.9910888671875,0,0.94908607006073,-0.31393373012542725,-0.026087962090969086,0,-0.30811190605163574,-0.9423400163650513,0.1306210458278656,0,0,1.3350930213928223,0,1,0.99565190076828,-0.07858242839574814,-0.05001215636730194,0,0.0721418634057045,0.9901930093765259,-0.11964264512062073,0,0.05892351269721985,0.11551449447870255,0.9915569424629211,0,0,0.07030999660491943,0,1,-0.8314061760902405,0.5195549726486206,0.19704248011112213,0,-0.5447769165039062,-0.6922937035560608,-0.4732294976711273,0,-0.1094576045870781,-0.5007908344268799,0.8586199879646301,0,0.01054100040346384,-0.01693600043654442,-0.16455799341201782,1,0.5341421961784363,0.8031709790229797,0.26383495330810547,0,-0.8443720936775208,0.4915078282356262,0.2132011353969574,0,0.041560035198926926,-0.3366548717021942,0.9407110214233398,0,0,1.1666710376739502,0,1,0.20486606657505035,0.29825690388679504,-0.9322411417961121,0,0.8759050369262695,-0.4809359610080719,0.03861745819449425,0,-0.43683019280433655,-0.824465811252594,-0.35977211594581604,0,0,1.3349970579147339,0,1,0.9942610263824463,0.1067298948764801,-0.007323935627937317,0,-0.10673106461763382,0.9942880272865295,0.00023488605802413076,0,0.0073071690276265144,0.0005481532425619662,0.9999729990959167,0,0,0.07106699794530869,0,1
K0.200,-0.3535791337490082,0.012155196629464626,-0.9353258013725281,0,0.00535125145688653,0.9999250173568726,0.01097178366035223,0,0.9353890419006348,-0.0011257692240178585,-0.35361766815185547,0,0.10312700271606445,2.1689939498901367,0.006233992986381054,1,0.9915890097618103,0.11642611026763916,-0.05653320625424385,0,-0.11687188595533371,0.9931359887123108,-0.004632920026779175,0,0.05560579523444176,0.011201099492609501,0.9983900785446167,0,0.002976000076159835,0.030446000397205353,0,1,0.9797980189323425,0.15326687693595886,-0.12847113609313965,0,-0.14685609936714172,0.9874539375305176,0.058025989681482315,0,0.1357528567314148,-0.03798699378967285,0.9900140166282654,0,0,0.03568999841809273,0,1,0.9889979362487793,-0.04907102510333061,-0.13955022394657135,0,0.05282296985387802,0.9983320832252502,0.02330796979367733,0,0.13817378878593445,-0.030423007905483246,0.9899410009384155,0,0,0.04078799858689308,0,1,0.9786230325698853,0.16412271559238434,-0.12393681704998016,0,-0.16706730425357819,0.985850989818573,-0.013679319061338902,0,0.11993815749883652,0.03409268707036972,0.9921960234642029,0,0,0.045885998755693436,0,1,0.9412659406661987,-0.006688655819743872,-0.3375991880893707,0,0.056146327406167984,0.9889859557151794,0.13694830238819122,0,0.33296477794647217,-0.14785969257354736,0.9312741160392761,0,-0.001601999974809587,0.062467001378536224,0,1,-0.993278980255127,-0.08815214037895203,-0.07501356303691864,0,-0.07035312056541443,-0.05484030768275261,0.9960140585899353,0,-0.09191442281007767,0.9945960640907288,0.04826986417174339,0,0.003725999966263771,0.010320000350475311,0.12139900028705597,1,0.9939449429512024,0.008769553154706955,-0.10952434688806534,0,-0.07639546692371368,0.7715898156166077,-0.63151615858078,0,0.078969806432724,0.6360598206520081,0.7675882577896118,0,0,0.24822799861431122,0,1,-0.41278940439224243,0.40907391905784607,0.8137958645820618,0,0.5903441309928894,0.8005568385124207,-0.10297314822673798,0,-0.6936132311820984,0.437913179397583,-0.5719555020332336,0,0,0.5594030022621155,0,1,-0.8459651470184326,0.0241264458745718,0.5326927900314331,0,-0.5301637053489685,-0.1451810598373413,-0.8353732228279114,0,0.05718231946229935,-0.9891110062599182,0.13560906052589417,0,0.0032309999223798513,0.010270999744534492,-0.12139900028705597,1,0.9874220490455627,0.15620487928390503,0.02445385605096817,0,-0.12215500324964523,0.6555148363113403,0.7452371716499329,0,0.1003798395395279,-0.7388509511947632,0.6663511991500854,0,0,0.24822799861431122,0,1,0.48224392533302307,-0.3299552798271179,0.8115238547325134,0,0.6528286933898926,0.7530820965766907,-0.08174646645784378,0,-0.5841711163520813,0.5692075490951538,0.5785732865333557,0,0,0.5594459772109985,0,1,-0.5551325082778931,0.8086642026901245,0.19465215504169464,0,-0.4607066810131073,-0.493790864944458,0.7375091910362244,0,0.6925147175788879,0.3197377920150757,0.6466764211654663,0,0.0047969999723136425,-0.01693600043654442,0.16455799341201782,1,0.1311490535736084,0.9192360043525696,-0.37122002243995667,0,-0.97986900806427,0.06334199756383896,-0.18932883441448212,0,-0.15052402019500732,0.3885771930217743,0.9090378880500793,0,0,1.1665350198745728,0,1,-0.0890432819724083,0.04709043726325035,-0.9949139356613159,0,0.9723351001739502,-0.21246156096458435,-0.0970785915851593,0,-0.21595250070095062,-0.9760340452194214,-0.02686937339603901,0,0,1.3350930213928223,0,1,0.999116063117981,-0.0369710847735405,0.02002432756125927,0,0.035825878381729126,0.9978539943695068,0.05481002479791641,0,-0.02200772985816002,-0.05404416099190712,0.9982959628105164,0,0,0.07030999660491943,0,1,-0.8250720500946045,0.51115882396698,0.24077491462230682,0,-0.5620310306549072,-0.6986289620399475,-0.4427609443664551,0,-0.05810890346765518,-0.5006330013275146,0.8637070059776306,0,0.01054100040346384,-0.01693600043654442,-0.16455799341201782,1,0.5330179333686829,0.798107922077179,0.28091830015182495,0,-0.8455381393432617,0.4903019964694977,0.21135373413562775,0,0.030948245897889137,-0.35018226504325867,0.9361698031425476,0,0,1.1666710376739502,0,1,0.21215146780014038,0.31373220682144165,-0.9255078434944153,0,0.879353940486908,-0.47442200779914856,0.04075029864907265,0,-0.4262964725494385,-0.822493851184845,-0.3765307664871216,0,0,1.3349970579147339,0,1,0.9940009713172913,0.1093708872795105,-0.0008882954134605825,0,-0.10934710502624512,0.9939010143280029,0.014307495206594467,0,0.002447698963806033,-0.014124518260359764,0.9998970031738281,0,0,0.07106699794530869,0,1
