7.333,30,220,25
B0,mixamorig_Hips,-1,-0.9795389175415039,0.11856300383806229,0.16262298822402954,0,0.06798803061246872,0.9554860591888428,-0.2870957851409912,0,-0.18942297995090485,-0.2701651453971863,-0.9439968466758728,0,0.0068270000629127026,0.3497459888458252,-0.010045000351965427,1
B1,mixamorig_Spine,0,0.9993270039558411,-0.03129293769598007,0.0191152673214674,0,0.035683970898389816,0.9499250650405884,-0.3104328513145447,0,-0.008443718776106834,0.31090617179870605,0.9504029154777527,0,0,0.044484999030828476,-0.003961999900639057,1
B2,mixamorig_Spine1,1,0.9984760284423828,-0.05517672747373581,0.000575891463086009,0,0.053958285599946976,0.974137008190155,-0.2194211184978485,0,0.011545946821570396,0.2191178798675537,0.975629985332489,0,0,0.052104998379945755,0,1
B3,mixamorig_Spine2,2,0.998744010925293,-0.04987913742661476,0.004680812358856201,0,0.048588939011096954,0.9416550993919373,-0.33305492997169495,0,0.012204782105982304,0.33286404609680176,0.9428959488868713,0,0,0.05954800173640251,0,1
B4,mixamorig_Neck,3,0.9986379742622375,-0.04544198885560036,0.025618160143494606,0,0.034439075738191605,0.9431701302528381,0.3305216431617737,0,-0.03918186575174332,-0.32918936014175415,0.943450927734375,0,0,0.06699199974536896,0,1
B5,mixamorig_Head,4,0.9944159388542175,-0.08444608002901077,0.06329693645238876,0,0.07915988564491272,0.9934980273246765,0.08182323724031448,0,-0.06979502737522125,-0.07635574787855148,0.9946349263191223,0,0,0.026009999215602875,0.014396999962627888,1
B6,mixamorig_HeadTop_End,5,1,0,0,0,0,1,0,0,0,0,1,0,0,0.10107800364494324,0.055948998779058456,1
B7,mixamorig_LeftShoulder,3,-0.45578116178512573,0.010549932718276978,0.8900289535522461,0,-0.8828540444374084,0.12189602851867676,-0.4535518288612366,0,-0.11327603459358215,-0.9924870133399963,-0.04624388739466667,0,-0.03156600147485733,0.06663200259208679,-0.003278000047430396,1
B8,mixamorig_LeftArm,7,-0.9076219797134399,-0.3113301694393158,-0.28159475326538086,0,-0.38396912813186646,0.3445560038089752,0.8566499352455139,0,-0.169675812125206,0.8856381177902222,-0.43226784467697144,0,0,0.07022500038146973,0,1
B9,mixamorig_LeftForeArm,8,0.9820590019226074,-0.18781594932079315,-0.016885315999388695,0,0.18815705180168152,0.981902003288269,0.02158505842089653,0,0.012525699101388454,-0.024374879896640778,0.9996240139007568,0,0,0.107184998691082,0,1
B10,mixamorig_LeftHand,9,1,0,0,0,0,1,0,0,0,0,1,0,0,0.11084499955177307,0,1
B11,mixamorig_RightShoulder,3,-0.1434270441532135,-0.024710753932595253,-0.9893519878387451,0,0.9896060228347778,-0.014156035147607327,-0.1431102752685547,0,-0.010468919761478901,-0.9995940327644348,0.026484237983822823,0,0.03156600147485733,0.06630799919366837,0.0003530000103637576,1
B12,mixamorig_RightArm,11,-0.8763617277145386,0.3492841124534607,0.3316482901573181,0,0.4606056213378906,0.4064211845397949,0.7890910506248474,0,0.14082804322242737,0.8442879319190979,-0.5170539021492004,0,0,0.06993100047111511,0,1
B13,mixamorig_RightForeArm,12,0.9633319973945618,0.2683102786540985,-0.0011531627969816327,0,-0.2683126926422119,0.9633271098136902,-0.0031530861742794514,0,0.00026486723800189793,0.0033468741457909346,0.9999939799308777,0,0,0.10674600303173065,0,1
B14,mixamorig_RightHand,13,1,0,0,0,0,1,0,0,0,0,1,0,0,0.11084499955177307,0,1
B15,mixamorig_LeftUpLeg,0,-0.8641398549079895,0.39736297726631165,0.30881190299987793,0,-0.39921799302101135,-0.9148839116096497,0.06010397523641586,0,0.3064100742340088,-0.0713450014591217,0.9492219686508179,0,-0.04615899920463562,-0.024637000635266304,-0.007062000222504139,1
B16,mixamorig_LeftLeg,15,0.9816439151763916,-0.06717421859502792,-0.1785002052783966,0,0.11419975012540817,0.9566180109977722,0.2680300772190094,0,0.1527518630027771,-0.2834949195384979,0.9467300176620483,0,0,0.17194600403308868,0,1
B17,mixamorig_LeftFoot,16,-0.9467231035232544,-0.24797208607196808,-0.20548811554908752,0,0.08370000869035721,0.4266829192638397,-0.9005202054977417,0,0.31098195910453796,-0.8697420358657837,-0.383195161819458,0,0,0.14196300506591797,0,1
B18,mixamorig_LeftToeBase,17,0.9051859378814697,-0.0033927103504538536,0.4250020682811737,0,-0.19418171048164368,0.8861980438232422,0.42065009474754333,0,-0.37806302309036255,-0.46329405903816223,0.8015149235725403,0,0,0.05748400092124939,0,1
B19,mixamorig_LeftToe_End,18,1,0,0,0,0,1,0,0,0,0,1,0,0,0.02958199940621853,0,1
B20,mixamorig_RightUpLeg,0,-0.9811339974403381,0.1808600276708603,-0.06830420345067978,0,-0.18914897739887238,-0.9710811376571655,0.14568282663822174,0,-0.03998076543211937,0.15585418045520782,0.9869710206985474,0,0.04615899920463562,-0.024637000635266304,-0.006095000077039003,1
B21,mixamorig_RightLeg,20,0.9827090501785278,0.08835115283727646,-0.1627197116613388,0,-0.026437751948833466,0.9367630481719971,0.34896495938301086,0,0.1832612007856369,-0.33862897753715515,0.9229010343551636,0,0,0.1719609946012497,0,1
B22,mixamorig_RightFoot,21,-0.9529560208320618,-0.004763882141560316,0.30306997895240784,0,-0.29721906781196594,0.2108163833618164,-0.931244969367981,0,-0.05945580452680588,-0.9775140881538391,-0.20231476426124573,0,0,0.14189299941062927,0,1
B23,mixamorig_RightToeBase,22,0.8857719898223877,0.019051015377044678,-0.4637300968170166,0,0.20934702455997467,0.87534099817276,0.4358350932598114,0,0.4142249524593353,-0.48313090205192566,0.7713640332221985,0,0,0.058802999556064606,0,1
B24,mixamorig_RightToe_End,23,1,0,0,0,0,1,0,0,0,0,1,0,0,0.02912200056016445,0,1
@20,0,1,2,3,4,5,7,8,9,11,12,13,15,16,17,18,20,21,22,23
K0,0.9833458662033081,0.1185629814863205,-0.13774541020393372,0,-0.0752423107624054,0.9554860591888428,0.2852804958820343,0,0.16543757915496826,-0.2701651453971863,0.9484944343566895,0,-0.007079387549310923,0.3497459888458252,0.009868751280009747,1,0.9993269443511963,-0.031292982399463654,0.019115280359983444,0,0.0356840156018734,0.9499250650405884,-0.3104328215122223,0,-0.008443718776106834,0.31090617179870605,0.9504029154777527,0,0,0.044484999030828476,-0.003961999900639057,1,0.9984760284423828,-0.055176716297864914,0.0005759179475717247,0,0.05395827814936638,0.974137008190155,-0.2194211184978485,0,0.011545917950570583,0.2191178798675537,0.975629985332489,0,0,0.052104998379945755,0,1,0.998744010925293,-0.049879103899002075,0.004680790938436985,0,0.04858889803290367,0.9416550993919373,-0.33305492997169495,0,0.01220479141920805,0.33286404609680176,0.9428959488868713,0,0,0.05954800173640251,0,1,0.9986379742622375,-0.04544195532798767,0.02561815455555916,0,0.034439049661159515,0.9431701302528381,0.3305216431617737,0,-0.039181847125291824,-0.32918936014175415,0.943450927734375,0,0,0.06699199974536896,0,1,0.9944159388542175,-0.08444608747959137,0.06329695135354996,0,0.07915989309549332,0.9934980273246765,0.08182323724031448,0,-0.06979504227638245,-0.07635574787855148,0.9946349263191223,0,0,0.026009999215602875,0.014396999962627888,1,-0.4557812809944153,0.010550089180469513,0.8900289535522461,0,-0.8828540444374084,0.12189596891403198,-0.45355191826820374,0,-0.11327610164880753,-0.9924870729446411,-0.046243805438280106,0,-0.03156600147485733,0.06663200259208679,-0.003278000047430396,1,-0.9076221585273743,-0.31133005023002625,-0.2815946936607361,0,-0.3839690089225769,0.3445560932159424,0.8566499948501587,0,-0.16967569291591644,0.8856381773948669,-0.432267963886261,0,0,0.07022500038146973,0,1,0.9820590019226074,-0.18781594932079315,-0.016885310411453247,0,0.18815705180168152,0.981902003288269,0.021585090085864067,0,0.012525687925517559,-0.024374907836318016,0.9996240139007568,0,0,0.107184998691082,0,1,-0.1434265375137329,-0.024710850790143013,-0.9893519878387451,0,0.9896060228347778,-0.014155885204672813,-0.14310982823371887,0,-0.010468829423189163,-0.99959397315979,0.026484379544854164,0,0.03156600147485733,0.06630799919366837,0.0003530000103637576,1,-0.8763616681098938,0.3492843210697174,0.33164820075035095,0,0.460605651140213,0.4064211845397949,0.7890910506248474,0,0.1408282369375229,0.8442878723144531,-0.5170539617538452,0,0,0.06993100047111511,0,1,0.9633319973945618,0.2683102786540985,-0.001153150456957519,0,-0.2683126926422119,0.9633271098136902,-0.003153108060359955,0,0.0002648495137691498,0.003346892073750496,0.9999939799308777,0,0,0.10674600303173065,0,1,-0.8641398549079895,0.39736297726631165,0.30881190299987793,0,-0.39921799302101135,-0.9148839116096497,0.06010399013757706,0,0.3064100742340088,-0.07134498655796051,0.9492219686508179,0,-0.04615899920463562,-0.024637000635266304,-0.007062000222504139,1,0.9816439151763916,-0.06717424839735031,-0.17850016057491302,0,0.11419975757598877,0.9566180109977722,0.268030047416687,0,0.15275181829929352,-0.28349488973617554,0.9467300176620483,0,0,0.17194600403308868,0,1,-0.9467231035232544,-0.2479720264673233,-0.20548811554908752,0,0.083700031042099,0.4266829192638397,-0.9005201458930969,0,0.3109818994998932,-0.8697420358657837,-0.383195161819458,0,0,0.14196300506591797,0,1,0.9051859378814697,-0.003392684506252408,0.4250020384788513,0,-0.1941816806793213,0.8861980438232422,0.42065003514289856,0,-0.37806299328804016,-0.46329396963119507,0.8015149235725403,0,0,0.05748400092124939,0,1,-0.9811339974403381,0.1808600276708603,-0.06830421835184097,0,-0.18914897739887238,-0.9710811376571655,0.14568284153938293,0,-0.039980776607990265,0.15585419535636902,0.9869709610939026,0,0.04615899920463562,-0.024637000635266304,-0.006095000077039003,1,0.9827090501785278,0.08835120499134064,-0.1627197414636612,0,-0.02643778547644615,0.9367630481719971,0.34896501898765564,0,0.18326124548912048,-0.33862900733947754,0.9229009747505188,0,0,0.1719609946012497,0,1,-0.9529560208320618,-0.004763835575431585,0.3030701279640198,0,-0.2972191870212555,0.2108163684606552,-0.9312449097633362,0,-0.059455882757902145,-0.9775140881538391,-0.20231477916240692,0,0,0.14189299941062927,0,1,0.8857719898223877,0.01905100792646408,-0.4637300670146942,0,0.20934700965881348,0.87534099817276,0.4358350932598114,0,0.41422492265701294,-0.48313090205192566,0.7713640928268433,0,0,0.058802999556064606,0,1
K0.033,0.9833771586418152,0.11718504875898361,-0.13870058953762054,0,-0.07355834543704987,0.9554799795150757,0.2857404947280884,0,0.16601012647151947,-0.2707880139350891,0.9482169151306152,0,-0.007165337912738323,0.34979701042175293,0.009589479304850101,1,0.999288022518158,-0.03106868825852871,0.02138579823076725,0,0.036154307425022125,0.9505620002746582,-0.3084220588207245,0,-0.010746265761554241,0.30897584557533264,0.9510090351104736,0,0,0.044484999030828476,-0.003961999900639057,1,0.9984599947929382,-0.05545025318861008,0.0019558146595954895,0,0.054544758051633835,0.9744740724563599,-0.21777494251728058,0,0.010169776156544685,0.21754604578018188,0.9759969711303711,0,0,0.052104998379945755,0,1,0.9987260103225708,-0.05012520030140877,0.005874987225979567,0,0.04923681169748306,0.9421720504760742,-0.33149412274360657,0,0.011080953292548656,0.3313608169555664,0.9434390068054199,0,0,0.05954800173640251,0,1,0.9987209439277649,-0.04375713691115379,0.025330279022455215,0,0.033043816685676575,0.9440891146659851,0.32802966237068176,0,-0.038267698138952255,-0.3267732858657837,0.9443279504776001,0,0,0.06699199974536896,0,1,0.9948040246963501,-0.08023513853549957,0.06267394870519638,0,0.07550278306007385,0.9943559765815735,0.07454165071249008,0,-0.0683009922504425,-0.06942218542098999,0.9952459931373596,0,0,0.026009999215602875,0.014396999962627888,1,-0.45717763900756836,0.008969148620963097,0.8893300890922546,0,-0.8828170299530029,0.11663594841957092,-0.45500582456588745,0,-0.10780879855155945,-0.9931339621543884,-0.04540514200925827,0,-0.03156600147485733,0.06663200259208679,-0.003278000047430396,1,-0.9077351093292236,-0.3126770853996277,-0.27973082661628723,0,-0.38333791494369507,0.3471798896789551,0.8558730483055115,0,-0.17049485445022583,0.8841369152069092,-0.43500813841819763,0,0,0.07022500038146973,0,1,0.9820549488067627,-0.18783801794052124,-0.016886357218027115,0,0.18817900121212006,0.9818969964981079,0.02158786542713642,0,0.012525641359388828,-0.024378130212426186,0.9996240139007568,0,0,0.107184998691082,0,1,-0.14057843387126923,-0.026659531518816948,-0.9897108674049377,0,0.9900668859481812,-0.005891893524676561,-0.14047034084796906,0,-0.0020864419639110565,-0.9996269345283508,0.027223041281104088,0,0.03156600147485733,0.06630799919366837,0.0003530000103637576,1,-0.8726739287376404,0.35076701641082764,0.3397097885608673,0,0.4668540358543396,0.3954122066497803,0.7910099029541016,0,0.14313474297523499,0.8488882184028625,-0.5088225603103638,0,0,0.06993100047111511,0,1,0.9645509123802185,0.26389530301094055,-0.0011388841085135937,0,-0.2638976275920868,0.9645460844039917,-0.0031011926475912333,0,0.00028011607355438173,0.003291806671768427,0.9999949932098389,0,0,0.10674600303173065,0,1,-0.8649849891662598,0.39630717039108276,0.30780112743377686,0,-0.397123783826828,-0.9156082272529602,0.06288480758666992,0,0.30674687027931213,-0.06784071773290634,0.9493700265884399,0,-0.04615899920463562,-0.024637000635266304,-0.007062000222504139,1,0.9817319512367249,-0.0675661638379097,-0.17786796391010284,0,0.11389681696891785,0.9575209617614746,0.264916330575943,0,0.1524130254983902,-0.28033560514450073,0.9477251768112183,0,0,0.17194600403308868,0,1,-0.9467869997024536,-0.24770623445510864,-0.20551475882530212,0,0.08356023579835892,0.4274563193321228,-0.9001657366752625,0,0.31082525849342346,-0.8694380521774292,-0.3840116858482361,0,0,0.14196300506591797,0,1,0.9051859378814697,-0.0033928868360817432,0.4250030219554901,0,-0.194181889295578,0.886198103427887,0.420649915933609,0,-0.37806394696235657,-0.463294118642807,0.8015149235725403,0,0,0.05748400092124939,0,1,-0.9814091324806213,0.179085835814476,-0.0690239891409874,0,-0.18757711350917816,-0.971125066280365,0.1474146842956543,0,-0.040631022304296494,0.157621368765831,0.9866628646850586,0,0.04615899920463562,-0.024637000635266304,-0.006095000077039003,1,0.9829200506210327,0.08822782337665558,-0.16150715947151184,0,-0.026751188561320305,0.9367671608924866,0.34892967343330383,0,0.18207982182502747,-0.33864933252334595,0.9231269359588623,0,0,0.1719609946012497,0,1,-0.952629029750824,-0.003868035040795803,0.30410996079444885,0,-0.2981009781360626,0.2100578397512436,-0.931134045124054,0,-0.060279034078121185,-0.9776809215545654,-0.2012602984905243,0,0,0.14189299941062927,0,1,0.8857719898223877,0.01905100792646408,-0.4637300670146942,0,0.20934700965881348,0.87534099817276,0.4358350932598114,0,0.41422492265701294,-0.48313090205192566,0.7713640928268433,0,0,0.058802999556064606,0,1
K0.067,0.9834567904472351,0.11572564393281937,-0.13935603201389313,0,-0.07181147485971451,0.9553619623184204,0.2865782380104065,0,0.16629981994628906,-0.2718298137187958,0.9478671550750732,0,-0.007267847191542387,0.3498629927635193,0.009213767945766449,1,0.999235987663269,-0.030513260513544083,0.024419594556093216,0,0.03652573749423027,0.9513920545578003,-0.30581000447273254,0,-0.013901338912546635,0.30646809935569763,0.9517789483070374,0,0,0.044484999030828476,-0.003961999900639057,1,0.9984420537948608,-0.055672988295555115,0.0038351889234036207,0,0.05518900603055954,0.9749049544334412,-0.21567325294017792,0,0.008268225938081741,0.2155487835407257,0.9764580726623535,0,0,0.052104998379945755,0,1,0.9987049698829651,-0.05031431466341019,0.007541925646364689,0,0.04998767748475075,0.9428301453590393,-0.32950279116630554,0,0.0094679594039917,0.32945331931114197,0.9441249370574951,0,0,0.05954800173640251,0,1,0.9988200068473816,-0.04183566942811012,0.024648265913128853,0,0.03158436715602875,0.9453211426734924,0.32460880279541016,0,-0.03688075393438339,-0.32344722747802734,0.9455269575119019,0,0,0.06699199974536896,0,1,0.9952710270881653,-0.07604590803384781,0.06043904647231102,0,0.0720001608133316,0.9951839447021484,0.06651315838098526,0,-0.06520602107048035,-0.06184699013829231,0.9959530234336853,0,0,0.026009999215602875,0.014396999962627888,1,-0.45672428607940674,0.008002015762031078,0.8895719051361084,0,-0.8836699724197388,0.11126529425382614,-0.454694926738739,0,-0.10261707752943039,-0.993759036064148,-0.043746501207351685,0,-0.03156600147485733,0.06663200259208679,-0.003278000047430396,1,-0.9077780842781067,-0.3147868514060974,-0.27721530199050903,0,-0.3822181820869446,0.3485729694366455,0.8558080792427063,0,-0.1727672517299652,0.8828400373458862,-0.43674397468566895,0,0,0.07022500038146973,0,1,0.982132077217102,-0.1874348223209381,-0.01687685213983059,0,0.18777517974376678,0.9819759130477905,0.021540913730859756,0,0.012535148300230503,-0.024325083941221237,0.9996259808540344,0,0,0.107184998691082,0,1,-0.13777592778205872,-0.028829719871282578,-0.9900439381599426,0,0.9904239773750305,0.004869992379099131,-0.1379706710577011,0,0.008799107745289803,-0.9995719194412231,0.02788272686302662,0,0.03156600147485733,0.06630799919366837,0.0003530000103637576,1,-0.869297981262207,0.3501770496368408,0.3488509953022003,0,0.4725298583507538,0.3816492557525635,0.794391930103302,0,0.14503911137580872,0.8554059863090515,-0.49723613262176514,0,0,0.06993100047111511,0,1,0.9656699895858765,0.25976991653442383,-0.0011258895974606276,0,-0.2597721219062805,0.9656649231910706,-0.0030531701631844044,0,0.000294110388495028,0.003240830497816205,0.9999949336051941,0,0,0.10674600303173065,0,1,-0.8656818866729736,0.39555105566978455,0.30681392550468445,0,-0.3949359655380249,-0.9162660241127014,0.06694964319467545,0,0.3076050579547882,-0.0632147267460823,0.949411928653717,0,-0.04615899920463562,-0.024637000635266304,-0.007062000222504139,1,0.9818410277366638,-0.06799285858869553,-0.17710110545158386,0,0.11345615983009338,0.9586629271507263,0.2609451413154602,0,0.15203788876533508,-0.2762998938560486,0.9489690065383911,0,0,0.17194600403308868,0,1,-0.9468439817428589,-0.24745619297027588,-0.205551415681839,0,0.08338518440723419,0.4283376634120941,-0.8997630476951599,0,0.3106975555419922,-0.8690757751464844,-0.3849349915981293,0,0,0.14196300506591797,0,1,0.9051857590675354,-0.0033927822951227427,0.42500245571136475,0,-0.19418178498744965,0.886198103427887,0.4206499755382538,0,-0.3780635595321655,-0.463294118642807,0.8015151619911194,0,0,0.05748400092124939,0,1,-0.9817010164260864,0.1771681159734726,-0.06981895118951797,0,-0.18592388927936554,-0.971010148525238,0.15024061501026154,0,-0.04117704555392265,0.1604723185300827,0.9861809611320496,0,0.04615899920463562,-0.024637000635266304,-0.006095000077039003,1,0.9832100868225098,0.08782367408275604,-0.15995286405086517,0,-0.027063332498073578,0.937050998210907,0.34814202785491943,0,0.180459126830101,-0.33796796202659607,0.9236949682235718,0,0,0.1719609946012497,0,1,-0.9522660374641418,-0.0030855094082653522,0.30525311827659607,0,-0.2991025149822235,0.2093975692987442,-0.9309620261192322,0,-0.061046820133924484,-0.9778259992599487,-0.20032529532909393,0,0,0.14189299941062927,0,1,0.8857719898223877,0.01905100792646408,-0.4637300670146942,0,0.20934700965881348,0.87534099817276,0.4358350932598114,0,0.41422492265701294,-0.48313090205192566,0.7713640928268433,0,0,0.058802999556064606,0,1
K0.100,0.9836031794548035,0.1142621859908104,-0.13952967524528503,0,-0.07010284066200256,0.9550789594650269,0.2879391312599182,0,0.16616259515285492,-0.27343666553497314,0.9474298357963562,0,-0.007393562700599432,0.3499450087547302,0.0087274219840765,1,0.999172031879425,-0.029726840555667877,0.027794944122433662,0,0.03675315901637077,0.9524109363555908,-0.3025931119918823,0,-0.01747705601155758,0.3033638596534729,0.9527140259742737,0,0,0.044484999030828476,-0.003961999900639057,1,0.9984199404716492,-0.055887844413518906,0.005905291065573692,0,0.05586114898324013,0.9754210114479065,-0.21314890682697296,0,0.006152290850877762,0.2131420522928238,0.977001965045929,0,0,0.052104998379945755,0,1,0.9986799955368042,-0.050491221249103546,0.009397998452186584,0,0.05078577995300293,0.9436209201812744,-0.3271091878414154,0,0.007647997699677944,0.32715487480163574,0.9449400305747986,0,0,0.05954800173640251,0,1,0.9989320039749146,-0.03965701535344124,0.023704037070274353,0,0.029983988031744957,0.9467999935150146,0.32042196393013,0,-0.035149961709976196,-0.31936904788017273,0.946977972984314,0,0,0.06699199974536896,0,1,0.9957429766654968,-0.07223810255527496,0.057252757251262665,0,0.06893988698720932,0.9959549903869629,0.05763017386198044,0,-0.061184246093034744,-0.05343782529234886,0.9966949820518494,0,0,0.026009999215602875,0.014396999962627888,1,-0.4545421302318573,0.007722391281276941,0.8906919360160828,0,-0.8853112459182739,0.1061689630150795,-0.4527167081832886,0,-0.09805986285209656,-0.9943180680274963,-0.04142153263092041,0,-0.03156600147485733,0.06663200259208679,-0.003278000047430396,1,-0.9076060652732849,-0.3171752989292145,-0.275046706199646,0,-0.38118278980255127,0.3480430245399475,0.8564841747283936,0,-0.17592769861221313,0.8821940422058105,-0.4367881715297699,0,0,0.07022500038146973,0,1,0.9823830723762512,-0.1861179769039154,-0.016848696395754814,0,0.18645602464675903,0.982231080532074,0.02138965018093586,0,0.012568303383886814,-0.02415434829890728,0.999629020690918,0,0,0.107184998691082,0,1,-0.13482820987701416,-0.03123185783624649,-0.9903770685195923,0,0.990635097026825,0.017492109909653664,-0.13541491329669952,0,0.021553058177232742,-0.9993590712547302,0.028580879792571068,0,0.03156600147485733,0.06630799919366837,0.0003530000103637576,1,-0.8667768239974976,0.34773698449134827,0.3574603199958801,0,0.4765050411224365,0.36605486273765564,0.799341082572937,0,0.14711032807826996,0.8631818294525146,-0.482986181974411,0,0,0.06993100047111511,0,1,0.9663470387458801,0.2572409212589264,-0.0011181433219462633,0,-0.2572430670261383,0.9663419127464294,-0.0030230500269681215,0,0.0003028566134162247,0.0032089499291032553,0.9999950528144836,0,0,0.10674600303173065,0,1,-0.8661469221115112,0.3952292203903198,0.3059138357639313,0,-0.3927288055419922,-0.9167910218238831,0.07250992208719254,0,0.3091171681880951,-0.05733693018555641,0.9492939114570618,0,-0.04615899920463562,-0.024637000635266304,-0.007062000222504139,1,0.9819599986076355,-0.06854194402694702,-0.17622603476047516,0,0.11298907548189163,0.9599950909614563,0.25620973110198975,0,0.1516149640083313,-0.27149924635887146,0.9504208564758301,0,0,0.17194600403308868,0,1,-0.9468701481819153,-0.2473263293504715,-0.20558974146842957,0,0.08316831290721893,0.42919912934303284,-0.899372935295105,0,0.3106772303581238,-0.8686870336532593,-0.38582584261894226,0,0,0.14196300506591797,0,1,0.9051857590675354,-0.0033927822951227427,0.42500245571136475,0,-0.19418178498744965,0.886198103427887,0.4206499755382538,0,-0.3780635595321655,-0.463294118642807,0.8015151619911194,0,0,0.05748400092124939,0,1,-0.9820058941841125,0.1751052290201187,-0.07073091715574265,0,-0.18420876562595367,-0.9706788659095764,0.15443232655525208,0,-0.0416150838136673,0.16468265652656555,0.9854680299758911,0,0.04615899920463562,-0.024637000635266304,-0.006095000077039003,1,0.9835399985313416,0.08710016310214996,-0.15831397473812103,0,-0.02727484330534935,0.9376760125160217,0.34643709659576416,0,0.1786220371723175,-0.33641695976257324,0.9246180653572083,0,0,0.1719609946012497,0,1,-0.9520008563995361,-0.002521410584449768,0.3060840666294098,0,-0.29983657598495483,0.2088478058576584,-0.9308491349220276,0,-0.061577942222356796,-0.9779448509216309,-0.19957928359508514,0,0,0.14189299941062927,0,1,0.8857719898223877,0.01905100792646408,-0.4637300670146942,0,0.20934700965881348,0.87534099817276,0.4358350932598114,0,0.41422492265701294,-0.48313090205192566,0.7713640928268433,0,0,0.058802999556064606,0,1
K0.133,0.9838231205940247,0.11284494400024414,-0.1391305774450302,0,-0.06850935518741608,0.9546250104904175,0.28982505202293396,0,0.16552282869815826,-0.27560481429100037,0.9469130635261536,0,-0.00754355825483799,0.3500309884548187,0.008133422583341599,1,0.9991059899330139,-0.028866879642009735,0.030880413949489594,0,0.03678911551833153,0.9535840153694153,-0.2988699674606323,0,-0.020819637924432755,0.2997390031814575,0.9537940621376038,0,0,0.044484999030828476,-0.003961999900639057,1,0.9983950257301331,-0.05610302463173866,0.007724843919277191,0,0.05647198110818863,0.9760050177574158,-0.21029707789421082,0,0.0042588175274431705,0.21039584279060364,0.977607011795044,0,0,0.052104998379945755,0,1,0.9986540079116821,-0.050670091062784195,0.011038370430469513,0,0.05150892212986946,0.9445170164108276,-0.3243979513645172,0,0.006011347286403179,0.3245300054550171,0.945855975151062,0,0,0.05954800173640251,0,1,0.9990469813346863,-0.0372539646923542,0.0227432232350111,0,0.02817399427294731,0.9483840465545654,0.31587085127830505,0,-0.03333675488829613,-0.3149290978908539,0.9485299587249756,0,0,0.06699199974536896,0,1,0.9961270689964294,-0.06914358586072922,0.05432296171784401,0,0.06658536195755005,0.9966459274291992,0.047571055591106415,0,-0.05742999538779259,-0.043769702315330505,0.9973899722099304,0,0,0.026009999215602875,0.014396999962627888,1,-0.45135170221328735,0.00811312347650528,0.8923090100288391,0,-0.8873129487037659,0.10197249799966812,-0.4497517943382263,0,-0.0946398451924324,-0.9947539567947388,-0.03882651403546333,0,-0.03156600147485733,0.06663200259208679,-0.003278000047430396,1,-0.9073391556739807,-0.3189857304096222,-0.273831844329834,0,-0.3802942633628845,0.3451339900493622,0.8580560088157654,0,-0.17919886112213135,0.8826841115951538,-0.43446189165115356,0,0,0.07022500038146973,0,1,0.9826558828353882,-0.18467426300048828,-0.016816839575767517,0,0.18500970304012299,0.98250812292099,0.021223926916718483,0,0.012603157199919224,-0.023967072367668152,0.9996330142021179,0,0,0.107184998691082,0,1,-0.13171447813510895,-0.03379323333501816,-0.9907110333442688,0,0.9906780123710632,0.03056463412940502,-0.1327526718378067,0,0.03476683422923088,-0.9989609122276306,0.029452426359057426,0,0.03156600147485733,0.06630799919366837,0.0003530000103637576,1,-0.8656089305877686,0.3444589674472809,0.3634127974510193,0,0.4776759445667267,0.3504253923892975,0.8056222200393677,0,0.15015482902526855,0.8709478378295898,-0.4678712487220764,0,0,0.06993100047111511,0,1,0.9662930369377136,0.25744083523750305,-0.0011187330819666386,0,-0.25744324922561646,0.9662889242172241,-0.00302497623488307,0,0.00030226705712266266,0.0032110249157994986,0.9999950528144836,0,0,0.10674600303173065,0,1,-0.8663619160652161,0.39535513520240784,0.3051418364048004,0,-0.39058178663253784,-0.9171419143676758,0.07934529334306717,0,0.31122809648513794,-0.050441134721040726,0.9489958882331848,0,-0.04615899920463562,-0.024637000635266304,-0.007062000222504139,1,0.9820760488510132,-0.06926009804010391,-0.17529678344726562,0,0.11263591796159744,0.9613620042800903,0.25119122862815857,0,0.1511261910200119,-0.2664336860179901,0.9519320726394653,0,0,0.17194600403308868,0,1,-0.9468329548835754,-0.24744698405265808,-0.2056141495704651,0,0.08292797207832336,0.4297930598258972,-0.8991109132766724,0,0.31085383892059326,-0.8683590888977051,-0.38642197847366333,0,0,0.14196300506591797,0,1,0.9051859378814697,-0.003392684506252408,0.4250020384788513,0,-0.1941816806793213,0.8861980438232422,0.42065003514289856,0,-0.37806299328804016,-0.46329396963119507,0.8015149235725403,0,0,0.05748400092124939,0,1,-0.9823218584060669,0.17287902534008026,-0.0718098133802414,0,-0.18241992592811584,-0.9701419472694397,0.15983712673187256,0,-0.042033206671476364,0.17011098563671112,0.9845280051231384,0,0.04615899920463562,-0.024637000635266304,-0.006095000077039003,1,0.9838380217552185,0.08615012466907501,-0.15697716176509857,0,-0.027280868962407112,0.9385380148887634,0.34409594535827637,0,0.17697282135486603,-0.3342519998550415,0.9257190227508545,0,0,0.1719609946012497,0,1,-0.9520062208175659,-0.0021869861520826817,0.3060707151889801,0,-0.2997949719429016,0.20824381709098816,-0.9309980869293213,0,-0.06170125678181648,-0.9780740737915039,-0.1989051103591919,0,0,0.14189299941062927,0,1,0.8857719898223877,0.01905100792646408,-0.4637300670146942,0,0.20934700965881348,0.87534099817276,0.4358350932598114,0,0.41422492265701294,-0.48313090205192566,0.7713640928268433,0,0,0.058802999556064606,0,1
K0.167,0.9841164350509644,0.1114487498998642,-0.13818402588367462,0,-0.06703033298254013,0.9540410041809082,0.2920818626880646,0,0.16438545286655426,-0.2781800925731659,0.946358323097229,0,-0.007709464989602566,0.3501049876213074,0.007457014173269272,1,0.9990549683570862,-0.028053846210241318,0.03319421783089638,0,0.03660816326737404,0.9548519253730774,-0.29481932520866394,0,-0.02342473343014717,0.2957557737827301,0.9549760818481445,0,0,0.044484999030828476,-0.003961999900639057,1,0.9983750581741333,-0.05627576261758804,0.008975017815828323,0,0.05691323056817055,0.9766309261322021,-0.2072530835866928,0,0.002898043254390359,0.20742693543434143,0.9782459735870361,0,0,0.052104998379945755,0,1,0.9986339807510376,-0.05081208795309067,0.01216485258191824,0,0.05202389881014824,0.9454829692840576,-0.321489155292511,0,0.004833875689655542,0.3216829001903534,0.9468349814414978,0,0,0.05954800173640251,0,1,0.9991560578346252,-0.03471314534544945,0.021965060383081436,0,0.026158897206187248,0.9499390721321106,0.31133779883384705,0,-0.03167296573519707,-0.31050029397010803,0.9500448703765869,0,0,0.06699199974536896,0,1,0.9963780045509338,-0.06683595478534698,0.05257178843021393,0,0.0649900883436203,0.9972339272499084,0.0360722690820694,0,-0.05483726039528847,-0.0325249508023262,0.9979649782180786,0,0,0.026009999215602875,0.014396999962627888,1,-0.44780072569847107,0.00917280837893486,0.8940861821174622,0,-0.8892929553985596,0.09933944046497345,-0.4464191496372223,0,-0.092912957072258,-0.995011031627655,-0.036327019333839417,0,-0.03156600147485733,0.06663200259208679,-0.003278000047430396,1,-0.9071388840675354,-0.3197568953037262,-0.2735944390296936,0,-0.3793140947818756,0.3396960496902466,0.8606549501419067,0,-0.18226143717765808,0.8845120072364807,-0.429439902305603,0,0,0.07022500038146973,0,1,0.9826770424842834,-0.18456391990184784,-0.01681479811668396,0,0.18489904701709747,0.9825289845466614,0.021211203187704086,0,0.012606200762093067,-0.023952797055244446,0.9996340870857239,0,0,0.107184998691082,0,1,-0.12880709767341614,-0.03641332685947418,-0.9910010695457458,0,0.9905350804328918,0.04306339472532272,-0.13032881915569305,0,0.04742162674665451,-0.9984090328216553,0.03052178956568241,0,0.03156600147485733,0.06630799919366837,0.0003530000103637576,1,-0.8659480810165405,0.3410956859588623,0.3657701909542084,0,0.4757193326950073,0.336042195558548,0.8128757476806641,0,0.15435416996479034,0.8779120445251465,-0.4532608389854431,0,0,0.06993100047111511,0,1,0.9655540585517883,0.2601987421512604,-0.001127262250520289,0,-0.26020121574401855,0.9655499458312988,-0.0030580100137740374,0,0.0002927377645391971,0.0032459900248795748,0.9999950528144836,0,0,0.10674600303173065,0,1,-0.8664370775222778,0.39575883746147156,0.3044039309024811,0,-0.38847413659095764,-0.9173499345779419,0.08692707121372223,0,0.31364706158638,-0.04293622076511383,0.9485679268836975,0,-0.04615899920463562,-0.024637000635266304,-0.007062000222504139,1,0.9821940064430237,-0.07024399191141129,-0.17424386739730835,0,0.11256299912929535,0.9625970125198364,0.24644796550273895,0,0.15041515231132507,-0.2616731524467468,0.9533640146255493,0,0,0.17194600403308868,0,1,-0.9466960430145264,-0.24796871840953827,-0.20561669766902924,0,0.08265974372625351,0.4299330711364746,-0.89906907081604,0,0.3113422691822052,-0.8681409955024719,-0.3865186870098114,0,0,0.14196300506591797,0,1,0.9051859378814697,-0.003392684506252408,0.4250020384788513,0,-0.1941816806793213,0.8861980438232422,0.42065003514289856,0,-0.37806299328804016,-0.46329396963119507,0.8015149235725403,0,0,0.05748400092124939,0,1,-0.982654869556427,0.17041905224323273,-0.0731201320886612,0,-0.18047995865345,-0.9694868922233582,0.16589787602424622,0,-0.042616840451955795,0.17621701955795288,0.9834280014038086,0,0.04615899920463562,-0.024637000635266304,-0.006095000077039003,1,0.9840459823608398,0.08513340353965759,-0.15622496604919434,0,-0.027011608704924583,0.9393948912620544,0.34177130460739136,0,0.17585304379463196,-0.33209869265556335,0.9267070889472961,0,0,0.1719609946012497,0,1,-0.9524140357971191,-0.002008219249546528,0.3048021197319031,0,-0.29857778549194336,0.2073010355234146,-0.9315990805625916,0,-0.061314940452575684,-0.9782750606536865,-0.1980360448360443,0,0,0.14189299941062927,0,1,0.8857719898223877,0.01905100792646408,-0.4637300670146942,0,0.20934700965881348,0.87534099817276,0.4358350932598114,0,0.41422492265701294,-0.48313090205192566,0.7713640928268433,0,0,0.058802999556064606,0,1
K0.200,0.9844747185707092,0.11000209301710129,-0.13677744567394257,0,-0.06561895459890366,0.9534060955047607,0.29446718096733093,0,0.1627964973449707,-0.2809203565120697,0.9458225965499878,0,-0.007883207872509956,0.3501589894294739,0.006734372116625309,1,0.9990260004997253,-0.027344990521669388,0.03462095931172371,0,0.036242008209228516,0.9561610817909241,-0.2905896306037903,0,-0.02515704184770584,0.2915613651275635,0.9562208652496338,0,0,0.044484999030828476,-0.003961999900639057,1,0.9983639717102051,-0.0563671812415123,0.009592330083251,0,0.05713781341910362,0.9772769212722778,-0.20412039756774902,0,0.0021313296165317297,0.2043345868587494,0.9788990616798401,0,0,0.052104998379945755,0,1,0.9986239671707153,-0.050880178809165955,0.012711863964796066,0,0.0522778257727623,0.9464860558509827,-0.3184829354286194,0,0.0041728634387254715,0.31870904564857483,0.9478429555892944,0,0,0.05954800173640251,0,1,0.9992549419403076,-0.032127004116773605,0.021404078230261803,0,0.02401399239897728,0.9514200091362,0.306958943605423,0,-0.03022592142224312,-0.3062160313129425,0.9514819979667664,0,0,0.06699199974536896,0,1,0.9965200424194336,-0.06512967497110367,0.05202597752213478,0,0.06398532539606094,0.9976770281791687,0.023367615416646004,0,-0.05342702567577362,-0.019957387819886208,0.9983720183372498,0,0,0.026009999215602875,0.014396999962627888,1,-0.44372671842575073,0.010976079851388931,0.8960950970649719,0,-0.8912990689277649,0.09862818568944931,-0.4425598680973053,0,-0.09323780983686447,-0.9950640797615051,-0.033981021493673325,0,-0.03156600147485733,0.06663200259208679,-0.003278000047430396,1,-0.9068190455436707,-0.3201422393321991,-0.27420490980148315,0,-0.378421813249588,0.33175626397132874,0.8641380071640015,0,-0.1856779009103775,0.8873820900917053,-0.42199185490608215,0,0,0.07022500038146973,0,1,0.982353925704956,-0.18627037107944489,-0.016851717606186867,0,0.18660862743854523,0.982201099395752,0.021407032385468483,0,0.012564282864332199,-0.02417396567761898,0.999629020690918,0,0,0.107184998691082,0,1,-0.1265724152326584,-0.039087921380996704,-0.9911869764328003,0,0.9901450276374817,0.055404726415872574,-0.12862424552440643,0,0.05994413048028946,-0.9976990818977356,0.03168996423482895,0,0.03156600147485733,0.06630799919366837,0.0003530000103637576,1,-0.8675902485847473,0.33715471625328064,0.3655320405960083,0,0.471198171377182,0.32244494557380676,0.8209760189056396,0,0.15893203020095825,0.8845091462135315,-0.4386170506477356,0,0,0.06993100047111511,0,1,0.9645580053329468,0.26386886835098267,-0.0011388396378606558,0,-0.2638711631298065,0.9645529389381409,-0.0031012024264782667,0,0.00028016051510348916,0.003291797824203968,0.9999949932098389,0,0,0.10674600303173065,0,1,-0.8665812611579895,0.39614757895469666,0.3034868836402893,0,-0.3862454295158386,-0.9175158739089966,0.09476062655448914,0,0.31599313020706177,-0.03510263189673424,0.9481120109558105,0,-0.04615899920463562,-0.024637000635266304,-0.007062000222504139,1,0.9823409914970398,-0.0716971606016159,-0.1728169023990631,0,0.11293283849954605,0.9636430740356445,0.24215276539325714,0,0.1491721123456955,-0.2573932409286499,0.9547228813171387,0,0,0.17194600403308868,0,1,-0.9464349150657654,-0.24897725880146027,-0.20560215413570404,0,0.08231423795223236,0.4296693801879883,-0.8992267847061157,0,0.3122278153896332,-0.8679832220077515,-0.3861595392227173,0,0,0.14196300506591797,0,1,0.9051858186721802,-0.003393262391909957,0.4250023365020752,0,-0.19418124854564667,0.8861979246139526,0.42065000534057617,0,-0.3780636787414551,-0.46329402923583984,0.8015151619911194,0,0,0.05748400092124939,0,1,-0.9830151200294495,0.1676318347454071,-0.07471263408660889,0,-0.178285151720047,-0.9688311219215393,0.17199313640594482,0,-0.04355235770344734,0.18239185214042664,0.9822610020637512,0,0.04615899920463562,-0.024637000635266304,-0.006095000077039003,1,0.9841519594192505,0.0841352567076683,-0.15609312057495117,0,-0.026439739391207695,0.9400550127029419,0.3399960696697235,0,0.1753418743610382,-0.3304809033870697,0.9273820519447327,0,0,0.1719609946012497,0,1,-0.9532528519630432,-0.0019243118586018682,0.3021674156188965,0,-0.29607468843460083,0.20584087073802948,-0.9327210783958435,0,-0.060403596609830856,-0.9785839319229126,-0.1967882513999939,0,0,0.14189299941062927,0,1,0.8857719898223877,0.01905100792646408,-0.4637300670146942,0,0.20934700965881348,0.87534099817276,0.4358350932598114,0,0.41422492265701294,-0.48313090205192566,0.7713640928268433,0,0,0.058802999556064606,0,1
