1.000,30,29,25
B0,mixamorig_Hips,-1,-0.9992319345474243,-0.022338055074214935,0.03219794109463692,0,-0.021226942539215088,0.9991809725761414,0.03444695472717285,0,-0.0329410545527935,0.03373704105615616,-0.9988879561424255,0,-0.0003229999856557697,0.3631869852542877,-0.007114000152796507,1
B1,mixamorig_Spine,0,0.999441921710968,0.025635892525315285,0.021431932225823402,0,-0.020960083231329918,0.9805009365081787,-0.19539211690425873,0,-0.026023078709840775,0.19483384490013123,0.9804909825325012,0,0,0.044484999030828476,-0.003961999900639057,1
B2,mixamorig_Spine1,1,0.9988769888877869,-0.023393064737319946,0.04118967056274414,0,0.025147948414087296,0.9987750053405762,-0.04261500760912895,0,-0.04014233127236366,0.04360300302505493,0.9982420206069946,0,0,0.052104998379945755,0,1
B3,mixamorig_Spine2,2,0.9988669753074646,-0.025288935750722885,0.04031995311379433,0,0.026985056698322296,0.9987490177154541,-0.04209282621741295,0,-0.03920504078269005,0.04313317686319351,0.9983000159263611,0,0,0.05954800173640251,0,1
B4,mixamorig_Neck,3,0.999301016330719,0.00772907305508852,-0.03657521307468414,0,-0.0041419402696192265,0.9952609539031982,0.0971532091498375,0,0.03715277835726738,-0.09693378210067749,0.9945970177650452,0,0,0.06699199974536896,0,1
B5,mixamorig_Head,4,0.9963399767875671,0.037096258252859116,-0.07700992375612259,0,-0.03264676034450531,0.9977680444717407,0.0582546666264534,0,0.07899904996156693,-0.05552731081843376,0.9953269362449646,0,0,0.026009999215602875,0.014396999962627888,1
B6,mixamorig_HeadTop_End,5,1,0,0,0,0,1,0,0,0,0,1,0,0,0.10107800364494324,0.055948998779058456,1
B7,mixamorig_LeftShoulder,3,-0.24677281081676483,0.016538020223379135,0.9689320921897888,0,-0.9681980013847351,0.038290850818157196,-0.247239351272583,0,-0.04119012877345085,-0.9991300702095032,0.0065628825686872005,0,-0.03156600147485733,0.06663200259208679,-0.003278000047430396,1
B8,mixamorig_LeftArm,7,-0.8912010788917542,-0.45272397994995117,-0.028323957696557045,0,-0.1560061126947403,0.24727313220500946,0.9563039541244507,0,-0.42593809962272644,0.8566780686378479,-0.2909979224205017,0,0,0.07022500038146973,0,1
B9,mixamorig_LeftForeArm,8,0.9815869927406311,-0.19026431441307068,-0.01693999208509922,0,0.19060970842838287,0.9814220666885376,0.021865852177143097,0,0.012464985251426697,-0.024692151695489883,0.9996169805526733,0,0,0.107184998691082,0,1
B10,mixamorig_LeftHand,9,1,0,0,0,0,1,0,0,0,0,1,0,0,0.11084499955177307,0,1
B11,mixamorig_RightShoulder,3,-0.06063326448202133,-0.008998757228255272,-0.9981199502944946,0,0.9981600046157837,-0.001123822177760303,-0.06062561646103859,0,-0.000576204969547689,-0.9999589323997498,0.009050390683114529,0,0.03156600147485733,0.06630799919366837,0.0003530000103637576,1
B12,mixamorig_RightArm,11,-0.8658888936042786,0.4705119729042053,0.16986876726150513,0,0.3568161129951477,0.3429357409477234,0.8689519762992859,0,0.3505978584289551,0.8130269646644592,-0.4648299813270569,0,0,0.06993100047111511,0,1
B13,mixamorig_RightForeArm,12,0.9191551208496094,0.39389172196388245,-0.0016721651190891862,0,-0.3938952684402466,0.919143795967102,-0.004628730937838554,0,-0.0002862586406990886,0.004913180600851774,0.9999880194664001,0,0,0.10674600303173065,0,1
B14,mixamorig_RightHand,13,1,0,0,0,0,1,0,0,0,0,1,0,0,0.11084499955177307,0,1
B15,mixamorig_LeftUpLeg,0,-0.9847221374511719,-0.05147311091423035,0.16634981334209442,0,-0.016810189932584763,-0.9227500557899475,-0.3850330412387848,0,0.17331813275814056,-0.3819469213485718,0.907787024974823,0,-0.04615899920463562,-0.024637000635266304,-0.007062000222504139,1
B16,mixamorig_LeftLeg,15,0.9976839423179626,0.02717004157602787,-0.062361940741539,0,0.03972506523132324,0.5114800333976746,0.8583760261535645,0,0.05521898344159126,-0.8588650226593018,0.5092159509658813,0,0,0.17194600403308868,0,1
B17,mixamorig_LeftFoot,16,-0.9804779291152954,-0.009361857548356056,-0.19640591740608215,0,0.18255004286766052,0.3278227150440216,-0.9269341230392456,0,0.07306418567895889,-0.9446929097175598,-0.31971409916877747,0,0,0.14196300506591797,0,1
B18,mixamorig_LeftToeBase,17,0.8931819200515747,-0.06414490938186646,0.44509607553482056,0,-0.20433387160301208,0.8238070607185364,0.5287629961967468,0,-0.4005909562110901,-0.5632299780845642,0.7227029204368591,0,0,0.05748400092124939,0,1
B19,mixamorig_LeftToe_End,18,1,0,0,0,0,1,0,0,0,0,1,0,0,0.02958199940621853,0,1
B20,mixamorig_RightUpLeg,0,-0.9913650751113892,0.05762483552098274,-0.11778883635997772,0,-0.0427461676299572,-0.9912160038948059,-0.1251527965068817,0,-0.12396618723869324,-0.1190371960401535,0.985120952129364,0,0.04615899920463562,-0.024637000635266304,-0.006095000077039003,1
B21,mixamorig_RightLeg,20,0.9905239939689636,0.11507701128721237,0.07495991140604019,0,-0.12800098955631256,0.971356987953186,0.20020301640033722,0,-0.04977409914135933,-0.2079009860754013,0.976883053779602,0,0,0.1719609946012497,0,1
B22,mixamorig_RightFoot,21,-0.9809880256652832,0.002158218529075384,0.19405753910541534,0,-0.18423956632614136,0.30384916067123413,-0.9347360730171204,0,-0.06098160892724991,-0.952718198299408,-0.29767492413520813,0,0,0.14189299941062927,0,1
B23,mixamorig_RightToeBase,22,0.8815240263938904,0.04075346887111664,-0.47037801146507263,0,0.2127913236618042,0.8550530076026917,0.47286877036094666,0,0.4214687645435333,-0.5169370770454407,0.7450771331787109,0,0,0.058802999556064606,0,1
B24,mixamorig_RightToe_End,23,1,0,0,0,0,1,0,0,0,0,1,0,0,0.02912200056016445,0,1
@20,0,1,2,3,4,5,7,8,9,11,12,13,15,16,17,18,20,21,22,23
K0,0.9987753033638,-0.022338055074214935,-0.04416288062930107,0,0.020812882110476494,0.9991809725761414,-0.0346987284719944,0,0.04490182176232338,0.03373704105615616,0.9984224438667297,0,0.000408177322242409,0.3631869852542877,0.007109626196324825,1,0.999441921710968,0.02563590183854103,0.021431924775242805,0,-0.020960092544555664,0.9805009365081787,-0.19539213180541992,0,-0.026023073121905327,0.19483385980129242,0.9804909825325012,0,0,0.044484999030828476,-0.003961999900639057,1,0.9988769888877869,-0.02339305728673935,0.04118966683745384,0,0.0251479409635067,0.9987750053405762,-0.042615003883838654,0,-0.040142327547073364,0.04360299929976463,0.9982420206069946,0,0,0.052104998379945755,0,1,0.9988669753074646,-0.025288939476013184,0.040319960564374924,0,0.026985060423612595,0.9987490177154541,-0.04209282994270325,0,-0.039205048233270645,0.04313318058848381,0.9983000159263611,0,0,0.05954800173640251,0,1,0.999301016330719,0.0077290660701692104,-0.03657521679997444,0,-0.0041419328190386295,0.9952609539031982,0.0971532091498375,0,0.03715277835726738,-0.09693378210067749,0.9945970177650452,0,0,0.06699199974536896,0,1,0.9963399767875671,0.03709625080227852,-0.07700993120670319,0,-0.032646749168634415,0.9977680444717407,0.058254677802324295,0,0.07899905741214752,-0.05552732199430466,0.9953269362449646,0,0,0.026009999215602875,0.014396999962627888,1,-0.2467726767063141,0.016537627205252647,0.968932032585144,0,-0.9681979417800903,0.038291145116090775,-0.24723927676677704,0,-0.0411902517080307,-0.9991300106048584,0.006562512833625078,0,-0.03156600147485733,0.06663200259208679,-0.003278000047430396,1,-0.8912010788917542,-0.4527239203453064,-0.028323987498879433,0,-0.1560061275959015,0.24727314710617065,0.9563039541244507,0,-0.42593804001808167,0.8566780686378479,-0.2909978926181793,0,0,0.07022500038146973,0,1,0.9815869927406311,-0.19026431441307068,-0.016940001398324966,0,0.19060970842838287,0.9814220666885376,0.02186584658920765,0,0.012464996427297592,-0.024692149832844734,0.9996169805526733,0,0,0.107184998691082,0,1,-0.060633137822151184,-0.008998568169772625,-0.9981200098991394,0,0.9981600642204285,-0.0011232137912884355,-0.06062547117471695,0,-0.0005755864549428225,-0.9999589920043945,0.009050139226019382,0,0.03156600147485733,0.06630799919366837,0.0003530000103637576,1,-0.8658890724182129,0.47051188349723816,0.16986875236034393,0,0.3568160831928253,0.34293580055236816,0.8689519762992859,0,0.3505977690219879,0.8130270838737488,-0.4648301303386688,0,0,0.06993100047111511,0,1,0.9191551208496094,0.39389172196388245,-0.0016722209984436631,0,-0.39389529824256897,0.919143795967102,-0.004628765396773815,0,-0.0002862208930309862,0.004913234151899815,0.9999880194664001,0,0,0.10674600303173065,0,1,-0.9847221374511719,-0.05147315189242363,0.16634982824325562,0,-0.016810154542326927,-0.9227500557899475,-0.3850330412387848,0,0.17331816256046295,-0.3819469213485718,0.907787024974823,0,-0.04615899920463562,-0.024637000635266304,-0.007062000222504139,1,0.9976839423179626,0.027170071378350258,-0.06236196681857109,0,0.03972506895661354,0.5114800333976746,0.8583760261535645,0,0.05521902069449425,-0.8588650226593018,0.5092159509658813,0,0,0.17194600403308868,0,1,-0.9804781675338745,-0.00936192274093628,-0.1964057832956314,0,0.18254989385604858,0.327822744846344,-0.9269341826438904,0,0.07306421548128128,-0.9446929693222046,-0.3197142779827118,0,0,0.14196300506591797,0,1,0.8931819200515747,-0.06414486467838287,0.44509607553482056,0,-0.20433387160301208,0.8238071203231812,0.528762936592102,0,-0.4005909264087677,-0.5632299184799194,0.7227029800415039,0,0,0.05748400092124939,0,1,-0.9913650751113892,0.057624831795692444,-0.11778882145881653,0,-0.0427461676299572,-0.9912160038948059,-0.1251527965068817,0,-0.12396617233753204,-0.1190371960401535,0.985120952129364,0,0.04615899920463562,-0.024637000635266304,-0.006095000077039003,1,0.9905239939689636,0.11507699638605118,0.07495991140604019,0,-0.12800097465515137,0.971356987953186,0.20020300149917603,0,-0.04977409914135933,-0.2079009711742401,0.976883053779602,0,0,0.1719609946012497,0,1,-0.9809878468513489,0.0021578334271907806,0.19405768811702728,0,-0.18423983454704285,0.3038492500782013,-0.9347359538078308,0,-0.06098130717873573,-0.9527181386947632,-0.2976749837398529,0,0,0.14189299941062927,0,1,0.8815239667892456,0.040753480046987534,-0.47037816047668457,0,0.21279147267341614,0.8550529479980469,0.47286882996559143,0,0.4214688837528229,-0.5169371962547302,0.7450770139694214,0,0,0.058802999556064606,0,1
K0.034,0.9991028308868408,-0.021945582702755928,-0.036247894167900085,0,0.02029423788189888,0.9987665414810181,-0.04531336575746536,0,0.03719760850071907,0.0445370227098465,0.998315691947937,0,-0.0002647232904564589,0.36412370204925537,0.008234217762947083,1,0.9996864795684814,0.02425173856317997,0.0061690290458500385,0,-0.022656109184026718,0.9818335771560669,-0.1883872151374817,0,-0.01062567625194788,0.1881883442401886,0.9820749759674072,0,0,0.044484999030828476,-0.003961999900639057,1,0.9994304180145264,-0.012951701879501343,0.031154025346040726,0,0.014146705158054829,0.99916011095047,-0.03844846040010452,0,-0.03062991239130497,0.038867320865392685,0.998775064945221,0,0,0.052104998379945755,0,1,0.9994347095489502,-0.014542600139975548,0.03031890280544758,0,0.015694675967097282,0.9991498589515686,-0.038113776594400406,0,-0.029738862067461014,0.03856808692216873,0.9988135695457458,0,0,0.05954800173640251,0,1,0.9994449615478516,0.009418780915439129,-0.03195303678512573,0,-0.00629477109760046,0.9953134059906006,0.09649667143821716,0,0.032712165266275406,-0.09624197334051132,0.994820237159729,0,0,0.06699199974536896,0,1,0.9978252649307251,0.035517368465662,-0.05552901327610016,0,-0.03267408907413483,0.9981491565704346,0.05129928141832352,0,0.05724821612238884,-0.0493733249604702,0.9971383213996887,0,0,0.026009999215602875,0.014396999962627888,1,-0.22948674857616425,0.0173387061804533,0.9731573462486267,0,-0.9723629355430603,0.0400649830698967,-0.23001322150230408,0,-0.04297767952084541,-0.9990468621253967,0.007665102835744619,0,-0.03156600147485733,0.06663200259208679,-0.003278000047430396,1,-0.9124143719673157,-0.4086160957813263,0.02307504415512085,0,-0.07581642270088196,0.22416061162948608,0.9715983867645264,0,-0.4021836221218109,0.884751558303833,-0.23550748825073242,0,0,0.07022500038146973,0,1,0.9816629886627197,-0.18987013399600983,-0.016930770128965378,0,0.19021499156951904,0.9815001487731934,0.02182077430188656,0,0.012474436312913895,-0.024641122668981552,0.9996181726455688,0,0,0.107184998691082,0,1,-0.06585882604122162,-0.008711564354598522,-0.9977913498878479,0,0.9978170394897461,0.004237453918904066,-0.06589757651090622,0,0.00480210967361927,-0.9999531507492065,0.008413533680140972,0,0.03156600147485733,0.06630799919366837,0.0003530000103637576,1,-0.8462899327278137,0.50094074010849,0.18124915659427643,0,0.393892377614975,0.35934364795684814,0.8460030555725098,0,0.3586665689945221,0.7873563766479492,-0.5014254450798035,0,0,0.06993100047111511,0,1,0.8976742029190063,0.4406546354293823,-0.0019250658806413412,0,-0.44065871834754944,0.8976598978042603,-0.00517856003716588,0,-0.0005539022386074066,0.005496959201991558,0.999984860420227,0,0,0.10674600303173065,0,1,-0.9857155084609985,-0.07663264870643616,0.14997345209121704,0,0.0011379296192899346,-0.8934943079948425,-0.449073851108551,0,0.1684141606092453,-0.4424884617328644,0.8808184862136841,0,-0.04615899920463562,-0.024637000635266304,-0.007062000222504139,1,0.9996131658554077,-0.002354918047785759,-0.027707530185580254,0,0.021048415452241898,0.7152199745178223,0.6985822319984436,0,0.0181718859821558,-0.6988955736160278,0.7149932980537415,0,0,0.17194600403308868,0,1,-0.9797369837760925,-0.03290335088968277,-0.1975666731595993,0,0.17204608023166656,0.3667742609977722,-0.9142635464668274,0,0.10254466533660889,-0.9297282099723816,-0.3536812365055084,0,0,0.14196300506591797,0,1,0.896102249622345,-0.04947241395711899,0.4410819709300995,0,-0.20163577795028687,0.8399274349212646,0.5038508176803589,0,-0.3954033851623535,-0.5404394865036011,0.742685079574585,0,0,0.05748400092124939,0,1,-0.9887914657592773,0.057050831615924835,-0.13797523081302643,0,-0.05532392859458923,-0.9983351826667786,-0.016321944072842598,0,-0.1386767029762268,-0.008505666628479958,0.9903015494346619,0,0.04615899920463562,-0.024637000635266304,-0.006095000077039003,1,0.986910343170166,0.13413861393928528,0.08952318131923676,0,-0.14126145839691162,0.9868459701538086,0.07861937582492828,0,-0.07779967039823532,-0.09023642539978027,0.9928768277168274,0,0,0.1719609946012497,0,1,-0.9809043407440186,0.013967880047857761,0.19398652017116547,0,-0.18173851072788239,0.2893686294555664,-0.9398074150085449,0,-0.06926070898771286,-0.9571157097816467,-0.28130438923835754,0,0,0.14189299941062927,0,1,0.8820223212242126,0.038209252059459686,-0.469655841588974,0,0.21237239241600037,0.857501745223999,0.4686020016670227,0,0.4206356108188629,-0.5130593776702881,0.7482210993766785,0,0,0.058802999556064606,0,1
K0.069,0.9996638894081116,-0.007233891170471907,-0.02491457760334015,0,0.00582426693290472,0.998403012752533,-0.056193605065345764,0,0.02528129331767559,0.0560295470058918,0.9981098175048828,0,-0.0014775298768654466,0.36187562346458435,0.008540489710867405,1,0.9999325275421143,0.0019562486559152603,-0.011446399614214897,0,-0.003989682532846928,0.9835790991783142,-0.18043123185634613,0,0.010905477218329906,0.18046481907367706,0.9835211038589478,0,0,0.044484999030828476,-0.003961999900639057,1,0.9997777938842773,0.0006681869854219258,0.021063802763819695,0,0.00007102094241417944,0.999384880065918,-0.03507349640130997,0,-0.02107428014278412,0.03506719693541527,0.9991627335548401,0,0,0.052104998379945755,0,1,0.999790370464325,-0.0006588668911717832,0.02046281099319458,0,0.0013694853987544775,0.9993953704833984,-0.03473275899887085,0,-0.02042756788432598,0.034753523766994476,0.9991874694824219,0,0,0.05954800173640251,0,1,0.999640166759491,0.006216547451913357,-0.026080815121531487,0,-0.00363044417463243,0.9951744079589844,0.09805717319250107,0,0.02656453475356102,-0.09792719036340714,0.9948387145996094,0,0,0.06699199974536896,0,1,0.9986861348152161,0.03498797118663788,-0.037450261414051056,0,-0.03305288404226303,0.9981462955474854,0.05109868571162224,0,0.03916868567466736,-0.04979371652007103,0.9979915618896484,0,0,0.026009999215602875,0.014396999962627888,1,-0.2139730602502823,0.017920322716236115,0.9766755104064941,0,-0.975863516330719,0.04075610637664795,-0.21454299986362457,0,-0.043650124222040176,-0.9990079998970032,0.008767112158238888,0,-0.03156600147485733,0.06663200259208679,-0.003278000047430396,1,-0.9289569854736328,-0.36302071809768677,0.07248535007238388,0,-0.0008710393449291587,0.19795051217079163,0.9802119135856628,0,-0.3701860010623932,0.9105120897293091,-0.18420393764972687,0,0,0.07022500038146973,0,1,0.9821062088012695,-0.18756863474845886,-0.016880344599485397,0,0.18790924549102783,0.9819496870040894,0.021556753665208817,0,0.012532277032732964,-0.024342993274331093,0.9996246695518494,0,0,0.107184998691082,0,1,-0.07085894048213959,-0.008420230820775032,-0.997450590133667,0,0.9973071217536926,0.018347768113017082,-0.07100362330675125,0,0.01889888010919094,-0.999796450138092,0.007097447756677866,0,0.03156600147485733,0.06630799919366837,0.0003530000103637576,1,-0.8298236727714539,0.524929404258728,0.18932102620601654,0,0.4283386170864105,0.381740927696228,0.8190239667892456,0,0.3576580584049225,0.760738730430603,-0.5416250824928284,0,0,0.06993100047111511,0,1,0.8615191578865051,0.5077199935913086,-0.002349768066778779,0,-0.5077242851257324,0.8614987730979919,-0.005966438911855221,0,-0.0010049581760540605,0.006333237048238516,0.9999796748161316,0,0,0.10674600303173065,0,1,-0.9884631633758545,-0.07997173815965652,0.12862585484981537,0,0.011426125653088093,-0.8861938714981079,-0.4631740152835846,0,0.15102826058864594,-0.4563606381416321,0.8768836259841919,0,-0.04615899920463562,-0.024637000635266304,-0.007062000222504139,1,0.9993132948875427,-0.03256260231137276,0.017706992104649544,0,0.022948045283555984,0.9186825752258301,0.3943304419517517,0,-0.02910749986767769,-0.39365294575691223,0.9187979698181152,0,0,0.17194600403308868,0,1,-0.9797255992889404,-0.034252095967531204,-0.1973942071199417,0,0.16055496037006378,0.45509272813796997,-0.8758499026298523,0,0.11983241885900497,-0.8897854089736938,-0.4403668940067291,0,0,0.14196300506591797,0,1,0.8975897431373596,-0.04197106510400772,0.438828706741333,0,-0.20031529664993286,0.8479167222976685,0.49082687497138977,0,-0.39269083738327026,-0.5284654498100281,0.7526742219924927,0,0,0.05748400092124939,0,1,-0.9838929772377014,0.05702677741646767,-0.1694176197052002,0,-0.06414853036403656,-0.9972589015960693,0.03686053305864334,0,-0.166851207613945,0.04713471606373787,0.9848543405532837,0,0.04615899920463562,-0.024637000635266304,-0.006095000077039003,1,0.9848162531852722,0.12461996078491211,0.1208624392747879,0,-0.1349012553691864,0.9875460267066956,0.08095979690551758,0,-0.10926797986030579,-0.09603498876094818,0.9893624186515808,0,0,0.1719609946012497,0,1,-0.9811960458755493,0.014615586027503014,0.19245977699756622,0,-0.18388517200946808,0.23224171996116638,-0.9551178812980652,0,-0.05865677073597908,-0.9725481271743774,-0.22518694400787354,0,0,0.14189299941062927,0,1,0.8823055028915405,0.036764245480298996,-0.46923860907554626,0,0.21213564276695251,0.8588854670524597,0.4661695063114166,0,0.4201607406139374,-0.5108463764190674,0.7500006556510925,0,0,0.058802999556064606,0,1
K0.103,0.9997028708457947,0.024071531370282173,-0.004058494232594967,0,-0.024280911311507225,0.9976834058761597,-0.0635453313589096,0,0.0025194587651640177,0.06362488865852356,0.9979709982872009,0,-0.003224467858672142,0.3565588593482971,0.008016301319003105,1,0.998324453830719,-0.044002726674079895,-0.03757359832525253,0,0.03691956773400307,0.9844198226928711,-0.1719144582748413,0,0.044552888721227646,0.1702391654253006,0.9843947291374207,0,0,0.044484999030828476,-0.003961999900639057,1,0.9997594952583313,0.01884283497929573,0.01119572389870882,0,-0.01844855211675167,0.9992398023605347,-0.034334227442741394,0,-0.011834175325930119,0.034119442105293274,0.9993476867675781,0,0,0.052104998379945755,0,1,0.999780535697937,0.017787626013159752,0.011067640967667103,0,-0.017406878992915154,0.9992837905883789,-0.0335959754884243,0,-0.011657307855784893,0.03339594975113869,0.9993742108345032,0,0,0.05954800173640251,0,1,0.9998037219047546,-0.005150888115167618,-0.019119948148727417,0,0.0070279608480632305,0.9950185418128967,0.09944338351488113,0,0.01851247437298298,-0.09955819696187973,0.9948590993881226,0,0,0.06699199974536896,0,1,0.9989213347434998,0.04008353129029274,-0.02345687709748745,0,-0.03866277262568474,0.9975576996803284,0.05817322060465813,0,0.025731375440955162,-0.05720355734229088,0.9980313777923584,0,0,0.026009999215602875,0.014396999962627888,1,-0.20485858619213104,0.018497969955205917,0.9786170721054077,0,-0.9777025580406189,0.04327825456857681,-0.2054852396249771,0,-0.046153850853443146,-0.9988915324211121,0.009219628758728504,0,-0.03156600147485733,0.06663200259208679,-0.003278000047430396,1,-0.9409819841384888,-0.3176717758178711,0.11677800118923187,0,0.06573278456926346,0.16693274676799774,0.9837743639945984,0,-0.3320116698741913,0.933390736579895,-0.13619939982891083,0,0,0.07022500038146973,0,1,0.9838067293167114,-0.17845578491687775,-0.016685176640748978,0,0.17877984046936035,0.9836756587028503,0.020509354770183563,0,0.01275278814136982,-0.023160211741924286,0.9996508955955505,0,0,0.107184998691082,0,1,-0.07859762758016586,-0.00811520405113697,-0.9968736171722412,0,0.9963425397872925,0.032987870275974274,-0.07882432639598846,0,0.03352436050772667,-0.9994223713874817,0.005492785479873419,0,0.03156600147485733,0.06630799919366837,0.0003530000103637576,1,-0.8152675628662109,0.5437301993370056,0.19923894107341766,0,0.4655188024044037,0.4107312858104706,0.7839598655700684,0,0.3444288372993469,0.7318861484527588,-0.5879722833633423,0,0,0.06993100047111511,0,1,0.8354706764221191,0.5495275855064392,-0.002656210446730256,0,-0.5495327115058899,0.8354474306106567,-0.006457102485001087,0,-0.0013292318908497691,0.006854398641735315,0.9999757409095764,0,0,0.10674600303173065,0,1,-0.9929500818252563,-0.0561712272465229,0.1043793112039566,0,-0.005112922750413418,-0.859470784664154,-0.5111588835716248,0,0.11842336505651474,-0.5080888271331787,0.8531243801116943,0,-0.04615899920463562,-0.024637000635266304,-0.007062000222504139,1,0.9965869784355164,-0.06603807955980301,0.049530841410160065,0,0.05740171670913696,0.9855912923812866,0.15910808742046356,0,-0.059324320405721664,-0.1557217687368393,0.9860174655914307,0,0,0.17194600403308868,0,1,-0.9783256649971008,-0.054249197244644165,-0.19984029233455658,0,0.14705881476402283,0.4974094033241272,-0.8549601435661316,0,0.1457834243774414,-0.8658183217048645,-0.4786507785320282,0,0,0.14196300506591797,0,1,0.8965885639190674,-0.04702091962099075,0.44036057591438293,0,-0.20119968056678772,0.842556893825531,0.499615877866745,0,-0.3945215940475464,-0.536550760269165,0.745966911315918,0,0,0.05748400092124939,0,1,-0.97770094871521,0.060426048934459686,-0.2011195719242096,0,-0.07517500221729279,-0.9949496388435364,0.06651661545038223,0,-0.1960844248533249,0.0801524892449379,0.9773054122924805,0,0.04615899920463562,-0.024637000635266304,-0.006095000077039003,1,0.9880304932594299,0.1038217842578888,0.11409135907888412,0,-0.12075327336788177,0.9807868599891663,0.15321823954582214,0,-0.09599187970161438,-0.1651611328125,0.9815837144851685,0,0,0.1719609946012497,0,1,-0.9901759028434753,0.018433943390846252,0.13860617578029633,0,-0.1346205472946167,0.14229199290275574,-0.9806274771690369,0,-0.037799395620822906,-0.9896534085273743,-0.1384125053882599,0,0,0.14189299941062927,0,1,0.88213711977005,0.03762572258710861,-0.46948763728141785,0,0.21227601170539856,0.8580620884895325,0.4676198959350586,0,0.42044392228126526,-0.5121656060218811,0.7489410638809204,0,0,0.058802999556064606,0,1
K0.138,0.9984211325645447,0.051861722022295,0.02160181850194931,0,-0.050296295434236526,0.9964433312416077,-0.06760784238576889,0,-0.025031259283423424,0.06641454249620438,0.9974789619445801,0,-0.00497635081410408,0.3487939238548279,0.006592003162950277,1,0.9953557252883911,-0.07637779414653778,-0.058588359504938126,0,0.06597986072301865,0.9845002889633179,-0.16249872744083405,0,0.0700915977358818,0.15787848830223083,0.9849680662155151,0,0,0.044484999030828476,-0.003961999900639057,1,0.9995104670524597,0.031284600496292114,-0.0008695598226040602,0,-0.031295862048864365,0.9988991022109985,-0.03494231402873993,0,-0.0002245537907583639,0.034952424466609955,0.9993892908096313,0,0,0.052104998379945755,0,1,0.9995307326316833,0.030622614547610283,-0.0005854629562236369,0,-0.03062497079372406,0.998964250087738,-0.033651452511548996,0,-0.00044563907431438565,0.03365359455347061,0.9994333982467651,0,0,0.05954800173640251,0,1,0.9997990131378174,-0.016155079007148743,-0.011900030076503754,0,0.017252612859010696,0.9949599504470825,0.09878040105104446,0,0.010244238190352917,-0.09896577894687653,0.995037853717804,0,0,0.06699199974536896,0,1,0.9989053606987,0.04332501441240311,-0.017655691131949425,0,-0.041970230638980865,0.9965941309928894,0.07097822427749634,0,0.02067069336771965,-0.07015952467918396,0.9973217248916626,0,0,0.026009999215602875,0.014396999962627888,1,-0.19262568652629852,0.01966329850256443,0.9810751676559448,0,-0.9798144102096558,0.05061768740415573,-0.19339264929294586,0,-0.05346255376935005,-0.9985246658325195,0.009516092017292976,0,-0.03156600147485733,0.06663200259208679,-0.003278000047430396,1,-0.9484478235244751,-0.2767826318740845,0.1543961614370346,0,0.12079592794179916,0.13468901813030243,0.9834973216056824,0,-0.29301053285598755,0.9514466524124146,-0.09431133419275284,0,0,0.07022500038146973,0,1,0.9866130352020264,-0.16225431859493256,-0.016363291069865227,0,0.16254906356334686,0.986524760723114,0.018646933138370514,0,0.013117247261106968,-0.021057147532701492,0.9996925592422485,0,0,0.107184998691082,0,1,-0.09633401036262512,-0.007610252592712641,-0.9953200817108154,0,0.9946316480636597,0.037226855754852295,-0.09655202180147171,0,0.037787407636642456,-0.9992779493331909,0.003983198199421167,0,0.03156600147485733,0.06630799919366837,0.0003530000103637576,1,-0.8003698587417603,0.5648416876792908,0.2009027600288391,0,0.501898467540741,0.44803449511528015,0.7398397326469421,0,0.3278810381889343,0.6929783821105957,-0.6420866847038269,0,0,0.06993100047111511,0,1,0.8243274688720703,0.5661056637763977,-0.0027866826858371496,0,-0.5661107897758484,0.8243021965026855,-0.0066522699780762196,0,-0.0014688197989016771,0.00706122349947691,0.9999740123748779,0,0,0.10674600303173065,0,1,-0.9964825510978699,-0.024122200906276703,0.08025708049535751,0,-0.026987964287400246,-0.8142895102500916,-0.5798304080963135,0,0.07933930307626724,-0.5799569487571716,0.810774564743042,0,-0.04615899920463562,-0.024637000635266304,-0.007062000222504139,1,0.9913416504859924,-0.11853818595409393,0.05648134648799896,0,0.11605619639158249,0.9922053217887878,0.04537564516067505,0,-0.06141984462738037,-0.03842775896191597,0.9973716139793396,0,0,0.17194600403308868,0,1,-0.9763767719268799,-0.07477571070194244,-0.20272262394428253,0,0.14684316515922546,0.4586276113986969,-0.8764115571975708,0,0.1585085690021515,-0.8854768872261047,-0.43681320548057556,0,0,0.14196300506591797,0,1,0.8939210772514343,-0.060438886284828186,0.44413113594055176,0,-0.20363827049732208,0.827939510345459,0.5225399732589722,0,-0.3992953598499298,-0.5575515031814575,0.7278047204017639,0,0,0.05748400092124939,0,1,-0.973427951335907,0.05545797199010849,-0.2221756875514984,0,-0.08225271105766296,-0.9901589155197144,0.1132206842303276,0,-0.21371036767959595,0.12848679721355438,0.9684105515480042,0,0.04615899920463562,-0.024637000635266304,-0.006095000077039003,1,0.9922820925712585,0.10183624923229218,0.07075412571430206,0,-0.11446192115545273,0.9716830849647522,0.2067151963710785,0,-0.047699443995952606,-0.21321824193000793,0.9758391380310059,0,0,0.1719609946012497,0,1,-0.998376727104187,0.02517974004149437,0.051087796688079834,0,-0.049466896802186966,0.06126288324594498,-0.9968952536582947,0,-0.028231337666511536,-0.9978037476539612,-0.05991790443658829,0,0,0.14189299941062927,0,1,0.8812106847763062,0.04235069826245308,-0.47082358598709106,0,0.2130565494298935,0.8535053133964539,0.47553750872612,0,0.4219897389411926,-0.5193607807159424,0.7430948615074158,0,0,0.058802999556064606,0,1
K0.172,0.9973040223121643,0.06142450124025345,0.040168121457099915,0,-0.05845287814736366,0.9957345724105835,-0.07138223201036453,0,-0.04438141733407974,0.06884176284074783,0.9966408014297485,0,-0.006372320931404829,0.3412210941314697,0.006186617538332939,1,0.9948172569274902,-0.07751185446977615,-0.06581080704927444,0,0.06654854118824005,0.9856769442558289,-0.15495958924293518,0,0.07687938213348389,0.14977683126926422,0.9857264757156372,0,0,0.044484999030828476,-0.003961999900639057,1,0.9993079900741577,0.033585064113140106,-0.015993941575288773,0,-0.03412146866321564,0.9988203644752502,-0.034538738429546356,0,0.01481508370488882,0.035060565918684006,0.9992749094963074,0,0,0.052104998379945755,0,1,0.9993234872817993,0.03333582729101181,-0.015550355426967144,0,-0.03383781015872955,0.9988747239112854,-0.03322113677859306,0,0.01442540343850851,0.03372485190629959,0.9993270635604858,0,0,0.05954800173640251,0,1,0.9997954964637756,-0.019567981362342834,-0.005046872887760401,0,0.019972262904047966,0.9948673248291016,0.09919697791337967,0,0.003079883987084031,-0.09927748143672943,0.9950546026229858,0,0,0.06699199974536896,0,1,0.998945415019989,0.04349072650074959,-0.014732826501131058,0,-0.04210684075951576,0.9955831170082092,0.08390781283378601,0,0.018316959962248802,-0.08319895714521408,0.9963642358779907,0,0,0.026009999215602875,0.014396999962627888,1,-0.17724372446537018,0.020537354052066803,0.9839526414871216,0,-0.982453465461731,0.05528268218040466,-0.17812757194042206,0,-0.058053795248270035,-0.9982598423957825,0.010378516279160976,0,-0.03156600147485733,0.06663200259208679,-0.003278000047430396,1,-0.9532933235168457,-0.2477390319108963,0.1727934628725052,0,0.1485845148563385,0.11343719810247421,0.9823719263076782,0,-0.26297295093536377,0.9621626138687134,-0.07132865488529205,0,0,0.07022500038146973,0,1,0.9912334084510803,-0.13116754591464996,-0.015832887962460518,0,0.13140583038330078,0.9912145137786865,0.015074672177433968,0,0.013716480694711208,-0.017023051157593727,0.9997611045837402,0,0,0.107184998691082,0,1,-0.11675325781106949,-0.0070513407699763775,-0.9931358695030212,0,0.9923990368843079,0.038339920341968536,-0.11693882942199707,0,0.03890133649110794,-0.9992397427558899,0.002521408023312688,0,0.03156600147485733,0.06630799919366837,0.0003530000103637576,1,-0.7909784913063049,0.579156219959259,0.19730788469314575,0,0.5277791619300842,0.4827145040035248,0.6988817453384399,0,0.30951836705207825,0.6569355130195618,-0.6874834895133972,0,0,0.06993100047111511,0,1,0.8244929313659668,0.5658650994300842,-0.0027850072365254164,0,-0.5658700466156006,0.8244673609733582,-0.006649564020335674,0,-0.001466609537601471,0.007058474235236645,0.9999741315841675,0,0,0.10674600303173065,0,1,-0.9973469376564026,-0.008514021523296833,0.07229769229888916,0,-0.04035019502043724,-0.7619628310203552,-0.6463623642921448,0,0.06059129536151886,-0.6475647687911987,0.759597659111023,0,-0.04615899920463562,-0.024637000635266304,-0.007062000222504139,1,0.988875687122345,-0.14297445118427277,0.0410318449139595,0,0.14036062359809875,0.9882341623306274,0.06075853109359741,0,-0.049235984683036804,-0.05432337522506714,0.9973087310791016,0,0,0.17194600403308868,0,1,-0.9754227995872498,-0.07738112658262253,-0.20630912482738495,0,0.1635974645614624,0.37288278341293335,-0.9133419990539551,0,0.14760452508926392,-0.9246459007263184,-0.3510589599609375,0,0,0.14196300506591797,0,1,0.8933330774307251,-0.06338971108198166,0.4449022710323334,0,-0.20419132709503174,0.8246520161628723,0.5274986028671265,0,-0.4003277122974396,-0.5620773434638977,0.7237456440925598,0,0,0.05748400092124939,0,1,-0.9716797471046448,0.03505530580878258,-0.23368598520755768,0,-0.07742773741483688,-0.9815723299980164,0.17470300197601318,0,-0.2232554852962494,0.18784920871257782,0.956488311290741,0,0.04615899920463562,-0.024637000635266304,-0.006095000077039003,1,0.9928752779960632,0.11121305078268051,0.04279078543186188,0,-0.1180073693394661,0.9675265550613403,0.22352971136569977,0,-0.016541801393032074,-0.22698678076267242,0.973757266998291,0,0,0.1719609946012497,0,1,-0.9991087317466736,0.04125764220952988,-0.008945072069764137,0,0.008811057545244694,-0.0034290095791220665,-0.9999557137489319,0,-0.041286468505859375,-0.9991427063941956,0.0030623420607298613,0,0,0.14189299941062927,0,1,0.8794021606445312,0.05156049132347107,-0.4732806086540222,0,0.21461789309978485,0.8444396257400513,0.49077680706977844,0,0.4249611496925354,-0.5331640839576721,0.7315354347229004,0,0,0.058802999556064606,0,1
K0.207,0.9971744418144226,0.05706661939620972,0.048864126205444336,0,-0.05365724489092827,0.9962103962898254,-0.06845113635063171,0,-0.05258522555232048,0.06563572585582733,0.9964577555656433,0,-0.007584819104522467,0.3353271782398224,0.006965274456888437,1,0.995589554309845,-0.06038927286863327,-0.07179662585258484,0,0.04862862825393677,0.9866307973861694,-0.1555471420288086,0,0.08023013174533844,0.15136972069740295,0.9852159023284912,0,0,0.044484999030828476,-0.003961999900639057,1,0.9990278482437134,0.03203172609210014,-0.03029537945985794,0,-0.033081311732530594,0.9988460540771484,-0.03480365127325058,0,0.029145603999495506,0.03577203303575516,0.998934805393219,0,0,0.052104998379945755,0,1,0.9990358948707581,0.03225835785269737,-0.029773930087685585,0,-0.0332605242729187,0.9988747239112854,-0.033801279962062836,0,0.028650052845478058,0.03475898131728172,0.9989845752716064,0,0,0.05954800173640251,0,1,0.9998448491096497,-0.017551494762301445,0.0012494439724832773,0,0.017332928255200386,0.9946463108062744,0.10187643766403198,0,-0.0030308389104902744,-0.10183899104595184,0.9947962760925293,0,0,0.06699199974536896,0,1,0.9991477727890015,0.04098864644765854,-0.004862572066485882,0,-0.040330201387405396,0.9945290088653564,0.09636160731315613,0,0.008785700425505638,-0.09608336538076401,0.9953343868255615,0,0,0.026009999215602875,0.014396999962627888,1,-0.17285479605197906,0.020254088565707207,0.984739363193512,0,-0.9834623336791992,0.05133841931819916,-0.17368648946285248,0,-0.05407286435365677,-0.9984763264656067,0.011044974438846111,0,-0.03156600147485733,0.06663200259208679,-0.003278000047430396,1,-0.9585345983505249,-0.22908008098602295,0.16951072216033936,0,0.14650414884090424,0.11408083140850067,0.9826100468635559,0,-0.24443432688713074,0.9666998386383057,-0.07578921318054199,0,0,0.07022500038146973,0,1,0.9956070184707642,-0.09236302971839905,-0.015331326052546501,0,0.09253077954053879,0.9956533908843994,0.010614548809826374,0,0.014284301549196243,-0.011986544355750084,0.9998263716697693,0,0,0.107184998691082,0,1,-0.12475515902042389,-0.006989750079810619,-0.9921629428863525,0,0.9911174178123474,0.045547809451818466,-0.12494459003210068,0,0.046064186841249466,-0.9989378452301025,0.0012453473173081875,0,0.03156600147485733,0.06630799919366837,0.0003530000103637576,1,-0.7924438118934631,0.574966549873352,0.20358365774154663,0,0.5362942218780518,0.49780336022377014,0.6816010475158691,0,0.2905532419681549,0.6493114233016968,-0.7028324604034424,0,0,0.06993100047111511,0,1,0.837729275226593,0.5460790395736694,-0.002629360184073448,0,-0.5460838675498962,0.8377057313919067,-0.006417107302695513,0,-0.0013016179436817765,0.0068116504698991776,0.9999756813049316,0,0,0.10674600303173065,0,1,-0.9960229992866516,-0.018654854968190193,0.08712411671876907,0,-0.04217885807156563,-0.7626060247421265,-0.6454862952232361,0,0.07848284393548965,-0.6465941071510315,0.7587865591049194,0,-0.04615899920463562,-0.024637000635266304,-0.007062000222504139,1,0.9924913048744202,-0.12190067768096924,0.010028375312685966,0,0.12087401747703552,0.9900543093681335,0.07198397070169449,0,-0.018703538924455643,-0.07023131847381592,0.9973553419113159,0,0,0.17194600403308868,0,1,-0.9775179028511047,-0.05823143199086189,-0.2026529461145401,0,0.16025927662849426,0.4194043278694153,-0.8935415148735046,0,0.13702575862407684,-0.9059300422668457,-0.4006432294845581,0,0,0.14196300506591797,0,1,0.8928019404411316,-0.06605144590139389,0.4455799460411072,0,-0.20469526946544647,0.821665346622467,0.531946063041687,0,-0.4012534022331238,-0.5661306381225586,0.7200640439987183,0,0,0.05748400092124939,0,1,-0.9699956178665161,0.005959551315754652,-0.2430483102798462,0,-0.06769232451915741,-0.9667878746986389,0.24645157158374786,0,-0.23350758850574493,0.2555096447467804,0.9381841421127319,0,0.04615899920463562,-0.024637000635266304,-0.006095000077039003,1,0.9909843802452087,0.12959198653697968,0.03400595113635063,0,-0.133894681930542,0.9669483304023743,0.21698513627052307,0,-0.004762463271617889,-0.21958203613758087,0.9755820631980896,0,0,0.1719609946012497,0,1,-0.9970652461051941,0.06442777067422867,-0.04134920984506607,0,0.04022606462240219,-0.018634209409356117,-0.9990171790122986,0,-0.06513494998216629,-0.9977484941482544,0.015987824648618698,0,0,0.14189299941062927,0,1,0.8761365413665771,0.06814298778772354,-0.4772232472896576,0,0.2175622135400772,0.8275104761123657,0.5175843238830566,0,0.43017688393592834,-0.5573001503944397,0.7101866602897644,0,0,0.058802999556064606,0,1
