0.667,30,19,25
B0,mixamorig_Hips,-1,-0.9981489777565002,0.05603194609284401,-0.023662058636546135,0,0.050332069396972656,0.9793339967727661,0.19588680565357208,0,0.034148961305618286,0.19433318078517914,-0.9803409576416016,0,0.0035250000655651093,0.32870998978614807,-0.00797600019723177,1
B1,mixamorig_Spine,0,0.9957389831542969,-0.09019513428211212,-0.01920793391764164,0,0.08195684105157852,0.9610210061073303,-0.2640470564365387,0,0.04227502644062042,0.2613479495048523,0.964319109916687,0,0,0.044484999030828476,-0.003961999900639057,1
B2,mixamorig_Spine1,1,0.9999600052833557,-0.008906175382435322,0.00034526793751865625,0,0.00891281571239233,0.9993330240249634,-0.03540216013789177,0,-0.000029739851015619934,0.03540383651852608,0.9993730187416077,0,0,0.052104998379945755,0,1
B3,mixamorig_Spine2,2,0.9999939799308777,-0.0032570844050496817,0.0009107996011152864,0,0.0033239328768104315,0.9962089657783508,-0.08693023025989532,0,-0.0006242077215574682,0.08693275600671768,0.996213972568512,0,0,0.05954800173640251,0,1
B4,mixamorig_Neck,3,0.999970018863678,0.003865784965455532,0.0066437930800020695,0,-0.004850245080888271,0.9878689050674438,0.15521420538425446,0,-0.00596317183226347,-0.15524175763130188,0.98785799741745,0,0,0.06699199974536896,0,1
B5,mixamorig_Head,4,0.998399019241333,0.05653110519051552,0.0016740026185289025,0,-0.05476389452815056,0.9589489698410034,0.27824029326438904,0,0.014123957604169846,-0.27788668870925903,0.9605101346969604,0,0,0.026009999215602875,0.014396999962627888,1
B6,mixamorig_HeadTop_End,5,1,0,0,0,0,1,0,0,0,0,1,0,0,0.10107800364494324,0.055948998779058456,1
B7,mixamorig_LeftShoulder,3,-0.1598212718963623,0.022581910714507103,0.98688805103302,0,-0.9840160608291626,0.07590878754854202,-0.1610930860042572,0,-0.07855122536420822,-0.996859073638916,0.010089091956615448,0,-0.03156600147485733,0.06663200259208679,-0.003278000047430396,1
B8,mixamorig_LeftArm,7,-0.9754268527030945,-0.1630401909351349,0.14818896353244781,0,0.09344902634620667,0.30294424295425415,0.9484159350395203,0,-0.19952279329299927,0.9389579892158508,-0.2802637815475464,0,0,0.07022500038146973,0,1
B9,mixamorig_LeftForeArm,8,0.01466891448944807,-0.9916830658912659,-0.12786516547203064,0,0.9934839606285095,9.402337752817402e-8,0.1139734759926796,0,-0.11302553117275238,-0.12870386242866516,0.9852210879325867,0,0,0.107184998691082,0,1
B10,mixamorig_LeftHand,9,1,0,0,0,0,1,0,0,0,0,1,0,0,0.11084499955177307,0,1
B11,mixamorig_RightShoulder,3,-0.06082487106323242,-0.008297937922179699,-0.9981139302253723,0,0.9958580136299133,0.06720129400491714,-0.06124608963727951,0,0.06758275628089905,-0.9977050423622131,0.004176067188382149,0,0.03156600147485733,0.06630799919366837,0.0003530000103637576,1
B12,mixamorig_RightArm,11,-0.8283360600471497,0.3492889106273651,0.43801388144493103,0,0.5588211417198181,0.4597112834453583,0.6902056336402893,0,0.03972126916050911,0.8164940476417542,-0.5759856700897217,0,0,0.06993100047111511,0,1
B13,mixamorig_RightForeArm,12,-0.004604955203831196,0.9999110698699951,-0.012528060004115105,0,-0.9999200701713562,-0.0047522117383778095,-0.011749759316444397,0,-0.011808237992227077,0.012472939677536488,0.9998520016670227,0,0,0.10674600303173065,0,1
B14,mixamorig_RightHand,13,1,0,0,0,0,1,0,0,0,0,1,0,0,0.11084499955177307,0,1
B15,mixamorig_LeftUpLeg,0,-0.9937799572944641,0.007445880677551031,0.11110922694206238,0,-0.05828399211168289,-0.8849649429321289,-0.4619969427585602,0,0.09488774836063385,-0.465599000453949,0.8798940181732178,0,-0.04615899920463562,-0.024637000635266304,-0.007062000222504139,1
B16,mixamorig_LeftLeg,15,0.9885870814323425,-0.09459798038005829,-0.11724976450204849,0,0.02030419558286667,-0.6875149011611938,0.7258862257003784,0,-0.1492782086133957,-0.7199819087982178,-0.6777471899986267,0,0,0.17194600403308868,0,1
B17,mixamorig_LeftFoot,16,-0.9719811677932739,-0.15977829694747925,-0.17240573465824127,0,0.180159330368042,-0.03527238965034485,-0.9830050468444824,0,0.15098178386688232,-0.9865230917930603,0.06306950747966766,0,0,0.14196300506591797,0,1
B18,mixamorig_LeftToeBase,17,0.9055060744285583,-0.0017552042845636606,0.424329936504364,0,-0.19394707679748535,0.8877151608467102,0.41754862666130066,0,-0.3774169087409973,-0.46039026975631714,0.8034908771514893,0,0,0.05748400092124939,0,1
B19,mixamorig_LeftToe_End,18,1,0,0,0,0,1,0,0,0,0,1,0,0,0.02958199940621853,0,1
B20,mixamorig_RightUpLeg,0,-0.9811039566993713,0.17868609726428986,-0.07420927286148071,0,-0.11792796850204468,-0.8563188314437866,-0.502803385257721,0,-0.15339066088199615,-0.4845506548881531,0.8612092733383179,0,0.04615899920463562,-0.024637000635266304,-0.006095000077039003,1
B21,mixamorig_RightLeg,20,0.9994410276412964,0.019157135859131813,0.02738291397690773,0,-0.03337898477911949,0.6122578382492065,0.7899531126022339,0,-0.0016321663279086351,-0.7904258966445923,0.6125552654266357,0,0,0.1719609946012497,0,1
B22,mixamorig_RightFoot,21,-0.9735239744186401,-0.05107835680246353,0.22280563414096832,0,-0.21194040775299072,-0.16344189643859863,-0.9635188579559326,0,0.08563072979450226,-0.9852299690246582,0.14828912913799286,0,0,0.14189299941062927,0,1
B23,mixamorig_RightToeBase,22,0.8917479515075684,-0.011652403511106968,-0.4523821175098419,0,0.2050076574087143,0.9016050100326538,0.3808932304382324,0,0.4034320116043091,-0.43240293860435486,0.8063939213752747,0,0,0.058802999556064606,0,1
B24,mixamorig_RightToe_End,23,1,0,0,0,0,1,0,0,0,0,1,0,0,0.02912200056016445,0,1
@20,0,1,2,3,4,5,7,8,9,11,12,13,15,16,17,18,20,21,22,23
K0,0.9981971383094788,0.05603193864226341,0.021611494943499565,0,-0.05073445662856102,0.9793339967727661,-0.1957833170890808,0,-0.032134976238012314,0.19433318078517914,0.980410635471344,0,-0.0035086129792034626,0.32870998978614807,0.007983237504959106,1,0.9957389831542969,-0.09019514918327332,-0.01920795440673828,0,0.08195684850215912,0.9610210061073303,-0.2640470564365387,0,0.04227505251765251,0.2613479495048523,0.964319109916687,0,0,0.044484999030828476,-0.003961999900639057,1,0.9999600052833557,-0.008906180039048195,0.0003452641249168664,0,0.008912820369005203,0.9993330240249634,-0.03540216386318207,0,-0.00002973585287691094,0.035403840243816376,0.9993730187416077,0,0,0.052104998379945755,0,1,0.9999939799308777,-0.0032570757903158665,0.0009107955265790224,0,0.003323923796415329,0.9962089657783508,-0.08693023771047592,0,-0.000624204461928457,0.08693276345729828,0.996213972568512,0,0,0.05954800173640251,0,1,0.999970018863678,0.003865768201649189,0.006643809378147125,0,-0.004850231111049652,0.9878689050674438,0.15521420538425446,0,-0.005963190458714962,-0.15524175763130188,0.98785799741745,0,0,0.06699199974536896,0,1,0.998399019241333,0.05653110891580582,0.0016739791026338935,0,-0.05476389080286026,0.9589489698410034,0.27824029326438904,0,0.014123980887234211,-0.27788668870925903,0.9605101346969604,0,0,0.026009999215602875,0.014396999962627888,1,-0.15982139110565186,0.022581830620765686,0.9868879914283752,0,-0.9840160608291626,0.0759088397026062,-0.16109322011470795,0,-0.07855124771595001,-0.9968590140342712,0.010089011862874031,0,-0.03156600147485733,0.06663200259208679,-0.003278000047430396,1,-0.9754268527030945,-0.1630401909351349,0.14818914234638214,0,0.0934491902589798,0.30294424295425415,0.9484159350395203,0,-0.19952285289764404,0.9389580488204956,-0.2802637815475464,0,0,0.07022500038146973,0,1,0.014668751507997513,-0.9916831254959106,-0.12786470353603363,0,0.9934839606285095,0,0.11397361010313034,0,-0.11302568763494492,-0.12870337069034576,0.9852210879325867,0,0,0.107184998691082,0,1,-0.06082524359226227,-0.008297585882246494,-0.9981139302253723,0,0.9958579540252686,0.06720106303691864,-0.06124643236398697,0,0.06758250296115875,-0.9977050423622131,0.004175703506916761,0,0.03156600147485733,0.06630799919366837,0.0003530000103637576,1,-0.8283361792564392,0.34928879141807556,0.43801411986351013,0,0.5588212609291077,0.4597111940383911,0.6902056932449341,0,0.039721112698316574,0.8164942264556885,-0.5759856700897217,0,0,0.06993100047111511,0,1,-0.004604786168783903,0.9999110102653503,-0.012528300285339355,0,-0.9999200105667114,-0.004752046428620815,-0.011749820783734322,0,-0.011808298528194427,0.012473180890083313,0.9998520016670227,0,0,0.10674600303173065,0,1,-0.9937799572944641,0.007445938419550657,0.11110925674438477,0,-0.058284055441617966,-0.8849649429321289,-0.4619969427585602,0,0.09488774836063385,-0.465599000453949,0.8798940181732178,0,-0.04615899920463562,-0.024637000635266304,-0.007062000222504139,1,0.9885870814323425,-0.09459809958934784,-0.1172497421503067,0,0.020304091274738312,-0.6875149011611938,0.7258861660957336,0,-0.14927828311920166,-0.719981849193573,-0.6777471899986267,0,0,0.17194600403308868,0,1,-0.9719809889793396,-0.15977796912193298,-0.1724054515361786,0,0.18015903234481812,-0.03527238965034485,-0.9830049276351929,0,0.15098145604133606,-0.9865230321884155,0.0630696713924408,0,0,0.14196300506591797,0,1,0.9055060148239136,-0.0017551672644913197,0.42433005571365356,0,-0.19394716620445251,0.8877151608467102,0.4175485670566559,0,-0.3774169683456421,-0.46039026975631714,0.8034908175468445,0,0,0.05748400092124939,0,1,-0.9811039566993713,0.17868606746196747,-0.0742093175649643,0,-0.1179279312491417,-0.8563188314437866,-0.502803385257721,0,-0.15339069068431854,-0.4845506548881531,0.8612092733383179,0,0.04615899920463562,-0.024637000635266304,-0.006095000077039003,1,0.9994410276412964,0.01915709488093853,0.02738284505903721,0,-0.033378902822732925,0.6122577786445618,0.7899531126022339,0,-0.0016321530565619469,-0.7904258966445923,0.612555205821991,0,0,0.1719609946012497,0,1,-0.9735240936279297,-0.0510786697268486,0.2228059619665146,0,-0.2119406759738922,-0.1634419858455658,-0.9635189175605774,0,0.08563107252120972,-0.9852300882339478,0.14828889071941376,0,0,0.14189299941062927,0,1,0.8917479515075684,-0.01165242213755846,-0.45238202810287476,0,0.20500759780406952,0.9016050100326538,0.38089314103126526,0,0.4034319519996643,-0.4324028491973877,0.8063940405845642,0,0,0.058802999556064606,0,1
K0.035,0.9992527365684509,-0.020354997366666794,0.03290573135018349,0,0.02550070360302925,0.9860609769821167,-0.164418563246727,0,-0.029100319370627403,0.16513429582118988,0.9858431816101074,0,-0.003314949804916978,0.3327886760234833,0.012247186154127121,1,0.9939104318618774,-0.013224555179476738,-0.10939245671033859,0,-0.017326371744275093,0.9616643786430359,-0.2736792266368866,0,0.10881820321083069,0.27390819787979126,0.9555798172950745,0,0,0.044484999030828476,-0.003961999900639057,1,0.9988279938697815,-0.000681053614243865,-0.04839906841516495,0,-0.0013622412225231528,0.9991093873977661,-0.04217212647199631,0,0.04838468134403229,0.042188629508018494,0.9979373812675476,0,0,0.052104998379945755,0,1,0.9988034963607788,0.0028759611304849386,-0.048826757818460464,0,-0.007421313785016537,0.9956230521202087,-0.09316737204790115,0,0.048345062881708145,0.093418188393116,0.9944524168968201,0,0,0.05954800173640251,0,1,0.9994321465492249,-0.0022629178129136562,0.03360283374786377,0,-0.0027266941033303738,0.9890279769897461,0.14770285785198212,0,-0.03356838598847389,-0.1477106362581253,0.9884603023529053,0,0,0.06699199974536896,0,1,0.9888251423835754,0.03602924942970276,0.14465981721878052,0,-0.07173816114664078,0.9656180739402771,0.24986903369426727,0,-0.13068357110023499,-0.2574544847011566,0.9574124217033386,0,0,0.026009999215602875,0.014396999962627888,1,-0.15382903814315796,0.02475794404745102,0.9877873659133911,0,-0.9828222990036011,0.09933112561702728,-0.1555454581975937,0,-0.10196896642446518,-0.994746208190918,0.009052627719938755,0,-0.03156600147485733,0.06663200259208679,-0.003278000047430396,1,-0.9554109573364258,-0.15413670241832733,0.2518572211265564,0,0.18944187462329865,0.33429843187332153,0.9232314825057983,0,-0.2264992743730545,0.9297775030136108,-0.2901923954486847,0,0,0.07022500038146973,0,1,0.21964451670646667,-0.9699827432632446,-0.10434918850660324,0,0.971744179725647,0.2080506533384323,0.11147887259721756,0,-0.08642271906137466,-0.12588651478290558,0.9882729053497314,0,0,0.107184998691082,0,1,-0.03224879503250122,-0.008098364807665348,-0.9994474649429321,0,0.9953324794769287,0.09074758738279343,-0.03285129368305206,0,0.09096343070268631,-0.995840847492218,0.005134022794663906,0,0.03156600147485733,0.06630799919366837,0.0003530000103637576,1,-0.6655259728431702,0.4426235854625702,0.6009661555290222,0,0.7453019618988037,0.4372740387916565,0.5033062100410461,0,-0.04001164436340332,0.7828636169433594,-0.6209046840667725,0,0,0.06993100047111511,0,1,0.23944084346294403,0.9708627462387085,-0.009659508243203163,0,-0.97087162733078,0.239329531788826,-0.011408787220716476,0,-0.008764559403061867,0.01210987102240324,0.9998881816864014,0,0,0.10674600303173065,0,1,-0.9977067708969116,-0.035329196602106094,0.057730142027139664,0,-0.01893959380686283,-0.673147439956665,-0.7392657995223999,0,0.06497858464717865,-0.7386640310287476,0.6709347367286682,0,-0.04615899920463562,-0.024637000635266304,-0.007062000222504139,1,0.9973345994949341,-0.04622802510857582,-0.05644276738166809,0,0.017494820058345795,-0.5995302200317383,0.8001607656478882,0,-0.07082901149988174,-0.7990156412124634,-0.5971236228942871,0,0,0.17194600403308868,0,1,-0.9782056212425232,-0.06455869972705841,-0.1973460167646408,0,0.198527529835701,-0.012366078794002533,-0.9800167679786682,0,0.060828231275081635,-0.9978371262550354,0.024913365021348,0,0,0.14196300506591797,0,1,0.909363329410553,0.018039198592305183,0.41561153531074524,0,-0.19127590954303741,0.9053211212158203,0.3792196214199066,0,-0.36942121386528015,-0.4243450462818146,0.8267166614532471,0,0,0.05748400092124939,0,1,-0.987423837184906,0.09242869913578033,-0.12826500833034515,0,-0.05964283272624016,-0.9691329002380371,-0.2392151802778244,0,-0.14641617238521576,-0.22855666279792786,0.9624575972557068,0,0.04615899920463562,-0.024637000635266304,-0.006095000077039003,1,0.9956356883049011,0.04898509383201599,0.07943173497915268,0,-0.09014086425304413,0.7251312732696533,0.6826849579811096,0,-0.024157071486115456,-0.6868661046028137,0.7263827323913574,0,0,0.1719609946012497,0,1,-0.9773516654968262,0.00670215068385005,0.21151763200759888,0,-0.20650656521320343,-0.24867132306098938,-0.9463179111480713,0,0.04625597223639488,-0.968564510345459,0.24442322552204132,0,0,0.14189299941062927,0,1,0.8913288712501526,-0.00964381080120802,-0.45325541496276855,0,0.20525866746902466,0.9000192284584045,0.3844926059246063,0,0.4042305648326874,-0.43574392795562744,0.8041925430297852,0,0,0.058802999556064606,0,1
K0.070,0.9934664964675903,-0.10851925611495972,0.035369399935007095,0,0.11301812529563904,0.9785962700843811,-0.1719800978899002,0,-0.015949200838804245,0.17485319077968597,0.9844667911529541,0,-0.0022600411903113127,0.33886703848838806,0.013622392900288105,1,0.9813251495361328,0.08839482069015503,-0.17084506154060364,0,-0.12919090688228607,0.9609032273292542,-0.24489687383174896,0,0.1425178498029709,0.26239487528800964,0.9543775320053101,0,0,0.044484999030828476,-0.003961999900639057,1,0.9971921443939209,0.007299322634935379,-0.07453078031539917,0,-0.009556970559060574,0.999504566192627,-0.029979951679706573,0,0.07427506148815155,0.030608074739575386,0.9967682957649231,0,0,0.052104998379945755,0,1,0.9970877170562744,0.009843126870691776,-0.0756257027387619,0,-0.01587999425828457,0.9966971278190613,-0.07964397221803665,0,0.07459194958209991,0.08061293512582779,0.993950366973877,0,0,0.05954800173640251,0,1,0.9988024830818176,0.015480130910873413,0.046401459723711014,0,-0.021615469828248024,0.9906391501426697,0.13478802144527435,0,-0.04388054832816124,-0.1356295645236969,0.9897870421409607,0,0,0.06699199974536896,0,1,0.9698886275291443,-0.027699224650859833,0.2419670820236206,0,-0.018154768273234367,0.982524573802948,0.1852453351020813,0,-0.2428697794675827,-0.1840602159500122,0.9524366855621338,0,0,0.026009999215602875,0.014396999962627888,1,-0.10199693590402603,0.02690458856523037,0.9944203495979309,0,-0.98531574010849,0.13486750423908234,-0.10471202433109283,0,-0.13693228363990784,-0.9904989004135132,0.012753471732139587,0,-0.03156600147485733,0.06663200259208679,-0.003278000047430396,1,-0.8963069915771484,-0.2013891041278839,0.39506450295448303,0,0.30115291476249695,0.3774915933609009,0.8756751418113708,0,-0.3254849910736084,0.9038485884666443,-0.2776995599269867,0,0,0.07022500038146973,0,1,0.288521409034729,-0.9526036381721497,-0.09644763916730881,0,0.9543326497077942,0.27796050906181335,0.10948154330253601,0,-0.0774838924407959,-0.12363091111183167,0.989298403263092,0,0,0.107184998691082,0,1,-0.052750684320926666,-0.00602712482213974,-0.9985895752906799,0,0.9833300113677979,0.17393557727336884,-0.05299438163638115,0,0.1740097552537918,-0.9847389459609985,-0.0032485926058143377,0,0.03156600147485733,0.06630799919366837,0.0003530000103637576,1,-0.6400538682937622,0.3985418379306793,0.6568830609321594,0,0.761052668094635,0.4462500214576721,0.4708073139190674,0,-0.10549772530794144,0.8012649416923523,-0.5889356732368469,0,0,0.06993100047111511,0,1,0.25409623980522156,0.967132568359375,-0.009487824514508247,0,-0.967140793800354,0.2539869248867035,-0.011364559642970562,0,-0.008581254631280899,0.012063759379088879,0.9998908638954163,0,0,0.10674600303173065,0,1,-0.9949249625205994,-0.08510379493236542,-0.05368560180068016,0,0.08664634823799133,-0.4533455967903137,-0.8871129751205444,0,0.051158543676137924,-0.8872625231742859,0.4584187865257263,0,-0.04615899920463562,-0.024637000635266304,-0.007062000222504139,1,0.9971984624862671,-0.06168683245778084,-0.04230732470750809,0,0.018350187689065933,-0.3465712368488312,0.9378437995910645,0,-0.07251511514186859,-0.9359926581382751,-0.3444683253765106,0,0,0.17194600403308868,0,1,-0.9768150448799133,-0.08551687002182007,-0.19626183807849884,0,0.1908615380525589,0.06739028543233871,-0.9793010354042053,0,0.09697292745113373,-0.994054913520813,-0.04950608313083649,0,0,0.14196300506591797,0,1,0.9103114604949951,0.02292795479297638,0.4132881164550781,0,-0.1906665861606598,0.9094550013542175,0.36950987577438354,0,-0.36739498376846313,-0.41516947746276855,0.8322592973709106,0,0,0.05748400092124939,0,1,-0.9804172515869141,-0.016375673934817314,-0.19625036418437958,0,0.007748122792690992,-0.9989725947380066,0.04464937746524811,0,-0.19677983224391937,0.04225443676114082,0.9795366525650024,0,0.04615899920463562,-0.024637000635266304,-0.006095000077039003,1,0.9900259971618652,0.12046682089567184,0.0730472058057785,0,-0.14039599895477295,0.8867177963256836,0.4404769241809845,0,-0.011709410697221756,-0.4463394284248352,0.8947872519493103,0,0,0.1719609946012497,0,1,-0.9895136952400208,0.020089196041226387,0.14303363859653473,0,-0.14421284198760986,-0.08218923956155777,-0.986128032207489,0,-0.008054684847593307,-0.996414303779602,0.08422457426786423,0,0,0.14189299941062927,0,1,0.8719754815101624,0.08635485917329788,-0.481873482465744,0,0.22084085643291473,0.8090866208076477,0.5446167588233948,0,0.43690773844718933,-0.5813098549842834,0.6864331364631653,0,0,0.058802999556064606,0,1
K0.105,0.9800788760185242,-0.19713152945041656,0.02424200065433979,0,0.19825808703899384,0.9636613726615906,-0.1790265589952469,0,0.011930704116821289,0.18026579916477203,0.9835473299026489,0,-0.00027771061286330223,0.3423820734024048,0.011797348037362099,1,0.9550941586494446,0.19615812599658966,-0.22207635641098022,0,-0.24442033469676971,0.9452449679374695,-0.21626321971416473,0,0.1674947589635849,0.26083165407180786,0.9507427215576172,0,0,0.044484999030828476,-0.003961999900639057,1,0.9961424469947815,0.015437797643244267,-0.08638356626033783,0,-0.017071276903152466,0.9996885657310486,-0.01820293813943863,0,0.08607563376426697,0.01960739493370056,0.9960955381393433,0,0,0.052104998379945755,0,1,0.9959778189659119,0.01798286847770214,-0.08777585625648499,0,-0.023851124569773674,0.997516930103302,-0.06627079099416733,0,0.08636610954999924,0.06809774786233902,0.9939330220222473,0,0,0.05954800173640251,0,1,0.9983468055725098,-0.00672244792804122,0.05707808583974838,0,-0.0009615027229301631,0.9910434484481812,0.13353900611400604,0,-0.05746454745531082,-0.13337306678295135,0.989398181438446,0,0,0.06699199974536896,0,1,0.9472714066505432,-0.05217249318957329,0.316155344247818,0,0.010392281226813793,0.9911391735076904,0.13242191076278687,0,-0.32026275992393494,-0.12215391546487808,0.9394200444221497,0,0,0.026009999215602875,0.014396999962627888,1,-0.058696579188108444,0.028072837740182877,0.9978812336921692,0,-0.9811357855796814,0.18281783163547516,-0.06285466253757477,0,-0.18419499695301056,-0.9827461838722229,0.01681244559586048,0,-0.03156600147485733,0.06663200259208679,-0.003278000047430396,1,-0.8270441889762878,-0.24445904791355133,0.5061997771263123,0,0.3758145868778229,0.42921948432922363,0.8212999701499939,0,-0.4180452227592468,0.8694890141487122,-0.263112336397171,0,0,0.07022500038146973,0,1,0.30858299136161804,-0.9465264081954956,-0.09414682537317276,0,0.9482453465461731,0.29832321405410767,0.10878296941518784,0,-0.07487983256578445,-0.12284296751022339,0.9895975589752197,0,0,0.107184998691082,0,1,-0.018269633874297142,-0.0024988027289509773,-0.9998302459716797,0,0.9738060235977173,0.22663800418376923,-0.01836051046848297,0,0.22664539515972137,-0.9739759564399719,-0.0017072524642571807,0,0.03156600147485733,0.06630799919366837,0.0003530000103637576,1,-0.6552678346633911,0.39513394236564636,0.6438107490539551,0,0.7449383735656738,0.47933945059776306,0.46400415897369385,0,-0.1252601593732834,0.783646821975708,-0.608446478843689,0,0,0.06993100047111511,0,1,0.1777907758951187,0.9840131402015686,-0.010384188033640385,0,-0.9840222597122192,0.17767038941383362,-0.011562797240912914,0,-0.009532984346151352,0.012274033389985561,0.9998792409896851,0,0,0.10674600303173065,0,1,-0.9741582870483398,-0.12122179567813873,-0.1905796378850937,0,0.22132624685764313,-0.3440055549144745,-0.9125100374221802,0,0.045055683702230453,-0.9311099648475647,0.3619455099105835,0,-0.04615899920463562,-0.024637000635266304,-0.007062000222504139,1,0.9800624251365662,-0.19370268285274506,-0.04424745589494705,0,0.05124768614768982,0.03127622231841087,0.9981963634490967,0,-0.19196926057338715,-0.9805614948272705,0.04057943448424339,0,0,0.17194600403308868,0,1,-0.9716529846191406,-0.12512683868408203,-0.20058228075504303,0,0.18435713648796082,0.1300954520702362,-0.9742116928100586,0,0.14799490571022034,-0.9835745692253113,-0.10333969444036484,0,0,0.14196300506591797,0,1,0.9082068800926208,0.012091254815459251,0.4183460474014282,0,-0.19204455614089966,0.9001746773719788,0.3909011781215668,0,-0.37185829877853394,-0.4353605806827545,0.8198675513267517,0,0,0.05748400092124939,0,1,-0.9553905129432678,-0.14002294838428497,-0.2600420117378235,0,0.08469636738300323,-0.9733835458755493,0.21295759081840515,0,-0.2829396724700928,0.18143311142921448,0.9418212175369263,0,0.04615899920463562,-0.024637000635266304,-0.006095000077039003,1,0.9868127703666687,0.13280268013477325,0.09254127740859985,0,-0.15833960473537445,0.9106740951538086,0.3815765082836151,0,-0.0336005873978138,-0.3911978602409363,0.9196935296058655,0,0,0.1719609946012497,0,1,-0.9961273670196533,0.024896278977394104,0.08432111889123917,0,-0.07370642572641373,0.28636524081230164,-0.9552816152572632,0,-0.04792957752943039,-0.9577969908714294,-0.28342103958129883,0,0,0.14189299941062927,0,1,0.8324206471443176,0.28547340631484985,-0.4749535024166107,0,0.2709546387195587,0.5379670262336731,0.798232913017273,0,0.4833831787109375,-0.7931557297706604,0.37046417593955994,0,0,0.058802999556064606,0,1
K0.140,0.9810789823532104,-0.19360093772411346,-0.0023021961096674204,0,0.18963834643363953,0.9632569551467896,-0.1901940256357193,0,0.039039354771375656,0.1861582100391388,0.9817455410957336,0,0.0008946494199335575,0.3459557294845581,0.009614290669560432,1,0.9429096579551697,0.1969842165708542,-0.26854804158210754,0,-0.25066205859184265,0.9506620168685913,-0.18278393149375916,0,0.21929298341274261,0.23966364562511444,0.9457653760910034,0,0,0.044484999030828476,-0.003961999900639057,1,0.9949889779090881,0.02045990712940693,-0.09786637872457504,0,-0.02101360820233822,0.9997686147689819,-0.0046301474794745445,0,0.09774897992610931,0.006663470063358545,0.9951884746551514,0,0,0.052104998379945755,0,1,0.9948247075080872,0.023058142513036728,-0.09895756840705872,0,-0.028302613645792007,0.9982498288154602,-0.05192480981349945,0,0.09758704900741577,0.054456815123558044,0.9937357902526855,0,0,0.05954800173640251,0,1,0.9978047609329224,-0.002022806089371443,0.06619174778461456,0,-0.00603845389559865,0.9925904870033264,0.12135977298021317,0,-0.06594676524400711,-0.12149301916360855,0.9903989434242249,0,0,0.06699199974536896,0,1,0.91359943151474,-0.07719101756811142,0.39922070503234863,0,0.04250682145357132,0.9945668578147888,0.09502868354320526,0,-0.4043869376182556,-0.06984853744506836,0.9119166135787964,0,0,0.026009999215602875,0.014396999962627888,1,-0.055178653448820114,0.030174797400832176,0.9980204701423645,0,-0.9675788283348083,0.24511516094207764,-0.06090652197599411,0,-0.24646784365177155,-0.9690243005752563,0.015671338886022568,0,-0.03156600147485733,0.06663200259208679,-0.003278000047430396,1,-0.755598247051239,-0.2918960750102997,0.5864024758338928,0,0.4373188614845276,0.4416944086551666,0.7833633422851562,0,-0.48767155408859253,0.8483531475067139,-0.20609194040298462,0,0,0.07022500038146973,0,1,0.32353079319000244,-0.9416919350624084,-0.09243164956569672,0,0.9434017539024353,0.3134951889514923,0.1082276850938797,0,-0.07294028997421265,-0.12221521884202957,0.9898195862770081,0,0,0.107184998691082,0,1,0.04613964632153511,0.0036914038937538862,-0.9989282488822937,0,0.9662855863571167,0.2534070611000061,0.045568302273750305,0,0.2533037066459656,-0.9673527479171753,0.008125193417072296,0,0.03156600147485733,0.06630799919366837,0.0003530000103637576,1,-0.6971114873886108,0.4185675084590912,0.5820965766906738,0,0.7093547582626343,0.5206219553947449,0.4751511514186859,0,-0.10416950285434723,0.7441467046737671,-0.6598448157310486,0,0,0.06993100047111511,0,1,0.10087649524211884,0.9948347210884094,-0.011287851259112358,0,-0.9948436617851257,0.10074476897716522,-0.011690035462379456,0,-0.010492466390132904,0.012408900074660778,0.9998682141304016,0,0,0.10674600303173065,0,1,-0.961392343044281,-0.09729431569576263,-0.2574063539505005,0,0.2751232385635376,-0.3589201271533966,-0.8918991088867188,0,-0.00561161246150732,-0.9282834529876709,0.3718310594558716,0,-0.04615899920463562,-0.024637000635266304,-0.007062000222504139,1,0.9766888618469238,-0.21463081240653992,0.0036034204531461,0,0.09803520888090134,0.46092233061790466,0.8820086121559143,0,-0.1909671574831009,-0.8610948324203491,0.47121918201446533,0,0,0.17194600403308868,0,1,-0.9593640565872192,-0.14249306917190552,-0.24354979395866394,0,0.21916884183883667,0.16733840107917786,-0.9612295627593994,0,0.17772379517555237,-0.9755476713180542,-0.12930835783481598,0,0,0.14196300506591797,0,1,0.9047185778617859,-0.005778171122074127,0.4259697496891022,0,-0.19452810287475586,0.8839716911315918,0.42514973878860474,0,-0.37900203466415405,-0.46750423312187195,0.7986220717430115,0,0,0.05748400092124939,0,1,-0.9537274837493896,-0.15539968013763428,-0.25739914178848267,0,0.0865476205945015,-0.9617357850074768,0.2599487602710724,0,-0.287945955991745,0.22564303874969482,0.930683434009552,0,0.04615899920463562,-0.024637000635266304,-0.006095000077039003,1,0.9818412065505981,0.13967429101467133,0.12837101519107819,0,-0.18686316907405853,0.8287627696990967,0.5274796485900879,0,-0.032713763415813446,-0.541888952255249,0.8398132920265198,0,0,0.1719609946012497,0,1,-0.9821581840515137,0.15795263648033142,0.10206083208322525,0,-0.01751505210995674,0.46352115273475647,-0.8859122395515442,0,-0.18723958730697632,-0.8718938827514648,-0.4524846374988556,0,0,0.14189299941062927,0,1,0.8718873858451843,0.0896434634923935,-0.48143213987350464,0,0.22162723541259766,0.8044291734695435,0.5511593222618103,0,0.4366854429244995,-0.5872467756271362,0.6815035343170166,0,0,0.058802999556064606,0,1
K0.175,0.9913396239280701,-0.13063372671604156,-0.013545442372560501,0,0.12590384483337402,0.9746307134628296,-0.18504956364631653,0,0.037375517189502716,0.18174096941947937,0.9826374053955078,0,0.0009214607998728752,0.34339338541030884,0.007677668239921331,1,0.9475725889205933,0.13771288096904755,-0.2883411645889282,0,-0.19165845215320587,0.9669738411903381,-0.16801467537879944,0,0.255680650472641,0.21446920931339264,0.942672073841095,0,0,0.044484999030828476,-0.003961999900639057,1,0.9947505593299866,0.01638185977935791,-0.10100570321083069,0,-0.016204414889216423,0.9998653531074524,0.002577126957476139,0,0.10103434324264526,-0.0009268602007068694,0.9948822259902954,0,0,0.052104998379945755,0,1,0.9946372509002686,0.018952181562781334,-0.10166972875595093,0,-0.02365233190357685,0.9986968040466309,-0.04522494226694107,0,0.1006801426410675,0.04738714545965195,0.9937894344329834,0,0,0.05954800173640251,0,1,0.9976480603218079,0.017642516642808914,0.06624030321836472,0,-0.024740565568208694,0.9938523769378662,0.10791497677564621,0,-0.06392916291952133,-0.10929995775222778,0.9919509887695312,0,0,0.06699199974536896,0,1,0.9018441438674927,-0.08204121142625809,0.42420122027397156,0,0.06318626552820206,0.9962944984436035,0.05835212767124176,0,-0.4274165630340576,-0.02582082897424698,0.9036861062049866,0,0,0.026009999215602875,0.014396999962627888,1,-0.053815506398677826,0.029354669153690338,0.9981191754341125,0,-0.9603002071380615,0.27248549461364746,-0.05979023873806,0,-0.27372822165489197,-0.9617120623588562,0.013525370508432388,0,-0.03156600147485733,0.06663200259208679,-0.003278000047430396,1,-0.7143282890319824,-0.29784688353538513,0.6332634091377258,0,0.49261751770973206,0.42871490120887756,0.7573184370994568,0,-0.49705466628074646,0.8529310822486877,-0.15951868891716003,0,0,0.07022500038146973,0,1,0.28924185037612915,-0.9523928761482239,-0.09636595845222473,0,0.9541225433349609,0.2786918878555298,0.1094575822353363,0,-0.07739021629095078,-0.12360464036464691,0.9893088936805725,0,0,0.107184998691082,0,1,0.06830020248889923,0.006877556908875704,-0.9976416230201721,0,0.9608538150787354,0.26867443323135376,0.06763388961553574,0,0.26850590109825134,-0.9632067680358887,0.011742150411009789,0,0.03156600147485733,0.06630799919366837,0.0003530000103637576,1,-0.7408002018928528,0.43512728810310364,0.511741578578949,0,0.6694389581680298,0.5410427451133728,0.5090422034263611,0,-0.05537591874599457,0.719678521156311,-0.692095935344696,0,0,0.06993100047111511,0,1,0.04576035588979721,0.9988812804222107,-0.011935464106500149,0,-0.998890221118927,0.04562051594257355,-0.011737468652427197,0,-0.011179827153682709,0.012459320947527885,0.9998596906661987,0,0,0.10674600303173065,0,1,-0.9695662260055542,-0.07274051010608673,-0.2337741255760193,0,0.23898307979106903,-0.48860660195350647,-0.8391366004943848,0,-0.05318437144160271,-0.8694668412208557,0.4911203980445862,0,-0.04615899920463562,-0.024637000635266304,-0.007062000222504139,1,0.9835870265960693,-0.17748162150382996,0.032520100474357605,0,0.1340211033821106,0.8392810821533203,0.526921808719635,0,-0.12081240117549896,-0.5139148831367493,0.849291980266571,0,0,0.17194600403308868,0,1,-0.964259922504425,-0.1783054918050766,-0.19598659873008728,0,0.14129804074764252,0.2796800434589386,-0.9496391415596008,0,0.2241392433643341,-0.9433906674385071,-0.2444898784160614,0,0,0.14196300506591797,0,1,0.9016749858856201,-0.021282147616147995,0.4318895637989044,0,-0.1968863606452942,0.869043231010437,0.45387208461761475,0,-0.38499030470848083,-0.49427860975265503,0.7794049382209778,0,0,0.05748400092124939,0,1,-0.968963086605072,-0.08029274642467499,-0.2338029444217682,0,0.004106943495571613,-0.950880229473114,0.30953121185302734,0,-0.2471718192100525,0.2989642024040222,0.9216979146003723,0,0.04615899920463562,-0.024637000635266304,-0.006095000077039003,1,0.9764485955238342,0.18148371577262878,0.11667260527610779,0,-0.21151596307754517,0.698603093624115,0.6835314631462097,0,0.042541973292827606,-0.6921113133430481,0.7205365300178528,0,0,0.1719609946012497,0,1,-0.972843587398529,0.1566905677318573,0.17036093771457672,0,-0.08903197944164276,0.42607173323631287,-0.9002979397773743,0,-0.2136542797088623,-0.8910171389579773,-0.40055087208747864,0,0,0.14189299941062927,0,1,0.8686443567276001,0.10599435120820999,-0.4839646518230438,0,0.22490143775939941,0.7860376834869385,0.5758166909217834,0,0.44144773483276367,-0.6090242862701416,0.6589488387107849,0,0,0.058802999556064606,0,1
K0.211,0.9969287514686584,-0.07143620401620865,-0.032147910445928574,0,0.06584532558917999,0.9864692687988281,-0.15014208853244781,0,0.04243852198123932,0.14756374061107635,0.9881436228752136,0,0.0007674941443838179,0.34020179510116577,0.006977553479373455,1,0.9674515128135681,0.07158253341913223,-0.2427215874195099,0,-0.11891183257102966,0.9752617478370667,-0.18634405732154846,0,0.22337806224822998,0.20914126932621002,0.9520303606987,0,0,0.044484999030828476,-0.003961999900639057,1,0.9960359930992126,0.015327204018831253,-0.08761898428201675,0,-0.015598910860717297,0.9998754262924194,-0.002417091280221939,0,0.08757103234529495,0.0037742715794593096,0.9961512684822083,0,0,0.052104998379945755,0,1,0.9959229230880737,0.018600773066282272,-0.08826662600040436,0,-0.023216908797621727,0.9983997941017151,-0.05156245455145836,0,0.08716630935668945,0.05340151861310005,0.9947612881660461,0,0,0.05954800173640251,0,1,0.9982377290725708,0.01061113178730011,0.05838709697127342,0,-0.01703476533293724,0.9937142133712769,0.11064626276493073,0,-0.05684597045183182,-0.1114458218216896,0.9921432137489319,0,0,0.06699199974536896,0,1,0.9250881671905518,-0.06580539047718048,0.3740074336528778,0,0.05574367195367813,0.9977341890335083,0.03766895830631256,0,-0.375638872385025,-0.013998559676110744,0.926660418510437,0,0,0.026009999215602875,0.014396999962627888,1,-0.056070633232593536,0.029584461823105812,0.997988224029541,0,-0.9607675671577454,0.27033746242523193,-0.06199338287115097,0,-0.27162763476371765,-0.9623109102249146,0.013265824876725674,0,-0.03156600147485733,0.06663200259208679,-0.003278000047430396,1,-0.7261351346969604,-0.26133254170417786,0.6359509825706482,0,0.5306680202484131,0.3750965893268585,0.7600612044334412,0,-0.4371718764305115,0.8893862962722778,-0.1336899995803833,0,0,0.07022500038146973,0,1,0.17850375175476074,-0.9778752326965332,-0.10906951874494553,0,0.9796513915061951,0.1662927120923996,0.11238626390695572,0,-0.0917622521519661,-0.126911461353302,0.9876604676246643,0,0,0.107184998691082,0,1,0.03304922953248024,0.002754401881247759,-0.9994503259658813,0,0.9674743413925171,0.2508479952812195,0.03268320485949516,0,0.2508001923561096,-0.9680229425430298,0.005625508259981871,0,0.03156600147485733,0.06630799919366837,0.0003530000103637576,1,-0.7803715467453003,0.44039106369018555,0.44393283128738403,0,0.6252369284629822,0.5382112860679626,0.5651615262031555,0,0.009962462820112705,0.7185992002487183,-0.6953535079956055,0,0,0.06993100047111511,0,1,0.041348960250616074,0.9990729093551636,-0.011987552978098392,0,-0.999081552028656,0.041208453476428986,-0.011740025132894516,0,-0.01123515609651804,0.012461981736123562,0.9998594522476196,0,0,0.10674600303173065,0,1,-0.9816488027572632,-0.089016392827034,-0.1686464101076126,0,0.18311211466789246,-0.686945378780365,-0.7032606601715088,0,-0.053249165415763855,-0.7212364673614502,0.690639317035675,0,-0.04615899920463562,-0.024637000635266304,-0.007062000222504139,1,0.9942290782928467,-0.10428105294704437,-0.02517412044107914,0,0.10659407079219818,0.9867472648620605,0.12234297394752502,0,0.01208244264125824,-0.124320387840271,0.9921687841415405,0,0,0.17194600403308868,0,1,-0.9558550119400024,-0.21881121397018433,-0.19612111151218414,0,0.101366326212883,0.3809235990047455,-0.919033408164978,0,0.2758018672466278,-0.8983423709869385,-0.34192752838134766,0,0,0.14196300506591797,0,1,0.8976463675498962,-0.04168504476547241,0.4387398660182953,0,-0.20026560127735138,0.8482177257537842,0.4903262257575989,0,-0.39258649945259094,-0.5280044674873352,0.7530520558357239,0,0,0.05748400092124939,0,1,-0.9704746007919312,-0.02552007883787155,-0.23984958231449127,0,-0.046933937817811966,-0.9554009437561035,0.291558176279068,0,-0.23659315705299377,0.2942069470882416,0.9259946942329407,0,0.04615899920463562,-0.024637000635266304,-0.006095000077039003,1,0.9693336486816406,0.2176951766014099,0.11402430385351181,0,-0.20094862580299377,0.4350449740886688,0.8776993751525879,0,0.1414651870727539,-0.8736963868141174,0.4654492139816284,0,0,0.1719609946012497,0,1,-0.9679889678955078,0.14818687736988068,0.20257686078548431,0,-0.12790335714817047,0.4032120704650879,-0.9061241745948792,0,-0.21595719456672668,-0.9030287265777588,-0.3713512420654297,0,0,0.14189299941062927,0,1,0.8683850169181824,0.10729868710041046,-0.484142005443573,0,0.2251695692539215,0.7845393419265747,0.5777518153190613,0,0.4418206810951233,-0.6107253432273865,0.6571221351623535,0,0,0.058802999556064606,0,1
