0.700,30,20,33
B0,mixamorig_Hips,-1,0.9694210290908813,-0.034021999686956406,0.24303500354290009,0,-0.006564999930560589,0.9863939881324768,0.16426900029182434,0,-0.2453169971704483,-0.16084100306034088,0.9560070037841797,0,0.0039610001258552074,1.1857819557189941,-0.014391999691724777,1
B1,mixamorig_Spine,0,0.9979779720306396,0.023924000561237335,0.05889400094747543,0,-0.03500799834728241,0.9801650047302246,0.19506700336933136,0,-0.05305999889969826,-0.1967339962720871,0.9790199995040894,0,0,0.21901200711727142,0.00914900004863739,1
B2,mixamorig_Spine1,1,0.9998490214347839,-0.0016509999986737967,0.017294999212026596,0,0.0006309999735094607,0.9982720017433167,0.05876599997282028,0,-0.017362000420689583,-0.05874599888920784,0.998121976852417,0,0,0.2557370066642761,0,1
B3,mixamorig_Spine2,2,0.9998440146446228,-0.0018080000299960375,0.017596999183297157,0,0.0007740000146441162,0.9982799887657166,0.0586250014603138,0,-0.017673000693321228,-0.05860200151801109,0.9981250166893005,0,0,0.2922709882259369,0,1
B4,mixamorig_Neck,3,0.9977080225944519,0.02428399957716465,-0.06315399706363678,0,-0.022205999121069908,0.9991949796676636,0.03340600058436394,0,0.06391499936580658,-0.03192700073122978,0.9974449872970581,0,0,0.32880499958992004,0,1
B5,mixamorig_Head,4,0.9375839829444885,0.19771699607372284,-0.28608500957489014,0,-0.2101760059595108,0.9775750041007996,-0.013194999657571316,0,0.27706000208854675,0.07249899953603745,0.9581130146980286,0,0,0.08951400220394135,-0.048482999205589294,1
B6,mixamorig_HeadTop_End,5,1,0,0,0,0,1,0,0,0,0,1,0,0,0.5775229930877686,-0.31279900670051575,1
B7,mixamorig_LeftShoulder,3,0.18858499825000763,0.035898998379707336,-0.9814000129699707,0,0.8762249946594238,0.4451189935207367,0.1846569925546646,0,0.44346898794174194,-0.894752025604248,0.05248799920082092,0,0.13319499790668488,0.3245519995689392,0.0026730000972747803,1
B8,mixamorig_LeftArm,7,-0.026040999218821526,0.21707600355148315,0.9758070111274719,0,-0.8966019749641418,0.4265980124473572,-0.11882799863815308,0,-0.4420720040798187,-0.8780050277709961,0.18352200090885162,0,0,0.2364940047264099,0,1
B9,mixamorig_LeftForeArm,8,0.8636379837989807,0.5039359927177429,-0.013318999670445919,0,-0.5040910243988037,0.8635420203208923,-0.013701999559998512,0,0.00459699984639883,0.01854800060391426,0.9998170137405396,0,0,0.4795689880847931,0,1
B10,mixamorig_LeftHand,9,-0.6527929902076721,-0.20212200284004211,0.7300739884376526,0,0.05855900049209595,0.9473999738693237,0.31464898586273193,0,-0.7552689909934998,0.24815300107002258,-0.6066200137138367,0,0,0.41480299830436707,0,1
B11,mixamorig_LeftHandIndex1,10,0.16655400395393372,-0.5964409708976746,0.7851870059967041,0,0.03517000004649162,0.7993959784507751,0.5997740030288696,0,-0.9854050278663635,-0.07227999716997147,0.15411899983882904,0,0,0.1074799969792366,0,1
B12,mixamorig_LeftHandIndex2,11,0.619350016117096,-0.78302401304245,0.05727199837565422,0,0.1475519984960556,0.18773500621318817,0.9710739850997925,0,-0.7711250185966492,-0.5929840207099915,0.23181000351905823,0,0,0.04613399878144264,0,1
B13,mixamorig_LeftHandIndex3,12,0.6383770108222961,0.08443500101566315,-0.7650790214538574,0,-0.2806609869003296,0.9510679841041565,-0.12922100722789764,0,0.7167320251464844,0.29721999168395996,0.6308379769325256,0,0.004708999767899513,0.010336999781429768,-0.028920000419020653,1
B14,mixamorig_LeftHandIndex4,13,1,0,0,0,0,1,0,0,0,0,1,0,0.009871000424027443,0.0023129999171942472,-0.00016700000560376793,1
B15,mixamorig_RightShoulder,3,0.0695049986243248,-0.009479000233113766,0.9975370168685913,0,-0.9760580062866211,0.2059510052204132,0.06996499747037888,0,-0.2061070054769516,-0.9785159826278687,0.00506300013512373,0,-0.13319499790668488,0.3244040012359619,-0.0008549999911338091,1
B16,mixamorig_RightArm,15,0.3833619952201843,-0.3791149854660034,-0.8422020077705383,0,0.8938779830932617,-0.07716300338506699,0.44161900877952576,0,-0.2324109971523285,-0.9221270084381104,0.3093020021915436,0,0,0.23645000159740448,0,1
B17,mixamorig_RightForeArm,16,-0.28964799642562866,-0.9571239948272705,0.004294999875128269,0,0.9571290016174316,-0.2896310091018677,0.004155000206083059,0,-0.002733000088483095,0.00531500019133091,0.9999819993972778,0,0,0.4795899987220764,0,1
B18,mixamorig_RightHand,17,0.7030180096626282,0.5970939993858337,-0.38631999492645264,0,-0.6939939856529236,0.6946619749069214,-0.18925300240516663,0,0.15535999834537506,0.40115201473236084,0.9027400016784668,0,0,0.41492098569869995,0,1
B19,mixamorig_RightHandIndex1,18,0.46118998527526855,0.17687200009822845,-0.8694940209388733,0,0.03101000003516674,0.9761189818382263,0.21501000225543976,0,0.8867589831352234,-0.12612299621105194,0.4446919858455658,0,0,0.09106899797916412,0,1
B20,mixamorig_RightHandIndex2,19,0.36980998516082764,0.8845070004463196,0.2844089865684509,0,-0.8778709769248962,0.2323949933052063,0.4187310039997101,0,0.3042759895324707,-0.4045250117778778,0.8624240159988403,0,0,0.04714300110936165,0,1
B21,mixamorig_RightHandIndex3,20,0.9951969981193542,-0.09056100249290466,-0.03716199845075607,0,0.08461099863052368,0.9867159724235535,-0.13868199288845062,0,0.0492280013859272,0.13487200438976288,0.9896389842033386,0,0.03592899814248085,0.04206100106239319,-0.017931999638676643,1
B22,mixamorig_RightHandIndex4,21,1,0,0,0,0,1,0,0,0,0,1,0,0.0012550000101327896,0.011091000400483608,0.0001049999991664663,1
B23,mixamorig_LeftUpLeg,0,-0.9845100045204163,0.06306000053882599,0.1635970026254654,0,0.02113799937069416,-0.8835840225219727,0.4677959978580475,0,0.17405100166797638,0.4640069901943207,0.8685640096664429,0,0.19165199995040894,-0.12162700295448303,0.004447000101208687,1
B24,mixamorig_LeftLeg,23,0.9899910092353821,0.13851000368595123,-0.027069000527262688,0,0.017017999663949013,-0.307559996843338,-0.9513769745826721,0,-0.14010000228881836,0.9413939714431763,-0.3068380057811737,0,0,0.664484977722168,0,1
B25,mixamorig_LeftFoot,24,0.9206550121307373,-0.15690100193023682,0.3574579954147339,0,-0.3814319968223572,-0.16665500402450562,0.909250020980835,0,-0.08308999985456467,-0.9734519720077515,-0.21327899396419525,0,0,0.44650799036026,0,1
B26,mixamorig_LeftToeBase,25,0.9148359894752502,-0.009596999734640121,0.4037109911441803,0,-0.19843199849128723,0.8600149750709534,0.47010600566864014,0,-0.3517090082168579,-0.5101789832115173,0.7848680019378662,0,0,0.21725599467754364,0,1
B27,mixamorig_LeftToe_End,26,1,0,0,0,0,1,0,0,0,0,1,0,0,0.10880099982023239,0,1
B28,mixamorig_RightUpLeg,0,-0.9781060218811035,-0.1487330049276352,0.14555899798870087,0,0.1924930065870285,-0.9124130010604858,0.361176997423172,0,0.07909099757671356,0.381289005279541,0.9210659861564636,0,-0.19165199995040894,-0.12162700295448303,0.00023499999952036887,1
B29,mixamorig_RightLeg,28,0.9864760041236877,-0.1496019959449768,0.06696400046348572,0,0.12269899994134903,0.40314799547195435,-0.9068719744682312,0,0.10867299884557724,0.9028239846229553,0.4160520136356354,0,0,0.6645839810371399,0,1
B30,mixamorig_RightFoot,29,0.809939980506897,0.44275999069213867,-0.3846549987792969,0,0.5164819955825806,-0.22764700651168823,0.8254830241203308,0,0.2779250144958496,-0.8672599792480469,-0.4130589962005615,0,0,0.44771501421928406,0,1
B31,mixamorig_RightToeBase,30,0.9303079843521118,0.04574599862098694,-0.36391401290893555,0,0.17958800494670868,0.808305025100708,0.5607060194015503,0,0.31980401277542114,-0.5869839787483215,0.7437570095062256,0,0,0.20818999409675598,0,1
B32,mixamorig_RightToe_End,31,1,0,0,0,0,1,0,0,0,0,1,0,0,0.10874799638986588,0,1
@28,0,1,2,3,4,5,7,8,9,10,11,12,13,15,16,17,18,19,20,21,23,24,25,26,28,29,30,31
K0,0.9694210290908813,-0.034021876752376556,0.24303510785102844,0,-0.006564878858625889,0.9863939881324768,0.16426889598369598,0,-0.24531692266464233,-0.16084109246730804,0.9560070037841797,0,0.0039610001258552074,1.1857819557189941,-0.014391999691724777,1,0.9979779720306396,0.023923687636852264,0.05889447033405304,0,-0.03500831127166748,0.9801650643348694,0.195066899061203,0,-0.05305954068899155,-0.19673411548137665,0.9790199995040894,0,0,0.21901200711727142,0.00914900004863739,1,0.9998490214347839,-0.0016505549428984523,0.01729494519531727,0,0.0006314449128694832,0.9982719421386719,0.05876590311527252,0,-0.017362050712108612,-0.058746088296175,0.998121976852417,0,0,0.2557370066642761,0,1,0.9998440146446228,-0.001808309811167419,0.017597133293747902,0,0.000773690058849752,0.9982800483703613,0.05862490087747574,0,-0.017672864720225334,-0.05860209837555885,0.9981249570846558,0,0,0.2922709882259369,0,1,0.9977079629898071,0.02428418956696987,-0.06315426528453827,0,-0.022205809131264687,0.9991949796676636,0.03340596333146095,0,0.0639147236943245,-0.03192703425884247,0.9974449872970581,0,0,0.32880499958992004,0,1,0.9375841617584229,0.1977168470621109,-0.2860848307609558,0,-0.21017618477344513,0.9775750041007996,-0.013194718398153782,0,0.27706021070480347,0.07249928265810013,0.9581129550933838,0,0,0.08951400220394135,-0.048482999205589294,1,0.18858548998832703,0.035898782312870026,-0.9813999533653259,0,0.8762249946594238,0.4451189935207367,0.18465721607208252,0,0.4434693157672882,-0.8947519659996033,0.05248761922121048,0,0.13319499790668488,0.3245519995689392,0.0026730000972747803,1,-0.026041027158498764,0.21707633137702942,0.9758068919181824,0,-0.8966017961502075,0.42659834027290344,-0.11882764101028442,0,-0.442072331905365,-0.878004789352417,0.18352200090885162,0,0,0.2364940047264099,0,1,0.8636380434036255,0.5039358139038086,-0.013319267891347408,0,-0.5040910840034485,0.8635419607162476,-0.013702166266739368,0,0.004596731159836054,0.01854783110320568,0.9998170137405396,0,0,0.4795689880847931,0,1,-0.6527931690216064,-0.20212185382843018,0.730073869228363,0,0.05855884775519371,0.9473999738693237,0.3146490454673767,0,-0.7552691102027893,0.2481529414653778,-0.6066199541091919,0,0,0.41480299830436707,0,1,0.1665537804365158,-0.5964410901069641,0.7851870059967041,0,0.0351698137819767,0.7993958592414856,0.599774181842804,0,-0.9854050874710083,-0.07227978110313416,0.1541191041469574,0,0,0.1074799969792366,0,1,0.6193498969078064,-0.7830241918563843,0.05727139487862587,0,0.14755170047283173,0.18773478269577026,0.971074104309082,0,-0.7711254954338074,-0.5929835438728333,0.2318097949028015,0,0,0.04613399878144264,0,1,0.6383770704269409,0.0844348594546318,-0.7650790810585022,0,-0.28066113591194153,0.9510678648948669,-0.12922103703022003,0,0.7167319655418396,0.2972199320793152,0.6308379769325256,0,0.004708999767899513,0.010336999781429768,-0.028920000419020653,1,0.06950485706329346,-0.00947873666882515,0.9975370764732361,0,-0.9760579466819763,0.2059514969587326,0.06996525824069977,0,-0.2061072289943695,-0.9785159230232239,0.005062823183834553,0,-0.13319499790668488,0.3244040012359619,-0.0008549999911338091,1,0.38336193561553955,-0.37911486625671387,-0.8422021269798279,0,0.8938781023025513,-0.07716276496648788,0.441618949174881,0,-0.2324112057685852,-0.9221271276473999,0.30930155515670776,0,0,0.23645000159740448,0,1,-0.28964802622795105,-0.9571239948272705,0.004295491613447666,0,0.9571290016174316,-0.2896309196949005,0.004154755733907223,0,-0.0027325088158249855,0.0053147561848163605,0.9999819993972778,0,0,0.4795899987220764,0,1,0.7030181884765625,0.5970938205718994,-0.3863199055194855,0,-0.6939941048622131,0.6946619153022766,-0.18925291299819946,0,0.15536004304885864,0.4011521339416504,0.902739942073822,0,0,0.41492098569869995,0,1,0.4611901342868805,0.17687197029590607,-0.8694939613342285,0,0.031009970232844353,0.9761190414428711,0.2150096446275711,0,0.8867590427398682,-0.1261233538389206,0.44469180703163147,0,0,0.09106899797916412,0,1,0.3698100447654724,0.8845071196556091,0.2844085395336151,0,-0.8778709769248962,0.23239465057849884,0.4187312722206116,0,0.3042755722999573,-0.4045247435569763,0.8624243140220642,0,0,0.04714300110936165,0,1,0.9951969981193542,-0.09056118130683899,-0.03716222196817398,0,0.08461081981658936,0.9867160320281982,-0.13868221640586853,0,0.049227774143218994,0.13487176597118378,0.9896390438079834,0,0.03592899814248085,0.04206100106239319,-0.017931999638676643,1,-0.9845099449157715,0.06306031346321106,0.16359703242778778,0,0.02113831602036953,-0.883584201335907,0.4677956998348236,0,0.1740509569644928,0.46400731801986694,0.8685637712478638,0,0.19165199995040894,-0.12162700295448303,0.004447000101208687,1,0.9899911284446716,0.13850943744182587,-0.027068985626101494,0,0.017017444595694542,-0.3075597584247589,-0.9513770937919617,0,-0.14009998738765717,0.9413938522338867,-0.30683839321136475,0,0,0.664484977722168,0,1,0.9206550121307373,-0.1569007933139801,0.35745808482170105,0,-0.38143178820610046,-0.16665491461753845,0.909250020980835,0,-0.0830899253487587,-0.9734519720077515,-0.21327874064445496,0,0,0.44650799036026,0,1,0.9148359894752502,-0.009597339667379856,0.40371090173721313,0,-0.1984323412179947,0.8600149154663086,0.47010597586631775,0,-0.3517090678215027,-0.5101789832115173,0.7848680019378662,0,0,0.21725599467754364,0,1,-0.9781060814857483,-0.1487330049276352,0.14555905759334564,0,0.1924929916858673,-0.9124129414558411,0.36117735505104065,0,0.07909093052148819,0.38128867745399475,0.9210661053657532,0,-0.19165199995040894,-0.12162700295448303,0.00023499999952036887,1,0.9864760041236877,-0.14960189163684845,0.06696426868438721,0,0.12269911915063858,0.40314802527427673,-0.906872034072876,0,0.10867326706647873,0.9028240442276001,0.4160519242286682,0,0,0.6645839810371399,0,1,0.8099402189254761,0.4427596628665924,-0.3846549689769745,0,0.5164816975593567,-0.22764752805233002,0.8254831433296204,0,0.27792519330978394,-0.8672601580619812,-0.4130585789680481,0,0,0.44771501421928406,0,1,0.930307924747467,0.04574604332447052,-0.36391422152519226,0,0.17958803474903107,0.8083049058914185,0.5607060194015503,0,0.31980377435684204,-0.5869839191436768,0.7437571287155151,0,0,0.20818999409675598,0,1
K0.035,0.9735333323478699,-0.010625801980495453,0.2282973974943161,0,-0.028164293617010117,0.9857271909713745,0.1659809648990631,0,-0.2268025130033493,-0.16801775991916656,0.9593385457992554,0,0.0035094425547868013,1.1923267841339111,-0.014155132696032524,1,0.9977996945381165,0.0024623095523566008,0.06625982373952866,0,-0.015080875717103481,0.9815472364425659,0.1906256228685379,0,-0.06456772983074188,-0.19120533764362335,0.9794240593910217,0,0,0.21901200711727142,0.00914900004863739,1,0.9998177886009216,-0.0049206288531422615,0.018431777134537697,0,0.003889587474986911,0.9984475374221802,0.05556226149201393,0,-0.01867656223475933,-0.05548045039176941,0.9982847571372986,0,0,0.2557370066642761,0,1,0.9998127818107605,-0.005056705791503191,0.018683912232518196,0,0.004014011472463608,0.9984545111656189,0.05542900040745735,0,-0.018935322761535645,-0.055343616753816605,0.9982876777648926,0,0,0.2922709882259369,0,1,0.9976844191551208,0.023723658174276352,-0.06374308466911316,0,-0.02144610323011875,0.9991151690483093,0.036179959774017334,0,0.06454497575759888,-0.03472913056612015,0.9973100423812866,0,0,0.32880499958992004,0,1,0.9352472424507141,0.21000359952449799,-0.28497514128685,0,-0.22530576586723328,0.9740476012229919,-0.021626748144626617,0,0.27303776144981384,0.0844329297542572,0.9582907557487488,0,0,0.08951400220394135,-0.048482999205589294,1,0.21016258001327515,0.039303116500377655,-0.9768759608268738,0,0.8681682348251343,0.45196884870529175,0.20495980978012085,0,0.44957277178764343,-0.8911669254302979,0.060865163803100586,0,0.13319499790668488,0.3245519995689392,0.0026730000972747803,1,0.0010249733459204435,0.24030831456184387,0.9706957936286926,0,-0.8869074583053589,0.44862812757492065,-0.11012716591358185,0,-0.46194612979888916,-0.8608048558235168,0.21359112858772278,0,0,0.2364940047264099,0,1,0.8690938353538513,0.4944714903831482,-0.01317056268453598,0,-0.49462375044822693,0.8690033555030823,-0.013444721698760986,0,0.004797232802957296,0.018199199810624123,0.9998229742050171,0,0,0.4795689880847931,0,1,-0.6725515723228455,-0.2046583592891693,0.7111884355545044,0,0.039997026324272156,0.949543833732605,0.3110738694667816,0,-0.7389684915542603,0.23765866458415985,-0.6304314732551575,0,0,0.41480299830436707,0,1,0.16679523885250092,-0.593982458114624,0.786996603012085,0,0.03624315932393074,0.8013319969177246,0.5971207618713379,0,-0.9853256344795227,-0.0710737332701683,0.15518628060817719,0,0,0.1074799969792366,0,1,0.6175022721290588,-0.7844998836517334,0.05702435225248337,0,0.14799390733242035,0.18708068132400513,0.9711324572563171,0,-0.7725213766098022,-0.5912371873855591,0.23162390291690826,0,0,0.04613399878144264,0,1,0.6400260925292969,0.08401019871234894,-0.7637465000152588,0,-0.27969682216644287,0.9512803554534912,-0.1297498643398285,0,0.7156371474266052,0.2966609597206116,0.6323420405387878,0,0.004708999767899513,0.010336999781429768,-0.028920000419020653,1,0.07120633870363235,-0.009551751427352428,0.9974157214164734,0,-0.9741287231445312,0.2143535166978836,0.0715966746211052,0,-0.21448342502117157,-0.9767091274261475,0.0059586502611637115,0,-0.13319499790668488,0.3244040012359619,-0.0008549999911338091,1,0.3929155468940735,-0.36821144819259644,-0.8426371812820435,0,0.8874213695526123,-0.0883633941411972,0.4524106979370117,0,-0.24104100465774536,-0.9255331754684448,0.29203927516937256,0,0,0.23645000159740448,0,1,-0.2814374268054962,-0.9595697522163391,0.0043310560286045074,0,0.9595758318901062,-0.28142040967941284,0.004165295511484146,0,-0.0027780437376350164,0.005328245926648378,0.9999819397926331,0,0,0.4795899987220764,0,1,0.7144361734390259,0.5876797437667847,-0.37975290417671204,0,-0.6833589673042297,0.7026538848876953,-0.19823656976222992,0,0.15033531188964844,0.401135116815567,0.9035979509353638,0,0,0.41492098569869995,0,1,0.4608924388885498,0.18231269717216492,-0.8685274720191956,0,0.030435632914304733,0.9748479723930359,0.22078140079975128,0,0.8869336843490601,-0.12819069623947144,0.44375136494636536,0,0,0.09106899797916412,0,1,0.3698115348815918,0.8845067620277405,0.2844080626964569,0,-0.8778700828552246,0.232396200299263,0.4187309443950653,0,0.3042750656604767,-0.4045250117778778,0.8624250292778015,0,0,0.04714300110936165,0,1,0.9951969385147095,-0.09056121110916138,-0.037162698805332184,0,0.08461077511310577,0.9867160320281982,-0.13868224620819092,0,0.0492282472550869,0.13487175107002258,0.9896389842033386,0,0.03592899814248085,0.04206100106239319,-0.017931999638676643,1,-0.9867957234382629,0.0956779345870018,0.13069334626197815,0,0.014075282029807568,-0.7531808614730835,0.6576631665229797,0,0.1613595336675644,0.6508185863494873,0.7418886423110962,0,0.19165199995040894,-0.12162700295448303,0.004447000101208687,1,0.9924405217170715,0.12077486515045166,-0.021794898435473442,0,0.0028957738541066647,-0.20058573782444,-0.9796713590621948,0,-0.12269149720668793,0.9722030162811279,-0.19941926002502441,0,0,0.664484977722168,0,1,0.9037938714027405,-0.1843007355928421,0.3862500786781311,0,-0.4177943170070648,-0.18435053527355194,0.8896411657333374,0,-0.0927562415599823,-0.9654266834259033,-0.2436150312423706,0,0,0.44650799036026,0,1,0.910202145576477,-0.02943776547908783,0.41311582922935486,0,-0.2015598714351654,0.8398926854133606,0.5039380788803101,0,-0.3618081212043762,-0.5419535636901855,0.7585393786430359,0,0,0.21725599467754364,0,1,-0.9867829084396362,-0.1296740174293518,0.0971813052892685,0,0.1463685929775238,-0.9705927968025208,0.19112063944339752,0,0.06954005360603333,0.20281878113746643,0.9767440557479858,0,-0.19165199995040894,-0.12162700295448303,0.00023499999952036887,1,0.9791948795318604,-0.19269652664661407,0.06361177563667297,0,0.15378490090370178,0.5001494884490967,-0.8521741032600403,0,0.13239549100399017,0.8442263007164001,0.5193771719932556,0,0,0.6645839810371399,0,1,0.7923489212989807,0.46000635623931885,-0.40072157979011536,0,0.5402055382728577,-0.22381478548049927,0.8112243413925171,0,0.28348076343536377,-0.8592442274093628,-0.42583712935447693,0,0,0.44771501421928406,0,1,0.9203095436096191,0.08792757987976074,-0.38118085265159607,0,0.18756884336471558,0.7559130191802979,0.6272271871566772,0,0.34329017996788025,-0.6487408876419067,0.6791815757751465,0,0,0.20818999409675598,0,1
K0.070,0.9791247248649597,0.0090109221637249,0.2030610293149948,0,-0.044257499277591705,0.984498918056488,0.16971434652805328,0,-0.1983841061592102,-0.17515850067138672,0.964346170425415,0,0.002592508913949132,1.2056492567062378,-0.011465772986412048,1,0.9970449209213257,-0.01341511681675911,0.07563810050487518,0,-0.0009705121046863496,0.9823547005653381,0.18702279031276703,0,-0.07681242376565933,-0.18654361367225647,0.9794393181800842,0,0,0.21901200711727142,0.00914900004863739,1,0.9997703433036804,-0.00567083852365613,0.020652327686548233,0,0.0045139966532588005,0.9984409809112549,0.05563719943165779,0,-0.02093564346432686,-0.05553120747208595,0.9982374310493469,0,0,0.2557370066642761,0,1,0.9997664093971252,-0.005854431539773941,0.020817000418901443,0,0.004690301604568958,0.9984456896781921,0.05553757771849632,0,-0.021109770983457565,-0.05542692914605141,0.9982393383979797,0,0,0.2922709882259369,0,1,0.9977583289146423,0.023829497396945953,-0.06253034621477127,0,-0.021289007738232613,0.9989326596260071,0.040984563529491425,0,0.06344027817249298,-0.03956150263547897,0.9972012042999268,0,0,0.32880499958992004,0,1,0.9359872341156006,0.2174612283706665,-0.2768353223800659,0,-0.23262564837932587,0.9723004698753357,-0.022746330127120018,0,0.2642207741737366,0.08568931370973587,0.9606483578681946,0,0,0.08951400220394135,-0.048482999205589294,1,0.2401202768087387,0.04460284486413002,-0.9697180390357971,0,0.8569329380989075,0.4595890939235687,0.23333168029785156,0,0.4560789167881012,-0.8870106935501099,0.07213500142097473,0,0.13319499790668488,0.3245519995689392,0.0026730000972747803,1,0.041863951832056046,0.22433921694755554,0.9736117720603943,0,-0.8768802881240845,0.47531449794769287,-0.07181710004806519,0,-0.47888290882110596,-0.850733757019043,0.21661697328090668,0,0,0.2364940047264099,0,1,0.8469328880310059,0.5315217971801758,-0.013773149810731411,0,-0.5316850543022156,0.8468185663223267,-0.014452354051172733,0,0.00398161681368947,0.01956314966082573,0.9998006224632263,0,0,0.4795689880847931,0,1,-0.6766042113304138,-0.1952895075082779,0.7099782228469849,0,0.054731059819459915,0.9481846690177917,0.3129698634147644,0,-0.7343105673789978,0.2506147027015686,-0.6308576464653015,0,0,0.41480299830436707,0,1,0.16715110838413239,-0.5902015566825867,0.789760410785675,0,0.03524103760719299,0.804094672203064,0.5934550762176514,0,-0.9853013157844543,-0.07136474549770355,0.15520481765270233,0,0,0.1074799969792366,0,1,0.6184844374656677,-0.7837149500846863,0.05715552344918251,0,0.14775915443897247,0.1874285340309143,0.9711012244224548,0,-0.7717797160148621,-0.5921661853790283,0.2317228764295578,0,0,0.04613399878144264,0,1,0.6391726732254028,0.08422999829053879,-0.7644366025924683,0,-0.28019633889198303,0.9511705040931702,-0.12947677075862885,0,0.7162039875984192,0.29695045948028564,0.6315634250640869,0,0.004708999767899513,0.010336999781429768,-0.028920000419020653,1,0.07141382992267609,-0.009580882266163826,0.9974009990692139,0,-0.9746111035346985,0.21207523345947266,0.0718192607164383,0,-0.2122119814157486,-0.9772061109542847,0.0058074453845620155,0,-0.13319499790668488,0.3244040012359619,-0.0008549999911338091,1,0.40505263209342957,-0.36982259154319763,-0.8361599445343018,0,0.8795091509819031,-0.09225388616323471,0.4668545126914978,0,-0.24979229271411896,-0.924510657787323,0.287894606590271,0,0,0.23645000159740448,0,1,-0.2842477262020111,-0.9587410688400269,0.004318541847169399,0,0.9587469696998596,-0.28423070907592773,0.004161607939749956,0,-0.0027624419890344143,0.005323315970599651,0.9999819993972778,0,0,0.4795899987220764,0,1,0.7224915623664856,0.5814678072929382,-0.3740330636501312,0,-0.6766954064369202,0.7056350708007812,-0.21014881134033203,0,0.14173604547977448,0.40493714809417725,0.9032918214797974,0,0,0.41492098569869995,0,1,0.4608767628669739,0.1827964335680008,-0.8684340119361877,0,0.030068619176745415,0.974778950214386,0.22113832831382751,0,0.886954665184021,-0.12803015112876892,0.443756639957428,0,0,0.09106899797916412,0,1,0.3698159456253052,0.8845053911209106,0.2844064235687256,0,-0.8778695464134216,0.23240140080451965,0.4187312424182892,0,0.304273396730423,-0.40452495217323303,0.8624254465103149,0,0,0.04714300110936165,0,1,0.9951969981193542,-0.09056118130683899,-0.03716222196817398,0,0.08461081981658936,0.9867160320281982,-0.13868221640586853,0,0.049227774143218994,0.13487176597118378,0.9896390438079834,0,0.03592899814248085,0.04206100106239319,-0.017931999638676643,1,-0.989987850189209,0.11990869790315628,0.07447336614131927,0,-0.015576868318021297,-0.6171883940696716,0.7866617441177368,0,0.14029169082641602,0.7776255011558533,0.612876832485199,0,0.19165199995040894,-0.12162700295448303,0.004447000101208687,1,0.9912912845611572,0.13063520193099976,-0.01659218966960907,0,-0.022609902545809746,0.04471731185913086,-0.9987437725067139,0,-0.12972918152809143,0.99042147397995,0.047281548380851746,0,0,0.664484977722168,0,1,0.8752363920211792,-0.181141197681427,0.44849708676338196,0,-0.4713020622730255,-0.11082004010677338,0.8749814629554749,0,-0.10879269242286682,-0.9771929979324341,-0.18236590921878815,0,0,0.44650799036026,0,1,0.9069553017616272,-0.043169811367988586,0.419008731842041,0,-0.2039393186569214,0.8253724575042725,0.5264687538146973,0,-0.3685656785964966,-0.5629357695579529,0.7397716045379639,0,0,0.21725599467754364,0,1,-0.9950281381607056,-0.09780985862016678,0.01876703090965748,0,0.09765775501728058,-0.9951804876327515,-0.008858801797032356,0,0.019543074071407318,-0.0069820149801671505,0.9997850060462952,0,-0.19165199995040894,-0.12162700295448303,0.00023499999952036887,1,0.9699233174324036,-0.24013051390647888,0.03982606157660484,0,0.19560767710208893,0.6715605854988098,-0.714664101600647,0,0.14486706256866455,0.7009598016738892,0.6983337998390198,0,0,0.6645839810371399,0,1,0.7911099195480347,0.44949010014533997,-0.4148537814617157,0,0.509797990322113,-0.10973626375198364,0.8532664179801941,0,0.3380102813243866,-0.8865191340446472,-0.315962553024292,0,0,0.44771501421928406,0,1,0.9045973420143127,0.15080080926418304,-0.3987022340297699,0,0.20273208618164062,0.6705763339996338,0.7136011123657227,0,0.37497174739837646,-0.7263510823249817,0.5760291814804077,0,0,0.20818999409675598,0,1
K0.105,0.9842246770858765,0.020765086635947227,0.17569802701473236,0,-0.05146937817335129,0.9837417006492615,0.17205627262592316,0,-0.16926875710487366,-0.17838513851165771,0.9692918062210083,0,0.0015978501178324223,1.215912103652954,-0.00398835027590394,1,0.9965915083885193,-0.020187700167298317,0.07998259365558624,0,0.005502819549292326,0.9837020039558411,0.17972180247306824,0,-0.08230727165937424,-0.17866922914981842,0.9804608821868896,0,0,0.21901200711727142,0.00914900004863739,1,0.9997461438179016,-0.0038246875628829002,0.022188937291502953,0,0.002581150270998478,0.9984387755393982,0.05580355226993561,0,-0.022367721423506737,-0.05573209747672081,0.9981949329376221,0,0,0.2557370066642761,0,1,0.9997441172599792,-0.004079203121364117,0.022266775369644165,0,0.0028320355340838432,0.998440682888031,0.05575713887810707,0,-0.02245948277413845,-0.055679768323898315,0.998196005821228,0,0,0.2922709882259369,0,1,0.9978620409965515,0.02634909190237522,-0.05981450155377388,0,-0.023293666541576385,0.9984158873558044,0.051216453313827515,0,0.06106925383210182,-0.049713656306266785,0.9968950748443604,0,0,0.32880499958992004,0,1,0.9393395185470581,0.2155909389257431,-0.2667604088783264,0,-0.22908389568328857,0.973198652267456,-0.020148267969489098,0,0.2552669644355774,0.08003655076026917,0.963551938533783,0,0,0.08951400220394135,-0.048482999205589294,1,0.28198131918907166,0.05212964862585068,-0.9580028653144836,0,0.8417823910713196,0.46563243865966797,0.2731100022792816,0,0.4603140354156494,-0.8834413290023804,0.08741778135299683,0,0.13319499790668488,0.3245519995689392,0.0026730000972747803,1,0.09312916547060013,0.1850135773420334,0.9783133864402771,0,-0.8664743900299072,0.49907901883125305,-0.011900488287210464,0,-0.4904575049877167,-0.8465753793716431,0.20678842067718506,0,0,0.2364940047264099,0,1,0.8140867352485657,0.5805584788322449,-0.014666179195046425,0,-0.5807366967201233,0.8139378428459167,-0.01578524149954319,0,0.0027731030713766813,0.021367747336626053,0.9997677803039551,0,0,0.4795689880847931,0,1,-0.6718074083328247,-0.18318726122379303,0.7177162766456604,0,0.08053411543369293,0.9451300501823425,0.3166142404079437,0,-0.7363349795341492,0.2705044448375702,-0.6201925873756409,0,0,0.41480299830436707,0,1,0.16699759662151337,-0.5917816758155823,0.7886096835136414,0,0.034823205322027206,0.8028831481933594,0.5951184630393982,0,-0.9853421449661255,-0.0719214677810669,0.15468737483024597,0,0,0.1074799969792366,0,1,0.6188088655471802,-0.7834566235542297,0.05719904601573944,0,0.14768138527870178,0.1875433325767517,0.9710913300514221,0,-0.7715345025062561,-0.5924721360206604,0.23175521194934845,0,0,0.04613399878144264,0,1,0.6389162540435791,0.08429650217294693,-0.7646436095237732,0,-0.28034600615501404,0.9511374831199646,-0.12939369678497314,0,0.7163745760917664,0.2970368266105652,0.6313300132751465,0,0.004708999767899513,0.010336999781429768,-0.028920000419020653,1,0.07018549740314484,-0.009558149613440037,0.9974877834320068,0,-0.9769746661186218,0.2013101875782013,0.0706711858510971,0,-0.20148004591464996,-0.9794806838035583,0.004790955223143101,0,-0.13319499790668488,0.3244040012359619,-0.0008549999911338091,1,0.42782923579216003,-0.37668707966804504,-0.8216260671615601,0,0.8656665682792664,-0.09068817645311356,0.49233898520469666,0,-0.2599692940711975,-0.9218905568122864,0.2872861325740814,0,0,0.23645000159740448,0,1,-0.2939746677875519,-0.9558038711547852,0.004276869352906942,0,0.9558089971542358,-0.2939576804637909,0.004148391075432301,0,-0.00270782969892025,0.005307391751557589,0.9999819993972778,0,0,0.4795899987220764,0,1,0.7253609299659729,0.5835391283035278,-0.3651473820209503,0,-0.676214873790741,0.7032812237739563,-0.21938471496105194,0,0.12878172099590302,0.4060511589050293,0.9047304391860962,0,0,0.41492098569869995,0,1,0.4610026180744171,0.17992036044597626,-0.8689674735069275,0,0.03129858151078224,0.9753246903419495,0.21854613721370697,0,0.886846661567688,-0.1279478371143341,0.4439961612224579,0,0,0.09106899797916412,0,1,0.36979931592941284,0.8845095038414001,0.2844133973121643,0,-0.8778735995292664,0.23238176107406616,0.41873255372047424,0,0.30428043007850647,-0.404526025056839,0.8624221682548523,0,0,0.04714300110936165,0,1,0.9951969981193542,-0.09056111425161362,-0.03716222941875458,0,0.08461074531078339,0.9867160320281982,-0.13868221640586853,0,0.0492277666926384,0.13487176597118378,0.9896390438079834,0,0.03592899814248085,0.04206100106239319,-0.017931999638676643,1,-0.9947198629379272,0.09936191141605377,0.02568703331053257,0,-0.029971739277243614,-0.5206326842308044,0.8532543778419495,0,0.09815451502799988,0.8479793667793274,0.5208618640899658,0,0.19165199995040894,-0.12162700295448303,0.004447000101208687,1,0.9923101663589478,0.12375388294458389,0.002190434141084552,0,-0.059427324682474136,0.4918877184391022,-0.8686281442642212,0,-0.10857358574867249,0.8618185520172119,0.495459645986557,0,0,0.664484977722168,0,1,0.9092004895210266,-0.1865379512310028,0.37223324179649353,0,-0.37063151597976685,0.044727522879838943,0.9277026653289795,0,-0.1897009015083313,-0.9814294576644897,-0.02847057208418846,0,0,0.44650799036026,0,1,0.9126250147819519,-0.019101746380329132,0.40835073590278625,0,-0.19988404214382172,0.8505043387413025,0.48650655150413513,0,-0.35659724473953247,-0.5256209373474121,0.7723734974861145,0,0,0.21725599467754364,0,1,-0.9968420267105103,-0.0425829254090786,-0.06702917069196701,0,0.05616912618279457,-0.9747589230537415,-0.21607987582683563,0,-0.056135933846235275,-0.21916234493255615,0.9740718603134155,0,-0.19165199995040894,-0.12162700295448303,0.00023499999952036887,1,0.9608710408210754,-0.2760830223560333,-0.02246442250907421,0,0.22989319264888763,0.8400912284851074,-0.49132075905799866,0,0.1545175313949585,0.46693161129951477,0.8706891536712646,0,0,0.6645839810371399,0,1,0.8119239807128906,0.4064435064792633,-0.4190269708633423,0,0.3955082595348358,0.14495199918746948,0.9069523215293884,0,0.4293633699417114,-0.9021043181419373,-0.043061718344688416,0,0,0.44771501421928406,0,1,0.882792055606842,0.2326153814792633,-0.4081273078918457,0,0.2277439385652542,0.5479390025138855,0.804919421672821,0,0.4108656942844391,-0.8035253882408142,0.4307396411895752,0,0,0.20818999409675598,0,1
K0.140,0.9856586456298828,0.015656091272830963,0.1680215448141098,0,-0.04334574192762375,0.9857683777809143,0.16242453455924988,0,-0.16308751702308655,-0.1673782914876938,0.9723103642463684,0,0.00009699138900032267,1.2144191265106201,0.0004839919856749475,1,0.9971486330032349,-0.014928790740668774,0.07396731525659561,0,0.0017760273767635226,0.984605610370636,0.174780011177063,0,-0.07543791830539703,-0.17415034770965576,0.981825053691864,0,0,0.21901200711727142,0.00914900004863739,1,0.9997665882110596,-0.001986939227208495,0.021509651094675064,0,0.000700995558872819,0.9982208013534546,0.059627749025821686,0,-0.021589843556284904,-0.059598714113235474,0.9979885816574097,0,0,0.2557370066642761,0,1,0.9997637271881104,-0.002324879402294755,0.021608388051390648,0,0.0010334638645872474,0.9982227087020874,0.05958462879061699,0,-0.021708514541387558,-0.059548232704401016,0.9979894757270813,0,0,0.2922709882259369,0,1,0.9979440569877625,0.030295178294181824,-0.056476693600416183,0,-0.02709505707025528,0.998029887676239,0.05659221112728119,0,0.05807989835739136,-0.05494562163949013,0.9967988729476929,0,0,0.32880499958992004,0,1,0.9434929490089417,0.20849689841270447,-0.2575865089893341,0,-0.21933190524578094,0.9755536317825317,-0.013735978864133358,0,0.24842537939548492,0.06945669651031494,0.9661573171615601,0,0,0.08951400220394135,-0.048482999205589294,1,0.3177086114883423,0.058061107993125916,-0.9464093446731567,0,0.8281809091567993,0.46903422474861145,0.3067941665649414,0,0.46171119809150696,-0.8812692761421204,0.10093110054731369,0,0.13319499790668488,0.3245519995689392,0.0026730000972747803,1,0.1257501244544983,0.1610051840543747,0.978909432888031,0,-0.8569431304931641,0.5147843360900879,0.025413719937205315,0,-0.49983546137809753,-0.8420653939247131,0.2027064859867096,0,0,0.2364940047264099,0,1,0.807515025138855,0.5896599888801575,-0.01484480407088995,0,-0.5898413062095642,0.8073597550392151,-0.01603313535451889,0,0.002530998783186078,0.021703073754906654,0.9997608065605164,0,0,0.4795689880847931,0,1,-0.6678932309150696,-0.1851000189781189,0.72087162733078,0,0.08356902748346329,0.9438030123710632,0.31977003812789917,0,-0.7395504713058472,0.2738148868083954,-0.6148912906646729,0,0,0.41480299830436707,0,1,0.16666004061698914,-0.5953218340873718,0.7860128283500671,0,0.03502752259373665,0.8002332448959351,0.5986652970314026,0,-0.9853924512863159,-0.07224153727293015,0.1542195975780487,0,0,0.1074799969792366,0,1,0.6195667386054993,-0.7828490734100342,0.05730070546269417,0,0.14749981462955475,0.1878124624490738,0.9710665345191956,0,-0.7709605097770691,-0.5931887626647949,0.23183250427246094,0,0,0.04613399878144264,0,1,0.6381781101226807,0.0844862312078476,-0.7652385234832764,0,-0.28077730536460876,0.9510430097579956,-0.1291569620370865,0,0.7168631553649902,0.29728689789772034,0.6306570172309875,0,0.004708999767899513,0.010336999781429768,-0.028920000419020653,1,0.06997717916965485,-0.009628542698919773,0.9975021481513977,0,-0.9795424938201904,0.18847011029720306,0.07053656131029129,0,-0.18867862224578857,-0.9820318818092346,0.003756999969482422,0,-0.13319499790668488,0.3244040012359619,-0.0008549999911338091,1,0.44310614466667175,-0.381492018699646,-0.8112463355064392,0,0.8564938902854919,-0.0870613232254982,0.5087615251541138,0,-0.2647167444229126,-0.9202633500099182,0.2881682813167572,0,0,0.23645000159740448,0,1,-0.29038098454475403,-0.9569010138511658,0.004292141646146774,0,0.9569069743156433,-0.290364146232605,0.004153736867010593,0,-0.00272843218408525,0.0053133489564061165,0.9999819993972778,0,0,0.4795899987220764,0,1,0.7251785397529602,0.5867130160331726,-0.3603929877281189,0,-0.6773746013641357,0.701836347579956,-0.22042883932590485,0,0.12360849231481552,0.4039715528488159,0.9063815474510193,0,0,0.41492098569869995,0,1,0.461203396320343,0.17735101282596588,-0.8693895936012268,0,0.02977742627263069,0.9761754274368286,0.2149314433336258,0,0.886794924736023,-0.1250152736902237,0.44493430852890015,0,0,0.09106899797916412,0,1,0.36982962489128113,0.8845008611679077,0.284400075674057,0,-0.8778651356697083,0.23241819441318512,0.4187285006046295,0,0.3042663037776947,-0.4045235514640808,0.8624285459518433,0,0,0.04714300110936165,0,1,0.9951969981193542,-0.09056089073419571,-0.037162236869335175,0,0.08461051434278488,0.9867159128189087,-0.1386823207139969,0,0.0492277592420578,0.13487190008163452,0.9896389842033386,0,0.03592899814248085,0.04206100106239319,-0.017931999638676643,1,-0.9980975985527039,0.05890224128961563,-0.018193356692790985,0,-0.04949628561735153,-0.5897379517555237,0.8060762882232666,0,0.03675041347742081,0.8054438233375549,0.5915318131446838,0,0.19165199995040894,-0.12162700295448303,0.004447000101208687,1,0.9818391799926758,0.15870754420757294,0.10394052416086197,0,-0.09827111661434174,0.8941088318824768,-0.4369363486766815,0,-0.1622791588306427,0.4187867045402527,0.8934670686721802,0,0,0.664484977722168,0,1,0.9270647764205933,-0.17777295410633087,0.33007293939590454,0,-0.27511298656463623,0.2755144238471985,0.9210891127586365,0,-0.2546844482421875,-0.9447161555290222,0.206511989235878,0,0,0.44650799036026,0,1,0.9109265208244324,-0.02635772153735161,0.4117261469364166,0,-0.20105037093162537,0.8430834412574768,0.498787522315979,0,-0.36026638746261597,-0.5371364951133728,0.7626878619194031,0,0,0.21725599467754364,0,1,-0.9949136972427368,0.020637905225157738,-0.09859834611415863,0,0.014916549436748028,-0.9378151297569275,-0.3468133211135864,0,-0.09962448477745056,-0.34651994705200195,0.9327369332313538,0,-0.19165199995040894,-0.12162700295448303,0.00023499999952036887,1,0.9690150022506714,-0.24650858342647552,-0.015596175566315651,0,0.22427894175052643,0.9045698642730713,-0.3625626564025879,0,0.10348270833492279,0.34783101081848145,0.9318290948867798,0,0,0.6645839810371399,0,1,0.8258576989173889,0.3297659754753113,-0.45739755034446716,0,0.25606590509414673,0.5033732652664185,0.8252544403076172,0,0.5023831129074097,-0.7986676096916199,0.33127325773239136,0,0,0.44771501421928406,0,1,0.8403745293617249,0.33425965905189514,-0.42666226625442505,0,0.2558238208293915,0.44937005639076233,0.8559325933456421,0,0.47783300280570984,-0.8284544348716736,0.2921276092529297,0,0,0.20818999409675598,0,1
