7.300,30,218,33
B0,mixamorig_Hips,-1,0.9447680115699768,-0.3248800039291382,-0.043198999017477036,0,0.3229460120201111,0.9452890157699585,-0.0462069995701313,0,0.05584700033068657,0.029704000800848007,0.997996985912323,0,-0.04656299948692322,1.653380036354065,-0.006287999916821718,1
B1,mixamorig_Spine,0,0.9997550249099731,0.021612999960780144,0.004689000081270933,0,-0.021801000460982323,0.998769998550415,0.04453599825501442,0,-0.003720999928191304,-0.04462699964642525,0.9989969730377197,0,0,0.19015400111675262,0.010821999981999397,1
B2,mixamorig_Spine1,1,0.9976289868354797,-0.06333299726247787,0.026948999613523483,0,0.06395799666643143,0.9976879954338074,-0.02299400046467781,0,-0.02543099969625473,0.02466299943625927,0.9993720054626465,0,0,0.2222049981355667,0,1
B3,mixamorig_Spine2,2,0.9979109764099121,-0.0588189996778965,0.02671699970960617,0,0.05943699926137924,0.9979680180549622,-0.02294199913740158,0,-0.0253129992634058,0.02448200061917305,0.9993799924850464,0,0,0.25394800305366516,0,1
B4,mixamorig_Neck,3,0.9920499920845032,-0.08576299995183945,0.09209799766540527,0,0.0955130010843277,0.9896309971809387,-0.10727699846029282,0,-0.08194199949502945,0.11522100120782852,0.9899539947509766,0,0,0.2856929898262024,0,1
B5,mixamorig_Head,4,0.8767189979553223,0.03319999948143959,0.479856014251709,0,0.1468210071325302,0.9315329790115356,-0.3327000141143799,0,-0.4580470025539398,0.3621380031108856,0.81181800365448,0,0,0.19631199538707733,-0.10251300036907196,1
B6,mixamorig_HeadTop_End,5,1,0,0,0,0,1,0,0,0,0,1,0,0,0.2988629937171936,-0.1560640037059784,1
B7,mixamorig_LeftShoulder,3,-0.0005670000100508332,0.018830999732017517,-0.9998229742050171,0,0.9946410059928894,0.10337799787521362,0.0013830000534653664,0,0.10338599979877472,-0.9944639801979065,-0.018789000809192657,0,0.13304099440574646,0.28029200434684753,-0.011698000133037567,1
B8,mixamorig_LeftArm,7,0.9485219717025757,-0.21286499500274658,0.23451000452041626,0,-0.0678509995341301,0.5866820216178894,0.8069700002670288,0,-0.30935901403427124,-0.7813400030136108,0.5420380234718323,0,0,0.2970210015773773,0,1
B9,mixamorig_LeftForeArm,8,0.5426340103149414,0.8375840187072754,0.06325200200080872,0,-0.8389840126037598,0.5368130207061768,0.08909100294113159,0,0.04066700115799904,-0.10141199827194214,0.9940130114555359,0,0,0.4307500123977661,0,1
B10,mixamorig_LeftHand,9,0.8650439977645874,0.2936420142650604,-0.4067839980125427,0,-0.29540500044822693,0.9534800052642822,0.06009100005030632,0,0.4055050015449524,0.0681840032339096,0.911545991897583,0,0,0.42271101474761963,0,1
B11,mixamorig_LeftHandIndex1,10,0.9972440004348755,-0.07262600213289261,-0.01514500007033348,0,0.07380600273609161,0.9505370259284973,0.3017149865627289,0,-0.0075170001946389675,-0.3020009994506836,0.9532780051231384,0,0,0.08545400202274323,0,1
B12,mixamorig_LeftHandIndex2,11,0.6847259998321533,-0.7277809977531433,-0.03853200003504753,0,0.7281699776649475,0.685375988483429,-0.005369999911636114,0,0.030316999182105064,-0.02438100054860115,0.9992430210113525,0,0,0.0688209980726242,0,1
B13,mixamorig_LeftHandIndex3,12,0.5605369806289673,0.570222020149231,0.6005380153656006,0,0.22118599712848663,0.5957409739494324,-0.7721199989318848,0,-0.7980440258979797,0.5656329989433289,0.20780900120735168,0,-0.03005800023674965,0.029512999579310417,0.003043999895453453,1
B14,mixamorig_LeftHandIndex4,13,1,0,0,0,0,1,0,0,0,0,1,0,0.00046099998871795833,0.0011030000168830156,0.006347999908030033,1
B15,mixamorig_RightShoulder,3,-0.06439600139856339,0.026429999619722366,0.997573971748352,0,-0.7968950271606445,0.6003519892692566,-0.06734699755907059,0,-0.6006749868392944,-0.7992990016937256,-0.017597999423742294,0,-0.13304099440574646,0.2809689939022064,0.00019099999917671084,1
B16,mixamorig_RightArm,15,0.21859100461006165,-0.5702769756317139,-0.7918339967727661,0,0.6671479940414429,0.6795240044593811,-0.30522099137306213,0,0.7121310234069824,-0.4615519940853119,0.528997004032135,0,0,0.2960520088672638,0,1
B17,mixamorig_RightForeArm,16,0.8687120079994202,-0.495168000459671,0.012165999971330166,0,0.49523699283599854,0.8687509894371033,-0.003375000087544322,0,-0.008898000232875347,0.008957000449299812,0.9999200105667114,0,0,0.4294869899749756,0,1
B18,mixamorig_RightHand,17,0.9703350067138672,0.13867299258708954,0.19804100692272186,0,-0.11776100099086761,0.9865019917488098,-0.11378400027751923,0,-0.2111469954252243,0.0870869979262352,0.973567008972168,0,0,0.4231509864330292,0,1
B19,mixamorig_RightHandIndex1,18,0.9996320009231567,0.027109000831842422,0.00044100001105107367,0,-0.026339000090956688,0.9671030044555664,0.25301799178123474,0,0.006432000081986189,-0.252936989068985,0.9674609899520874,0,0,0.08874399960041046,0,1
B20,mixamorig_RightHandIndex2,19,0.9419530034065247,-0.3274169862270355,-0.07431399822235107,0,0.33546799421310425,0.9268149733543396,0.1687459945678711,0,0.013624999672174454,-0.1838809996843338,0.9828540086746216,0,0,0.05959400162100792,0,1
B21,mixamorig_RightHandIndex3,20,0.902197003364563,0.2753100097179413,0.3320299983024597,0,0.20784899592399597,0.3970179855823517,-0.893966019153595,0,-0.37793999910354614,0.8755459785461426,0.3009659945964813,0,-0.019649000838398933,0.0505639985203743,0.0035250000655651093,1
B22,mixamorig_RightHandIndex4,21,1,0,0,0,0,1,0,0,0,0,1,0,-0.00007000000186963007,0.0005629999795928597,0.005113000050187111,1
B23,mixamorig_LeftUpLeg,0,-0.8999519944190979,-0.3350149989128113,0.2790200114250183,0,0.34154200553894043,-0.9394950270652771,-0.026427000761032104,0,0.2709909975528717,0.07151400297880173,0.9599220156669617,0,0.19184699654579163,-0.10556299984455109,0.00887800008058548,1
B24,mixamorig_LeftLeg,23,0.9985359907150269,-0.01548600010573864,-0.05182500183582306,0,0.006049999967217445,0.9841030240058899,-0.177497997879982,0,0.05375000089406967,0.17692500352859497,0.9827560186386108,0,0,0.6415650248527527,0,1
B25,mixamorig_LeftFoot,24,0.9124150276184082,-0.10644099861383438,0.3951829969882965,0,-0.11975300312042236,0.853892982006073,0.5064839720726013,0,-0.3913539946079254,-0.5094479918479919,0.7663580179214478,0,0,0.6306189894676208,0,1
B26,mixamorig_LeftToeBase,25,0.8853989839553833,-0.18613100051879883,0.42593899369239807,0,-0.22865399718284607,0.6234009861946106,0.7477229833602905,0,-0.4047049880027771,-0.7594259977340698,0.5093989968299866,0,0,0.21198900043964386,0,1
B27,mixamorig_LeftToe_End,26,1,0,0,0,0,1,0,0,0,0,1,0,0,0.10864099860191345,0,1
B28,mixamorig_RightUpLeg,0,-0.9989820122718811,-0.010219000279903412,-0.0439470000565052,0,-0.019130999222397804,-0.7861949801445007,0.6176829934120178,0,-0.040862999856472015,0.6178950071334839,0.7851979732513428,0,-0.19184699654579163,-0.10556299984455109,0.0038530000019818544,1
B29,mixamorig_RightLeg,28,0.99965500831604,-0.024630999192595482,-0.009154999628663063,0,0.00036700000055134296,0.3614549934864044,-0.9323899745941162,0,0.026274999603629112,0.9320639967918396,0.3613390028476715,0,0,0.6415539979934692,0,1
B30,mixamorig_RightFoot,29,0.9640719890594482,-0.024858999997377396,-0.2644740045070648,0,0.16125400364398956,0.8459500074386597,0.5082970261573792,0,0.21109600365161896,-0.5326830148696899,0.819566011428833,0,0,0.6307579874992371,0,1
B31,mixamorig_RightToeBase,30,0.9207069873809814,0,-0.39025500416755676,0,0.1953659951686859,0.8656730055809021,0.4609149992465973,0,0.3378329873085022,-0.5006099939346313,0.7970309853553772,0,0,0.21332800388336182,0,1
B32,mixamorig_RightToe_End,31,1,0,0,0,0,1,0,0,0,0,1,0,0,0.10946100205183029,0,1
@28,0,1,2,3,4,5,7,8,9,10,11,12,13,15,16,17,18,19,20,21,23,24,25,26,28,29,30,31
K0,0.9447680711746216,-0.32487985491752625,-0.043198879808187485,0,0.3229461908340454,0.9452889561653137,-0.046207014471292496,0,0.05584711953997612,0.029703982174396515,0.997996985912323,0,-0.04656299948692322,1.653380036354065,-0.006287999916821718,1,0.9997549653053284,0.02161320298910141,0.0046891639940440655,0,-0.021800795570015907,0.998769998550415,0.04453583061695099,0,-0.0037208362482488155,-0.044627174735069275,0.9989970326423645,0,0,0.19015400111675262,0.010821999981999397,1,0.9976289868354797,-0.06333304941654205,0.026949305087327957,0,0.06395794451236725,0.9976879954338074,-0.022993961349129677,0,-0.025430692359805107,0.024663038551807404,0.9993720054626465,0,0,0.2222049981355667,0,1,0.9979109764099121,-0.058819208294153214,0.026716848835349083,0,0.05943679437041283,0.9979680180549622,-0.02294197492301464,0,-0.025313150137662888,0.02448202855885029,0.9993799924850464,0,0,0.25394800305366516,0,1,0.9920499920845032,-0.08576297760009766,0.09209772199392319,0,0.09551302343606949,0.9896310567855835,-0.10727721452713013,0,-0.08194226771593094,0.11522078514099121,0.9899539947509766,0,0,0.2856929898262024,0,1,0.8767191171646118,0.033200282603502274,0.47985583543777466,0,0.1468212902545929,0.9315328001976013,-0.33270028233528137,0,-0.45804712176322937,0.36213767528533936,0.81181800365448,0,0,0.19631199538707733,-0.10251300036907196,1,-0.0005672471015714109,0.018831226974725723,-0.9998229742050171,0,0.9946410059928894,0.10337801277637482,0.001382765476591885,0,0.10338572412729263,-0.9944639801979065,-0.018788941204547882,0,0.13304099440574646,0.28029200434684753,-0.011698000133037567,1,0.9485219120979309,-0.21286523342132568,0.23451024293899536,0,-0.0678512379527092,0.5866823792457581,0.8069698214530945,0,-0.3093588054180145,-0.7813402414321899,0.542037844657898,0,0,0.2970210015773773,0,1,0.5426340103149414,0.8375840783119202,0.06325206160545349,0,-0.838983952999115,0.536812961101532,0.08909144252538681,0,0.04066706448793411,-0.10141155123710632,0.9940130114555359,0,0,0.4307500123977661,0,1,0.865044116973877,0.2936423718929291,-0.4067835509777069,0,-0.2954046428203583,0.953480064868927,0.06009121611714363,0,0.40550538897514343,0.06818421185016632,0.9115457534790039,0,0,0.42271101474761963,0,1,0.9972440600395203,-0.07262575626373291,-0.015144684351980686,0,0.07380624860525131,0.9505370259284973,0.30171480774879456,0,-0.007516684476286173,-0.3020011782646179,0.9532779455184937,0,0,0.08545400202274323,0,1,0.6847259998321533,-0.7277810573577881,-0.03853198140859604,0,0.728169858455658,0.6853761672973633,-0.005369911435991526,0,0.030317019671201706,-0.024380913004279137,0.9992430806159973,0,0,0.0688209980726242,0,1,0.5605371594429016,0.5702220797538757,0.6005377173423767,0,0.22118614614009857,0.5957403779029846,-0.7721204161643982,0,-0.7980442643165588,0.5656325221061707,0.20780928432941437,0,-0.03005800023674965,0.029512999579310417,0.003043999895453453,1,-0.06439537554979324,0.026429709047079086,0.9975740909576416,0,-0.7968953847885132,0.6003515124320984,-0.06734681129455566,0,-0.600675106048584,-0.7992990016937256,-0.017598189413547516,0,-0.13304099440574646,0.2809689939022064,0.00019099999917671084,1,0.2185908704996109,-0.5702770352363586,-0.7918340563774109,0,0.6671479940414429,0.6795239448547363,-0.3052210807800293,0,0.7121309638023376,-0.46155208349227905,0.528997004032135,0,0,0.2960520088672638,0,1,0.8687120676040649,-0.4951677918434143,0.01216598879545927,0,0.49523717164993286,0.8687509298324585,-0.003375025000423193,0,-0.008898010477423668,0.008956975303590298,0.9999200105667114,0,0,0.4294869899749756,0,1,0.9703349471092224,0.13867315649986267,0.19804124534130096,0,-0.11776082962751389,0.9865020513534546,-0.11378397792577744,0,-0.211146742105484,0.08708701282739639,0.9735670685768127,0,0,0.4231509864330292,0,1,0.9996320009231567,0.027109231799840927,0.0004413242277223617,0,-0.026338770985603333,0.9671028852462769,0.25301823019981384,0,0.006432324182242155,-0.2529367506504059,0.9674610495567322,0,0,0.08874399960041046,0,1,0.9419530034065247,-0.32741692662239075,-0.07431399822235107,0,0.33546802401542664,0.9268149733543396,0.16874611377716064,0,0.013624993152916431,-0.18388088047504425,0.9828540086746216,0,0,0.05959400162100792,0,1,0.902197003364563,0.27530986070632935,0.3320300877094269,0,0.20784886181354523,0.39701810479164124,-0.8939659595489502,0,-0.3779398500919342,0.8755460381507874,0.3009658753871918,0,-0.019649000838398933,0.0505639985203743,0.0035250000655651093,1,-0.8999519348144531,-0.33501505851745605,0.279019832611084,0,0.34154194593429565,-0.9394950270652771,-0.02642696350812912,0,0.27099114656448364,0.07151396572589874,0.9599220156669617,0,0.19184699654579163,-0.10556299984455109,0.00887800008058548,1,0.9985359907150269,-0.015486089512705803,-0.05182505398988724,0,0.00604991102591157,0.9841030240058899,-0.1774982064962387,0,0.05374995246529579,0.17692482471466064,0.9827560782432556,0,0,0.6415650248527527,0,1,0.9124151468276978,-0.10644104331731796,0.395182728767395,0,-0.11975304782390594,0.8538929224014282,0.5064840912818909,0,-0.3913542628288269,-0.5094478726387024,0.7663578987121582,0,0,0.6306189894676208,0,1,0.8853991031646729,-0.18613101541996002,0.4259388744831085,0,-0.22865402698516846,0.6234009265899658,0.7477230429649353,0,-0.4047051668167114,-0.7594259977340698,0.5093989968299866,0,0,0.21198900043964386,0,1,-0.9989819526672363,-0.010218844749033451,-0.043947067111730576,0,-0.019130844622850418,-0.7861947417259216,0.6176832914352417,0,-0.040862929075956345,0.6178946495056152,0.7851982116699219,0,-0.19184699654579163,-0.10556299984455109,0.0038530000019818544,1,0.9996550679206848,-0.024631023406982422,-0.009155136533081532,0,0.00036697430186904967,0.36145493388175964,-0.9323899745941162,0,0.02627486176788807,0.9320639967918396,0.36133891344070435,0,0,0.6415539979934692,0,1,0.964072048664093,-0.02485884726047516,-0.2644738554954529,0,0.1612541526556015,0.8459500074386597,0.5082970857620239,0,0.2110961377620697,-0.5326829552650452,0.819566011428833,0,0,0.6307579874992371,0,1,0.9207069873809814,0,-0.3902549743652344,0,0.19536574184894562,0.8656730651855469,0.4609149992465973,0,0.3378329873085022,-0.5006099343299866,0.7970309853553772,0,0,0.21332800388336182,0,1
K0.033,0.9383756518363953,-0.33383533358573914,0.08946827054023743,0,0.33775249123573303,0.9406737685203552,-0.032509297132492065,0,-0.07330768555402756,0.06072405353188515,0.9954589009284973,0,-0.04421394318342209,1.6468689441680908,0.0013229524483904243,1,0.9994761347770691,0.030120262876152992,0.011853341944515705,0,-0.030550362542271614,0.9988125562667847,0.03795221820473671,0,-0.010696128010749817,-0.03829443082213402,0.9992087483406067,0,0,0.19015400111675262,0.010821999981999397,1,0.9981338381767273,-0.05028712376952171,0.03464590013027191,0,0.05146268382668495,0.9980990290641785,-0.03391796350479126,0,-0.03287440538406372,0.03563764691352844,0.998824417591095,0,0,0.2222049981355667,0,1,0.9982883930206299,-0.04704098775982857,0.034738484770059586,0,0.048213791102170944,0.9982675313949585,-0.033731263130903244,0,-0.03309156745672226,0.03534841910004616,0.9988273978233337,0,0,0.25394800305366516,0,1,0.9921073317527771,-0.08263705670833588,0.09430436789989471,0,0.09304028004407883,0.9893600940704346,-0.11185207217931747,0,-0.08405781537294388,0.11974331736564636,0.989239513874054,0,0,0.2856929898262024,0,1,0.8728017210960388,0.04175902158021927,0.4862842261791229,0,0.14091038703918457,0.9323469996452332,-0.33297547698020935,0,-0.4672904908657074,0.3591441214084625,0.8078699707984924,0,0,0.19631199538707733,-0.10251300036907196,1,-0.020305324345827103,0.011948881670832634,-0.999722421169281,0,0.9913709759712219,0.12975859642028809,-0.018584780395030975,0,0.12950055301189423,-0.9914732575416565,-0.014480579644441605,0,0.13304099440574646,0.28029200434684753,-0.011698000133037567,1,0.9398137331008911,-0.27120599150657654,0.20783835649490356,0,-0.021793246269226074,0.5594559907913208,0.8285737633705139,0,-0.3409906029701233,-0.7832345366477966,0.5198740363121033,0,0,0.2970210015773773,0,1,0.6148054003715515,0.7867180109024048,0.055588480085134506,0,-0.7880326509475708,0.6099198460578918,0.08368166536092758,0,0.031929317861795425,-0.09525337815284729,0.994940459728241,0,0,0.4307500123977661,0,1,0.8346731662750244,0.23746532201766968,-0.4969218671321869,0,-0.3012264668941498,0.9521915316581726,-0.050940003246068954,0,0.46106797456741333,0.19220413267612457,0.8662989735603333,0,0,0.42271101474761963,0,1,0.9972440600395203,-0.07262575626373291,-0.015144684351980686,0,0.07380624860525131,0.9505370259284973,0.30171480774879456,0,-0.007516684476286173,-0.3020011782646179,0.9532779455184937,0,0,0.08545400202274323,0,1,0.6847261190414429,-0.7277817726135254,-0.038531992584466934,0,0.7281701564788818,0.6853758692741394,-0.005369911901652813,0,0.030317001044750214,-0.024380913004279137,0.9992430806159973,0,0,0.0688209980726242,0,1,0.5605369210243225,0.5702210068702698,0.6005380153656006,0,0.22118699550628662,0.5957408547401428,-0.7721200585365295,0,-0.798043966293335,0.5656329393386841,0.20780928432941437,0,-0.03005800023674965,0.029512999579310417,0.003043999895453453,1,-0.05562871694564819,0.022943399846553802,0.9981880784034729,0,-0.80548095703125,0.5897329449653625,-0.05844425782561302,0,-0.5900052189826965,-0.8072725534439087,-0.014325606636703014,0,-0.13304099440574646,0.2809689939022064,0.00019099999917671084,1,0.3612813651561737,-0.4301716685295105,-0.827302098274231,0,0.551603376865387,0.8139331340789795,-0.1823360025882721,0,0.7518044710159302,-0.3904680907726288,0.5313430428504944,0,0,0.2960520088672638,0,1,0.8906886577606201,-0.4544542133808136,0.012015555053949356,0,0.4545184075832367,0.8907326459884644,-0.003097075968980789,0,-0.009295165538787842,0.008219819515943527,0.9999229907989502,0,0,0.4294869899749756,0,1,0.9765174984931946,0.1753823459148407,0.1251155287027359,0,-0.14732427895069122,0.9673641920089722,-0.20616038143634796,0,-0.1571892499923706,0.1828867346048355,0.970486581325531,0,0,0.4231509864330292,0,1,0.9996320009231567,0.027109166607260704,0.000441824144218117,0,-0.026338836178183556,0.9671028852462769,0.25301823019981384,0,0.006431824527680874,-0.25293678045272827,0.9674610495567322,0,0,0.08874399960041046,0,1,0.9419530034065247,-0.32741597294807434,-0.07431391626596451,0,0.33546707034111023,0.9268149137496948,0.16874609887599945,0,0.013625084422528744,-0.18388089537620544,0.9828540086746216,0,0,0.05959400162100792,0,1,0.902197003364563,0.27530986070632935,0.3320300877094269,0,0.20784886181354523,0.39701810479164124,-0.8939659595489502,0,-0.3779398500919342,0.8755460381507874,0.3009658753871918,0,-0.019649000838398933,0.0505639985203743,0.0035250000655651093,1,-0.8973674178123474,-0.3268033266067505,0.2965318262577057,0,0.3218545913696289,-0.9444271326065063,-0.06683976948261261,0,0.3018961250782013,0.03546028211712837,0.9526812434196472,0,0.19184699654579163,-0.10556299984455109,0.00887800008058548,1,0.9999668002128601,-0.00043505060602910817,0.008077044039964676,0,0.0016962885856628418,0.9876272082328796,-0.15681037306785583,0,-0.007908895611763,0.15681903064250946,0.9875960350036621,0,0,0.6415650248527527,0,1,0.919501006603241,-0.045630671083927155,0.39042937755584717,0,-0.17030273377895355,0.8489397168159485,0.5002985000610352,0,-0.354280024766922,-0.5265162587165833,0.772830069065094,0,0,0.6306189894676208,0,1,0.8848331570625305,-0.2009476125240326,0.42034611105918884,0,-0.2334563136100769,0.5895456075668335,0.7732619643211365,0,-0.4031982421875,-0.7823400497436523,0.47473686933517456,0,0,0.21198900043964386,0,1,-0.9990958571434021,0.013870005495846272,-0.04019427299499512,0,-0.03511255234479904,-0.8022587299346924,0.5959423780441284,0,-0.02398047223687172,0.5968146324157715,0.8020200729370117,0,-0.19184699654579163,-0.10556299984455109,0.0038530000019818544,1,0.9981738924980164,-0.05784172937273979,-0.017426960170269012,0,0.0026064037811011076,0.32944512367248535,-0.9441710114479065,0,0.060353685170412064,0.942401111125946,0.32899412512779236,0,0,0.6415539979934692,0,1,0.9650574326515198,-0.09184862673282623,-0.245413675904274,0,0.2060697227716446,0.8445326685905457,0.4942672550678253,0,0.1618620902299881,-0.5275685787200928,0.8339496850967407,0,0,0.6307579874992371,0,1,0.9207069873809814,0,-0.3902549743652344,0,0.19536574184894562,0.8656730651855469,0.4609149992465973,0,0.3378329873085022,-0.5006099343299866,0.7970309853553772,0,0,0.21332800388336182,0,1
K0.067,0.9186690449714661,-0.3350661098957062,0.20923133194446564,0,0.3456681966781616,0.9382331371307373,-0.015220105648040771,0,-0.191208153963089,0.08630690723657608,0.9777480959892273,0,-0.04356231912970543,1.6427001953125,0.01050049439072609,1,0.9992585182189941,0.033985890448093414,0.0180808175355196,0,-0.03454294428229332,0.9989081621170044,0.031444840133190155,0,-0.01699240691959858,-0.0320461131632328,0.9993422031402588,0,0,0.19015400111675262,0.010821999981999397,1,0.9984558820724487,-0.03828868269920349,0.04024013876914978,0,0.04008764028549194,0.9981873035430908,-0.04489213973283768,0,-0.03844834119081497,0.04643595591187477,0.9981809258460999,0,0,0.2222049981355667,0,1,0.998512327671051,-0.03634301573038101,0.04064231738448143,0,0.03814913332462311,0.9982768297195435,-0.04458383098244667,0,-0.03895200416445732,0.04606800526380539,0.9981789588928223,0,0,0.25394800305366516,0,1,0.9921920299530029,-0.07995095103979111,0.09571968764066696,0,0.09100443124771118,0.9889169335365295,-0.117311492562294,0,-0.0852796733379364,0.12510646879673004,0.9884715676307678,0,0,0.2856929898262024,0,1,0.8703494668006897,0.04673154279589653,0.49021217226982117,0,0.13468852639198303,0.9349352121353149,-0.32825997471809387,0,-0.47365710139274597,0.35172709822654724,0.8074267506599426,0,0,0.19631199538707733,-0.10251300036907196,1,-0.04167041555047035,0.004052936099469662,-0.9991232752799988,0,0.9868449568748474,0.15651066601276398,-0.0405234731733799,0,0.15620914101600647,-0.9876681566238403,-0.010521451942622662,0,0.13304099440574646,0.28029200434684753,-0.011698000133037567,1,0.9278582334518433,-0.3264783024787903,0.18025465309619904,0,0.020212961360812187,0.5266566276550293,0.849837601184845,0,-0.37238579988479614,-0.7848852872848511,0.4952617287635803,0,0,0.2970210015773773,0,1,0.687562882900238,0.7245457172393799,0.04786238074302673,0,-0.7257562875747681,0.6836206316947937,0.07706837356090546,0,0.023119859397411346,-0.08772581815719604,0.9958762526512146,0,0,0.4307500123977661,0,1,0.8058496713638306,0.22376492619514465,-0.5482110381126404,0,-0.3548738658428192,0.9236575365066528,-0.14463923871517181,0,0.47399431467056274,0.3111034035682678,0.8237378597259521,0,0,0.42271101474761963,0,1,0.9972440600395203,-0.0726257711648941,-0.015144670382142067,0,0.07380624115467072,0.9505369067192078,0.30171430110931396,0,-0.007516670040786266,-0.3020007312297821,0.9532780647277832,0,0,0.08545400202274323,0,1,0.684725821018219,-0.7277820706367493,-0.03853199630975723,0,0.728169858455658,0.6853750348091125,-0.005369917023926973,0,0.030317001044750214,-0.024380920454859734,0.9992430806159973,0,0,0.0688209980726242,0,1,0.5605371594429016,0.5702220797538757,0.6005377173423767,0,0.22118614614009857,0.5957403779029846,-0.7721204161643982,0,-0.7980442643165588,0.5656325221061707,0.20780928432941437,0,-0.03005800023674965,0.029512999579310417,0.003043999895453453,1,-0.04869350418448448,0.020053066313266754,0.9986127018928528,0,-0.8162179589271545,0.5754580497741699,-0.0513555184006691,0,-0.5756890773773193,-0.817585825920105,-0.011653348803520203,0,-0.13304099440574646,0.2809689939022064,0.00019099999917671084,1,0.47010892629623413,-0.2621934115886688,-0.8427647948265076,0,0.418814092874527,0.9067760109901428,-0.04848618060350418,0,0.7769120931625366,-0.3301681578159332,0.536094069480896,0,0,0.2960520088672638,0,1,0.9041363000869751,-0.4270780682563782,0.011924291960895061,0,0.4271377921104431,0.9041814208030701,-0.002910712966695428,0,-0.009538628160953522,0.0077250017784535885,0.9999250173568726,0,0,0.4294869899749756,0,1,0.9774911999702454,0.20379166305065155,0.05458061397075653,0,-0.17969591915607452,0.939780056476593,-0.29072892665863037,0,-0.11054190993309021,0.27437710762023926,0.9552473425865173,0,0,0.4231509864330292,0,1,0.9996320009231567,0.027109164744615555,0.00044183011050336063,0,-0.026338838040828705,0.9671030044555664,0.2530187666416168,0,0.0064318301156163216,-0.2529372274875641,0.9674609303474426,0,0,0.08874399960041046,0,1,0.9419528245925903,-0.32741641998291016,-0.07431395351886749,0,0.3354676067829132,0.9268150925636292,0.16874612867832184,0,0.013625047169625759,-0.18388088047504425,0.9828540086746216,0,0,0.05959400162100792,0,1,0.9021970629692078,0.2753102481365204,0.332030713558197,0,0.20784923434257507,0.39701810479164124,-0.8939658999443054,0,-0.37794026732444763,0.8755459785461426,0.3009656071662903,0,-0.019649000838398933,0.0505639985203743,0.0035250000655651093,1,-0.895622193813324,-0.31501466035842896,0.314048171043396,0,0.30076515674591064,-0.9490330219268799,-0.09421275556087494,0,0.32772067189216614,0.010075724683701992,0.9447209239006042,0,0.19184699654579163,-0.10556299984455109,0.00887800008058548,1,0.9975637197494507,0.012930622324347496,0.06854899972677231,0,-0.002520232927054167,0.9887092709541321,-0.14982762932777405,0,-0.06971238553524017,0.1492898166179657,0.9863329529762268,0,0,0.6415650248527527,0,1,0.9245988726615906,0.013780484907329082,0.3806920051574707,0,-0.21775582432746887,0.8390972018241882,0.49849647283554077,0,-0.31256791949272156,-0.5438069105148315,0.7788286805152893,0,0,0.6306189894676208,0,1,0.881954550743103,-0.20377953350543976,0.42500630021095276,0,-0.23336687684059143,0.5946325063705444,0.7693837285041809,0,-0.4095075726509094,-0.7777445316314697,0.4768838882446289,0,0,0.21198900043964386,0,1,-0.998647153377533,0.03519647568464279,-0.03827930614352226,0,-0.05057978257536888,-0.8283756375312805,0.5578850507736206,0,-0.012074055150151253,0.5590662956237793,0.8290350437164307,0,-0.19184699654579163,-0.10556299984455109,0.0038530000019818544,1,0.9956614375114441,-0.08924033492803574,-0.026351960375905037,0,0.0045065805315971375,0.329118013381958,-0.9442780017852783,0,0.09294060617685318,0.9400626420974731,0.3280923366546631,0,0,0.6415539979934692,0,1,0.9623116850852966,-0.15197192132472992,-0.22552238404750824,0,0.24644926190376282,0.8379404544830322,0.4869476556777954,0,0.11497198790311813,-0.5241754651069641,0.8438135385513306,0,0,0.6307579874992371,0,1,0.9207069873809814,0,-0.3902548849582672,0,0.19536525011062622,0.8656728863716125,0.46091508865356445,0,0.33783313632011414,-0.5006099343299866,0.7970309853553772,0,0,0.21332800388336182,0,1
K0.100,0.8938143849372864,-0.32331836223602295,0.3107438385486603,0,0.33863192796707153,0.940905749797821,0.004949518945068121,0,-0.29398074746131897,0.10080376267433167,0.9504804015159607,0,-0.04471297934651375,1.6396170854568481,0.020741578191518784,1,0.9993038177490234,0.029908524826169014,0.022279035300016403,0,-0.030459854751825333,0.99922776222229,0.02483147196471691,0,-0.021519169211387634,-0.025492817163467407,0.9994437098503113,0,0,0.19015400111675262,0.010821999981999397,1,0.9986205697059631,-0.02926500141620636,0.043602991849184036,0,0.03171229735016823,0.9978973269462585,-0.056534767150878906,0,-0.04185677692294121,0.057839468121528625,0.9974477887153625,0,0,0.2222049981355667,0,1,0.9986212849617004,-0.028339460492134094,0.044177792966365814,0,0.030806250870227814,0.9979439377784729,-0.05619533360004425,0,-0.04249444603919983,0.057478852570056915,0.9974418878555298,0,0,0.25394800305366516,0,1,0.9924096465110779,-0.07742670923471451,0.09553733468055725,0,0.08907691389322281,0.9882245063781738,-0.1244102269411087,0,-0.08477971702814102,0.1319761574268341,0.9876210689544678,0,0,0.2856929898262024,0,1,0.8716787099838257,0.04489738494157791,0.4880172908306122,0,0.13161411881446838,0.9377672672271729,-0.3213585615158081,0,-0.4720745384693146,0.34435123205184937,0.8115222454071045,0,0,0.19631199538707733,-0.10251300036907196,1,-0.06511858105659485,-0.004293492995202541,-0.9978680610656738,0,0.9813064932823181,0.1812097132205963,-0.06481748819351196,0,0.18110159039497375,-0.9834346771240234,-0.007586886640638113,0,0.13304099440574646,0.28029200434684753,-0.011698000133037567,1,0.9131227135658264,-0.37991341948509216,0.14789840579032898,0,0.06421693414449692,0.4922789931297302,0.8680649995803833,0,-0.40259677171707153,-0.783152163028717,0.4739079475402832,0,0,0.2970210015773773,0,1,0.7541995048522949,0.6553778052330017,0.04078655317425728,0,-0.6564727425575256,0.7511211633682251,0.06971060484647751,0,0.015051133930683136,-0.07935095578432083,0.9967328906059265,0,0,0.4307500123977661,0,1,0.776556670665741,0.24918045103549957,-0.5786789059638977,0,-0.43833985924720764,0.8734169602394104,-0.21213370561599731,0,0.45256850123405457,0.41839200258255005,0.7874836921691895,0,0,0.42271101474761963,0,1,0.9972440004348755,-0.07262624055147171,-0.015144753269851208,0,0.07380674034357071,0.9505370855331421,0.30171483755111694,0,-0.007516766432672739,-0.3020011782646179,0.9532779455184937,0,0,0.08545400202274323,0,1,0.6847259998321533,-0.7277810573577881,-0.03853197768330574,0,0.728169858455658,0.6853761672973633,-0.005369917955249548,0,0.030317021533846855,-0.02438090555369854,0.9992430806159973,0,0,0.0688209980726242,0,1,0.5605372190475464,0.5702216625213623,0.6005380749702454,0,0.22118666768074036,0.5957406163215637,-0.7721203565597534,0,-0.7980441451072693,0.5656328797340393,0.2078092396259308,0,-0.03005800023674965,0.029512999579310417,0.003043999895453453,1,-0.04540855437517166,0.018266675993800163,0.9988011121749878,0,-0.8275429606437683,0.5593588948249817,-0.04785258695483208,0,-0.5595625042915344,-0.8287239074707031,-0.010283190757036209,0,-0.13304099440574646,0.2809689939022064,0.00019099999917671084,1,0.5556272268295288,-0.07240691035985947,-0.828272819519043,0,0.28327450156211853,0.9530840516090393,0.10671021044254303,0,0.7816867828369141,-0.29391956329345703,0.5500702857971191,0,0,0.2960520088672638,0,1,0.9128624200820923,-0.4080956280231476,0.011864881962537766,0,0.40815281867980957,0.9129095077514648,-0.002781253308057785,0,-0.009696543216705322,0.00738158542662859,0.999925971031189,0,0,0.4294869899749756,0,1,0.973867654800415,0.22705090045928955,-0.005474124103784561,0,-0.21362008154392242,0.9075427055358887,-0.36157068610191345,0,-0.0771268904209137,0.3532910943031311,0.9323284029960632,0,0,0.4231509864330292,0,1,0.9996320009231567,0.027109164744615555,0.0004418231837917119,0,-0.026338836178183556,0.9671030044555664,0.2530187666416168,0,0.006431837100535631,-0.2529372274875641,0.9674609303474426,0,0,0.08874399960041046,0,1,0.9419530034065247,-0.32741692662239075,-0.07431399822235107,0,0.33546802401542664,0.9268149733543396,0.16874611377716064,0,0.013624993152916431,-0.18388088047504425,0.9828540086746216,0,0,0.05959400162100792,0,1,0.9021970629692078,0.2753102481365204,0.332030713558197,0,0.20784923434257507,0.39701810479164124,-0.8939658999443054,0,-0.37794026732444763,0.8755459785461426,0.3009656071662903,0,-0.019649000838398933,0.0505639985203743,0.0035250000655651093,1,-0.8965758681297302,-0.2977340519428253,0.32788220047950745,0,0.2770080268383026,-0.9546217322349548,-0.10938279330730438,0,0.3455701470375061,-0.007243971806019545,0.9383647441864014,0,0.19184699654579163,-0.10556299984455109,0.00887800008058548,1,0.9929431080818176,0.023250870406627655,0.11629407852888107,0,-0.005593228153884411,0.9886831045150757,-0.14991290867328644,0,-0.11846359074115753,0.1482045203447342,0.9818360805511475,0,0,0.6415650248527527,0,1,0.9287870526313782,0.0694894790649414,0.3640422523021698,0,-0.25709110498428345,0.8283048868179321,0.497811496257782,0,-0.2669450342655182,-0.5559523105621338,0.7871831655502319,0,0,0.6306189894676208,0,1,0.8748796582221985,-0.20437687635421753,0.43910858035087585,0,-0.22954042255878448,0.6233713030815125,0.7474754452705383,0,-0.426494300365448,-0.7547441124916077,0.4984620213508606,0,0,0.21198900043964386,0,1,-0.9977829456329346,0.05166007950901985,-0.041954971849918365,0,-0.06570591777563095,-0.864823579788208,0.4977571964263916,0,-0.010569479316473007,0.49941056966781616,0.8663011193275452,0,-0.19184699654579163,-0.10556299984455109,0.0038530000019818544,1,0.9934247136116028,-0.10853075236082077,-0.036444004625082016,0,0.00552242761477828,0.3633827567100525,-0.9316231608390808,0,0.11435291171073914,0.925296425819397,0.3615928292274475,0,0,0.6415539979934692,0,1,0.9578051567077637,-0.19687819480895996,-0.20939838886260986,0,0.27711182832717896,0.8259043097496033,0.49100932478904724,0,0.07627404481172562,-0.5283183455467224,0.8456131815910339,0,0,0.6307579874992371,0,1,0.9207069873809814,0,-0.3902549743652344,0,0.19536574184894562,0.8656730651855469,0.4609149992465973,0,0.3378329873085022,-0.5006099343299866,0.7970309853553772,0,0,0.21332800388336182,0,1
K0.134,0.8713169097900391,-0.2949093282222748,0.39221879839897156,0,0.30955764651298523,0.950497567653656,0.026994626969099045,0,-0.38076385855674744,0.09789343178272247,0.919475793838501,0,-0.04730510711669922,1.6332287788391113,0.030344685539603233,1,0.9995805025100708,0.016512952744960785,0.023799436166882515,0,-0.016947561874985695,0.9996908903121948,0.018176982179284096,0,-0.02349192649126053,-0.018572701141238213,0.9995514750480652,0,0,0.19015400111675262,0.010821999981999397,1,0.9987276196479797,-0.02416987344622612,0.044268399477005005,0,0.02719523198902607,0.9972413778305054,-0.06906577944755554,0,-0.04247695207595825,0.07018176466226578,0.9966294169425964,0,0,0.2222049981355667,0,1,0.9987120628356934,-0.023831553757190704,0.04479400813579559,0,0.026884086430072784,0.9972660541534424,-0.06882758438587189,0,-0.04303129389882088,0.06994321942329407,0.9966228008270264,0,0,0.25394800305366516,0,1,0.9928242564201355,-0.0750524178147316,0.09309381991624832,0,0.08717058598995209,0.9871669411659241,-0.13379837572574615,0,-0.08185733109712601,0.1409534364938736,0.9866265654563904,0,0,0.2856929898262024,0,1,0.8784106969833374,0.033600546419620514,0.4767245948314667,0,0.13378246128559113,0.9403548836708069,-0.31278520822525024,0,-0.45880013704299927,0.33853134512901306,0.8215227723121643,0,0,0.19631199538707733,-0.10251300036907196,1,-0.09153006970882416,-0.012768836691975594,-0.9957209825515747,0,0.9748877882957458,0.20270514488220215,-0.09221441298723221,0,0.2030152529478073,-0.9791565537452698,-0.006105464417487383,0,0.13304099440574646,0.28029200434684753,-0.011698000133037567,1,0.8952556252479553,-0.4319407641887665,0.10929208993911743,0,0.11311279982328415,0.45759421586990356,0.8819368481636047,0,-0.43095624446868896,-0.7771971821784973,0.4585222005844116,0,0,0.2970210015773773,0,1,0.8070477247238159,0.5894374847412109,0.0351746641099453,0,-0.5904229879379272,0.8046554923057556,0.06269771605730057,0,0.008652896620333195,-0.07136795669794083,0.9974125027656555,0,0,0.4307500123977661,0,1,0.7416867613792419,0.313253253698349,-0.5931046009063721,0,-0.536652147769928,0.8075863122940063,-0.2445584237575531,0,0.40237441658973694,0.49967652559280396,0.767084002494812,0,0,0.42271101474761963,0,1,0.9972440600395203,-0.07262584567070007,-0.015144196338951588,0,0.07380618900060654,0.9505370259284973,0.30171483755111694,0,-0.007517177611589432,-0.30200114846229553,0.9532779455184937,0,0,0.08545400202274323,0,1,0.6847259998321533,-0.7277810573577881,-0.038531769067049026,0,0.728169858455658,0.6853761672973633,-0.005370401777327061,0,0.03031723015010357,-0.02438042126595974,0.9992430806159973,0,0,0.0688209980726242,0,1,0.5605371594429016,0.5702220797538757,0.6005377173423767,0,0.22118614614009857,0.5957403779029846,-0.7721204161643982,0,-0.7980442643165588,0.5656325221061707,0.20780928432941437,0,-0.03005800023674965,0.029512999579310417,0.003043999895453453,1,-0.04737764596939087,0.017738357186317444,0.9987196922302246,0,-0.8392242193222046,0.5415334701538086,-0.04942961409687996,0,-0.5417171716690063,-0.8404918909072876,-0.010770155116915703,0,-0.13304099440574646,0.2809689939022064,0.00019099999917671084,1,0.6436230540275574,0.13842801749706268,-0.7527196407318115,0,0.15009647607803345,0.9415778517723083,0.3015017807483673,0,0.7504802346229553,-0.3070339560508728,0.5852435231208801,0,0,0.2960520088672638,0,1,0.9221394062042236,-0.3866775929927826,0.011800828389823437,0,0.3867318332195282,0.9221882820129395,-0.0026351623237133026,0,-0.00986363086849451,0.00699374545365572,0.9999270439147949,0,0,0.4294869899749756,0,1,0.9661291241645813,0.25192791223526,-0.05591551214456558,0,-0.2521117329597473,0.8751938343048096,-0.4128859043121338,0,-0.055080607533454895,0.4129982590675354,0.9090646505355835,0,0,0.4231509864330292,0,1,0.9996320009231567,0.02710922807455063,0.0004413394199218601,0,-0.02633877471089363,0.9671030044555664,0.2530187666416168,0,0.006432320922613144,-0.2529372274875641,0.9674609303474426,0,0,0.08874399960041046,0,1,0.9419528245925903,-0.32741641998291016,-0.07431395351886749,0,0.3354676067829132,0.9268150925636292,0.16874612867832184,0,0.013625047169625759,-0.18388088047504425,0.9828540086746216,0,0,0.05959400162100792,0,1,0.9021970629692078,0.2753102481365204,0.332030713558197,0,0.20784923434257507,0.39701810479164124,-0.8939658999443054,0,-0.37794026732444763,0.8755459785461426,0.3009656071662903,0,-0.019649000838398933,0.0505639985203743,0.0035250000655651093,1,-0.9018301367759705,-0.2729300856590271,0.33498087525367737,0,0.2529546022415161,-0.9620013236999512,-0.10280300676822662,0,0.3503098487854004,-0.007975882850587368,0.9366000294685364,0,0.19184699654579163,-0.10556299984455109,0.00887800008058548,1,0.9892380833625793,0.03195822238922119,0.14278455078601837,0,-0.006987262517213821,0.9850603342056274,-0.17206841707229614,0,-0.14615029096603394,0.16921883821487427,0.9746817350387573,0,0,0.6415650248527527,0,1,0.9331992268562317,0.11596935987472534,0.3401327133178711,0,-0.28547903895378113,0.8141244053840637,0.5056713223457336,0,-0.21826785802841187,-0.568992555141449,0.7928466200828552,0,0,0.6306189894676208,0,1,0.8723128437995911,-0.21181167662143707,0.4406870901584625,0,-0.23070725798606873,0.6163541674613953,0.7529149651527405,0,-0.4310956597328186,-0.7584474086761475,0.48878735303878784,0,0,0.21198900043964386,0,1,-0.9965152144432068,0.06295493990182877,-0.054718099534511566,0,-0.07980917394161224,-0.9103392958641052,0.4060940742492676,0,-0.02424640581011772,0.4090458154678345,0.9121911525726318,0,-0.19184699654579163,-0.10556299984455109,0.0038530000019818544,1,0.9929103851318359,-0.10901713371276855,-0.04738302156329155,0,0.0053740912117064,0.4393762946128845,-0.8982870578765869,0,0.11874757707118988,0.8916633129119873,0.43684688210487366,0,0,0.6415539979934692,0,1,0.9544122815132141,-0.22036896646022797,-0.20133069157600403,0,0.29422420263290405,0.8081825971603394,0.5101698637008667,0,0.050286367535591125,-0.5461488962173462,0.8361775875091553,0,0,0.6307579874992371,0,1,0.9207069873809814,0,-0.3902548849582672,0,0.19536523520946503,0.8656728863716125,0.46091508865356445,0,0.33783313632011414,-0.5006099343299866,0.7970309853553772,0,0,0.21332800388336182,0,1
