1.333,30,40,33
B0,mixamorig_Hips,-1,0.8421720266342163,0.06383500248193741,0.5354170203208923,0,0.037296999245882034,0.98369300365448,-0.17594699561595917,0,-0.537917971611023,0.1681469976902008,0.8260579705238342,0,0.00483600003644824,1.4003690481185913,-0.011808999814093113,1
B1,mixamorig_Spine,0,0.992451012134552,0.07355599850416183,0.09813900291919708,0,-0.0975790023803711,0.9583179950714111,0.2685230076313019,0,-0.07429700344800949,-0.2760719954967499,0.9582610130310059,0,0,0.19527100026607513,0.008520999923348427,1
B2,mixamorig_Spine1,1,0.9990599751472473,0.014771999791264534,0.040745001286268234,0,-0.01619100011885166,0.9992660284042358,0.034731000661849976,0,-0.04020199924707413,-0.0353580005466938,0.9985659718513489,0,0,0.22803300619125366,0,1
B3,mixamorig_Spine2,2,0.9990530014038086,0.01548600010573864,0.04064999893307686,0,-0.016892999410629272,0.9992610216140747,0.034515999257564545,0,-0.04008600115776062,-0.03517000004649162,0.9985769987106323,0,0,0.2606090009212494,0,1
B4,mixamorig_Neck,3,0.9666460156440735,-0.067842997610569,-0.24696800112724304,0,0.1092739999294281,0.9813539981842041,0.15812599658966064,0,0.23163500428199768,-0.17983900010585785,0.9560350179672241,0,0,0.2931849956512451,0,1
B5,mixamorig_Head,4,0.9821739792823792,0.12083400040864944,-0.14399300515651703,0,-0.07241199910640717,0.9501129984855652,0.3033849895000458,0,0.17346900701522827,-0.2875500023365021,0.9419260025024414,0,0,0.09948000311851501,-0.05084199830889702,1
B6,mixamorig_HeadTop_End,5,1,0,0,0,0,1,0,0,0,0,1,0,0,0.3918460011482239,-0.20026099681854248,1
B7,mixamorig_LeftShoulder,3,0.23069700598716736,0.005392999853938818,-0.9730110168457031,0,0.9729329943656921,0.01254200004041195,0.2307479977607727,0,0.013446999713778496,-0.9999070167541504,-0.0023529999889433384,0,0.13346299529075623,0.28755998611450195,0.003601999953389168,1
B8,mixamorig_LeftArm,7,0.5707299709320068,0.11064700037240982,0.8136489987373352,0,-0.6433749794960022,0.6759600043296814,0.3593690097332001,0,-0.5102310180664062,-0.7285839915275574,0.45697900652885437,0,0,0.23725000023841858,0,1
B9,mixamorig_LeftForeArm,8,0.4936079978942871,0.8694850206375122,-0.01865600049495697,0,-0.8695629835128784,0.4930669963359833,-0.02730100043118,0,-0.014538999646902084,0.029698999598622322,0.9994530081748962,0,0,0.5207759737968445,0,1
B10,mixamorig_LeftHand,9,-0.6875389814376831,0.017463000491261482,0.7259380221366882,0,0.31080201268196106,0.9105870127677917,0.2724570035934448,0,-0.6562719941139221,0.41294801235198975,-0.631492018699646,0,0,0.4015519917011261,0,1
B11,mixamorig_LeftHandIndex1,10,0.9991539716720581,-0.04011499881744385,-0.009078999981284142,0,0.03754299879074097,0.7993959784507751,0.5996310114860535,0,-0.016797000542283058,-0.5994639992713928,0.800225019454956,0,0,0.054600998759269714,0,1
B12,mixamorig_LeftHandIndex2,11,0.9149219989776611,-0.2028059959411621,-0.3489820063114166,0,0.39976298809051514,0.33588799834251404,0.8528590202331543,0,-0.05574600026011467,-0.9198089838027954,0.3883860111236572,0,0,0.045455001294612885,0,1
B13,mixamorig_LeftHandIndex3,12,0.9263460040092468,0.31181201338768005,0.21132099628448486,0,-0.03250499814748764,0.6250979900360107,-0.779869019985199,0,-0.37526899576187134,0.7155590057373047,0.5891919732093811,0,-0.012144000269472599,0.03114200010895729,-0.004093000199645758,1
B14,mixamorig_LeftHandIndex4,13,1,0,0,0,0,1,0,0,0,0,1,0,0.0006079999729990959,0.004102999810129404,0.011163000017404556,1
B15,mixamorig_RightShoulder,3,0.06909599900245667,-0.008554000407457352,0.9975730180740356,0,-0.9973419904708862,0.022602999582886696,0.06927400082349777,0,-0.023141000419855118,-0.9997079968452454,-0.0069690002128481865,0,-0.13346299529075623,0.2873019874095917,-0.002314999932423234,1
B16,mixamorig_RightArm,15,0.33104100823402405,-0.8124780058860779,-0.4798870086669922,0,0.8989700078964233,0.11696700006723404,0.42210400104522705,0,-0.2868190109729767,-0.5711380243301392,0.7691140174865723,0,0,0.2372100055217743,0,1
B17,mixamorig_RightForeArm,16,-0.1225069984793663,-0.9920560121536255,-0.028596000745892525,0,0.9920390248298645,-0.12325000017881393,0.025849999859929085,0,-0.029169000685214996,-0.02520200051367283,0.9992570281028748,0,0,0.5207890272140503,0,1
B18,mixamorig_RightHand,17,-0.5619149804115295,-0.4591050148010254,-0.6880940198898315,0,-0.6323210000991821,0.7747060060501099,-0.0005239999736659229,0,0.5333120226860046,0.43480199575424194,-0.7256209850311279,0,0,0.40162599086761475,0,1
B19,mixamorig_RightHandIndex1,18,0.9752249717712402,0.21710099279880524,-0.04247500002384186,0,-0.21654899418354034,0.9761189818382263,0.017243999987840652,0,0.04520399868488312,-0.00761799979954958,0.9989489912986755,0,0,0.09282000362873077,0,1
B20,mixamorig_RightHandIndex2,19,-0.008274000138044357,0.9990929961204529,0.041774000972509384,0,-0.9746009707450867,-0.017405999824404716,0.2232690006494522,0,0.22379399836063385,-0.03886599838733673,0.9738609790802002,0,0,0.03511599823832512,0,1
B21,mixamorig_RightHandIndex3,20,0.7555429935455322,-0.18710899353027344,-0.627810001373291,0,-0.280782014131546,0.773360013961792,-0.5683969855308533,0,0.5918759703636169,0.6057260036468506,0.5317699909210205,0,0.03676899895071983,0.021309999749064445,-0.010885000228881836,1
B22,mixamorig_RightHandIndex4,21,1,0,0,0,0,1,0,0,0,0,1,0,0.0059009999968111515,0.009814999997615814,0.007829999551177025,1
B23,mixamorig_LeftUpLeg,0,-0.8466129899024963,-0.002885000081732869,0.5322009921073914,0,0.1549849957227707,-0.9579809904098511,0.24135500192642212,0,0.5091419816017151,0.2868170142173767,0.811486005783081,0,0.1910579949617386,-0.10843700170516968,0.007915000431239605,1
B24,mixamorig_LeftLeg,23,0.9869909882545471,-0.11937499791383743,-0.10769300162792206,0,-0.08006300032138824,0.21593600511550903,-0.9731199741363525,0,0.1394210010766983,0.9690830111503601,0.20356899499893188,0,0,0.6611469984054565,0,1
B25,mixamorig_LeftFoot,24,0.9056839942932129,0.3231920003890991,0.2743789851665497,0,-0.40326499938964844,0.4570299983024597,0.7927799820899963,0,0.13082100450992584,-0.828656017780304,0.5442569851875305,0,0,0.585798978805542,0,1
B26,mixamorig_LeftToeBase,25,0.9027940034866333,-0.08496899902820587,0.4215959906578064,0,-0.20742900669574738,0.7727059721946716,0.5999150276184082,0,-0.37674400210380554,-0.6290510296821594,0.6799690127372742,0,0,0.2133750021457672,0,1
B27,mixamorig_LeftToe_End,26,1,0,0,0,0,1,0,0,0,0,1,0,0,0.10880099982023239,0,1
B28,mixamorig_RightUpLeg,0,-0.9912840127944946,-0.13012099266052246,0.020608000457286835,0,0.1296979933977127,-0.9364190101623535,0.32603299617767334,0,-0.02312600053846836,0.3258639872074127,0.9451339840888977,0,-0.1910579949617386,-0.10843700170516968,0.0024309998843818903,1
B29,mixamorig_RightLeg,28,0.9666799902915955,-0.23692600429058075,0.09693700075149536,0,0.23176899552345276,0.649258017539978,-0.7243940234184265,0,0.10869099944829941,0.7227240204811096,0.6825370192527771,0,0,0.6614410281181335,0,1
B30,mixamorig_RightFoot,29,0.9564260244369507,0.10609699785709381,-0.2720150053501129,0,0.2418999969959259,0.23377400636672974,0.9417189955711365,0,0.1635040044784546,-0.9664850234985352,0.19792300462722778,0,0,0.5872290134429932,0,1
B31,mixamorig_RightToeBase,30,0.9202719926834106,0.08751200139522552,-0.3813660144805908,0,0.18702100217342377,0.7577430009841919,0.6251789927482605,0,0.3436889946460724,-0.6466580033302307,0.6809629797935486,0,0,0.20772400498390198,0,1
B32,mixamorig_RightToe_End,31,1,0,0,0,0,1,0,0,0,0,1,0,0,0.10874799638986588,0,1
@28,0,1,2,3,4,5,7,8,9,10,11,12,13,15,16,17,18,19,20,21,23,24,25,26,28,29,30,31
K0,0.8421719074249268,0.06383524090051651,0.5354171395301819,0,0.03729723393917084,0.9836929440498352,-0.17594684660434723,0,-0.5379178524017334,0.16814713180065155,0.826058030128479,0,0.00483600003644824,1.4003690481185913,-0.011808999814093113,1,0.992451012134552,0.07355587184429169,0.09813904762268066,0,-0.09757912158966064,0.9583179950714111,0.26852288842201233,0,-0.0742969661951065,-0.27607211470603943,0.9582610130310059,0,0,0.19527100026607513,0.008520999923348427,1,0.9990599751472473,0.014771753922104836,0.04074496403336525,0,-0.01619124412536621,0.9992660284042358,0.03473096340894699,0,-0.04020203277468681,-0.03535803407430649,0.9985660314559937,0,0,0.22803300619125366,0,1,0.9990530014038086,0.015485682524740696,0.04065025970339775,0,-0.01689331978559494,0.9992610216140747,0.034515973180532455,0,-0.040085744112730026,-0.03517002612352371,0.9985770583152771,0,0,0.2606090009212494,0,1,0.966646134853363,-0.06784261763095856,-0.24696791172027588,0,0.10927437990903854,0.9813539385795593,0.15812595188617706,0,0.23163513839244843,-0.17983902990818024,0.9560349583625793,0,0,0.2931849956512451,0,1,0.9821739196777344,0.12083427608013153,-0.1439930498600006,0,-0.07241170853376389,0.95011305809021,0.3033849895000458,0,0.17346897721290588,-0.28755003213882446,0.9419260025024414,0,0,0.09948000311851501,-0.05084199830889702,1,0.23069772124290466,0.005392294842749834,-0.9730109572410583,0,0.9729328155517578,0.01254189945757389,0.2307487577199936,0,0.013447719626128674,-0.9999070763587952,-0.0023529944010078907,0,0.13346299529075623,0.28755998611450195,0.003601999953389168,1,0.5707301497459412,0.11064726859331131,0.8136488795280457,0,-0.6433747410774231,0.6759603023529053,0.3593690097332001,0,-0.5102312564849854,-0.7285840511322021,0.4569787085056305,0,0,0.23725000023841858,0,1,0.49360817670822144,0.8694850206375122,-0.018656205385923386,0,-0.8695631623268127,0.4930667579174042,-0.027301190420985222,0,-0.014539205469191074,0.029698815196752548,0.9994530081748962,0,0,0.5207759737968445,0,1,-0.6875389218330383,0.017463013529777527,0.7259379029273987,0,0.31080198287963867,0.910586953163147,0.2724570333957672,0,-0.6562720537185669,0.41294801235198975,-0.6314918994903564,0,0,0.4015519917011261,0,1,0.9991539716720581,-0.04011479392647743,-0.009078634902834892,0,0.037543199956417084,0.7993959784507751,0.5996310114860535,0,-0.01679663546383381,-0.599463939666748,0.800225019454956,0,0,0.054600998759269714,0,1,0.9149221181869507,-0.20280571281909943,-0.3489817678928375,0,0.39976322650909424,0.33588823676109314,0.8528587818145752,0,-0.05574577674269676,-0.919809103012085,0.38838568329811096,0,0,0.045455001294612885,0,1,0.9263458847999573,0.3118123710155487,0.21132107079029083,0,-0.03250465914607048,0.6250980496406555,-0.7798689603805542,0,-0.37526893615722656,0.7155590057373047,0.5891919732093811,0,-0.012144000269472599,0.03114200010895729,-0.004093000199645758,1,0.0690961703658104,-0.008554035797715187,0.9975730180740356,0,-0.9973419308662415,0.02260327897965908,0.06927395612001419,0,-0.02314097061753273,-0.9997079968452454,-0.006969477981328964,0,-0.13346299529075623,0.2873019874095917,-0.002314999932423234,1,0.331040620803833,-0.8124781250953674,-0.47988730669021606,0,0.8989700675010681,0.11696706712245941,0.42210420966148376,0,-0.28681930899620056,-0.5711378455162048,0.7691141366958618,0,0,0.2372100055217743,0,1,-0.12250688672065735,-0.9920558929443359,-0.028596308082342148,0,0.9920389652252197,-0.12324994057416916,0.025850174948573112,0,-0.02916930802166462,-0.025201821699738503,0.99925696849823,0,0,0.5207890272140503,0,1,-0.56191486120224,-0.4591049551963806,-0.6880942583084106,0,-0.6323210597038269,0.7747059464454651,-0.0005242465995252132,0,0.5333117246627808,0.43480223417282104,-0.7256210446357727,0,0,0.40162599086761475,0,1,0.9752249717712402,0.21710100769996643,-0.04247486963868141,0,-0.21654899418354034,0.9761189818382263,0.01724354922771454,0,0.04520413279533386,-0.007618451490998268,0.9989489316940308,0,0,0.09282000362873077,0,1,-0.008273838087916374,0.9990929365158081,0.0417739674448967,0,-0.9746008515357971,-0.017406325787305832,0.22326932847499847,0,0.22379396855831146,-0.03886565938591957,0.9738609790802002,0,0,0.03511599823832512,0,1,0.7555428147315979,-0.18710894882678986,-0.6278102993965149,0,-0.28078195452690125,0.7733601331710815,-0.5683968663215637,0,0.5918757319450378,0.6057261228561401,0.5317700505256653,0,0.03676899895071983,0.021309999749064445,-0.010885000228881836,1,-0.8466129899024963,-0.002884627552703023,0.5322009325027466,0,0.15498536825180054,-0.9579810500144958,0.24135471880435944,0,0.5091419816017151,0.2868172526359558,0.8114859461784363,0,0.1910579949617386,-0.10843700170516968,0.007915000431239605,1,0.9869909882545471,-0.11937471479177475,-0.10769324749708176,0,-0.08006270974874496,0.2159358412027359,-0.9731200933456421,0,0.1394207626581192,0.9690830111503601,0.20356927812099457,0,0,0.6611469984054565,0,1,0.9056840538978577,0.32319211959838867,0.2743788957595825,0,-0.4032649099826813,0.4570299983024597,0.7927799820899963,0,0.13082093000411987,-0.828656017780304,0.5442570447921753,0,0,0.585798978805542,0,1,0.9027939438819885,-0.08496907353401184,0.42159608006477356,0,-0.20742911100387573,0.7727059125900269,0.5999151468276978,0,-0.37674397230148315,-0.6290509700775146,0.679969072341919,0,0,0.2133750021457672,0,1,-0.9912840723991394,-0.13012143969535828,0.020608076825737953,0,0.1296975463628769,-0.9364191293716431,0.3260329067707062,0,-0.02312607876956463,0.32586413621902466,0.9451339840888977,0,-0.1910579949617386,-0.10843700170516968,0.0024309998843818903,1,0.9666800498962402,-0.23692597448825836,0.09693676233291626,0,0.23176904022693634,0.6492580771446228,-0.7243939638137817,0,0.10869075357913971,0.7227241396903992,0.6825369596481323,0,0,0.6614410281181335,0,1,0.9564259648323059,0.10609689354896545,-0.27201536297798157,0,0.24189986288547516,0.23377417027950287,0.9417189359664917,0,0.16350366175174713,-0.9664851427078247,0.19792290031909943,0,0,0.5872290134429932,0,1,0.9202718138694763,0.08751226216554642,-0.38136640191078186,0,0.18702125549316406,0.7577430009841919,0.6251788139343262,0,0.34368860721588135,-0.646658182144165,0.6809630393981934,0,0,0.20772400498390198,0,1
K0.033,0.8403710722923279,0.0700278952717781,0.5374689102172852,0,0.03592084348201752,0.9822429418563843,-0.18414318561553955,0,-0.5408201217651367,0.17405490577220917,0.82293301820755,0,-0.0026650538202375174,1.4072301387786865,-0.009853977710008621,1,0.9935230016708374,0.06196433678269386,0.09525209665298462,0,-0.08584548532962799,0.958495020866394,0.27187803387641907,0,-0.07445190101861954,-0.2782939672470093,0.9576060175895691,0,0,0.19527100026607513,0.008520999923348427,1,0.9990620017051697,0.010423006489872932,0.04203507676720619,0,-0.01189691387116909,0.99931800365448,0.03496737405657768,0,-0.04164191335439682,-0.03543463721871376,0.9985039830207825,0,0,0.22803300619125366,0,1,0.9990509748458862,0.01120771560817957,0.04208202660083771,0,-0.012667203322052956,0.9993219971656799,0.03457687795162201,0,-0.04166598245501518,-0.03507713973522186,0.9985160231590271,0,0,0.2606090009212494,0,1,0.9669939875602722,-0.055916834622621536,-0.2485859990119934,0,0.09970591962337494,0.980864942073822,0.1672184318304062,0,0.23447903990745544,-0.18648476898670197,0.9540659785270691,0,0,0.2931849956512451,0,1,0.9821739196777344,0.12083427608013153,-0.1439930498600006,0,-0.07241170853376389,0.95011305809021,0.3033849895000458,0,0.17346897721290588,-0.28755003213882446,0.9419260025024414,0,0,0.09948000311851501,-0.05084199830889702,1,0.22361421585083008,0.005963996052742004,-0.9746599197387695,0,0.9745199680328369,0.016636701300740242,0.22368386387825012,0,0.017549121752381325,-0.9998440146446228,-0.0020917938090860844,0,0.13346299529075623,0.28755998611450195,0.003601999953389168,1,0.5785751342773438,0.10863577574491501,0.8083620071411133,0,-0.6410502195358276,0.6733378171920776,0.36833396553993225,0,-0.5042868852615356,-0.7313101887702942,0.45921790599823,0,0,0.23725000023841858,0,1,0.48568183183670044,0.8739310503005981,-0.01890513300895691,0,-0.8740100264549255,0.4851320683956146,-0.027441075071692467,0,-0.01481013186275959,0.029850926250219345,0.9994450211524963,0,0,0.5207759737968445,0,1,-0.6824146509170532,0.013469837605953217,0.7308412790298462,0,0.3108121156692505,0.9102888703346252,0.27344006299972534,0,-0.6615936756134033,0.4137539267539978,-0.6253812909126282,0,0,0.4015519917011261,0,1,0.9991539716720581,-0.04011479392647743,-0.009078634902834892,0,0.037543199956417084,0.7993959784507751,0.5996310114860535,0,-0.01679663546383381,-0.599463939666748,0.800225019454956,0,0,0.054600998759269714,0,1,0.9149221181869507,-0.20280566811561584,-0.3489818871021271,0,0.399763286113739,0.33588770031929016,0.8528590798377991,0,-0.05574588477611542,-0.9198090434074402,0.38838502764701843,0,0,0.045455001294612885,0,1,0.926345944404602,0.3118123412132263,0.2113208770751953,0,-0.03250465169548988,0.6250977516174316,-0.7798691987991333,0,-0.3752691149711609,0.7155598402023315,0.5891921520233154,0,-0.012144000269472599,0.03114200010895729,-0.004093000199645758,1,0.06706486642360687,-0.008575513027608395,0.9977120161056519,0,-0.99744713306427,0.024014636874198914,0.06725350022315979,0,-0.02453644946217537,-0.9996749758720398,-0.006943108979612589,0,-0.13346299529075623,0.2873019874095917,-0.002314999932423234,1,0.33316299319267273,-0.8162701725959778,-0.4719167947769165,0,0.892824113368988,0.1122245118021965,0.43620070815086365,0,-0.3030969500541687,-0.5666645169258118,0.7661746144294739,0,0,0.2372100055217743,0,1,-0.12575486302375793,-0.9916470050811768,-0.028680909425020218,0,0.991629958152771,-0.12650004029273987,0.025839604437351227,0,-0.029251907020807266,-0.025191394612193108,0.9992550611495972,0,0,0.5207890272140503,0,1,-0.559548020362854,-0.4670572280883789,-0.6846628189086914,0,-0.6258218884468079,0.7796981334686279,-0.020427890121936798,0,0.5433712005615234,0.41704654693603516,-0.7285730838775635,0,0,0.40162599086761475,0,1,0.9752249717712402,0.21710099279880524,-0.04247492179274559,0,-0.21654900908470154,0.9761189818382263,0.017243048176169395,0,0.045204076915979385,-0.007617951836436987,0.9989489912986755,0,0,0.09282000362873077,0,1,-0.00827332865446806,0.9990929365158081,0.041773900389671326,0,-0.9746009111404419,-0.017405811697244644,0.2232692837715149,0,0.2237939089536667,-0.03886570408940315,0.9738609790802002,0,0,0.03511599823832512,0,1,0.7555428147315979,-0.18710920214653015,-0.6278102993965149,0,-0.28078216314315796,0.7733602523803711,-0.5683975219726562,0,0.5918757319450378,0.605726420879364,0.5317697525024414,0,0.03676899895071983,0.021309999749064445,-0.010885000228881836,1,-0.8493810296058655,-0.007245029788464308,0.5277298092842102,0,0.192092165350914,-0.9355688095092773,0.29632818698883057,0,0.491580992937088,0.3530685305595398,0.7960467338562012,0,0.1910579949617386,-0.10843700170516968,0.007915000431239605,1,0.9863681197166443,-0.11606630682945251,-0.1166512668132782,0,-0.07989140599966049,0.2819679379463196,-0.9560917615890503,0,0.14386191964149475,0.9523776769638062,0.2688513994216919,0,0,0.6611469984054565,0,1,0.9332650899887085,0.2735377848148346,0.23279455304145813,0,-0.33565011620521545,0.43338990211486816,0.8363684415817261,0,0.12788760662078857,-0.8586911559104919,0.4962807893753052,0,0,0.585798978805542,0,1,0.903326153755188,-0.08274497091770172,0.42089757323265076,0,-0.20698097348213196,0.775351881980896,0.5966482162475586,0,-0.37571337819099426,-0.6260858178138733,0.6832690238952637,0,0,0.2133750021457672,0,1,-0.9943081140518188,-0.10648460686206818,0.0035178533289581537,0,0.10314081609249115,-0.953758180141449,0.2823246419429779,0,-0.026708045974373817,0.2810804545879364,0.9593121409416199,0,-0.1910579949617386,-0.10843700170516968,0.0024309998843818903,1,0.9672050476074219,-0.23217277228832245,0.10300169140100479,0,0.23254115879535675,0.6463093161582947,-0.7267796993255615,0,0.1021675392985344,0.7268974184989929,0.679103672504425,0,0,0.6614410281181335,0,1,0.9555968642234802,0.12416712939739227,-0.2672402560710907,0,0.2411298304796219,0.19180700182914734,0.9513500332832336,0,0.16938483715057373,-0.9735460877418518,0.15334966778755188,0,0,0.5872290134429932,0,1,0.920431911945343,0.08683685213327408,-0.3811361491680145,0,0.18689386546611786,0.7585977911949158,0.6241793036460876,0,0.34333083033561707,-0.6457465887069702,0.6820083856582642,0,0,0.20772400498390198,0,1
K0.067,0.8388152122497559,0.07451723515987396,0.5392915606498718,0,0.03532728552818298,0.9810500144958496,-0.19050584733486176,0,-0.5432683825492859,0.17885102331638336,0.8202877640724182,0,-0.007905950769782066,1.413727879524231,-0.0076540205627679825,1,0.9940990209579468,0.053366925567388535,0.09444089233875275,0,-0.07750222086906433,0.9585639834403992,0.27413201332092285,0,-0.07589808851480484,-0.2798338830471039,0.9570440053939819,0,0,0.19527100026607513,0.008520999923348427,1,0.9991120100021362,0.006531121674925089,0.04163508862257004,0,-0.008025949820876122,0.9993249773979187,0.03583782538771629,0,-0.04137292131781578,-0.036140162497758865,0.9984899163246155,0,0,0.22803300619125366,0,1,0.9990969300270081,0.007292070891708136,0.04186416417360306,0,-0.008774002082645893,0.9993370175361633,0.03532477468252182,0,-0.04157883673906326,-0.03566020354628563,0.9984990358352661,0,0,0.2606090009212494,0,1,0.9672600030899048,-0.042163193225860596,-0.25026097893714905,0,0.08868604153394699,0.9800890684127808,0.1776496320962906,0,0.23778797686100006,-0.19402818381786346,0.9517409801483154,0,0,0.2931849956512451,0,1,0.9821739196777344,0.12083427608013153,-0.1439930498600006,0,-0.07241170853376389,0.95011305809021,0.3033849895000458,0,0.17346897721290588,-0.28755003213882446,0.9419260025024414,0,0,0.09948000311851501,-0.05084199830889702,1,0.21458779275417328,0.006636365782469511,-0.9766820073127747,0,0.9764420390129089,0.021735724061727524,0.21468272805213928,0,0.022653572261333466,-0.9997419118881226,-0.0018157755257561803,0,0.13346299529075623,0.28755998611450195,0.003601999953389168,1,0.5830029845237732,0.11196636408567429,0.8047179579734802,0,-0.6438996195793152,0.6676992774009705,0.3735911250114441,0,-0.4954802095890045,-0.7359627485275269,0.46136602759361267,0,0,0.23725000023841858,0,1,0.4822421073913574,0.8758319616317749,-0.019012998789548874,0,-0.8759111166000366,0.4816887378692627,-0.027501117438077927,0,-0.0149280009791255,0.029915882274508476,0.9994410872459412,0,0,0.5207759737968445,0,1,-0.6795250177383423,0.009835814125835896,0.7335858345031738,0,0.30891719460487366,0.9107838273048401,0.27394023537635803,0,-0.665444016456604,0.4127667248249054,-0.6219390034675598,0,0,0.4015519917011261,0,1,0.9991539716720581,-0.04011412709951401,-0.00907896924763918,0,0.03754286840558052,0.7993960380554199,0.5996309518814087,0,-0.016795968636870384,-0.5994639992713928,0.800225019454956,0,0,0.054600998759269714,0,1,0.9149221181869507,-0.20280566811561584,-0.3489818871021271,0,0.399763286113739,0.33588770031929016,0.8528590798377991,0,-0.05574588477611542,-0.9198090434074402,0.38838502764701843,0,0,0.045455001294612885,0,1,0.9263458847999573,0.3118123710155487,0.21132107079029083,0,-0.03250465914607048,0.6250980496406555,-0.7798689603805542,0,-0.37526893615722656,0.7155590057373047,0.5891919732093811,0,-0.012144000269472599,0.03114200010895729,-0.004093000199645758,1,0.06501355767250061,-0.008584526367485523,0.9978470802307129,0,-0.9975060224533081,0.026969512924551964,0.06522337347269058,0,-0.027471384033560753,-0.9995989799499512,-0.006809748709201813,0,-0.13346299529075623,0.2873019874095917,-0.002314999932423234,1,0.3348292112350464,-0.8186389803886414,-0.46660375595092773,0,0.8879629969596863,0.10843297094106674,0.44694989919662476,0,-0.31529557704925537,-0.5639791488647461,0.7632281184196472,0,0,0.2372100055217743,0,1,-0.13010990619659424,-0.9910809993743896,-0.028795573860406876,0,0.9910650253295898,-0.1308581382036209,0.025824762880802155,0,-0.029362577944993973,-0.02517823874950409,0.9992520213127136,0,0,0.5207890272140503,0,1,-0.5561500191688538,-0.47588878870010376,-0.6813421249389648,0,-0.6222672462463379,0.7818728685379028,-0.03817557916045189,0,0.5508907437324524,0.40274590253829956,-0.7309693098068237,0,0,0.40162599086761475,0,1,0.9752249717712402,0.21710100769996643,-0.042474810034036636,0,-0.21654897928237915,0.9761189222335815,0.017244048416614532,0,0.04520418494939804,-0.007618951611220837,0.9989489316940308,0,0,0.09282000362873077,0,1,-0.008273838087916374,0.9990929365158081,0.0417739674448967,0,-0.9746008515357971,-0.017406325787305832,0.22326932847499847,0,0.22379396855831146,-0.03886565938591957,0.9738609790802002,0,0,0.03511599823832512,0,1,0.7555428147315979,-0.18710894882678986,-0.6278102993965149,0,-0.28078195452690125,0.7733601331710815,-0.5683968663215637,0,0.5918757319450378,0.6057261228561401,0.5317700505256653,0,0.03676899895071983,0.021309999749064445,-0.010885000228881836,1,-0.8517980575561523,-0.007422821596264839,0.5238181948661804,0,0.21222099661827087,-0.9190691709518433,0.33207574486732483,0,0.4789600372314453,0.3940265476703644,0.7844361662864685,0,0.1910579949617386,-0.10843700170516968,0.007915000431239605,1,0.9859180450439453,-0.10480017215013504,-0.13032065331935883,0,-0.0794510617852211,0.39217790961265564,-0.9164515137672424,0,0.14715319871902466,0.9139003157615662,0.37832891941070557,0,0,0.6611469984054565,0,1,0.953416645526886,0.22180664539337158,0.20444796979427338,0,-0.28271833062171936,0.4206647276878357,0.8620390295982361,0,0.10520192980766296,-0.8796835541725159,0.4637775719165802,0,0,0.585798978805542,0,1,0.9034340381622314,-0.08229102194309235,0.4207547903060913,0,-0.2068910002708435,0.7758896946907043,0.5959792733192444,0,-0.3755032420158386,-0.6254786849021912,0.6839402318000793,0,0,0.2133750021457672,0,1,-0.9967420101165771,-0.07980620861053467,-0.011652703396975994,0,0.07475733757019043,-0.9684158563613892,0.23786945641040802,0,-0.030268123373389244,0.23622335493564606,0.9712268710136414,0,-0.1910579949617386,-0.10843700170516968,0.0024309998843818903,1,0.9679269790649414,-0.22628624737262726,0.10914301872253418,0,0.23331183195114136,0.6484959721565247,-0.7245821356773376,0,0.09318415820598602,0.7268069386482239,0.6804919838905334,0,0,0.6614410281181335,0,1,0.9539880156517029,0.14781706035137177,-0.2608758807182312,0,0.23648233711719513,0.16398130357265472,0.9576989412307739,0,0.18434303998947144,-0.9753260016441345,0.12148009240627289,0,0,0.5872290134429932,0,1,0.9204750657081604,0.08665232360363007,-0.38107389211654663,0,0.18686030805110931,0.7588300108909607,0.6239069104194641,0,0.3432331383228302,-0.6454980373382568,0.6822919249534607,0,0,0.20772400498390198,0,1
K0.100,0.8373969793319702,0.07671333104372025,0.5411848425865173,0,0.03602733090519905,0.9802030324935913,-0.1946909874677658,0,-0.5454061031341553,0.18253099918365479,0.8180548548698425,0,-0.012404002249240875,1.4201860427856445,-0.005126998294144869,1,0.9944799542427063,0.046912938356399536,0.09385527670383453,0,-0.07111106067895889,0.9590680003166199,0.2741009593009949,0,-0.0771547183394432,-0.2792620360851288,0.9571099877357483,0,0,0.19527100026607513,0.008520999923348427,1,0.9991410374641418,0.0029010309372097254,0.04134634882211685,0,-0.004419963341206312,0.9993170499801636,0.036692891269922256,0,-0.04121164605021477,-0.036844104528427124,0.9984710216522217,0,0,0.22803300619125366,0,1,0.9991220235824585,0.0036121716257184744,0.041734013706445694,0,-0.005119822919368744,0.9993359446525574,0.03607500344514847,0,-0.04157598689198494,-0.03625699505209923,0.9984769821166992,0,0,0.2606090009212494,0,1,0.9673919677734375,-0.02837887965142727,-0.251688152551651,0,0.07763710618019104,0.9790940284729004,0.18801014125347137,0,0.24109087884426117,-0.2014198750257492,0.9493710994720459,0,0,0.2931849956512451,0,1,0.9821739196777344,0.12083427608013153,-0.1439930498600006,0,-0.07241170853376389,0.95011305809021,0.3033849895000458,0,0.17346897721290588,-0.28755003213882446,0.9419260025024414,0,0,0.09948000311851501,-0.05084199830889702,1,0.2122431844472885,0.006646434310823679,-0.9771939516067505,0,0.9769590497016907,0.021541649475693703,0.21233868598937988,0,0.02246168442070484,-0.9997460246086121,-0.0019212393090128899,0,0.13346299529075623,0.28755998611450195,0.003601999953389168,1,0.5877978801727295,0.11365120857954025,0.8009850382804871,0,-0.6416877508163452,0.6684471964836121,0.3760530352592468,0,-0.4926769435405731,-0.7350249290466309,0.46584010124206543,0,0,0.23725000023841858,0,1,0.4760621190071106,0.8792018294334412,-0.019206782802939415,0,-0.8792809844017029,0.4755018651485443,-0.027606450021266937,0,-0.015138783492147923,0.030030544847249985,0.9994340538978577,0,0,0.5207759737968445,0,1,-0.6759349703788757,0.006562898866832256,0.7369319796562195,0,0.3106100857257843,0.9093409180641174,0.27680209279060364,0,-0.6683059930801392,0.4159989058971405,-0.6166940927505493,0,0,0.4015519917011261,0,1,0.9991539716720581,-0.04011480137705803,-0.00907863024622202,0,0.03754319250583649,0.7993959188461304,0.5996300578117371,0,-0.016796628013253212,-0.5994638800621033,0.8002260327339172,0,0,0.054600998759269714,0,1,0.9149221181869507,-0.20280566811561584,-0.3489818871021271,0,0.399763286113739,0.33588770031929016,0.8528590798377991,0,-0.05574588477611542,-0.9198090434074402,0.38838502764701843,0,0,0.045455001294612885,0,1,0.926345944404602,0.3118123412132263,0.2113208770751953,0,-0.03250465169548988,0.6250977516174316,-0.7798691987991333,0,-0.3752691149711609,0.7155598402023315,0.5891921520233154,0,-0.012144000269472599,0.03114200010895729,-0.004093000199645758,1,0.063181571662426,-0.008585941046476364,0.9979649782180786,0,-0.9975429773330688,0.029773175716400146,0.06341098248958588,0,-0.030257033184170723,-0.9995200037956238,-0.006683717481791973,0,-0.13346299529075623,0.2873019874095917,-0.002314999932423234,1,0.33657410740852356,-0.8204180598258972,-0.46220386028289795,0,0.8831880688667297,0.10476791113615036,0.45716792345046997,0,-0.3266448378562927,-0.5620841383934021,0.7598459720611572,0,0,0.2372100055217743,0,1,-0.13430555164813995,-0.9905180931091309,-0.02890394814312458,0,0.9905019998550415,-0.1350565254688263,0.025810008868575096,0,-0.029468949884176254,-0.025162996724247932,0.9992490410804749,0,0,0.5207890272140503,0,1,-0.5532548427581787,-0.48438602685928345,-0.6777021288871765,0,-0.6194169521331787,0.7831950783729553,-0.054114170372486115,0,0.5569849014282227,0.38984113931655884,-0.7333430051803589,0,0,0.40162599086761475,0,1,0.9752249717712402,0.21710099279880524,-0.04247492179274559,0,-0.21654900908470154,0.9761189818382263,0.017243048176169395,0,0.045204076915979385,-0.007617951836436987,0.9989489912986755,0,0,0.09282000362873077,0,1,-0.00827332865446806,0.9990929365158081,0.041773900389671326,0,-0.9746009111404419,-0.017405811697244644,0.2232692837715149,0,0.2237939089536667,-0.03886570408940315,0.9738609790802002,0,0,0.03511599823832512,0,1,0.7555428147315979,-0.18710894882678986,-0.6278102993965149,0,-0.28078195452690125,0.7733601331710815,-0.5683968663215637,0,0.5918757319450378,0.6057261228561401,0.5317700505256653,0,0.03676899895071983,0.021309999749064445,-0.010885000228881836,1,-0.8553332090377808,-0.010095956735312939,0.517979621887207,0,0.22446906566619873,-0.9083130359649658,0.3529589772224426,0,0.4669243395328522,0.4181680679321289,0.7791767120361328,0,0.1910579949617386,-0.10843700170516968,0.007915000431239605,1,0.9853440523147583,-0.09025406092405319,-0.14474575221538544,0,-0.07706606388092041,0.5214759111404419,-0.8497790694236755,0,0.15217727422714233,0.8484788537025452,0.5068771243095398,0,0,0.6611469984054565,0,1,0.9664829969406128,0.1680346578359604,0.1941009908914566,0,-0.2478482872247696,0.4135367274284363,0.8761039972305298,0,0.06694793701171875,-0.8948469161987305,0.4413231313228607,0,0,0.585798978805542,0,1,0.9042860865592957,-0.07872473448514938,0.41960588097572327,0,-0.20618176460266113,0.7801050543785095,0.5906991362571716,0,-0.3738390803337097,-0.620675802230835,0.6892061233520508,0,0,0.2133750021457672,0,1,-0.9982909560203552,-0.05334092304110527,-0.023854194208979607,0,0.04784303531050682,-0.980540931224823,0.19039368629455566,0,-0.03354581445455551,0.18892718851566315,0.9814179539680481,0,-0.1910579949617386,-0.10843700170516968,0.0024309998843818903,1,0.9686319828033447,-0.22132913768291473,0.11298283189535141,0,0.2337968647480011,0.657616913318634,-0.7161561250686646,0,0.08420681953430176,0.7201070785522461,0.6887351274490356,0,0,0.6614410281181335,0,1,0.9518629312515259,0.17102548480033875,-0.2543748915195465,0,0.2310294657945633,0.14510577917099,0.9620649218559265,0,0.20144908130168915,-0.9745230078697205,0.09860897809267044,0,0,0.5872290134429932,0,1,0.9202591180801392,0.0875668153166771,-0.38138481974601746,0,0.1870318055152893,0.757672905921936,0.6252601742744446,0,0.34371718764305115,-0.6467328667640686,0.6808780431747437,0,0,0.20772400498390198,0,1
K0.133,0.8346728682518005,0.07837092876434326,0.5451421141624451,0,0.03713696822524071,0.9795620441436768,-0.19768497347831726,0,-0.5494930148124695,0.18524710834026337,0.8147029876708984,0,-0.015240014530718327,1.4263499975204468,-0.002883982378989458,1,0.9949100017547607,0.041386187076568604,0.0918779969215393,0,-0.06511668860912323,0.9598799347877502,0.2727472484111786,0,-0.07690387964248657,-0.2773417532444,0.9576890468597412,0,0,0.19527100026607513,0.008520999923348427,1,0.9991719722747803,-0.000760118942707777,0.04067506641149521,0,-0.0007690510828979313,0.9992939829826355,0.0375659242272377,0,-0.040674906224012375,-0.03756610304117203,0.9984660148620605,0,0,0.22803300619125366,0,1,0.9991530179977417,-0.00014201122394297272,0.04114384576678276,0,-0.0013749405043199658,0.9993199706077576,0.03683881834149361,0,-0.04112112149596214,-0.03686420992016792,0.9984740018844604,0,0,0.2606090009212494,0,1,0.9674090147018433,-0.016378967091441154,-0.2526910901069641,0,0.06799686700105667,0.9780579805374146,0.19692504405975342,0,0.24392089247703552,-0.2076890915632248,0.9472950100898743,0,0,0.2931849956512451,0,1,0.9821739196777344,0.12083427608013153,-0.1439930498600006,0,-0.07241170853376389,0.95011305809021,0.3033849895000458,0,0.17346897721290588,-0.28755003213882446,0.9419260025024414,0,0,0.09948000311851501,-0.05084199830889702,1,0.2170758843421936,0.005952348932623863,-0.9761369824409485,0,0.976016104221344,0.015519462525844574,0.21714363992214203,0,0.016441641375422478,-0.9998619556427002,-0.00244069192558527,0,0.13346299529075623,0.28755998611450195,0.003601999953389168,1,0.5910699963569641,0.11318963021039963,0.7986391186714172,0,-0.6356643438339233,0.6748718023300171,0.37480467557907104,0,-0.4965549111366272,-0.7292020916938782,0.4708469808101654,0,0,0.23725000023841858,0,1,0.467894971370697,0.8835700154304504,-0.01946367137134075,0,-0.8836499452590942,0.46732616424560547,-0.027743766084313393,0,-0.015417673625051975,0.03018023818731308,0.999426007270813,0,0,0.5207759737968445,0,1,-0.6698137521743774,0.0030890535563230515,0.7425233125686646,0,0.3167230188846588,0.9056469798088074,0.2819410562515259,0,-0.6715928912162781,0.4240220785140991,-0.6075930595397949,0,0,0.4015519917011261,0,1,0.9991539716720581,-0.04011479392647743,-0.009078634902834892,0,0.037543199956417084,0.7993959784507751,0.5996310114860535,0,-0.01679663546383381,-0.599463939666748,0.800225019454956,0,0,0.054600998759269714,0,1,0.9149220585823059,-0.20280565321445465,-0.3489820063114166,0,0.39976322650909424,0.3358871638774872,0.85285884141922,0,-0.05574602261185646,-0.919809103012085,0.388384610414505,0,0,0.045455001294612885,0,1,0.926345944404602,0.3118123412132263,0.2113208770751953,0,-0.03250465169548988,0.6250977516174316,-0.7798691987991333,0,-0.3752691149711609,0.7155598402023315,0.5891921520233154,0,-0.012144000269472599,0.03114200010895729,-0.004093000199645758,1,0.06231904774904251,-0.008569873869419098,0.9980189800262451,0,-0.997514009475708,0.03243719041347504,0.06256598979234695,0,-0.03290905803442001,-0.9994369149208069,-0.006527063902467489,0,-0.13346299529075623,0.2873019874095917,-0.002314999932423234,1,0.339018851518631,-0.8220640420913696,-0.45746898651123047,0,0.8793689012527466,0.10409403592348099,0.4646231532096863,0,-0.33433008193969727,-0.5597997903823853,0.7581871747970581,0,0,0.2372100055217743,0,1,-0.1384628564119339,-0.9899431467056274,-0.029012218117713928,0,0.9899259805679321,-0.13921642303466797,0.025794673711061478,0,-0.029574217274785042,-0.025148330256342888,0.9992460012435913,0,0,0.5207890272140503,0,1,-0.5531479716300964,-0.4932492971420288,-0.6713657379150391,0,-0.6167247891426086,0.7842321991920471,-0.0680432915687561,0,0.5600691437721252,0.37641003727912903,-0.7379958033561707,0,0,0.40162599086761475,0,1,0.9752248525619507,0.2171003520488739,-0.04247491806745529,0,-0.2165486216545105,0.9761200547218323,0.0172430407255888,0,0.04520407319068909,-0.007617955561727285,0.9989489912986755,0,0,0.09282000362873077,0,1,-0.008273838087916374,0.9990929365158081,0.0417739674448967,0,-0.9746008515357971,-0.017406325787305832,0.22326932847499847,0,0.22379396855831146,-0.03886565938591957,0.9738609790802002,0,0,0.03511599823832512,0,1,0.7555428147315979,-0.18710894882678986,-0.6278102993965149,0,-0.28078195452690125,0.7733601331710815,-0.5683968663215637,0,0.5918757319450378,0.6057261228561401,0.5317700505256653,0,0.03676899895071983,0.021309999749064445,-0.010885000228881836,1,-0.8598842620849609,-0.014960985630750656,0.510269820690155,0,0.22864405810832977,-0.9049911499023438,0.3587667644023895,0,0.45642200112342834,0.42516791820526123,0.781607985496521,0,0.1910579949617386,-0.10843700170516968,0.007915000431239605,1,0.9848729372024536,-0.07416465878486633,-0.15660421550273895,0,-0.07229084521532059,0.6455021500587463,-0.760329008102417,0,0.1574779599905014,0.760148823261261,0.630376398563385,0,0,0.6611469984054565,0,1,0.9716449975967407,0.11713550984859467,0.20539234578609467,0,-0.23546908795833588,0.4004817008972168,0.8855331540107727,0,0.021471498534083366,-0.908787190914154,0.41670769453048706,0,0,0.585798978805542,0,1,0.9074451923370361,-0.06540542840957642,0.41504979133605957,0,-0.20363464951515198,0.7955883741378784,0.5705896019935608,0,-0.3675280511379242,-0.6022966504096985,0.708633303642273,0,0,0.2133750021457672,0,1,-0.9991689324378967,-0.02588905580341816,-0.031490225344896317,0,0.021149350330233574,-0.9895691275596619,0.14249619841575623,0,-0.0348508395254612,0.1417117416858673,0.9892940521240234,0,-0.1910579949617386,-0.10843700170516968,0.0024309998843818903,1,0.969415009021759,-0.21610382199287415,0.1163335070014,0,0.23403114080429077,0.6711973547935486,-0.7033656239509583,0,0.07391727715730667,0.7090790271759033,0.7012439370155334,0,0,0.6614410281181335,0,1,0.9498350620269775,0.18942515552043915,-0.24886083602905273,0,0.22645394504070282,0.13227561116218567,0.9649980664253235,0,0.21571318805217743,-0.9729448556900024,0.08274397999048233,0,0,0.5872290134429932,0,1,0.9197949767112732,0.08953389525413513,-0.38204705715179443,0,0.1874028593301773,0.7551798224449158,0.6281593441963196,0,0.34475603699684143,-0.6493749022483826,0.6778321266174316,0,0,0.20772400498390198,0,1
